0 0.8246874999999999 0.6036890625000001 0.7646042971675607 0.6021050513835172 0.7605083455988995 0.757468789889441 0.8205915484313389 0.7590528010059238
0 0.7612984375 0.6049515625 0.6967364611076003 0.603848936823216 0.693961669328589 0.7663211566366146 0.7585236457209887 0.7674237823133986
0 0.6949652128077562 0.7796391786476169 0.6916015625 0.6171593750000001 0.6441691098150966 0.618141319712447 0.6475327601228529 0.780621123360064
0 0.6395800419701217 0.7803491556825887 0.6350390625000001 0.6288437499999999 0.5855027326215344 0.6303284723172654 0.5900437120916561 0.7818338779998542
0 0.5866737182603224 0.798484813890594 0.579396875 0.6391453125000001 0.5285337539220013 0.6414681700248778 0.5358105971823237 0.8008076714154717
0 0.5348375798659233 0.8077854132904753 0.5268765625 0.6512609375 0.4891909424480736 0.6531776720820124 0.49715195981399685 0.8097021478724876
0 0.4718323778777721 0.809557005009793 0.4661218750000001 0.6468703125 0.43138628369121906 0.6480895744511149 0.4370967865689911 0.8107762669609079
0 0.43251758243696425 0.8020293080957821 0.4267312500000001 0.6567765624999999 0.39334021722191104 0.6581067378111454 0.3991265496588753 0.8033594834069275
0 0.3994511641504098 0.8088096032816049 0.39139375000000004 0.6621796875000001 0.35790196084959025 0.6640200842183954 0.36595937500000003 0.8106500000000002
0 0.36306004255618307 0.8162193837264231 0.35602812500000003 0.6562734375000001 0.30410469929793865 0.6585562165099452 0.31113661685412164 0.8185021627363682
0 0.3121131161034182 0.802580822882757 0.30062500000000003 0.647171875 0.27208899631607825 0.6492813090314032 0.2835771124194964 0.8046902569141601
0 0.2802764508681742 0.812966899088382 0.265840625 0.6595796874999998 0.20644987657973468 0.6651691658763081 0.2208857024479089 0.8185563774646903
0 0.22118718684030797 0.8150238110995588 0.2062527793169448 0.6630728233989036 0.1462484375 0.6689703125 0.16118284502336314 0.820921300200655
0 0.1632469999964375 0.8187051244479063 0.14272187500000003 0.6564 0.08158563778595843 0.6641312956993716 0.10211076278239586 0.8264364201472777
0 0.10250577298658388 0.8156282129689023 0.0764487890635603 0.6651662545255712 0.017779687499999974 0.6753265624999999 0.043836671423023554 0.825788520943331
0 0.04119218749999998 0.8253484375 0.014923437500000003 0.676759375 -0.02591767742316604 0.6839795904020449 0.0003510725768339329 0.832568652902045
0 0.8417796875000002 0.07091718750000012 0.7713655931887393 0.06859154193615276 0.7470951032914056 0.8034346285947113 0.8175091976026666 0.8057602741585586
0 0.7683187500000002 0.07450625000000008 0.6942451671396677 0.07351037982620072 0.684277157189912 0.8149385603177318 0.7583507400502445 0.8159344304915311
0 0.6962081219699626 0.8237417914716089 0.6868984375000001 0.027154687499999997 0.6377981280300374 0.027728521028391084 0.6471078124999999 0.8243156249999999
0 0.6399002195659278 0.829514217097946 0.6293546875 0.0650328125 0.5694818177941591 0.06585872044696192 0.5800273498600869 0.830340125044908
0 0.5906816985457864 0.8488538282867821 0.5620156249999999 0.07940468750000003 0.5037880859428874 0.08157397306875716 0.5324541594886739 0.8510231138555392
0 0.5370178740368934 0.8534623316004332 0.4934515625000001 0.05197031250000002 0.4524221497721161 0.05420052831560477 0.4959884613090094 0.855692547416038
0 0.47403440877916436 0.8620193416622024 0.4481515625 0.053603124999999995 0.4042703671027933 0.05500805752312683 0.43015321338195767 0.8634242741853292
0 0.4337216497738621 0.8540251499322709 0.4028500000000001 0.14390156250000002 0.3661171891276801 0.14549847111214764 0.3969888389015422 0.8556220585444185
0 0.4012863347590435 0.8555578414830862 0.363619741402423 0.14784983255489265 0.32715468749999993 0.149790625 0.3648212808566205 0.8574986339281935
0 0.3648931954966259 0.8624509154490806 0.32020624999999997 0.04298906250000001 0.26233488715884085 0.04614490731180119 0.3070218326554668 0.8656067602608817
0 0.31210807970815724 0.840635002487916 0.26590625000000007 0.16169531249999997 0.23390638338122366 0.16387290266007853 0.2801082130893808 0.8428125926479945
0 0.28660521545148565 0.8560332655155255 0.21626210820831507 0.1403704820425112 0.15434908025682942 0.14645596652698561 0.2246921875 0.8621187499999999
0 0.225033784905823 0.856858537668645 0.15149374999999998 0.152996875 0.08849493410330694 0.15957904215839142 0.16203496900912995 0.8634407048270363
0 0.16853453611115787 0.8619023499503367 0.08344107950796871 0.08051904940989396 0.003759707686367073 0.08919643392847071 0.08885316428955625 0.8705797344689135
0 0.10950937499999999 0.8588390625000001 8.326672684688674e-17 0.1769078125 -0.060679330030519577 0.1866521313108199 0.048830044969480346 0.86858338131082
0 0.047356250000000086 0.5854781250000001 7.17003911752044e-17 0.5854781250000001 8.955851609717715e-17 0.8771234375000001 0.047356250000000114 0.8771234375000001