0 0.8806843750000001 0.6120031250000001 0.8131045257115387 0.609102685947489 0.8057038419333231 0.7815376467615642 0.8732836912217845 0.7844380858140754
0 0.8100859375 0.6114437500000001 0.7413142898721724 0.6092078567699389 0.7356790046252931 0.7825380704269204 0.8044506522531207 0.7847739636569815
0 0.7348656250000001 0.6131250000000001 0.6563175616535005 0.6123316075627698 0.6545834915439228 0.7840093831789243 0.7331315548904225 0.7848027756161546
0 0.6558665165087373 0.7907066482887015 0.6554421875 0.6209703124999999 0.6251817634139413 0.6210459614510435 0.6256060924226785 0.7907822972397451
0 0.6239868320493869 0.7883699462148299 0.623084375 0.6108828125000001 0.5575127231760577 0.6112162203261895 0.5584151802254447 0.7887033540410193
0 0.5597855298523119 0.7997668007091694 0.5571078125 0.6164875000000001 0.48734557162534287 0.6175067289156682 0.49002328897765485 0.8007860296248376
0 0.4917696502847355 0.8143692327851417 0.48482812499999994 0.6344203125 0.4308684980866035 0.6365018038142057 0.437810023371339 0.8164507240993475
0 0.4376387831700721 0.8122406973960354 0.429390625 0.6280078125 0.3816210796795796 0.6301464685045326 0.3898692378496517 0.8143793534005679
0 0.3825815594710265 0.8599275045457434 0.37235657399069455 0.6694676942317622 0.3524375145196681 0.6705370646860189 0.36266250000000005 0.860996875
0 0.35939404042510403 0.8597304631268402 0.3479078124999999 0.6673609375 0.32549165451455037 0.6686993880627232 0.3369778824396545 0.8610689136895633
0 0.334698109448334 0.811817401346703 0.324660139025888 0.6340793513855129 0.273803125 0.6369515625 0.283841095422446 0.81468961246119
0 0.28486833883375395 0.8171925196604175 0.27045 0.6374 0.20344713398481665 0.6427732492701265 0.21786547281857058 0.8225657689305438
0 0.21356205359717398 0.816891100224051 0.19976875 0.6412734375000001 0.16697424426048485 0.6438491725768025 0.18076754785765883 0.8194668353008534
0 0.180282685343745 0.8193810066624243 0.164265625 0.643675 0.13075325215625502 0.6467299308375758 0.14677031250000003 0.8224359375000001
0 0.14667810755809596 0.8251080207840064 0.131590625 0.6424390625 0.09599030336412692 0.6453794593621136 0.11107778592222291 0.8280484176461199
0 0.1056348515777702 0.838558700887895 0.0891890625 0.6532109375 0.04673222147449223 0.6569781059818374 0.06317801055226244 0.8423258693697324
0 0.06351625357699456 0.832863995736209 0.047321875 0.6561953125 0.013896450909405384 0.6592592622725578 0.030090829486399944 0.8359279455087668
0 0.029907162784006992 0.8201512534007097 0.011526562499999993 0.6442609375000001 -0.01838060028400699 0.6473862465992906 1.1102230246251566e-17 0.8232765625000003
0 0.9062328125000004 0.002256250000000115 0.8278845703640695 -0.0009144660474443955 0.7942390338536158 0.830465134607403 0.8725872759895468 0.8336358506548475
0 0.8267625000000001 0.0020359375000000984 0.7491796875000001 9.43689570931383e-17 0.7273967318115366 0.830076054335598 0.8049795443115364 0.8321119918355979
0 0.7497064049879393 0.05507031565456057 0.6597906250000001 0.05377812500000008 0.6486031673411985 0.8322460530282688 0.7385189473291377 0.8335382436828294
0 0.6559031250000001 0.09424218750000006 0.6264991563551604 0.09421066688157577 0.6256992695117514 0.8403840872891178 0.6551032381565911 0.8404156079075422
0 0.6225561371525595 0.8413223382197386 0.617731237306043 0.03959351151089467 0.5501709238954775 0.04000009754715257 0.5549958237419941 0.8417289242559963
0 0.5607220557336622 0.8523923235926179 0.5437261460480142 0.032737886147174294 0.47060115356046595 0.034254166315138106 0.487597063246114 0.8539086037605816
0 0.4923657990609847 0.8659487233430536 0.461996875 0.08852343750000001 0.4046586451918247 0.09076326733129689 0.43502756925280944 0.8681885531743504
0 0.4401821783352565 0.8708537234622223 0.40455395514881454 0.14905066197875128 0.3569347946749294 0.1514011453278073 0.3925630178613714 0.8732042068112784
0 0.3874601070669649 0.9160265739161517 0.3394943991819181 -0.001282028087047271 0.31497656249999995 0 0.3629422703850468 0.917308602003199
0 0.3620394518411674 0.9143533398233359 0.30782500000000007 -5.551115123125783e-18 0.28619336065883266 0.0012825976766638214 0.3404078125 0.9156359374999997
0 0.3382177756278196 0.8662125604009265 0.2846444359739877 -0.0021669885966544926 0.2280421875 0.001325000000000004 0.28161552715383187 0.869704548997581
0 0.2851673835876981 0.8649314648536445 0.22320273233830426 -0.005404324234956877 0.14729531250000003 0 0.20925996374939393 0.8703357890886012
0 0.22001908985449217 0.8681582737494088 0.15130468749999998 0.058475 0.1183168476455078 0.06127453875059134 0.18703124999999998 0.8709578125000002
0 0.1844962099046122 0.8766685622828895 0.11651875000000005 0.057220312499999995 0.08238660259538783 0.060051750217110345 0.1503640625 0.8795
0 0.15169548066246302 0.8663243260380946 0.082503125 0.044792187500000004 0.04230580609086971 0.048177748522101174 0.11149816175333276 0.8697098870601959
0 0.10887941255529887 0.8808114069449141 0.03864604573129261 0.037808395214489865 -0.003759324236844891 0.04134132672580965 0.06647404258716139 0.884344338456234
0 0.06545096722353103 0.8797860381399298 0.0007218750000000676 0.1300296875 -0.029047331886750093 0.13259976741509397 0.03568176033678086 0.8823561180550238
0 0.03474375000000009 0.5311265625 6.504424447077616e-17 0.5311265625 8.673532252301774e-17 0.8853687499999999 0.034743750000000115 0.8853687499999999