0 0.6592421875000001 0.6820171875000001 0.6217745424581277 0.6819546492210574 0.6214812190789296 0.8576891983659275 0.6589488641208021 0.8577517366448701
0 0.6067483728309889 0.851825511743623 0.6058703125000001 0.6823953125000001 0.5697891271690112 0.6825823007563772 0.5706671875 0.8520125000000001
0 0.5720125000000003 0.6926046875 0.5312267028107315 0.692078568584448 0.5289015625000002 0.8723281249999999 0.5696873596892689 0.872854243915552
0 0.5228343750000001 0.6960125 0.4796153845949088 0.6955336819680227 0.47760490560135127 0.8770031892323609 0.5208238960064425 0.8774820072643381
0 0.47104218750000015 0.70255 0.43339408823902803 0.7021660361133021 0.43157619519570645 0.8804125330153514 0.46922429445667857 0.8807964969020494
0 0.42928125000000017 0.7010109375000001 0.3777039400841701 0.700451550239254 0.3756764878727021 0.8873891843050254 0.4272537977885322 0.8879485715657717
0 0.37261058510732636 0.9063725528313535 0.37143750000000003 0.7128234375000001 0.3165840389364715 0.7131558997701002 0.31775712404379786 0.9067050151014536
0 0.29690468750000015 0.7127359375000001 0.22954419780128807 0.7125396344780413 0.22899902490587146 0.8996132354816313 0.29635951460458354 0.8998095385035901
0 0.2017453125000001 0.7217749999999999 0.13218361647307691 0.7206064653336717 0.12906563042955368 0.9062170455120613 0.19862732645647685 0.9073855801783897
0 0.1096531250000001 0.7392125 0.06595592199576009 0.7389089017999227 0.06473248449576008 0.9149995267999229 0.10842968750000011 0.9153031250000003
0 0.059833673182809896 0.7613889182612656 0.013681250000000094 0.761225 0.013063424735669866 0.9351783645136811 0.05921584791847968 0.9353422827749469
0 0.6644858143100716 0.0965079296718652 0.6202156249999999 0.09646718750000007 0.6194656262704467 0.9114111195404405 0.6637358155805183 0.9114518617123055
0 0.6112862701841953 0.10119208583816777 0.5723034503570561 0.10095952608038058 0.5675203125000002 0.9027328125 0.6065031323271394 0.9029653722577873
0 0.5738508549663354 0.09433907806519878 0.5289890625 0.09419375000000005 0.5263047438396783 0.9228247958217052 0.5711665363060137 0.922970123886904
0 0.5248229878159892 0.0918581676867162 0.4805475895906091 0.09182991019167717 0.4800109375000002 0.9326859375000003 0.5242863357253803 0.9327141949950393
0 0.47844185850867466 0.0003559672748223372 0.4400197243195641 0.0000068144800713626495 0.4315109375 0.9363468749999999 0.46993307168911064 0.9366960277947507
0 0.43046256601986654 0.08566103550839689 0.37719062499999995 0.08549531250000005 0.37453412276432874 0.9394324440233499 0.42780606378419533 0.9395981670317468
0 0.37353084084581667 0.0785161434151005 0.316709375 0.07837812500000003 0.3145735115209323 0.9577020444844587 0.371394977366749 0.9578400628995591
0 0.30692381004915237 0.03606935568616764 0.23652499999999996 0.03531406250000002 0.22666089411927054 0.9547203658002081 0.297059704168423 0.9554756589863758
0 0.21421718750000013 0.04920312500000003 0.14099863858236045 0.04787518976720932 0.12440957608236045 0.9625486272672094 0.1976281250000001 0.9638765625000001
0 0.12155156250000028 1.8041124150158794e-17 0.07523631927617626 -0.0005975978509023888 0.06263437500000013 0.9760828125000002 0.10894961822382414 0.9766804103509026
0 0.06835530449762918 0.0006300030813840625 0.022590625 0.0000953125000000028 0.011098581890997734 0.983710300246839 0.05686326138862692 0.9842449908282231