0 0.5367125000000001 0.7426843750000002 0.466166617228063 0.7384246125795626 0.4555603672280631 0.9140746125795628 0.5261062500000002 0.9183343750000003
0 0.4643390625 0.729365625 0.3917234375000001 0.7283953125 0.3893089159377834 0.9090917297020349 0.46192454093778335 0.9100620422020349
0 0.3913421875000001 0.7110515625 0.3433876470478487 0.7105203797470581 0.34147353642232114 0.8833239862523248 0.38942807687447256 0.8838551690052666
0 0.34206513361920954 0.8832010562879171 0.34142968749999997 0.716046875 0.29343548588823276 0.7162293276848433 0.29407093200744233 0.8833835089727604
0 0.2961641597225463 0.8894337877225178 0.2896453125 0.7093859374999998 0.24409939966918176 0.7110349816123765 0.25061824689172807 0.8910828318348945
0 0.2397690030028942 0.9004205582706545 0.238484375 0.716878125 0.17250537447832504 0.7173399172415147 0.17379000248121923 0.9008823505121691
0 0.17175703059793618 0.8844831983569476 0.16671693004979846 0.709613485600678 0.116821875 0.7110515625 0.12186197554813771 0.8859212752562694
0 0.12118906250000001 0.8733812500000001 0.11552446376173489 0.6894819590753212 0.06558239050878818 0.6910203108748985 0.07124698924705329 0.8749196017995775
0 0.06882703753075081 0.7990027256132614 0.062455784520881165 0.6077295088443847 0.00015624999999999943 0.6098046874999999 0.006527503009869648 0.8010779042688766
0 0.5705879972319401 0.10574112470695123 0.4965203125000001 0.10201875000000005 0.4530384492343448 0.9672193795614827 0.5271061339662847 0.9709417542684339
0 0.48044044758371224 0.09472531420027053 0.4061796875 0.09263125000000005 0.38151435344031726 0.9673257578160162 0.4557751135240295 0.9694198220162866
0 0.39109059320304423 0.1162566688396767 0.340396875 0.11613906250000001 0.33850315679695586 0.9324183311603231 0.3891968750000001 0.9325359375
0 0.34039687500000004 0.9350390625000001 0.33661076087844355 0.11273038294002014 0.2841609375 0.11297187500000001 0.28794705162155654 0.93528055455998
0 0.2965284026638567 0.9401915489724951 0.2726807569065221 0.0466997545976907 0.2207866613431324 0.0480848283226922 0.244634307100467 0.9415766226974966
0 0.24302895966810617 0.9547240208621419 0.22188167045905538 0.045619455103552545 0.151584375 0.04725468749999999 0.17273166420905078 0.9563592532585894
0 0.17454010522579005 0.93843365029393 0.1498973081653273 0.09022635397145505 0.0880953125 0.092021875 0.11273810956046278 0.9402291713224749
0 0.12587812499999998 0.9244968749999998 0.08762605283913907 0.09145576006090951 0.037390625 0.0937625 0.07564269716086089 0.9268036149390904
0 0.07527795962108133 0.9140211328845469 0.04564596692588868 0.0009467769042463177 -0.01875845625547736 0.003036892988165236 0.010873536439715278 0.9161112489684659