0 0.5434578125 0.767384375 0.5063067662961912 0.7626355902464883 0.4821386306712524 0.9517095470304966 0.5192896768750612 0.9564583317840082
0 0.4778437500000002 0.730471875 0.4221660901186436 0.7234645531477644 0.3968835272224262 0.9243507073088558 0.4525611871037828 0.9313580291610914
0 0.40505312500000024 0.7584984375000001 0.33248750363549673 0.7503851924438194 0.3099695723531104 0.9517876724668698 0.3825351937176139 0.9599009175230504
0 0.3245901480760204 0.7651406122236082 0.24819375000000013 0.7584984375000001 0.23080453668388135 0.9585042063945288 0.30720093475990157 0.9651463811181369
0 0.24614375000000016 0.7557640625000001 0.17488906250000008 0.7510796875 0.1613549245344183 0.956949365166583 0.23260961203441838 0.9616337401665831
0 0.1736628904796928 0.754804771719386 0.11001406250000009 0.7517203125 0.09975627121464559 0.9633932011767679 0.16340509919433827 0.9664776603961538
0 0.1117328051374343 0.7224502869286477 0.018709375000000084 0.7183937500000002 0.010627989251091052 0.9037139469685822 0.10365141938852526 0.9077704838972298
0 0.6308501046964249 0.09587477118989837 0.583809375 0.08971250000000006 0.4647816165333637 0.99833083889735 0.5118223462297886 1.0044931100872483
0 0.5708828125000001 0.0008031250000000934 0.5074893498519348 -0.007368744834094843 0.3797252006591331 0.9837644944428083 0.44311866330719846 0.9919363642769033
0 0.48161968991013165 0.03787808072670553 0.401009375 0.02910937500000006 0.2956685124386981 0.9975031572328825 0.3762788273488297 1.006271862959588
0 0.39145056474347373 0.02021489728935314 0.3088015625 0.012918750000000034 0.2218996693437732 0.9973225014034229 0.3045486715872469 1.0046186486927762
0 0.2959109375000003 5.551115123125783e-17 0.2207969634815979 -0.004865619005900457 0.15585838389393042 0.9976367910728052 0.23097235791233284 1.0025024100787057
0 0.2170515319244981 0.0010329996539517855 0.14624999011527218 -0.0029945668968271015 0.08930227176541652 0.9981027981877035 0.16010381357464243 1.0021303647384825
0 0.14089860160391984 0.04841501472923461 0.017414062500000004 0.04745625 0.010421559609381225 0.9480588382076608 0.13390609871330109 0.9490176029368953