0 0.6201953125000002 0.670721875 0.589670159562427 0.6697100419651848 0.5843160044104676 0.8312351150172862 0.6148411573480408 0.8322469480521015
0 0.5687765625000001 0.6707218750000001 0.5234856572877142 0.6701531384763009 0.5214728656100719 0.8304402895304428 0.5667637708223577 0.8310090260541421
0 0.50105625 0.6715578125 0.4627789127374255 0.6713896522207086 0.4620875259945504 0.8287659580130539 0.5003648632571249 0.8289341182923453
0 0.4502656250000001 0.6907921875000003 0.41776458122769256 0.6895671220609417 0.4120814693002487 0.840340349047685 0.4445825130725562 0.8415654144867434
0 0.4101359375000001 0.7066796875000001 0.37223378170979754 0.7045804726079411 0.3638420272280841 0.8560969214108912 0.40174418301828674 0.8581961363029501
0 0.36627710449045686 0.7029810427871992 0.3266375000000001 0.7018187499999999 0.3221322217472216 0.8554697491513616 0.3617718262376784 0.856632041938561
0 0.2769796875000001 0.7036484375 0.24112867635003354 0.6994274728731862 0.2236630513500335 0.8477727853731862 0.2595140625000001 0.8519937499999999
0 0.22557833125009613 0.714607565603501 0.18152968750000012 0.709590625 0.16490448124990412 0.8555596218964991 0.20895312500000013 0.8605765625
0 0.1694316306747708 0.7366645124551245 0.13086250000000005 0.733034375 0.11679546509721239 0.8824924365966096 0.1553645957719831 0.8861225740517342
0 0.12676368380816605 0.7351990663797932 0.08054062500000009 0.7317328125 0.06929725369183412 0.8816649961202069 0.11552031250000008 0.88513125
0 0.07731912782912487 0.7291884229959054 0.0258687500000001 0.7260796875 0.016777747170875323 0.8765381395040949 0.0682281250000001 0.8796468750000003
0 0.6443156250000002 0.13971406250000007 0.6101947900956868 0.1382221099152331 0.5774469594100848 0.8871623481684106 0.6115677943143982 0.8886543007531775
0 0.585015625 0.14757656250000006 0.5324937500000001 0.14623906250000007 0.5135321770865716 0.8908352212756918 0.5660540520865716 0.8921727212756918
0 0.5146508982827199 0.14786923164021318 0.4754296875 0.14683437500000007 0.456152319707164 0.8774492989987032 0.49537353048988386 0.8784841556389162
0 0.4696254384749631 0.15282330838387057 0.43419531250000015 0.15144218750000005 0.40586402994096016 0.8782293368522114 0.4412941559159231 0.8796104577360818
0 0.4313501225966312 0.15361400785656748 0.3919500000000001 0.15201406250000005 0.3622915842722938 0.8823797658640962 0.401691706868925 0.8839797112206635
0 0.38725463288486783 0.1666674606964194 0.34011718750000003 0.16492812500000004 0.3129703079775194 0.9006311600695363 0.3601077533623872 0.9023704957659557
0 0.3358433351990503 0.18791030247654383 0.2959671875000001 0.18344843750000006 0.21643875890528572 0.8942022101013217 0.25631490660433587 0.8986640750778655
0 0.29900468750000025 0.0013734375000000576 0.24657344954343935 -0.004168662627259895 0.15111371375399804 0.8989316075804489 0.20354495171055897 0.904473707707709
0 0.2351984375000001 0.0017812500000000426 0.19065265077548757 -0.002209639946706857 0.1078827198864859 0.9216574016955977 0.15242850661099847 0.9256482916423046
0 0.17830156250000023 0.0016406250000000372 0.12935655595507395 -0.0018653553287607358 0.06344999951502675 0.9182187677478397 0.112395006059953 0.9217247480766007
0 0.11500156250000015 0.0006968750000000225 0.06040048435757457 -0.0021850024309563376 0.011511497776391637 0.9240831823118366 0.06611257591881722 0.926965059742793