0 0.4567593750000002 0.7214234375 0.4037049750677625 0.7167869289001847 0.3897515985612171 0.8764519012918743 0.4428059984934549 0.8810884098916896
0 0.4016328125000002 0.7279734375000001 0.3518503221008235 0.7243482696475099 0.3401380228396791 0.8851870084991976 0.38992051323885574 0.8888121763516879
0 0.34869062500000014 0.7527140625000002 0.30533455819200117 0.74999172394974 0.2947501635861011 0.9185591931250144 0.33810623039410015 0.9212815316752746
0 0.2913812500000001 0.7614453125000001 0.23960839746764537 0.7581665232821357 0.22881809581639975 0.9285479229542452 0.2805909483487545 0.9318267121721096
0 0.22970625000000008 0.735978125 0.16432867366259332 0.733293444495851 0.15697372948596794 0.9124016935487891 0.22235130582337473 0.9150863740529381
0 0.16530156250000014 0.7367046875 0.150079310216567 0.7362377208125748 0.14515605651571267 0.8967267062324694 0.1603783087991458 0.8971936729198946
0 0.15002031250000014 0.7345218750000001 0.11891652443270853 0.7340503090557633 0.11670305247558739 0.8800476260558602 0.14780684054287901 0.880519192000097
0 0.11672894853798439 0.7162012033836315 0.08452343750000009 0.7156031250000001 0.08172622296217724 0.866228404459993 0.11393173400016154 0.8668264828436245
0 0.07001875000000009 0.7199687499999999 9.815142257935066e-17 0.7199687499999999 1.0831034615593385e-16 0.8858765625 0.0700187500000001 0.8858765625
0 0.5168791010891067 0.04298801018422173 0.4542796875 0.03762187500000006 0.37814153817898843 0.925822290313706 0.4407409517680952 0.9311884254979278
0 0.45273498281446933 0.03724917028681848 0.3893265625000001 0.03243593750000005 0.3209255419924576 0.9335352298838637 0.38433396230692685 0.9383484626706821
0 0.3854301066575906 0.10543132673467456 0.3357453125 0.10262031250000007 0.28715653490331583 0.9614289885577163 0.33684132906090636 0.9642400027923907
0 0.3349506138414588 0.0693594945406604 0.269682792472287 0.06519153726500657 0.21113968434917454 0.9819430466182351 0.2764075057183464 0.9861110038938887
0 0.25204842232316504 0.11832186189998321 0.181396273250858 0.11577102796230962 0.15100268724957508 0.9576024530856083 0.22165483632188207 0.9601532870232818
0 0.1802626492183676 0.001859273218720497 0.1645234375 0.00150937500000002 0.1435436007816325 0.9452297892812795 0.1592828125000001 0.9455796875000001
0 0.1603007386918716 0.18841776483869063 0.12536875000000003 0.18785000000000002 0.11337583628792669 0.9257194445730255 0.14830782497979828 0.9262872094117162
0 0.12411574237906578 0.18133585769624266 0.09510525693904136 0.18087797031428537 0.08351389201706264 0.91527497828961 0.11252437745708706 0.9157328656715673
0 0.09045942537676249 0.1497294318193032 0.0019203125000000181 0.1470875 -0.022177185468012634 0.9546674220284807 0.06636192740874984 0.9573093538477838