0 0.5439378000527919 0.7934954515658059 0.5050484375000001 0.7874375 0.4778569566886965 0.9619947482927929 0.5167463192414884 0.9680526998585985
0 0.5013890625000001 0.7831671875 0.4638498706989365 0.7776182572831608 0.438123640235335 0.9516593538463847 0.4756628320363987 0.9572082840632238
0 0.44786875000000004 0.7770671875 0.36126250000000015 0.7665765625000001 0.33895539496326027 0.9507347719096545 0.4255616449632601 0.9612253969096546
0 0.3450734375000001 0.7346874999999999 0.25982485574154407 0.7265492070008996 0.24241510842150707 0.9089162301555473 0.32766369017996305 0.9170545231546476
0 0.23365639689544757 0.7086690608979942 0.18368593750000006 0.7065984375 0.17588181052326263 0.8949358293143346 0.22585226991871013 0.8970064527123288
0 0.17984375000000008 0.6989937499999999 0.12233437500000006 0.697753125 0.11864078813088405 0.8689699490613195 0.17615016313088405 0.8702105740613195
0 0.12050937500000017 0.6847406250000001 0.0626367265866666 0.6844960058193013 0.06188764086636447 0.8617166734654276 0.11976028927969803 0.8619612926461265
0 0.0504625 0.8718093749999998 0.04616562736527082 0.6720818080041496 -0.0021276456764214276 0.6731207734634278 0.0021692269583077546 0.872848340459278
0 0.6317702116077908 0.23992919520028638 0.596140245066527 0.23428700233178593 0.4749875000000001 0.99935625 0.5106174665412639 1.0049984428685004
0 0.582945033437078 0.22184332182695626 0.543386788345202 0.21615604339172106 0.4306937500000001 1.0000000000000002 0.4702519950918761 1.0056872784352353
0 0.529701684470633 0.15553348618193424 0.42227499999999996 0.14234531250000004 0.3173354431712743 0.9971496949574682 0.4247621276419073 1.0103378686394024
0 0.4057068563904177 0.12275642392282995 0.29903124999999997 0.11320312500000003 0.22282229721435912 0.9641799777559864 0.3294979036047768 0.9737332766788164
0 0.2537301585165397 0.20640452084835972 0.20329946476972732 0.20441254941705864 0.1742578125000001 0.939659375 0.22468850624681247 0.941651346431301
0 0.1890950587840108 0.038414875076741885 0.13033437500000003 0.037432812500000016 0.1154472956515175 0.9281855840452309 0.1742079794355283 0.9291676466219727
0 0.12926520296370372 0.013295817671882756 0.07090625000000002 0.012739062500000009 0.0622552534331922 0.9195345935127408 0.1206142063968959 0.9200913486846236
0 0.053377792980130755 0.9306934858729015 0.0440167040500767 -0.00044154436486570014 -0.006279034132669267 0.00006409967455055365 0.003082054797384784 0.9311991299123179