0 0.6251953125000002 0.703934375 0.5662305228893534 0.6996944119336767 0.5504991268368759 0.9184695389822359 0.6094639164475227 0.9227095020485592
0 0.5649343750000002 0.7116171875000001 0.5105584759119102 0.7075960834794608 0.49445212677660627 0.9253962723791693 0.5488280258646963 0.9294173763997085
0 0.5068906250000003 0.73998125 0.4522987860913787 0.7366330084394094 0.4382125000000001 0.9663046874999998 0.49280433890862163 0.9696529290605904
0 0.43776875000000004 0.709253125 0.37719784055215105 0.7063488202647973 0.36725818933639487 0.9136458392157806 0.4278290987842438 0.9165501439509836
0 0.37573750000000017 0.7275718750000001 0.3107559904268216 0.7241110237355767 0.29935551490528295 0.9381682173679865 0.3643370244784615 0.94162906863241
0 0.3097171875000001 0.7139812499999999 0.24680930951975846 0.7123731348216915 0.241406018467613 0.9237445457660665 0.3043138964478546 0.9253526609443747
0 0.6779250000000001 0.0013156250000000923 0.6159113790288995 -0.003361801399280012 0.5408249127151493 0.9921394132765684 0.60283853368625 0.9968168396758486
0 0.6143421875000001 0.0007312500000000943 0.5549518195884843 -0.0033910604409930047 0.4854791043236169 0.9975064164599639 0.5448694722351328 1.001628726900957
0 0.5547062500000002 8.326672684688674e-17 0.48744847050529316 -0.004276438782778225 0.4236467172943975 0.9991669557807399 0.4909044967891045 1.0034433945635182
0 0.47265371412114393 0.039056853933505054 0.40355312500000007 0.03545000000000005 0.35397637257021575 0.9852480408322644 0.4230769616913596 0.9888548947657693
0 0.404206752006868 0.026758946231212156 0.33221875000000006 0.02367031250000004 0.2903558914069949 0.9993844342336283 0.36234389341386286 1.0024730679648404
0 0.3316784100262191 0.022354898981857736 0.2627890625 0.020148437500000033 0.23151754790985443 0.9964964290624991 0.3004068954360736 0.9987028905443568
0 0.2778725021410632 0.000971130771489212 0.21463753379847872 -0.0014150228201931987 0.17959628165741562 0.9272060339083174 0.2428312500000001 0.9295921874999997
0 0.2134468750000002 2.914335439641036e-17 0.1541387011813672 -0.0009014388753787198 0.14027800788100295 0.9110321707766083 0.199586181699636 0.911933609651987
0 0.154125 0.0009250000000000189 0.08981406249999999 0.0007390625000000097 0.08717985600664228 0.9118424663664639 0.15149079350664227 0.9120284038664639
0 0.08752359663681644 0.00009754487266901783 0.03430000000000001 4.206704429243757e-18 0.03263561635327315 0.9081408529066591 0.08585921299008958 0.9082383977793281
0 0.041026562499999995 0.8807937499999998 0.03437343750000001 0.0009249999999999998 0.0005566210183599962 0.0011807057596992855 0.007209746018359981 0.8810494557596991
0 0.24691875000000013 0.689246875 0.2031826538074696 0.6883838723571711 0.19919404179345487 0.890522672474652 0.2429301379859854 0.8913856751174807
0 0.2026815253912194 0.6695898894192935 0.149128809751663 0.668916203014826 0.1466296875000001 0.8675765624999998 0.20018240313955654 0.8682502489044674
0 0.14613987195810943 0.674743314005928 0.08911250000000008 0.6741671874999999 0.08711254931713298 0.8721305346402515 0.14413992127524233 0.8727066611461796
0 0.08714804685547699 0.6639327853195324 0.03766406250000008 0.6638046875 0.03716036810894509 0.8583810312496245 0.08664435246442201 0.8585091290691569
0 0.041425 0.82365 0.03736475606612443 0.6341267821600424 0.004008110239528376 0.6348413970785493 0.008068354173403939 0.824364614918507