0 0.6702718750000002 0.6396328125000001 0.6220975575750313 0.6384416707790139 0.6170721514495118 0.8416882749528007 0.6652464688744807 0.8428794166737867
0 0.6210751204268706 0.6506834050284149 0.566368914260934 0.6491918160700239 0.5607781250000001 0.8542421874999999 0.6154843311659367 0.8557337764583911
0 0.5625311777761834 0.6233347571034243 0.5100640751984372 0.6222420623589336 0.505478125 0.8424421875 0.5579452275777463 0.8435348822444908
0 0.5066725902115634 0.6322690306951734 0.45582604758001344 0.631379633104242 0.4523921875000002 0.8276921875000001 0.5032387301315502 0.8285815850909314
0 0.45017968750000004 0.6359453125 0.3944281250000001 0.6347 0.3900451454721603 0.8309221989119926 0.44579670797216026 0.8321675114119926
0 0.3786857127153021 0.6315923483595829 0.32430023495181176 0.6296854241743273 0.3172692097365098 0.8302102633147443 0.3716546875000001 0.8321171875
0 0.32354375000000013 0.6285703125 0.2725703394572203 0.6270073784291224 0.26648752695722033 0.8253917534291224 0.3174609375000001 0.8269546875
0 0.2726789226575089 0.6162742825537557 0.23945271053230685 0.6155928743468018 0.235570662874798 0.8048857792930459 0.2687968750000001 0.8055671875
0 0.22057192045237498 0.6229193272563819 0.1727416638239598 0.6218140475251823 0.16798784394096605 0.8275324901515366 0.2158181005693812 0.8286377698827364
0 0.1719265625000001 0.6221328125000001 0.12189419446123664 0.6210669200805223 0.11758764274795844 0.8232139438883147 0.1676200107867219 0.8242798363077923
0 0.1207690801893069 0.6233017276180373 0.06319692951756158 0.6226904355067981 0.06106534932825476 0.8234449578887608 0.11863750000000009 0.8240562499999999
0 0.05223750000000012 0.6249515625 0.0000016872044306739942 0.6248401565749877 -0.0004217502955693427 0.8233807815749877 0.051814062500000105 0.8234921875
0 0.6919578125000002 0.0024156250000000935 0.6425987125511925 0.0008336437889352927 0.6137705875511925 0.9002945812889352 0.6631296875000001 0.9018765625
0 0.6424271430350328 0.0016919676722143202 0.5916750000000001 7.494005416219807e-17 0.5612947262350068 0.9112845504586901 0.6120468692700396 0.9129765181309043
0 0.5708750000000002 0.00011093750000007036 0.5211556305857924 -0.0006984784189131427 0.5064328125000002 0.9036687499999999 0.5561521819142079 0.9044781659189131
0 0.5154359375000003 0.05786718750000006 0.4627836849275052 0.057031578030035154 0.4495149349275051 0.8931034530300351 0.5021671875000002 0.8939390625
0 0.4576265625000001 0.05635312500000007 0.40461944870404676 0.05551539894290856 0.39135226120404665 0.8949966489429085 0.44435937500000006 0.895834375
0 0.3874984375000001 0.020082812500000047 0.3379950708490709 0.018928065669146094 0.31714507084907084 0.9127561906691459 0.3666484375000001 0.9139109375000001
0 0.3379156250000002 0.02479375000000005 0.2850701830424306 0.02342595102830805 0.2623920580424305 0.8996040760283078 0.3152375000000001 0.9009718749999998
0 0.28399062500000016 0.09066093750000004 0.25066051334959594 0.08997129875365106 0.23453395084959583 0.8693650487536508 0.26786406250000006 0.8700546874999999
0 0.23735225301593296 0.07093489302314601 0.18607042802558105 0.06943814173934601 0.16198316596237458 0.8947180469524877 0.2132649909527265 0.8962147982362877
0 0.18383282840579027 0.0818588291889202 0.1319041157028337 0.08074375992228547 0.11448839488330528 0.8917928938308771 0.16641710758626188 0.8929079630975119
0 0.1257453125000002 0.11781093750000002 0.07125497158316496 0.11720370499065687 0.06268778408316487 0.8859849549906569 0.1171781250000001 0.8865921875
0 0.058730610978197303 0.11256724304855019 0.004337982419088471 0.11196426249980565 -0.0042560828434020925 0.8872028678058571 0.050136545715706735 0.8878058483546016