0 0.5003470201526103 0.752775480305448 0.4518296875000001 0.7494015625000002 0.4406514173473899 0.910146394694552 0.48916875000000015 0.9135203125
0 0.44296155545274074 0.7555646206239979 0.38751093750000004 0.7528328125000001 0.37938375704725946 0.9177994418760023 0.43483437500000016 0.9205312500000001
0 0.38207696196143887 0.7508663477404179 0.32572656250000015 0.748159375 0.31757616303856134 0.9178242772595822 0.37392656250000006 0.92053125
0 0.32317584097434926 0.7487046358644314 0.28217812500000006 0.7480312499999999 0.2794710340256509 0.9128469266355685 0.3204687500000001 0.9135203125
0 0.2670109375000001 0.768025 0.21924843750000006 0.768025 0.21924843750000006 0.9304640624999999 0.2670109375000001 0.9304640624999999
0 0.219234375 0.9277562500000001 0.21368198962241566 0.764845619516292 0.16628750000000003 0.7664609375000002 0.17183988537758438 0.9293715679837081
0 0.1699390625 0.879671875 0.16393147005386652 0.7292874539254426 0.15016249999999998 0.7298375 0.15617009244613342 0.8802219210745573
0 0.15624687499999998 0.8778468749999998 0.14835710385206868 0.7225060828153477 0.116359375 0.7241312499999999 0.1242491461479313 0.879472042184652
0 0.1174484375 0.88028125 0.1073027629643033 0.7088964270394813 0.042760937500000006 0.7127171875000001 0.05290661203569672 0.8841020104605188
0 0.0412234375000001 0.71100625 8.707315282362628e-17 0.71100625 9.743825716990969e-17 0.88028125 0.04122343750000011 0.88028125
0 0.5363636551646869 0.2607926576727641 0.47649375000000005 0.25632031250000004 0.42436446983531334 0.9541589048272356 0.4842343750000002 0.9586312499999998
0 0.4779150495881395 0.14651986269031558 0.40880312500000004 0.14257500000000006 0.36162807558696625 0.969057114442007 0.4307400001751057 0.9730019771323226
0 0.4006178224192272 0.1363819276708094 0.33569843750000006 0.13445000000000004 0.31100561508077296 0.9642133848291907 0.3759250000000002 0.9661453124999999
0 0.3275654092240169 0.23052356154791598 0.27951562500000005 0.230140625 0.27372209077598325 0.9570967509520841 0.3217718750000001 0.9574796875
0 0.2661734375 0.975775 0.26471935824455994 0.12352578657721516 0.21114843749999998 0.12361718749999999 0.21260251675544004 0.9758664009227849
0 0.22212812499999995 0.9709609374999998 0.1995309624408427 0.11579729945660429 0.14278125 0.11729687499999997 0.16537841255915728 0.9724605130433955
0 0.17158281250000001 0.9266687499999999 0.1454131615284881 0.2124461826403256 0.130596875 0.21298906249999994 0.1567665259715119 0.9272116298596742
0 0.1578926655560048 0.92179871423895 0.12945508429319655 0.20693169738613676 0.090659375 0.20847500000000002 0.11909695626280825 0.9233420168528133
0 0.12176093750000001 0.9195515625 0.06850292793443755 0.022952797799764203 0 0.027021875 0.05325800956556247 0.9236206397002359
0 0.0437796875 0.9255171875000002 0.04332235620103697 0.10052754684154912 -2.198762005800603e-17 0.1005515625 0.0004573312989630043 0.9255412031584511