0 0.3163751936793217 0.7156816327108682 0.26891406250000005 0.71436875 0.26538730632067853 0.8418621172891317 0.31284843750000013 0.8431749999999999
0 0.26514167162286173 0.7104751916061863 0.21740312500000009 0.7103281250000001 0.21700832837713852 0.838481058393814 0.2647468750000001 0.8386281250000002
0 0.21854062500000007 0.8285265625000001 0.21339606125164617 0.6997818961071858 0.164378125 0.701740625 0.1695226887483539 0.8304852913928145
0 0.16766029888633996 0.8295229840015736 0.16155801938451808 0.7105788617944158 0.12953281249999998 0.7122218750000001 0.13563509200182186 0.8311659972071579
0 0.13218437500000002 0.8118578125000002 0.1229710486312251 0.679362742551338 0.0844609375 0.6820406250000001 0.0936742638687749 0.8145356949486622
0 0.08824843750000003 0.8361031250000002 0.07570479816300615 0.6990262209703783 0.04052656250000001 0.7022453125 0.05307020183699388 0.8393222165296217
0 0.054834079980757885 0.824763568077546 0.03752081809530245 0.6868198527303216 0.004165624999999995 0.6910062499999999 0.02147888688545544 0.8289499653472244
0 0.011362500000000093 0.709190625 8.685080288915609e-17 0.709190625 9.394150785621927e-17 0.8249906250000001 0.0113625000000001 0.8249906250000001
0 0.34118741588581036 0.046617577329687104 0.2685046875 0.04634062500000003 0.2653299492619049 0.8795115801468487 0.3380126776477152 0.8797885324765357
0 0.2685046875 0.035809375000000025 0.19979843749999998 0.03580937500000002 0.19979843750000004 0.8733718749999999 0.2685046875 0.8733718749999999
0 0.21954218749999996 0.8691593749999995 0.19395516127253942 0.021417881333514237 0.1271453125 0.02343437499999999 0.15273233872746056 0.8711758686664854
0 0.17136875000000007 0.8638937500000002 0.11810943815031134 0.018960710638757875 0.08055156249999999 0.021328124999999996 0.13381087434968872 0.8662611643612423
0 0.13662187500000003 0.8649468750000002 0.07892695409675611 0.09978960764913317 0.030009374999999998 0.10347812499999998 0.08770429590324391 0.8686353923508671
0 0.09397656250000001 0.8702125 0.021132125521439827 0.10147567405214601 -0.022650910406628012 0.10562449390016057 0.05019352657193217 0.8743613198480146
0 0.05527968750000001 0.857575 4.4408920985006264e-17 0.3530875 -0.029913328846505566 0.35636528085823643 0.025366358653494393 0.8608527808582365
0 0.015665625000000093 0.6926171875 8.482114217063172e-17 0.6926171875 9.53816159515916e-17 0.8650828125000001 0.015665625000000107 0.8650828125000001