0 0.6492937500000001 0.7163796875000001 0.5961749752151284 0.7149987429114151 0.5917818114095736 0.883984146604855 0.6449005861944455 0.88536509119344
0 0.584864867985319 0.7187141679197084 0.5334689221164031 0.7176686835664572 0.53013125 0.8817484375000003 0.5815271958689159 0.8827939218532516
0 0.5225328125 0.7384906250000001 0.466602131892967 0.7373318662404221 0.46312343750000007 0.9052406249999999 0.5190541181070332 0.9063993837595777
0 0.45807547522584613 0.7458994861380648 0.39923281929757076 0.745481292545259 0.3980359375000001 0.913890625 0.4568785934282754 0.9143088185928058
0 0.3983365774479033 0.7326572128285023 0.359583894009665 0.7324505609560624 0.35869106656176175 0.8998792856275601 0.39744375000000004 0.9000859374999999
0 0.3527906250000001 0.743121875 0.31257187500000005 0.743121875 0.31257187500000005 0.9099453125 0.3527906250000001 0.9099453125
0 0.31207968750000004 0.8637312500000001 0.31099198262801636 0.703743700996731 0.25237968750000006 0.7041421875 0.25346739237198374 0.864129736503269
0 0.25660625000000004 0.85253125 0.25108753511368187 0.6929258381044425 0.18811875000000003 0.6951031249999999 0.1936374648863181 0.8547085368955573
0 0.13627018834029583 0.8724821526578047 0.11823307911258321 0.6942001515817638 0.049446875 0.7011593750000001 0.06748398422771262 0.879441376076041
0 0.06221144152563059 0.8718611756062703 0.0425421875 0.6972124999999999 -0.018960590296679326 0.704139055586897 0.0007086637289512532 0.8787877311931676
0 0.6728007509784046 0.03011914523852117 0.6213203124999999 0.028387500000000065 0.5908991228800796 0.9327853211182033 0.6423795613584844 0.9345169663567244
0 0.6107612410659049 0.033078695181655564 0.5529671875 0.03104531250000007 0.5212189737301371 0.9334125765623625 0.5790130272960421 0.9354459592440179
0 0.5469921128681936 0.02433463806837302 0.4871515625000001 0.022389062500000063 0.4567985121318065 0.9559653619316271 0.5166390625000001 0.9579109375
0 0.473088764723979 0.01999957153403379 0.41108124999999995 0.01862500000000005 0.3900616324091013 0.9668290148432718 0.45206914713308033 0.9682035863773054
0 0.40639887370514416 0.03443855205837625 0.3645103238299202 0.03400534636476626 0.3550895751247761 0.9449386693063901 0.39697812500000007 0.9453718750000002
0 0.351678125 0.9613296874999999 0.3508228786171843 0.029189306317024894 0.3085140625 0.029228125 0.3093693088828157 0.9613685061829751
0 0.31206093749999997 0.9135859375000001 0.30688408628002434 0.08569445237512627 0.2325328125 0.086159375 0.23770966371997565 0.9140508601248737
0 0.2581265625 0.8957484375000002 0.23297470612684093 0.08711868910289718 0.15973124999999996 0.08939687499999999 0.18488310637315905 0.8980266233971029
0 0.1414802321103569 0.9270463449005849 0.08637774661030091 0.0529538567005019 -0.006240120618359322 0.0587924547377901 0.04886236488169668 0.9328849429378732
0 0.07053208493746524 0.9216267912399976 0 0.20525937500000008 -0.06941928353734148 0.21209425706157248 0.001112801400123764 0.9284616733015701