0 0.5474750000000002 0.7209421875000002 0.48605986892766284 0.7208493014402917 0.48575205642766284 0.9243711764402918 0.5471671875000002 0.9244640625
0 0.47840658764103494 0.7248655379293345 0.4172457004505731 0.723687176330007 0.4132344253095382 0.9318857009006724 0.4743953125000001 0.9330640625
0 0.407473282228308 0.7299784327447382 0.3395947457142104 0.7296623367152099 0.3386264196310492 0.9376009099756306 0.40650495614514687 0.9379170060051589
0 0.34164496834415264 0.7087515296646432 0.2883931053602728 0.7081634601404032 0.2863848144273668 0.8900216064694394 0.33963667741124665 0.8906096759936795
0 0.2649881219568172 0.7233424725877915 0.19178529667437821 0.723010006242918 0.1908607558621811 0.92657647420385 0.26406358114462003 0.9269089405487234
0 0.19175937500000012 0.71114375 0.13864153928042763 0.7107492670631033 0.13711394320021456 0.9164428219553395 0.19023177891978704 0.9168373048922364
0 0.13395 0.925540625 0.12471059154345836 0.7260496320412412 0.030748048897143748 0.7304014992521282 0.03998745735368539 0.9298924922108871
0 0.5538359375000002 0.04855937500000007 0.4895907874028228 0.04796562132429486 0.4808907874028227 0.9893203088242949 0.5451359375000001 0.9899140624999999
0 0.4859015625000002 0.045245312500000065 0.4209087302459745 0.04439583422076146 0.4084821677459745 0.9951411467207614 0.4734750000000002 0.9959906249999999
0 0.4175707843344948 0.015769739914913407 0.34384923766761755 0.014858403181139245 0.33175984033854566 0.9928164249966599 0.4054813870054229 0.9937277617304341
0 0.3425998140063516 0.04611804647934881 0.29161229947477885 0.045880384034847545 0.2874444404288699 0.9400425816625939 0.3384319549604426 0.940280244107095
0 0.27090287674642444 0.014720070546841848 0.19370028790184002 0.01466516863420311 0.1930125081736091 0.9818150004379863 0.2702150970181936 0.981869902350625
0 0.13753750000000003 0.9847328125000001 0.11899531249999999 0.13015937500000002 0.020367951059732263 0.13229935144696944 0.03891013855973231 0.9868727889469696
0 0.178334375 0.9901500000000001 0.17119062499999999 0.0845484375 0.13274785933492245 0.08485168952450156 0.13989160933492245 0.9904532520245016
0 0.020231761761974706 0.7271860364243636 0.0006578125000000892 0.7270734375 -0.0004505117619745022 0.9197420885756363 0.019123437500000114 0.9198546875
0 0.022723437500000037 0.9779859375 0.014415625000000001 0.1380890625 -0.008283675792548234 0.1383135918922133 0.00002413670745180091 0.9782104668922132