0 0.08235312500000005 0.055556249999999995 6.029692028898769e-17 0.055556249999999995 1.1396017762337523e-16 0.93194375 0.08235312500000011 0.93194375
0 0.1941707138220694 0.9313974957573645 0.18812615764025348 0.05208640114146906 0.07789489795042964 0.05284415234723376 0.08393945413224556 0.9321552469631292
0 0.3014895550763547 0.9319207489890869 0.2999779990981578 0.06093360168846641 0.19257216869133859 0.06111999930127595 0.1940837246695355 0.9321071466018965
0 0.38676406250000006 0.05555625000000004 0.30441250000000003 0.05555625000000004 0.3044125000000001 0.9291671875 0.38676406250000006 0.9291671875
0 0.47208817051191376 0.9346809159577185 0.46905358785046347 0.06085325804112999 0.3881926084840947 0.06113406779091304 0.39122719114554505 0.9349617257075018
0 0.5426749073072876 0.9317667451604361 0.5396721090164445 0.058123164850825124 0.47067030481021677 0.058360330789436074 0.47367310310106003 0.9320039110990471
0 0.6117710044771814 0.06955837942256896 0.544853125 0.06944375000000007 0.5433758705228188 0.931829120577431 0.6102937500000001 0.9319437499999997
0 0.6794339103555059 0.06120615936068317 0.6147054434858508 0.061094439548248024 0.6131977233648758 0.9346405883649759 0.677926190234531 0.934752308177411
0 0.7470729906594302 0.06966450766870737 0.6830875000000001 0.0694437500000001 0.6801070839259966 0.9333022332912286 0.7440925745854268 0.9335229909599357
0 0.8117893718657445 0.06122669636273218 0.7473558799334873 0.061095015237064045 0.7455676777952165 0.9360883558917032 0.8100011697274738 0.9362200370173716
0 0.880938143780648 0.0671938963420233 0.8147665010383124 0.0666233278127945 0.807293857843524 0.9332625665644029 0.8734655005858597 0.9338331350936316
0 0.9442259459824964 0.06457156900551314 0.8825710661250212 0.06382975931207346 0.8721004581812736 0.9340854064351376 0.9337553380387487 0.9348272161285772