0 0.4766272358785707 0.3394504903798957 0.03036866109285673 0.32066200380165294 0.026413722890477463 0.4145985259483146 0.47267229767619146 0.4333870125265572
0 0.4682623285794657 0.43580062569838107 0.03128524874990426 0.4073097200934937 0.02558892809934264 0.49467660123707713 0.4625660079289041 0.5231675068419646
0 0.4798126331619771 0.16131437601330856 0.021813988966349576 0.1414083979035467 0.01761927233143825 0.23792083858748864 0.4756179165270657 0.2578268166972505
0 0.4990234375 0.02750625000000003 4.6317481401189464e-18 0.02750625 1.2631944706611398e-17 0.15815937500000002 0.4990234375 0.15815937500000005
0 0.9771109961537745 0.16048487356173569 0.4808871397751034 0.15573246680007474 0.48005213653646034 0.2429195591404864 0.9762759929151315 0.2476719659021474
0 0.9944197034076957 0.1535478036619989 0.9938254507368086 0.026707062304452207 0.49561768767780984 0.029041180590783745 0.49621194034869687 0.15588192194833045
0 0.9712056636531209 0.2521904466310026 0.4771100208852948 0.24747605113220322 0.47621313207026994 0.3414751345064852 0.9703087748380961 0.3461895300052846
0 0.9756905606867503 0.3485977717463221 0.4758696506484507 0.339136645616952 0.4741791393498212 0.42844450222485425 0.9740000493881207 0.4379056283542243
0 0.9672787445120029 0.44016380571729447 0.4820949624751229 0.43086728838507443 0.47998974769223357 0.5407381178431283 0.9651735297291136 0.5500346351753483
0 0.9788210130588977 0.5504892473597665 0.4854926573289552 0.5408797841517222 0.48375755682937277 0.6299559643663064 0.9770859125593153 0.6395654275743505
0 0.9448041429872305 0.6311944485445411 0.4787056997965303 0.618762331887073 0.47564953993118336 0.7333422859389374 0.9417479831218835 0.7457744025964055
0 0.9621223142024276 0.7292171213802946 0.4655068147160265 0.7196625648196842 0.4641391608698336 0.7907488673228991 0.9607546603562345 0.8003034238835095
0 0.9455982887358185 0.8026751718944587 0.486987742243745 0.7659201092864285 0.4793499676645142 0.8612202863292241 0.9379605141565877 0.8979753489372543
0 0.96875 0.8710265625 0.47656250000000017 0.8710265625 0.47656250000000017 0.9993890625 0.96875 0.9993890625
0 0.47265625000000017 0.7701718750000001 0.007812500000000095 0.7701718750000001 0.007812500000000102 0.8824875000000001 0.47265625000000017 0.8824875000000001
0 0.47592349491446784 0.8853177318940905 0.009472952598317763 0.8604769352898304 0.003749111614411227 0.9679569317492336 0.4701996539305614 0.9927977283534937
0 0.47009556395359703 0.5229493977217325 0.02069336702637094 0.4988663649220159 0.01429621472877129 0.6182406281440953 0.4636984116559974 0.642323660943812
0 0.46835240642611564 0.6281485982970473 0.0033282329885560512 0.6185739953155329 0.0005564986198085681 0.7531929958426352 0.4655806720573682 0.7627675988241497
0 0.44872200797672923 0.7531996868599998 0.021805628402883487 0.7366638206457178 0.02016192587833948 0.7791002749433852 0.4470783054521853 0.7956361411576672