0 0.8422788468750001 0.14298143448275885 0.8181924515142305 0.13831454862305528 0.7917429327642305 0.8031686589678829 0.8158293281250002 0.8078355448275865
0 0.6457988387406058 0.1846308309920577 0.6129879812500001 0.1680000000000002 0.5430197287290887 0.8403085122351395 0.5758305862196945 0.8569393432271971
0 0.861722468437236 0.1760932538125585 0.8408245187499999 0.17157560000000022 0.8105286527000594 0.8541312334600114 0.8314266023872955 0.8586488872725697
0 0.8109711531250001 0.17872679310344852 0.787563134897131 0.175119357274975 0.7659631599430413 0.8577459964424484 0.7893711781709103 0.861353432270922
0 0.89706730625 0.2788116689655175 0.8889174721543753 0.2779779426059591 0.8783421509362089 0.7814585589776383 0.8864919850318336 0.7822922853371966
0 0.9684723645147925 0.24258143473398383 0.9416299004926865 0.24186852853763235 0.938459134375 0.8233262620689658 0.9653015983971059 0.8240391682653172
0 0.9334663367648997 0.24401314726190973 0.8958577981638671 0.2416310153070392 0.8881610562500002 0.8334535793103452 0.9257695948510328 0.8358357112652157
0 0.6732904944191556 0.29487974894958296 0.6609350968750001 0.29068965517241396 0.6264531435719014 0.7858989554749355 0.6388085411160568 0.7900890492521044
0 0.5887950504765254 0.27657987432031483 0.5545532856645795 0.2607707345432207 0.4995312500000001 0.8411989379310345 0.533773014811946 0.8570080777081287
0 0.748842235159359 0.24070064135307223 0.7004519218749998 0.2275756000000002 0.6633818462263685 0.8932244374313916 0.7117721595107277 0.9063494787844636
0 0.6781928427061572 0.3346906673816375 0.6652022015103218 0.33104097654196835 0.6363194556791647 0.8317402264017103 0.6493100968750001 0.8353899172413795
0 0.6949711531250001 0.3372042413793105 0.6817781060090256 0.3334955400631035 0.6528399082825407 0.834865936004582 0.6660329553985151 0.8385746373207891
0 0.64471394375 0.3324297103448278 0.6289777479066666 0.3254200510962608 0.5815865375 0.843580903448276 0.5973227333433333 0.850590562696843
0 0.867681721577888 0.3375004018967265 0.8486015566543232 0.3340756920354192 0.8283260850764351 0.8842410694490376 0.84740625 0.887665779310345
0 0.7726129812500001 0.35744827586206923 0.7395748072744954 0.3527020203914051 0.7241153843750001 0.8768116689655174 0.7571535583505048 0.8815579244361816