0 0.8522685377745421 0.1420114155878424 0.8324935019856505 0.1369137780936752 0.7974749642111083 0.7985363142299708 0.8172499999999999 0.803633951724138
0 0.546656673622924 0.16525544845716872 0.519146965268858 0.14619528300725002 0.4265054914054439 0.7974167795373673 0.45401519975951005 0.8164769449872861
0 0.5046296335612555 0.10396040684431045 0.4836328746225466 0.08837712848410839 0.3631250000000001 0.879188331034483 0.3841217589387089 0.8947716093946849
0 0.8235851183499093 0.17667616106091058 0.8025400750719747 0.17145629624081066 0.7682468473886738 0.8448404342901865 0.7892918906666084 0.8500602991102865
0 0.87304326875 0.175639255172414 0.8511065650440616 0.16950862235259595 0.8122393587069701 0.8468589443910768 0.8341760624129085 0.8529895772108947
0 0.6642775174891775 0.1966932912487371 0.632865384375 0.1766206896551725 0.5460174810717996 0.8385582953970094 0.5774296141859772 0.858630896990574
0 0.9012716343750002 0.2767108758620693 0.8914994683248146 0.2755914902474747 0.8796802875 0.7781220137931039 0.8894524535501857 0.7792413994076984
0 0.973733171875 0.24040318620689682 0.9428178783367777 0.23844356005512973 0.935298178300638 0.816226370119013 0.9662134718388602 0.8181859962707801
0 0.9399137530488293 0.2464223913630778 0.8999559654958041 0.24299320206914873 0.88971394375 0.8242387241379314 0.9296717313030252 0.8276679134318605
0 0.582063656878978 0.23250914822121024 0.5602437915579405 0.21848604684310982 0.4794085003039624 0.8310803468977619 0.5012283656250001 0.8451034482758623
0 0.6837332612727687 0.2933324941546522 0.6745835653925998 0.28930082224239395 0.6296490375 0.7859681724137931 0.638798733380169 0.7899998443260515
0 0.7602477233202335 0.23135555091105253 0.7125338993529792 0.21471177256300247 0.6641907730677387 0.8896918972370708 0.711904597034993 0.9063356755851208
0 0.6085641398897901 0.28182062669869934 0.5781314893608699 0.26358892020524133 0.507841346875 0.8350291793103449 0.5382739974039203 0.853260885803803
0 0.6928156329574084 0.3303628311902897 0.6784152067160126 0.3243766284780215 0.637032267508604 0.8092286524601457 0.6514326937499999 0.8152148551724139
0 0.70615625 0.33950663448275886 0.6924637777321289 0.3342766758432107 0.653653846875 0.8291458896551724 0.6673463191428712 0.8343758482947208
0 0.662201921875 0.3384933655172416 0.6457039783666997 0.3283933475286826 0.5817830295688429 0.8369212997861537 0.5982809730771432 0.8470213177747127
0 0.8766404033248936 0.33255840515739415 0.8594209091431596 0.32834057598246974 0.8315809870682662 0.8818988811699033 0.8488004812500002 0.8861167103448278
0 0.7876837546451199 0.358502104051144 0.7546082734943563 0.3491724861295621 0.724310096875 0.8723183034482761 0.7573855780257636 0.8816479213698579