0 0.7386795006510335 0.07459617002692734 0.7072131175009131 0.07035246823919977 0.5954679918498799 0.8989250482122726 0.6269343750000002 0.9031687500000002
0 0.854384988797895 0.14593563173082305 0.8031158673417721 0.1411047033661214 0.7329921532945878 0.8853055983139011 0.7842612747507107 0.8901365266786027
0 0.9700449802768185 0.8646750482791076 0.9655656250000002 0.1679609375 0.9120521138897575 0.16830498970830776 0.9165314691665758 0.8650191004874154
0 0.6575361049261998 0.14942675849398152 0.6102498636274101 0.14272303790702162 0.503749579741956 0.8939473851737099 0.5510358210407457 0.9006511057606696
0 0.7976996903801175 0.14971522859225758 0.7321997284603459 0.14119200284291228 0.6332461444170819 0.9016383616826458 0.6987461063368536 0.9101615874319912
0 0.6960054465096872 0.15521383079261808 0.6582499999999999 0.14987500000000006 0.5516918070327158 0.9034392748423569 0.5894472535424031 0.908778105634975
0 0.3562051262399861 0.17428028494500197 0.3277692223936179 0.1696963211687547 0.2098890961536318 0.9009472862237526 0.23832500000000004 0.9055312499999999
0 0.5327460939365022 0.16651497905376605 0.48928213559733563 0.15988768660682545 0.37467822916083354 0.9114977075530593 0.4181421875000001 0.9181250000000001
0 0.32060857163462975 0.17769233205217955 0.2897546875 0.17254062500000006 0.16549299086537037 0.9167514179478206 0.19634687500000012 0.921903125
0 0.5980425450826493 0.21088279656453493 0.5698847636856564 0.2069252350898704 0.4733140936030072 0.8940190010253355 0.501471875 0.8979765625
0 0.9164546875000003 0.23868593750000017 0.8460844774636284 0.23796327711828186 0.8394876024636284 0.880344527118282 0.9098578125000003 0.8810671875000002
0 0.2783823291140235 0.1875971973820722 0.2458728605696459 0.18241646931217564 0.12624365645562247 0.9330989594301036 0.15875312500000008 0.9382796875
0 0.5589139486522562 0.25686036424168013 0.5162794033205388 0.2508738724526512 0.42551952069308135 0.8972468178349645 0.4681540660247988 0.9032333096239935
0 0.3745583922527091 0.3351022909891679 0.3310774065346417 0.3282062012845945 0.24120651428193257 0.8948570352954267 0.28468750000000004 0.9017531250000002
0 0.4136788775024143 0.34297808818967596 0.369134174098965 0.33638164320218206 0.28713342159655086 0.8901191800125063 0.3316781250000001 0.8967156250000002
0 0.224083586014968 0.32616699512986014 0.20076718750000005 0.32241562500000004 0.10410860148503216 0.9231908173701402 0.1274250000000001 0.9269421875000002
0 0.4561592157781427 0.34861065463603413 0.4332671875000001 0.3450875000000001 0.3438720342218575 0.9259409078639658 0.36676406250000015 0.9294640624999999
0 0.43291990797124136 0.3516631075126658 0.41051035585400386 0.3483754920826534 0.3255591978827626 0.9274326970699877 0.34796875000000005 0.9307203124999999
0 0.19044856396682955 0.35122351409279234 0.16692500000000005 0.34760312500000007 0.07696237353317063 0.9321374234072076 0.10048593750000015 0.9357578124999998