0 0.6430651738077905 0.09264722106564546 0.6111083203102339 0.0793236297903921 0.5226633402524434 0.9385777169008473 0.55462019375 0.9519013081761006
0 0.48214843230383975 0.16047943529490447 0.4651261177769965 0.1518839558824553 0.372863405790005 0.891966959604611 0.38988572031684826 0.9005624390170603
0 0.730740384375 0.16236091194968574 0.6608661571372774 0.13834286300017454 0.5954040395156195 0.9097347206952096 0.6652782667533421 0.9337527696447205
0 0.821997596875 0.1502999496855348 0.7936188070148559 0.14658644816760855 0.7689776427912559 0.9093276337145074 0.7973564326513999 0.9130411352324338
0 0.5087123715529505 0.17226899408193855 0.4833311458399117 0.1578121848548948 0.37852502428696133 0.9031145492635223 0.4039062500000001 0.917571358490566
0 0.6120100138591641 0.16397863092210724 0.5823788147116113 0.15030889212906406 0.4945311272588551 0.9216119493050053 0.5241623264064079 0.9352816880980485
0 0.5785865374999999 0.17999032704402526 0.5292670465049276 0.15499776554314826 0.4331839671733788 0.922996381667104 0.4825034581684511 0.947988943167981
0 0.9215528843750003 0.18555394339622663 0.8595414620533832 0.1823168818214536 0.8500922586141385 0.9155155027656202 0.9121036809357556 0.9187525643403933
0 0.9506027304053305 0.2908193479068861 0.9298706420888669 0.29032861217233646 0.9266186355737327 0.8468123552010279 0.9473507238901963 0.8473030909355778
0 0.9666285118422395 0.29294160591783236 0.9502933342639741 0.29277198435397733 0.9488547255467348 0.8539377809518683 0.9651899031250002 0.8541074025157235
0 0.23706009687500007 0.25235606918238995 0.19557771148038566 0.23844471669380743 0.14020943625265192 0.9071905206755363 0.1816918216472663 0.9211018731641188
0 0.3146736264999971 0.25586369101737205 0.27644398463834985 0.24227572877611875 0.2181634625000001 0.906439283018868 0.2563931043616473 0.9200272452601213
0 0.36913989479357323 0.2590624690531271 0.3261838233489599 0.24131043919729023 0.25821259075203296 0.9075146754088445 0.3011686621966463 0.9252667052646812
0 0.7866372997824863 0.25892123067622014 0.7163689264437298 0.2509636730581685 0.6980168281250001 0.9073681635220127 0.7682852014637566 0.9153257211400644
0 0.2698500100171417 0.2590017325769171 0.2365811900034845 0.24789198718196542 0.1817524031250001 0.9129317861635221 0.21502122313865732 0.9240415315584738
0 0.5144184725909915 0.23642597281788283 0.48854711741859347 0.2237390666779976 0.4025240375 0.9342718930817612 0.42839539267239807 0.9469587992216464
0 0.8602524031250003 0.30987905031446566 0.8239314450543871 0.30807894898602484 0.8169278843750002 0.8804596037735852 0.8532488424456133 0.8822597051020261
0 0.42189181376194573 0.3265004195448618 0.3989843982953079 0.31524724840741214 0.3270733532833622 0.9081759546487139 0.34998076875000006 0.9194291257861635
0 0.39631418501144255 0.33859019749029906 0.37725480624999996 0.32936139622641514 0.30926033373855744 0.8981393622581287 0.3283197125 0.9073681635220125