0 0.38602166626994694 0.7826978064310631 0.33876875000000006 0.14273125000000003 0.3023570159844668 0.14541976645666413 0.34960993225441367 0.7853863228877273
0 0.22597034077828435 0.7885164815391618 0.20786875 0.151534375 0.18452455049565572 0.15219776435134325 0.20262614127394007 0.789179870890505
0 0.1975902856371053 0.7923014140104147 0.1791625 0.1553078125 0.15792160901341562 0.15592229682906356 0.17634939465052094 0.7929158983394782
0 0.17280890470563787 0.8185258868535753 0.152178125 0.17165468749999999 0.12810203279436214 0.17242255064642467 0.14873281249999998 0.8192937499999999
0 0.4289878308559916 0.8180375517967592 0.38814218750000007 0.19932187500000004 0.3691137316440085 0.2005780732032409 0.409959375 0.8192937500000002
0 0.4026906161778701 0.8012566031010004 0.368621875 0.21818437499999996 0.3397203213221299 0.21987308439899933 0.37378906249999994 0.8029453125
0 0.2629973622021044 0.7696069653304096 0.25265 0.278546875 0.21900126189124972 0.27925590366616737 0.22934862409335413 0.770315993996577
0 0.299091736016717 0.755955947085899 0.28250468749999996 0.302440625 0.2679736244734988 0.302972089838523 0.2845606729902158 0.7564874119244218
0 0.28457872227436026 0.7613645545762788 0.2666405930233888 0.3006753473849534 0.2536078125 0.3011828125 0.2715459417509714 0.7618720196913256
0 0.3295828125 0.7815671875 0.31120937500000007 0.28735000000000005 0.2969694542611547 0.28787939537579343 0.3153428917611546 0.7820965828757934
0 0.14815937500000004 0.7979140625000001 0.1349546875 0.2848343750000001 0.11908438634374767 0.2852428151943884 0.13228907384374772 0.7983225026943884
0 0.3169515625 0.7865968750000001 0.29626203558001146 0.2969191914058755 0.2792814223450905 0.2976366446744484 0.29997094926507906 0.7873143282685728
0 0.9561870370372038 0.2712636694965055 0.9238875 0.27100156250000007 0.9192544957177807 0.8419283038775275 0.9515540327549845 0.8421904108740328
0 0.9768375 0.27100156250000007 0.9532984375 0.27100156250000007 0.9532984375 0.8507312499999999 0.9768375 0.8507312499999999
0 0.9182765625 0.27477500000000016 0.8775696989154886 0.27448591780983916 0.8734953125000002 0.8482171875000002 0.9142021760845116 0.8485062696901611
0 0.11667369088946236 0.8240532587703677 0.1091147635320242 0.32355479441401175 0.09122544764256187 0.32382497314364406 0.09878437500000001 0.8243234375