0 0.6459237521959289 0.08354935631030817 0.6136749544579941 0.08021338033628245 0.5236027647620652 0.9509390240259743 0.5558515625 0.954275
0 0.4837036451333029 0.1563223087112021 0.4610453125 0.15341093750000007 0.3660844684937271 0.8924628256118396 0.38874280112703 0.8953741968230415
0 0.819212020879095 0.14874379417174938 0.7918035542449012 0.1479666474782791 0.7701432052943695 0.9118854243113038 0.7975516719285632 0.912662571004774
0 0.7305340054886946 0.1441580066640398 0.6570289945234126 0.13829168446696655 0.5945988812406451 0.9205409383015206 0.6681038922059271 0.9264072604985939
0 0.5083160448441739 0.16070803209854687 0.48161718749999993 0.15703437500000003 0.37741208015582617 0.9143607179014532 0.40411093750000016 0.9180343750000001
0 0.6103169853078108 0.14863121332860801 0.5776351865899175 0.14512573552269975 0.4938166270995949 0.9265716443997952 0.5264984258174882 0.9300771222057035
0 0.5753779254398304 0.160256982967731 0.5192685339569819 0.15383725635119996 0.4294217675233509 0.9391117224493761 0.48553115900619936 0.9455314490659072
0 0.9212649573758384 0.1884048801462906 0.8582749338905774 0.18780665917071446 0.8513536686652958 0.9165852826022032 0.9143436921505568 0.9171835035777793
0 0.9519141530926915 0.29046114195781597 0.9300932555391315 0.2902895261698343 0.9257421875000003 0.8435265625000001 0.9475630850535601 0.8436981782879819
0 0.9655255325652998 0.30112676343818257 0.9472402718426375 0.30110243717242435 0.9465100517773379 0.849985048734242 0.9647953125000003 0.8500093750000002
0 0.5164756330168216 0.22550266799567414 0.4877583929394594 0.22200011332959607 0.40050781250000006 0.9373625000000001 0.4292250525773625 0.9408650546660782
0 0.7855399644049382 0.26000674317728845 0.7133712805974939 0.2583260558978728 0.6982156911925557 0.9091068127205846 0.7703843750000001 0.9107875000000003
0 0.35126420595172425 0.25478976326859865 0.2961657526584944 0.2501133322293517 0.2390531092067703 0.9230235689607529 0.2941515625000002 0.9276999999999997
0 0.8587514704573707 0.31150692819479764 0.823294670092434 0.3110160753643649 0.8154666371350633 0.8764747721695674 0.8509234375 0.8769656250000001
0 0.3964544218990813 0.32247889647877465 0.37539375 0.32010625000000004 0.3103408906009188 0.8975445410212257 0.3314015625000001 0.8999171875000004
0 0.4256598421478758 0.31057087302485464 0.3997375 0.3074203125 0.32590734535212446 0.9148838144751454 0.35182968750000015 0.9180343750000001