0 0.742770480627701 0.08562793517787874 0.7210952774823138 0.08299335235230126 0.6351919843546129 0.7897357296744226 0.6568671875000001 0.7923703125000001
0 0.7212168277783844 0.11994666996824344 0.6720995417979893 0.11344672537142422 0.583611947080462 0.7821094240634965 0.6327292330608572 0.7886093686603157
0 0.2071390625000002 0.14485156250000003 0.16923378127784428 0.14371075914594364 0.14946137824154462 0.8006850701556336 0.18736665946370054 0.80182587350969
0 0.7688864747105307 0.154969190567462 0.7407992651370578 0.15136333082430758 0.6584137461276109 0.7930908252535263 0.6865009557010839 0.7966966849966807
0 0.6029576323689916 0.16713381279242895 0.5612059980062002 0.161140305913217 0.4694008824647347 0.8006679971244569 0.511152516827526 0.8066615040036688
0 0.8047988725004457 0.16580117374813402 0.7684140625 0.16115937500000008 0.6860877286312077 0.8064755936433565 0.7224725386316532 0.8111173923914905
0 0.6506529460351509 0.2103333922761273 0.5964628697459038 0.2036245116405259 0.5251177362107531 0.7799051818643987 0.5793078125000001 0.7866140625000001
0 0.5463042181946111 0.20775355599313103 0.5252140171648535 0.2039091481795118 0.41580291982085704 0.8041321603419231 0.43689312085061455 0.8079765681555424
0 0.8177203637409061 0.2179535603911515 0.7970732611023398 0.2153788138351993 0.7229294598614338 0.809944003444048 0.7435765625 0.8125187500000001
0 0.8716197694793669 0.19169420538173315 0.8500265624999999 0.18897812500000008 0.7683043197577398 0.8386810256283364 0.7898975267371069 0.8413971060100695
0 0.8430692623596862 0.1942440388597882 0.821841263048273 0.19160497878166569 0.741518875688587 0.8377000024218777 0.7627468750000002 0.8403390625
0 0.505765327601963 0.3106325220178979 0.47224673758097974 0.3039388288455367 0.37623453497901677 0.784718806827639 0.4097531250000001 0.7914125000000001
0 0.27548612909603915 0.7967213891834957 0.2202109375 0.30217499999999997 0.20273488547490248 0.3041282892063462 0.2580100770709416 0.798674678389842
0 0.9296252570028256 0.254541555948384 0.8907649068418498 0.2520525977360964 0.8515865248390242 0.8637485417877127 0.890446875 0.8662375000000002
0 0.8906681066886764 0.3080115166560332 0.8758328695006716 0.30655450317483796 0.8259069503119953 0.8148976740188048 0.8407421875000001 0.8163546875
0 0.9609644923364913 0.272797305679057 0.9305854096657551 0.27127680117294395 0.9007584381552217 0.8672079738154747 0.9311375208259578 0.8687284783215876
0 0.9840063948647126 0.2816260126258125 0.9623847697295741 0.28097417402327785 0.9448111836472691 0.8638937634342027 0.9664328087824077 0.8645456020367371
0 0.8739329337939461 0.31951888382242943 0.8567301354649006 0.31743826204873954 0.7947831391709544 0.8296225032263103 0.8119859375 0.8317031250000001
0 0.10687968750000017 0.3098515625 0.07250012087085722 0.30901377380071604 0.05807968750000011 0.9007718750000002 0.09245925412914305 0.9016096636992842