0 0.7304845258226 0.08836211397053576 0.7080604195926045 0.07630767842551708 0.6304471156250001 0.7794907172413795 0.6528712218549957 0.7915451527863983
0 0.7621948393154862 0.16497400692616684 0.7364638204852436 0.1496632109730294 0.6577798017246559 0.7936985515775282 0.6835108205548984 0.8090093475306656
0 0.20995673125 0.14555437931034487 0.17305618270694142 0.13950427819685782 0.15069230625000007 0.8038302413793105 0.18759285479305865 0.8098803424927974
0 0.799405066344347 0.1766052766657002 0.7611182686494058 0.1543860921003407 0.684153135217634 0.8003063505448704 0.7224399329125752 0.82252553511023
0 0.8140350361456312 0.22250699586538164 0.7928414362790297 0.21086000428751708 0.7262174563833985 0.8013132222152393 0.74741105625 0.8129602137931037
0 0.8662411504139451 0.20134506126644183 0.8460692474960376 0.1896272495198912 0.7691459079402168 0.8345718860685221 0.7893178108581241 0.8462896978150727
0 0.8419888576675619 0.20350830086553726 0.8212633397402044 0.19115142562346543 0.7423105383226424 0.8361046626889629 0.76303605625 0.8484615379310347
0 0.8923495615712396 0.31283016058763696 0.8762353946885136 0.3050402342801533 0.8261911206172743 0.809228639209758 0.8423052875000001 0.8170185655172417
0 0.9305967959346543 0.26731977790767 0.8907945840711851 0.25449625361799805 0.8506683775692105 0.8610815297807941 0.8904705894326798 0.873905054070466
0 0.9611275243657387 0.2759356685844071 0.9332481722270464 0.2690316701962065 0.902918235307831 0.8655412947409891 0.9307975874465233 0.8724452931291897
0 0.9887810166104034 0.2806253927273533 0.9642387303852695 0.27631138608876876 0.9429302874999997 0.8667161793103451 0.9674725737251336 0.8710301859489294
0 0.8746468146305342 0.32865253710038383 0.8558052875000002 0.3174748000000003 0.7936007791194661 0.828153828416858 0.8124423062500001 0.8393315655172416
0 0.10798075295471898 0.3113247441985587 0.07278703264031987 0.30702628201160603 0.057790705169300474 0.9050259395922463 0.09298442548369958 0.9093244017791989
0 0.4941726813652988 0.7117035646516231 0.492266828125 0.6075649862068967 0.19266145300970128 0.6342699112104462 0.19456730625000002 0.7384084896551725
0 0.3868087754011093 0.833720816940318 0.3865756066223234 0.7973379862027926 0.15804086872121406 0.8044712796073022 0.1582740375 0.8408541103448276