0 0.2028570578722225 0.14674682130271816 0.16346910811814433 0.14505382571498027 0.13566026489093927 0.7920332553635372 0.17504821464501746 0.7937262509512751
0 0.35979546736758755 0.8364143177506577 0.33846562500000005 0.1693875 0.3155681393562259 0.17011970408295246 0.33689798172381347 0.83714652183361
0 0.3006634875588519 0.19482142069576788 0.2545368294361875 0.19372609717044315 0.2395386342012959 0.8253354875117171 0.2856652923239603 0.8264308110370419
0 0.4394534572893704 0.8104660106222914 0.42291718749999996 0.2845171875 0.40233360774810817 0.28516435241993965 0.4188698775374785 0.811113175542231
0 0.45805000000000007 0.8074484375000003 0.44282500000000014 0.298921875 0.4272310864697131 0.29938874802297727 0.442456086469713 0.8079153105229775
0 0.9219620013541613 0.2557445356334494 0.8812228737733687 0.2538907480295752 0.8538639974192075 0.8551337123961261 0.894603125 0.8569875000000003
0 0.22787900117461599 0.31162570354933194 0.21686933279870377 0.31151442978107863 0.21187158162408792 0.8060027887317467 0.22288125000000014 0.8061140625000001
0 0.24979218750000012 0.3193031250000001 0.22962987289536146 0.3191230403261178 0.2253353813930467 0.7999351320493282 0.2454976959976854 0.8001152167232105
0 0.9553886002347456 0.26488139055393545 0.9261383180902705 0.26368063953928184 0.9017156249999999 0.8586171875000002 0.930965907144475 0.8598179385146537
0 0.9843297488604528 0.2732342978085641 0.9612859374999999 0.2725765625000002 0.9447042373568253 0.8535178091682853 0.9677480487172782 0.8541755444768493
0 0.18465106924006836 0.32531748044745934 0.17311037221568432 0.3251450940009134 0.1655343750000001 0.8323328125 0.17707507202438413 0.832505198946546
0 0.3177957065097411 0.8308450641930756 0.3174328125 0.32806562499999997 0.2846167934902588 0.32808931080692416 0.28497968749999997 0.8308687499999999
0 0.19763903566186083 0.3350750169505633 0.18236367515595991 0.33482769276664975 0.17422968750000012 0.8372031249999999 0.18950504800590104 0.8374504491839134
0 0.10838125000000023 0.307634375 0.07229474114158055 0.3067004211328732 0.05714969893195426 0.8918810377517333 0.09323620779037395 0.8928149916188601