0 0.2878625 0.8273234375000001 0.2146765625 0.044596875 0.19044465803490268 0.046862589146744044 0.26363059553490276 0.8295891516467441
0 0.25973110035133185 0.7949234273817003 0.1965140625 0.10135000000000002 0.15836953667524287 0.10482675363225488 0.22158657452657468 0.7984001810139552
0 0.21414218749999997 0.7847578124999999 0.1623250000000001 0.15337499999999998 0.14433149766184175 0.15485171533969422 0.19614868516184164 0.786234527839694
0 0.11121105510862121 0.8211420894161862 0.10089062500000001 0.1214515625 0.06210054558329543 0.12202371588514353 0.07242097569191663 0.8217142428013297
0 0.18117127483072698 0.7804070376611535 0.14843593750000003 0.17938750000000003 0.1087372620850106 0.181549741740676 0.14147259941573753 0.7825692794018295
0 0.34250848557900426 0.8573301459599028 0.27450781249999995 0.11553906249999997 0.21775314555983952 0.12074181518651732 0.28575381863884386 0.8625328986464202
0 0.8865266831315168 0.17775218957491484 0.85576875 0.17377343750000013 0.7648976494106291 0.8762568249764918 0.7956555825421459 0.8802355770514065
0 0.9445842015013387 0.20284332352512718 0.9182937499999999 0.1993390625000001 0.8257204859986615 0.8938629264748732 0.8520109375000002 0.8973671875000002
0 0.42703293814873344 0.9125824420011786 0.34555625 0.1888453125 0.32553360610109405 0.19109941643686543 0.40701029424982743 0.914836545938044
0 0.9687691933387785 0.21171848895774517 0.9440961963524479 0.20864172436506076 0.8567311704708871 0.9092338416208602 0.8814041674572177 0.9123106062135445
0 0.38936093750000006 0.8935359375 0.33059843750000006 0.236140625 0.28240666057055763 0.24044833641498875 0.3411691605705576 0.8978436489149889
0 0.5038316684153664 0.8572473260558503 0.44759062499999996 0.27870625 0.41457921810204496 0.28191534965668713 0.4708202615174114 0.8604564257125373
0 0.46099134867522223 0.9064817795976217 0.3931015625 0.26215312500000004 0.36100610664369126 0.265534867562174 0.42889589281891355 0.9098635221597956
0 0.9660890625 0.3020578125000001 0.9462166357335178 0.301744172165253 0.9372635107335178 0.869019172165253 0.9571359375 0.8693328125000003
0 0.9019867852367296 0.3169484343191885 0.879875 0.3142750000000001 0.8069102877058739 0.9177609493377268 0.8290220729426035 0.9204343836569151