0 0.7102868937144324 0.059539097670123005 0.6739250820262753 0.04856005862251905 0.6072868941464227 0.9425035573192503 0.6436487058345797 0.9534825963668544
0 0.5824230781249999 0.1328834088050316 0.5517403843750001 0.12520561006289324 0.5034840817262285 0.9063233715540199 0.5341667754762285 0.9140011702961581
0 0.6635335235029981 0.1311644183108148 0.585310096875 0.10961780503144668 0.5297016690264847 0.927336909919355 0.6079250956544828 0.9488835231987233
0 0.7482501151900373 0.13512484895532725 0.7005340825784405 0.12277939548722636 0.6494931017634034 0.9218441943306416 0.6972091343750001 0.9341896477987426
0 0.4291130751334019 0.15985501372396035 0.39462980625 0.14701500000000012 0.32197586549159823 0.9373438290433355 0.3564591343750001 0.9501838427672957
0 0.7694132781042895 0.18281801544451765 0.7361718223766212 0.1821599750505111 0.7325494098973317 0.9233526011154275 0.7657908656250001 0.924010641509434
0 0.910475041486049 0.9730937763321256 0.8928509625000001 0.13870343396226412 0.8458875193184865 0.14272136797564372 0.8635115983045354 0.9771117103455054
0 0.46138487833199415 0.17917315729152786 0.42742439685803824 0.16848402539040147 0.3649506471663244 0.9724444739550889 0.39891112864028033 0.9831336058562153
0 0.5448899194392847 0.24433682240422994 0.4712739164766525 0.2283761531248734 0.43372534391236794 0.9298641986451719 0.5073413468750001 0.9458248679245285
0 0.9872276948582052 0.9980106137413656 0.9677016749928811 0.19768339047818073 0.8927914206430648 0.2050861410539123 0.9123174405083889 1.005413364317097
0 0.4685503631960211 0.3010794634128155 0.4531971156249999 0.29576197484276734 0.4000733037577423 0.9170437669364957 0.4154265513287635 0.9223612555065439
0 0.8473677875 0.9807256918238993 0.8444764617679764 0.271439803302488 0.786052884375 0.2724044528301887 0.7889442101070235 0.9816903413516