0 0.7086107349116506 0.05692509651284124 0.6720196403827623 0.054291500339634965 0.6079448429711117 0.9445445288267937 0.6445359375 0.947178125
0 0.5806215058517045 0.1312555753078083 0.5518265800954747 0.12930934920931597 0.4994941853381992 0.903580860031634 0.528289111094429 0.9055270861301263
0 0.7507155849918338 0.12161793011670907 0.7005605220822277 0.1183414446529959 0.648094937090394 0.9214625770362869 0.69825 0.9247390625000002
0 0.6591758862096043 0.12563570790616288 0.5795984374999998 0.12010625000000008 0.523395097222449 0.9289592160855991 0.6029725459320534 0.9344886739917619
0 0.35565327014959425 0.12943808348239907 0.31477517614324835 0.1266498841157156 0.2593077348789713 0.9398640700832079 0.30018582888531725 0.9426522694498913
0 0.9083771743517189 0.95781035910623 0.891926877776279 0.12572864571503123 0.8424781249999999 0.12670625 0.8589284215754398 0.9587879633911989
0 0.4309862088991803 0.1405894465937401 0.3992171875 0.13773906250000006 0.32656066610081974 0.9475339909062599 0.35832968750000005 0.950384375
0 0.7727908761633936 0.18001692914321804 0.7399375 0.17941250000000009 0.7263247488366066 0.9193252583567822 0.7591781250000001 0.9199296875000001
0 0.4663675585519327 0.17416364147575444 0.43529375000000015 0.17139843750000006 0.3643660810012291 0.9684437284902885 0.3954398895531616 0.9712089324660429
0 0.5489415437482774 0.22893070269364757 0.47297965050929475 0.22419258012556834 0.42907873176101735 0.9280150024319205 0.5050406250000001 0.9327531249999998
0 0.3780745286351425 0.2422979355304958 0.3452767196423868 0.24002715304705405 0.29712547484796414 0.9354946146144281 0.3299232838407199 0.9377653970978699
0 0.9848837044912253 0.990077395856084 0.9681637050567344 0.1927463946587765 0.9010863036294856 0.19415300510317984 0.9178063030639765 0.9914840063004874
0 0.4731996831231392 0.29071252625553445 0.4531517361470915 0.2890124473680696 0.399895905209842 0.9170245253178353 0.4199438521858897 0.9187246042053001
0 0.8505718750000002 0.2627609375000001 0.7860324923103675 0.2621095033066772 0.7788168673103676 0.9769813783066772 0.84335625 0.9776328125000001