0 0.2022140625000001 0.1449078125 0.1651785415040258 0.14383048989957387 0.146322702668439 0.792044696875138 0.1833582236644133 0.7931220194755642
0 0.8297566738532961 0.1406323865388137 0.808453125 0.14011718750000007 0.7925433261467039 0.7979894884611864 0.8138468750000001 0.7985046875000001
0 0.7937578125000002 0.17542343750000008 0.769112895171706 0.1753069845771197 0.7659689515026036 0.8406593853016735 0.7906138688308979 0.8407758382245539
0 0.8515431475992792 0.1738931545755815 0.8301203125000001 0.1732156250000001 0.8088539981396641 0.8456360803284136 0.8302768332389432 0.846313609903995
0 0.8943328125000004 0.27692500000000003 0.88394304836124 0.27677116356599424 0.8765102358612398 0.7787664760659943 0.8869000000000001 0.7789203125
0 0.9690234375 0.24051718750000012 0.9362988002225396 0.24043016058518626 0.9347640625 0.8175359375000001 0.9674886997774603 0.8176229644148141
0 0.9326187499999999 0.2449984375000001 0.8950641120509998 0.2445460494772073 0.8880421875000002 0.827465625 0.9255968254490003 0.8279180130227928
0 0.7196328125000002 0.22838125000000004 0.6719610728348827 0.22811281049662524 0.6682885661022533 0.880307374542822 0.7159603057673708 0.8805758140461967
0 0.23205765158669647 0.3103080048615738 0.21888437500000002 0.3100234375 0.20818453591330366 0.8053435576384261 0.2213578125000001 0.8056281249999999
0 0.25460937500000014 0.3188500000000001 0.2326653782582341 0.31843149857527103 0.22335821142888213 0.8064500010465852 0.24530220817064813 0.806868502471314
0 0.1882205657681924 0.319106954534071 0.17648251203244242 0.3188483756179553 0.1652781250000001 0.8274656249999998 0.1770161787357501 0.8277242039161156
0 0.20006718750000024 0.33429531250000005 0.18789422424027288 0.3340296713872754 0.17693953674027277 0.8360265463872754 0.1891125000000001 0.8362921875
0 0.10598281250000022 0.30395625000000004 0.07334439057262856 0.30313762372943964 0.05853448967227348 0.8936046190745527 0.09117291159964512 0.8944232453451131
0 0.8659758791545205 0.3337759941209556 0.845325078346223 0.3330954344851952 0.8274554491917024 0.8753288153642398 0.8481062500000001 0.8760093750000001
0 0.7508703125000002 0.35194843750000016 0.7198160389774614 0.3518867535679293 0.7187968750000001 0.8649765625000002 0.749851148522539 0.8650382464320711