0 0.7359357704811784 0.07906734270197444 0.7027372865865728 0.06140507123856675 0.5930120266869159 0.8967849713504757 0.6262105105815216 0.9144472428138836
0 0.9701364694214277 0.866107669490179 0.9684301786141101 0.1642226960801506 0.91872355625 0.16471214465408804 0.9204298470573177 0.8665971180641164
0 0.8556705607230708 0.16103301557907734 0.802381908805074 0.14083783359147475 0.7333485562500001 0.8786598930817611 0.7866372081679969 0.8988550750693638
0 0.6545552875000002 0.16471214465408826 0.6087981880309785 0.13863056271555704 0.5043413468750001 0.8809095283018868 0.5500984463440217 0.906991110240418
0 0.7963730357345757 0.1676325881489194 0.7257614005869264 0.13168337492569485 0.6304998635030705 0.8895803458568039 0.7011114986507199 0.9255295590800284
0 0.6933822125000001 0.1613401069182392 0.657965346945512 0.14180015041131727 0.5547479460282265 0.8995836721908331 0.5901648115827145 0.9191236286977551
0 0.5287130640093743 0.18760628762636838 0.4861634625 0.16134010691823913 0.3728798113145831 0.9046527424045628 0.41542941282395746 0.9309189231126922
0 0.34879326875 0.19507015094339633 0.32244580797605166 0.17617587488444264 0.19452369947867829 0.8987124352807363 0.22087116025262662 0.9176067113396901
0 0.59840625 0.21980648427672977 0.5722398348139887 0.20467900915297296 0.47443750000000007 0.8899032389937107 0.5006039151860114 0.9050307141174676
0 0.9170825833818274 0.24206413059303541 0.8473031286132293 0.2388690945740447 0.8400072125 0.8842815660377361 0.9097866672685979 0.8874766020567268
0 0.55708173125 0.27602322012578634 0.5149094906747017 0.2516963766323154 0.42418028750000014 0.8887760062893083 0.46635252807529853 0.9131028497827792
0 0.36918111773354295 0.3518303405619797 0.32492215604423097 0.32300223383028287 0.23375961562500008 0.8899032389937109 0.27801857731431207 0.9187313457254078
0 0.38827486137129374 0.35721336490250605 0.3705199028021669 0.34569423207481537 0.28500191749935516 0.8795980738924767 0.30275687606848206 0.8911172067201673
0 0.4144048813530409 0.373647711136898 0.39078458885864104 0.35779767708903676 0.3018870187500001 0.8943976792452834 0.3255073112443999 0.9102477132931445
0 0.42933008247344134 0.3639801421395535 0.40746692390330114 0.35107034241013946 0.32495605671861316 0.917062298654355 0.34681921528875337 0.9299720983837692
0 0.45210096250000004 0.35359942138364797 0.4327910339794303 0.3424244376316342 0.34991105625 0.9225060503144655 0.36922098477056975 0.9336810340664793