0 0.6884679756796117 0.05348826132668608 0.6679413263958509 0.05222226556898376 0.6210639757162392 0.8122840042422979 0.6415906250000001 0.8135500000000002
0 0.7257250523626214 0.10784452807534135 0.6986772384750687 0.10643278950326093 0.6645470940569969 0.7603398318070733 0.6915949079445497 0.7617515703791538
0 0.7437849007429999 0.12804458733312699 0.723144650077882 0.1270272210862983 0.6911988118348822 0.7751420087531714 0.7118390625 0.7761593750000001
0 0.7681595541827033 0.13592378961455903 0.7486609375000001 0.1349468750000001 0.7164610043385908 0.7776377965668415 0.735959621021294 0.7786147111814004
0 0.9524359375000001 0.2032796875000001 0.9265383936603954 0.20326128175453267 0.9261437500000002 0.7585390625 0.9520412938396049 0.7585574682454674
0 0.7907452511715121 0.23637946170172658 0.77425 0.2355125000000001 0.7475516238284882 0.7434892882982737 0.7640468750000002 0.74435625
0 0.8631632863014873 0.2096481362606278 0.8263906249999999 0.20843750000000014 0.8077398386985131 0.7749487387393724 0.8445125000000004 0.7761593750000001
0 0.6163609017085381 0.4760375642019502 0.3445773759425115 0.44991155977566494 0.33526122488068394 0.5468255899824804 0.6070447506467106 0.5729515944087658
0 0.9746485032127188 0.8427237781126662 0.9701740796660381 0.16835867703644994 0.9483026882981005 0.16850379407821142 0.9527771118447811 0.8428688951544278
0 0.8251200174527108 0.26425491211596547 0.813358912298334 0.26387406829801 0.797215625 0.7624062500000001 0.808976730154377 0.7627870938179555
0 0.9175109375000001 0.23680156250000012 0.8965285953706967 0.2363635036982749 0.8846581282541239 0.8049406017811387 0.9056404703834273 0.8053786605828639
0 0.8032646771486878 0.285017607946715 0.788703125 0.2845062500000001 0.770864798384861 0.792474738453932 0.7854263505335488 0.7929860964006469
0 0.8865941470851071 0.2515256918552329 0.8575851995331517 0.2509489461406278 0.8460921875 0.8290203125 0.8751011350519555 0.829597058214605
0 0.6013368195188593 0.5917267952441703 0.3548375000000001 0.5700968750000002 0.3511573249497203 0.6120369577818016 0.5976566444685795 0.6336668780259717
0 0.5752155856437448 0.7884469847809752 0.5444518846952527 0.6929418536163674 0.194965986551508 0.8055167438353923 0.22572968750000003 0.901021875