0 0.7063126313609643 0.049885459532915725 0.6692296875 0.04729218750000008 0.6060404936390358 0.9508770404670843 0.6431234375000001 0.9534703125
0 0.5746323304757613 0.11875268692171048 0.5509504145473005 0.1173264357614775 0.5029396164174569 0.9145125953040468 0.5266215323459177 0.9159388464642799
0 0.6603599979585049 0.1152754760274796 0.5813531249999999 0.10983906250000008 0.5245279997219515 0.9356731222160942 0.6035348726804564 0.9411095357435737
0 0.7443664584474174 0.13203401039625884 0.69648620480459 0.12920999789275872 0.6493393484305406 0.928570283604525 0.6972196020733681 0.9313942961080249
0 0.7699271781259847 0.16652293413021055 0.7402019458485574 0.16624319541287905 0.7331263302225727 0.9181030737826686 0.7628515625000001 0.9183828125000002
0 0.42450320744433717 0.14624240234809807 0.39234062500000005 0.14340156250000008 0.3211749175556631 0.949104472651902 0.35333750000000014 0.9519453125
0 0.9131856469164299 0.9696349828639207 0.8915771506082976 0.13752761972648622 0.8416171875 0.138825 0.8632256838081324 0.9709323631374345
0 0.4623300283098139 0.16796857842368626 0.4274296875 0.16475937500000004 0.3526053690874488 0.9784797500270586 0.38750570989726263 0.9816889534507448
0 0.5460401978910909 0.22380102697817614 0.47167031250000013 0.21967968750000005 0.4322488646089093 0.931042723021824 0.5066187500000001 0.9351640625
0 0.3643625624911745 0.24563247931821142 0.33691060809898116 0.24405977230709444 0.2974333000192059 0.9331450585504977 0.32488525441139926 0.9347177655616147
0 0.9875449336930687 0.994677229900239 0.9678738982242459 0.1982356623014923 0.9007316745730531 0.1998939849162703 0.9204027100418759 0.996335552515017
0 0.4679422265635488 0.28987794688901497 0.4506114925148815 0.2882871416900526 0.3932005159513329 0.9137404448010378 0.4105312500000002 0.91533125
0 0.8452259892149702 0.9793770264551236 0.8444383140092263 0.2623327209736967 0.7874593749999999 0.2623953125 0.7882470502057439 0.9794396179814269