0 0.7108505732737985 0.06779284891401764 0.675306025 0.057792528301886914 0.6134434048512016 0.9484138617778067 0.6489879531250001 0.9584141823899375
0 0.5828018709683472 0.13718982053347947 0.557460240625 0.13026960377358507 0.5051008961097418 0.9069006767305245 0.5304425264530891 0.913820893490419
0 0.6646940853097898 0.1364188290472608 0.5859759031249999 0.11408168553459132 0.5292855781657825 0.923293242193654 0.6080037603505724 0.9456303857063235
0 0.7523917639509601 0.1388359150104098 0.7027671710600378 0.1257271947402948 0.65086237408464 0.9216113624968653 0.7004869669755622 0.9347200827669803
0 0.35325942919853437 0.14118341160646508 0.31675550270857755 0.13092635226367055 0.26065440509461646 0.9396381510121902 0.2971583315845733 0.9498952103549847
0 0.42801799016922387 0.16168623352393227 0.3995039772973318 0.15202565952034097 0.33290767462810794 0.9482056083863459 0.36142168750000003 0.9578661823899371
0 0.7745827349285849 0.18121387425304852 0.745983695358322 0.1801940345715172 0.7393648166797372 0.9320067578027454 0.7679638562500001 0.9330265974842769
0 0.9135206623134998 0.9724252233869788 0.8974624152855227 0.1387022649989616 0.8498987937500001 0.14241297484276727 0.8659570407779771 0.9761359332307843
0 0.4642486273795665 0.17965597579594786 0.4331211460548336 0.16943033088173964 0.36745133752564396 0.9791314350317332 0.3985788188503768 0.9893570799459414
0 0.5490406242783299 0.2478811870138311 0.47551325312500003 0.22991406918239007 0.43341720697167013 0.9276926557534647 0.5069445781249999 0.9456597735849057
0 0.3780963843750001 0.25195059748427684 0.3497897640956056 0.2439598637766572 0.3019010193375764 0.9310924150893557 0.3302076396169709 0.9390831487969753
0 0.9915633865228972 0.9992431720117302 0.9731129049507221 0.19782123546347852 0.90843614375 0.2038523899371069 0.9268866253221753 1.0052743264853585
0 0.4706846218611145 0.30648542030424947 0.45714939687499995 0.30178979874213846 0.4039732093888856 0.9226521079976374 0.41750843437500007 0.9273477295597485
0 0.8498987937500001 0.9867406226415095 0.8482442140794502 0.26771944548196297 0.792877109375 0.2682355094339623 0.7945316890455498 0.9872566865935087
0 0.29829199163796993 0.33886785678824227 0.2538224672366724 0.3274494700926746 0.2144413193487026 0.9486786070151242 0.2589108437500001 0.9600969937106918