0 0.38548285445399955 0.7812827481513707 0.3383910955311899 0.13874070066363978 0.302716346875 0.15147480000000002 0.3498081057978097 0.7940168474877309
0 0.22590650096219975 0.7925186549241066 0.20786778750000004 0.15274270344827587 0.1845966039231153 0.15593835981572512 0.20263531738531504 0.7957143112915558
0 0.19753365312499999 0.7966578275862067 0.17914888802717896 0.1561171661355047 0.15797596249999998 0.159076924137931 0.176360727597821 0.799617585588633
0 0.17271617864989616 0.8221183917770043 0.1521119942503085 0.17094147709916424 0.12812898747541235 0.1746374094600911 0.14873317187500001 0.8258143241379311
0 0.42890625 0.8232785172413791 0.38814182812500003 0.20090715862068964 0.3694198039669539 0.20687955251292128 0.41018422584195396 0.8292509111336108
0 0.40249519375 0.8042652551724137 0.368622596875 0.21992042758620686 0.34008884233233383 0.22797610677578534 0.3739614392073339 0.812320934361992
0 0.262983171875 0.775108751724138 0.2526490375 0.28076392413793105 0.2190590959751535 0.28418385487060255 0.2293932303501535 0.7785286824568094
0 0.2990283953597045 0.7602251818976954 0.28250480625 0.30484880689655175 0.26804617327779817 0.3074040079444147 0.28456976238750264 0.7627803829455584
0 0.2845668900954794 0.7671186524462248 0.26656555965776557 0.3011429648983296 0.253608171875 0.3035809034482758 0.27160950231271386 0.769556590996171
0 0.32958173125000007 0.7877878 0.311209134375 0.289633951724138 0.29704314105557705 0.29217854304298624 0.31541573793057714 0.7903323913188484
0 0.14815865312499998 0.8042652551724137 0.134954328125 0.28710344827586204 0.11912430471365769 0.28907194760133037 0.1323286297136577 0.806233754497882
0 0.31695192187500004 0.7928541103448277 0.29618471126785295 0.297416758868705 0.2793178559197815 0.30086015902201274 0.3000850665269286 0.7962975104981355
0 0.9561784904206332 0.27442242732666294 0.92388701875 0.27315649655172436 0.9192549453767158 0.8486193075422446 0.9515464170473491 0.8498852383171831
0 0.9768365375 0.2731564965517244 0.953298078125 0.2731564965517244 0.953298078125 0.8575013241379312 0.9768365375 0.8575013241379312
0 0.9182764437500002 0.2769602137931037 0.877577833436912 0.2755635091103366 0.8734951937500002 0.8549655172413795 0.9141938040630884 0.8563622219241467
0 0.116657080764298 0.8295769188813498 0.10910111065201519 0.3251238465494865 0.09123008613771719 0.3264275621508953 0.09878605625 0.8308806344827585