0 0.5304734453542034 0.7857384396639946 0.4748140625 0.07134531250000001 0.45051755734239096 0.07323828771373837 0.5061769401965943 0.787631414877733
0 0.38583188357499976 0.7752967676588908 0.3346984375 0.136684375 0.29880158405065776 0.13955862210389944 0.3499350301256576 0.7781710147627903
0 0.47844516992676117 0.7789410759505785 0.4186140625000001 0.140978125 0.38253725423911 0.14436157444241002 0.4423683616658711 0.7823245253929885
0 0.5108705972366574 0.7818036659429511 0.4487375 0.14188125000000001 0.42052023876883843 0.1446209974946154 0.48265333600549576 0.7845434134375665
0 0.22536632731220935 0.7874860633783548 0.2050328125 0.14640000000000003 0.18400382907694018 0.14706698243862176 0.2043373438891495 0.7881530458169765
0 0.19982178922625776 0.7940085264288841 0.1791125000000001 0.15156875 0.15548860304259363 0.15233027525527257 0.17619789226885127 0.7947700516841566
0 0.17055074285584088 0.8123369402096727 0.1516890625 0.1651875 0.12816971660373783 0.165872989868198 0.14703139695957868 0.8130224300778707
0 0.3946819956710241 0.7932621882059989 0.35657500000000003 0.23682656249999998 0.3384300535434637 0.238069202913602 0.3765370492144878 0.7945048286196009
0 0.4253751443227854 0.8153757710661882 0.37745 0.21768125 0.3578561056772146 0.21925235393381187 0.40578125 0.816946875
0 0.30001689766529555 0.7514614968596679 0.279559375 0.2934703125 0.26907586195787725 0.2939385894297645 0.2895333846231728 0.7519297737894324
0 0.2873546875 0.7554937500000001 0.2633063445859791 0.29051063261313564 0.24972548356015353 0.29121301769079644 0.27377382647417436 0.7561961350776609
0 0.26407463163139266 0.7732323243370708 0.24849218750000004 0.2819546875000001 0.21700596077796686 0.2829533740511796 0.23258840490935948 0.7742310108882503
0 0.33150625 0.7857718749999999 0.30821718750000004 0.290878125 0.2934334746733388 0.2915738274856389 0.31672253717333876 0.7864675774856388
0 0.14534375000000002 0.7945906249999999 0.13278749999999997 0.282928125 0.11910297964652065 0.2832639445269115 0.13165922964652071 0.7949264445269113
0 0.3173364759173344 0.7788142462014289 0.292615625 0.298221875 0.28037758658266565 0.298851378798571 0.3050984375 0.77944375
0 0.9314556155415221 0.24523334420788528 0.8838484375 0.24490312500000008 0.879351496563156 0.8932199482205346 0.9269586746046782 0.8935501674284199
0 0.8026791708060242 0.23601242049275828 0.760025 0.23586562500000013 0.7577183938231677 0.9060931095109593 0.8003725646291919 0.9062399050037175
0 0.11242343750000001 0.8264703125 0.10608593749999998 0.32617656249999993 0.09219421088644114 0.32635253674995496 0.09853171088644118 0.826646286749955
0 0.9737218750000002 0.2946062500000001 0.9336928227650583 0.29454932945162166 0.9328678227650583 0.8747258919516216 0.9728968750000002 0.8747828125000001
0 0.8776320776742427 0.3109588216360468 0.8206057052411418 0.31087204092763976 0.8197251900668994 0.8894866567915931 0.8767515625000002 0.8895734375000002