0 0.801905350086817 0.16213005243458983 0.7645484375 0.1575375000000001 0.6847770411944898 0.8064169893812663 0.7221339537813066 0.8110095418158559
0 0.8140479763144066 0.2137273415390925 0.795021104924879 0.211570052360041 0.7268668786104724 0.8126770858209487 0.7458937500000001 0.814834375
0 0.41303792925769917 0.8618732778867019 0.3963093750000001 0.164053125 0.3495767232392723 0.16517342755553888 0.3663052774969714 0.8629935804422407
0 0.8443244376952924 0.19072853055076305 0.821603125 0.1879578125000001 0.7423177498047079 0.8381386569492373 0.7650390625000003 0.8409093750000002
0 0.3704137475007245 0.8552159096754904 0.34133125 0.1738296875 0.31635466646386845 0.1748957223046766 0.3454371639645929 0.856281944480167
0 0.8684683626461984 0.1883348253414874 0.8468637852014668 0.18576336340377905 0.7684728835961401 0.8443779358613215 0.7900774610408716 0.8469493977990297
0 0.3049153751522797 0.1977731136982343 0.2594390247860432 0.1968310625795261 0.2462149703977547 0.8352059009307673 0.2916913207639912 0.8361479520494756
0 0.9306293955884204 0.2526301609894315 0.8928374571202333 0.2501819496167565 0.8528596240318131 0.867301788627325 0.8906515625000002 0.8697500000000001
0 0.8924812916490883 0.30648106021076665 0.8774222044286573 0.3049838569816413 0.8265565377795692 0.8165981092708747 0.841615625 0.8180953125000002
0 0.2505218750000001 0.31724531250000004 0.21957671496609388 0.3169042722432398 0.2140783088028499 0.8158162196753878 0.24502346883675613 0.816157259932148
0 0.9615136670149989 0.27358580877126276 0.9328830183467242 0.27215570437484604 0.9030116445199268 0.8701797447292521 0.9316422931882015 0.8716098491256687
0 0.9835271806889698 0.2801489183647504 0.9597495585022544 0.2794938002961556 0.9436121002167864 0.8652056048702255 0.9673897224035019 0.8658607229388202
0 0.8731274653523629 0.318130726025711 0.8564640625 0.3161546875000001 0.7955006596476368 0.8302427114742892 0.8121640624999997 0.8322187500000002
0 0.1882458167649242 0.32841460642171194 0.174478125 0.32810625 0.16309238493434572 0.8364639448688227 0.1768600766992699 0.8367723012905344
0 0.3266062500000001 0.33136718749999994 0.2932341973560525 0.3312053842325978 0.29077343750000006 0.8387390625 0.3241454901439477 0.8389008657674021
0 0.19996093750000013 0.34331875 0.18678274643529302 0.3430339675812436 0.1758861048552514 0.8472716425488805 0.18906429591995852 0.8475564249676371
0 0.10522187500000021 0.31180781250000006 0.07391056823351781 0.3111279389476848 0.06103918804523954 0.9039142478293382 0.09235049481172196 0.9045941213816535