0 0.5994531602109678 0.20202751956704498 0.5769699353227039 0.1784343318844025 0.45225286890037253 0.7572787118755343 0.47473609378863646 0.7808718995581767
0 0.832747783071387 0.17668309464974868 0.811548078125 0.1714058344827588 0.7777075434018443 0.8335041458825947 0.7989072483482313 0.8387814060495845
0 0.8075144218750001 0.20479575862068994 0.7815994249262224 0.19860394490769895 0.7487232995867181 0.868762953641809 0.7746382965354959 0.8749547673548
0 0.8523894218750001 0.20145357931034508 0.8315788022539067 0.19645432083246742 0.798049664982337 0.8762302003910576 0.8188602846034303 0.8812294588689352
0 0.6906195654634036 0.2672478865244743 0.6586634625000001 0.2347374000000002 0.530687483968053 0.8474019530658174 0.5626435869314566 0.8799124395902915
0 0.9567663695963995 0.2674103235796493 0.9255497928643752 0.266606664413295 0.9224738073561601 0.8485244224319698 0.9536903840881845 0.8493280815983241
0 0.8838054263137956 0.3073164908948651 0.8697822374304138 0.3059444302127671 0.8593963539601838 0.8229329057097757 0.8734195428435655 0.8243049663918737
0 0.9229874017728983 0.27656059003120476 0.8822229239067273 0.27429003410886066 0.8755841343749999 0.8547904482758623 0.916348612241171 0.8570610041982064
0 0.9795023829901638 0.857469779407664 0.975956889829914 0.2782084880053096 0.9537213349647502 0.27887133618385246 0.957266828125 0.8581326275862068
0 0.5988474292058268 0.3001205253474526 0.5817286171914454 0.2826428085846318 0.46210576875 0.8532891241379312 0.47922458076438135 0.8707668409007521
0 0.701954328125 0.3649602137931037 0.6826610052596559 0.3494063703839539 0.6049278843750001 0.8190185655172417 0.6242212072403442 0.8345724089263916
0 0.6252916433028319 0.3422320122288902 0.5970251915467475 0.3157673459925366 0.49237740312500006 0.860143234482759 0.5206438548810844 0.8866079007191126
0 0.7353903523595102 0.4034022179121858 0.6995675152228188 0.37388372965936056 0.6203931620148629 0.8418497753745487 0.6562159991515545 0.871368263627374
0 0.8638156801937023 0.3531354811232941 0.8443496109007305 0.3489209560179172 0.820317583832028 0.8895308335153129 0.8397836531249998 0.8937453586206898
0 0.6802211531250001 0.39923077241379334 0.666081116246994 0.38493634548535316 0.5674953128931344 0.8599019112522425 0.5816353497711405 0.8741963381806825
0 0.7722211531250001 0.382875331034483 0.7392382251915655 0.37548536490520107 0.7152427875 0.8970875310344828 0.7482257154334346 0.9044774971637649