0 0.19772565114014423 0.15345945436792113 0.16332549344718303 0.15056290166403813 0.15216480492156695 0.8051161142476234 0.18656496261452812 0.8080126669515065
0 0.8092839309184054 0.21532357563540408 0.7877271065617555 0.20445560713156896 0.7263076937499999 0.8060683750000002 0.7478645181066498 0.8169363435038354
0 0.864785749040446 0.20181975196935598 0.8434497624474664 0.18987862057794316 0.769730269296607 0.840344568160105 0.7910662558895866 0.8522856995515178
0 0.36626365353200796 0.8530552826288221 0.341040865625 0.17935363194444445 0.31745327901706755 0.18371461055736488 0.3426760669240755 0.8574162612417425
0 0.8396894575954297 0.2015362111279663 0.8177673759887913 0.1889737004243391 0.7428014746433615 0.8349909059630396 0.76472355625 0.8475534166666667
0 0.30490187084817466 0.2022616406204543 0.25995431500448407 0.19710071783180577 0.2450355454220269 0.838733726125608 0.2899831012657175 0.8438946489142566
0 0.9285998105280294 0.26463150457441365 0.8900932093040501 0.25311715676503926 0.8535895519010209 0.8559642841350703 0.8920961531250002 0.8674786319444446
0 0.8925325717007372 0.3175502706369859 0.8764146190426985 0.3096089989650845 0.8265382973419613 0.8095159922169877 0.8426562499999999 0.8174572638888891
0 0.9604287202632484 0.27688954835975127 0.9335649031250002 0.2704540625000003 0.9044849173125918 0.8699076241755223 0.9313487344508401 0.8763431100352732
0 0.2568365375000001 0.3200694444444446 0.23182475805824043 0.3176937514801334 0.22209825293904134 0.8233857372674519 0.247110032380801 0.8257614302317631
0 0.9785930607588466 0.27926918951070845 0.9593328764011784 0.2772505209058295 0.9468258173307686 0.8665357897080118 0.966086001688437 0.8685544583128908
0 0.2309712289682687 0.3273193109625395 0.21718015930054313 0.3262998933314807 0.20975219908227447 0.8225382768133858 0.22354326875000002 0.8235576944444445
0 0.8712426797644236 0.32663081387911597 0.8535926431225681 0.3165765830366113 0.7950038102331446 0.8244863663797176 0.8126538468750001 0.8345405972222223
0 0.19171153750000006 0.3265758541666667 0.17492266658924036 0.32430104531296194 0.16091008141045576 0.8350057021606581 0.17769895232121544 0.8372805110143628
0 0.32457692187500004 0.33308226388888895 0.2906799391956715 0.33236190751349876 0.28848522982067143 0.8423565672357209 0.32238221250000004 0.8430769236111112
0 0.19939423125000014 0.3436591875 0.18479598813426118 0.34229503009307444 0.17522994463138372 0.8478209528376208 0.18982818774712268 0.8491851102445466
0 0.10463124344781312 0.3122540640235692 0.07038957318960985 0.3093122664148431 0.05998557812500005 0.9073344027777777 0.09422724838320332 0.9102762003865037