0 0.7053352749201508 0.0549574675068637 0.6706916399668555 0.05267393898565857 0.6109891775467049 0.958425846478795 0.6456328125000002 0.9607093750000002
0 0.5868487583635245 0.12744412904273977 0.5546715873027187 0.12516533142198444 0.4992436230795036 0.9078215313926661 0.5314207941403092 0.9101003290134214
0 0.7501531219378343 0.12983312707620348 0.7008396380918461 0.12698221076097582 0.6546447936012842 0.9260336264007802 0.7039582774472725 0.9288845427160078
0 0.6685435720499812 0.131599849716717 0.5872063046142897 0.1252830271751714 0.5240211462739087 0.9388737348603972 0.6053584137096003 0.9451905574019428
0 0.3500965170776629 0.133878018375221 0.3141593750000001 0.13143125000000005 0.2584362373477359 0.9498701080066325 0.29437337942539876 0.9523168763818536
0 0.43082651375847086 0.15080085313008634 0.39548246724861597 0.1477496374162745 0.3268700159901453 0.9425284717861884 0.3622140625000002 0.9455796875000002
0 0.9166703124999998 0.9565828124999998 0.8994048018459253 0.14471793771280858 0.8435927322109231 0.1459048641495037 0.8608582428649976 0.9577697389366948
0 0.7715218750000001 0.18363125000000008 0.7407813360817039 0.18354675597286538 0.7387172735817039 0.9344920684728653 0.7694578125 0.9345765624999999
0 0.4633192007546157 0.16939742091618112 0.42460474299151085 0.16642359557076944 0.36217832526866056 0.9791158795887682 0.40089278303176534 0.9820897049341799
0 0.5541408280499789 0.23417463966401802 0.47311562500000004 0.22845625000000008 0.4235872969500214 0.9302347353359821 0.5046125000000001 0.9359531249999999
0 0.37571832368242153 0.24690406107293844 0.33827905773492895 0.2445395050346435 0.2951951090525075 0.926710443961705 0.33263437500000015 0.9290749999999999
0 0.991777920750949 0.9949400859868536 0.9772062500000003 0.20976406249999996 0.9000088712597737 0.21119672823633176 0.9145805420107225 0.9963727517231854
0 0.46881690697128653 0.3020561330086636 0.4502671875 0.3005375 0.3993846555287136 0.9220548044913365 0.4179343750000001 0.9235734375000002
0 0.8492546875000002 0.2702796875000001 0.7889728241044011 0.2699892561197245 0.7855337616044008 0.9838001936197243 0.8458156250000002 0.984090625