0 0.20614531250000018 0.14390937500000003 0.17152305765799386 0.14288645168979125 0.1523390625000001 0.7921953125 0.18696131734200638 0.7932182358102088
0 0.7948583194470951 0.1509536778953592 0.7597064008873994 0.14722208089566252 0.6902300710559899 0.8016942246611288 0.7253819896156857 0.8054258216608255
0 0.8155587896485885 0.20545979366036765 0.7952828125000002 0.20315156250000013 0.7270255853514118 0.8027370813396326 0.7473015625000002 0.8050453125000002
0 0.843276623981915 0.1845953316091867 0.8201453125 0.18176718750000012 0.7405093135180852 0.8331077933908135 0.7636406250000002 0.8359359375000002
0 0.8649392756989635 0.19662342912229228 0.8439957124938994 0.1941818541059502 0.7691651723509482 0.8360700355720969 0.7901087355560122 0.8385116105884389
0 0.889405275481247 0.3071232895211631 0.875797762986396 0.3057557733257619 0.8254924875051491 0.8063199838045989 0.8391000000000002 0.8076875000000001
0 0.9289236106233248 0.25887163661797696 0.8903706278763469 0.25635724929133286 0.8511501422530223 0.8577231126733562 0.8897031250000003 0.8602375000000002
0 0.9602738005132053 0.27057780877848403 0.9299454390877531 0.2690041015251904 0.8991620994939163 0.8622581817426733 0.9294904609193686 0.8638318889959669
0 0.8732276251558012 0.3150279740655617 0.8541966250742167 0.31276359683004784 0.7935471249184155 0.8224934352644862 0.8125781249999999 0.8247578125
0 0.9843072627818138 0.28109935641256845 0.9624634488314454 0.28038317686106234 0.9434203125 0.8612078125 0.9652641264503684 0.8619239920515062
0 0.10669218750000017 0.31007343750000005 0.07282146592824126 0.30931573553765496 0.0597578125000001 0.8932859375 0.093628534071759 0.894043639462345
0 0.4971837130278326 0.7075588304023853 0.4884015625000001 0.6039312500000001 0.18535735541558176 0.6296134075189628 0.19413950594341434 0.733240987921348
0 0.3859002582477399 0.8203298870375368 0.3837181837106127 0.7845276190652617 0.15555542546287288 0.7984336695277248 0.1577375 0.8342359374999999