0 0.5840991296828393 0.06152464309064256 0.5475656250000001 0.055006250000000055 0.43349906182017206 0.6943127879975222 0.47003256650301123 0.7008311810881647
0 0.40914393922905223 0.06699964576667311 0.3642502601208487 0.059802474332773324 0.2629391731347964 0.6917489926319309 0.30783285224299994 0.6989461640658308
0 0.5425265245472038 0.09026399011929077 0.49306415128206005 0.08208397524159418 0.39039068446964087 0.7029231076677542 0.43985305773478467 0.7111031225454508
0 0.7070716392672909 0.05969646043297018 0.6807375 0.055492187500000054 0.566164590940111 0.7731380186687865 0.592498730207402 0.7773422916017566
0 0.3531289342711167 0.12942507185038954 0.3180933992646073 0.12347436873273657 0.2198254024934907 0.7020399218823471 0.25486093750000005 0.7079906250000001
0 0.7723025529384846 0.0921138000184409 0.7095277449592892 0.08078971061118512 0.5852206362666931 0.7698830759131935 0.6479954442458886 0.7812071653204493
0 0.8360821857953212 0.14480858248927073 0.8144385429405862 0.1412409515374733 0.7115659886214134 0.7653348825862389 0.7332096314761485 0.7689025135380364
0 0.8047923146674728 0.16655528967701855 0.7425018639096856 0.15690336912633612 0.652243924242213 0.7393996419493176 0.7145343750000002 0.7490515625
0 0.3954967855290578 0.22703033789786126 0.38133125 0.22465312500000004 0.30372821447094217 0.6870805996021387 0.31789375 0.6894578124999999
0 0.5948611337359437 0.1857689766799674 0.5589669839925113 0.17971242804571944 0.4660027252565677 0.7306653263657521 0.5018968750000001 0.7367218750000001
0 0.4269975647668788 0.22903484509279073 0.40950625 0.22619531250000008 0.33291071370585906 0.6980182591568668 0.3504020284727378 0.7008577917496575
0 0.6717514154793076 0.1438572728758128 0.630684375 0.13674531250000008 0.5168613248541358 0.7940009158517428 0.5579283653334435 0.8011128762275556
0 0.46139702512170383 0.24412338749148677 0.4220114748865906 0.2377004330208797 0.34550934906450526 0.7068113902053416 0.3848948992996185 0.7132343446759485
0 0.620548496299602 0.17742843174060438 0.5919141006973508 0.1727099050991972 0.49297810439774886 0.7731033483585927 0.5216125 0.777821875
0 0.4038316950890148 0.23914812145942138 0.3896106835164229 0.23698730830555542 0.3172852384274082 0.7129844993461341 0.3315062500000001 0.7151453125
0 0.9338582856519512 0.15162629774965014 0.9052524871766696 0.14730645900184328 0.8057456221482868 0.8062369177728114 0.8343514206235684 0.8105567565206183
0 0.9889765719757759 0.17025471667318415 0.961267803647653 0.16597443345017027 0.8597084191718769 0.8234275292769861 0.8874171875 0.8277078125000001
0 0.8551097007877445 0.22937894555936583 0.8238650373604177 0.2243411366146541 0.7360068990726731 0.7692403160552884 0.7672515625 0.7742781250000002
0 1.0121630141313793 0.17916611452355838 0.9871046874999999 0.17530156250000006 0.8865433816248327 0.8273559361341736 0.911601708256212 0.8312204881577319
0 0.8854900828187633 0.27264784455059177 0.8531142487114044 0.26734934729372595 0.7707394672306703 0.7706906024759089 0.8031153013380292 0.7759890997327747
0 1.0067116174183428 0.2898228809009542 0.9916160528381974 0.28939470938537487 0.9774669354198547 0.7882343284844208 0.9925625 0.7886625000000002
0 0.9436840401919813 0.28350603922861256 0.9193560524296401 0.2798355926913105 0.8346587114982131 0.8412157552251991 0.8589866992605544 0.8448862017625011