0 0.896670671875 0.044707886075949624 0.8710637647465426 0.037789218776248995 0.8239937556869469 0.7523920688160562 0.8496006628154044 0.7593107361157568
0 0.8698725968750001 0.04790165822784833 0.8429111115917914 0.0404128687919789 0.7940409178417914 0.7621217295514725 0.8210024031250001 0.7696105189873419
0 0.7721346156250001 0.048963000000000194 0.7482067115882912 0.042799151150331116 0.7028254320854204 0.7654278361985052 0.7267533361221292 0.7715916850481742
0 0.6605192312500001 0.05138753797468372 0.6140664946208771 0.04383661756706829 0.5845235594237419 0.7893420910207289 0.6309762960528649 0.7968930114283443
0 0.8322391746299305 0.12990900528073096 0.7686034448295473 0.11363539222450493 0.729518117074617 0.7405618299817488 0.7931538468750001 0.7568354430379748
0 0.7372799097937917 0.06999422799672253 0.671298078125 0.05544790506329131 0.629742311537869 0.8286414570838744 0.6957241432066607 0.8431877800173058
0 0.581843056579052 0.05422337349098337 0.5523073465200384 0.0526994255005147 0.5408777524409865 0.9613436279588985 0.5704134625000001 0.9628675759493672
0 0.48965144374999997 0.8911976645569621 0.4876369823778625 0.16333657790952577 0.45962159618140763 0.1636546260340752 0.4616360575535451 0.8915157126815115
0 0.953947115625 0.21927945569620277 0.926868269634371 0.21625756166549995 0.9083977258032675 0.8951740978708657 0.9354765717938965 0.8981959919015684
0 0.9193832006333359 0.25476108146809706 0.8951863151419929 0.24826255006054626 0.8551348457586567 0.8599766394785253 0.8793317312499997 0.8664751708860761
0 0.5483914683274299 0.22005692042052638 0.5002678811784522 0.21772328982961744 0.49225381597602247 0.8956215782698509 0.5403774031250002 0.8979552088607599