0 0.2853030136262668 0.8193519632950965 0.21289531250000007 0.046403124999999996 0.191347357304086 0.048421677616172325 0.2637550584303528 0.8213705159112689
0 0.2612912693798949 0.8046313298280564 0.19578125000000005 0.10267812500000002 0.15570468128608742 0.10641828427994975 0.22121470066598228 0.8083714891080062
0 0.21448296980769738 0.7809227652301376 0.16149687500000004 0.157903125 0.14341078019230266 0.15944129726986242 0.196396875 0.7824609375
0 0.11072763383233042 0.8310338253511397 0.09825625000000003 0.12019218750000002 0.06000425736788032 0.12086330080719003 0.0724756412002107 0.8317049386583296
0 0.6036147333002071 0.81469426521346 0.4983468750000001 0.13891874999999998 0.4743553936394799 0.14265598492996562 0.5796232519396869 0.8184315001434257
0 0.1818617412947527 0.7772767443237156 0.14690312500000005 0.17765468749999996 0.10234777626604497 0.18025231265828723 0.13730639256079763 0.779874369482003
0 0.3435637043419789 0.8625525660883551 0.27188125 0.112090625 0.21392928284014587 0.11762606792191496 0.2856117371821248 0.8680880090102701
0 0.543028481241365 0.8344306508278756 0.4513190278496813 0.14269886095959988 0.4155534266518046 0.14744064640899615 0.5072628800434884 0.8391724362772719
0 0.6335380448659903 0.8309769076306452 0.52099375 0.14941718750000002 0.49482289263400964 0.153738717369355 0.6073671874999998 0.8352984375
0 0.6536504282763618 0.7565578367982864 0.567803125 0.22629843749999995 0.5479215825297092 0.2295171957309857 0.633768885806071 0.7597765950292722
0 0.6738631261505666 0.7900031008408612 0.5847908180785248 0.24958262468325584 0.5705235406394269 0.2519341627678972 0.6595958487114688 0.7923546389255026
0 0.9177421875000003 0.8284515625 0.9093156250000002 0.21839062499999998 0.8760279369635693 0.21885041641832775 0.8844544994635694 0.8289113539183276
0 0.6936685171187635 0.8143411380707611 0.603615625 0.25779218749999994 0.5862397429498121 0.26060370736744237 0.6762926350685754 0.8171526579382036
0 0.43240385698333716 0.9120740920574514 0.34508749999999994 0.19257656250000005 0.32322196705128203 0.19523010695588647 0.41053832403461926 0.9147276365133379
0 0.987780214327756 0.9262215957337325 0.9714609375000001 0.19972812499999998 0.9265345568480322 0.20073730962761696 0.9428538336757881 0.9272307803613495
0 0.391434375 0.890121875 0.32928750000000007 0.2369015625 0.2758285308774496 0.2419876074500918 0.3379754058774495 0.8952079199500919
0 0.5734648046120828 0.8763827406180662 0.48623437499999983 0.2578984375 0.46299706295862125 0.26117580557899644 0.5502274925707042 0.8796601086970626
0 0.5030875 0.855128125 0.43936093749999994 0.298725 0.4038183710305409 0.30279579953680413 0.46754493353054094 0.8591989245368042
0 0.4645814769473999 0.9053001508759019 0.389328125 0.26956250000000004 0.3558497602605027 0.27352539123492015 0.4311031122079025 0.909263042110822