0 0.7345836718009944 0.08492354471511383 0.7055210733472195 0.06947812321417533 0.597165865625 0.89530720754717 0.6262284640787749 0.9107526290481086
0 0.9710164933147467 0.8665048554606932 0.9698335644218222 0.16212610469833563 0.9173461827770399 0.16248314152174165 0.9185291116699645 0.8668618922840993
0 0.8538221892646861 0.16079405806521893 0.8040985562500002 0.14172713836478013 0.734560288618168 0.8762611162421124 0.7842839216328541 0.8953280359425513
0 0.7951663239320561 0.16794361812275957 0.733204065446698 0.13529259209806196 0.6347710395065717 0.8919110817903602 0.6967332979919296 0.9245621078150577
0 0.6532658027029016 0.1673049796517598 0.6066675477375141 0.14104658312836205 0.502950244700045 0.8865649963284415 0.5495484996654325 0.9128233928518391
0 0.691334134375 0.16296081132075493 0.6554868404486603 0.14341589155757958 0.5536267763611986 0.9001305346343491 0.5894740702875383 0.9196754543975246
0 0.5254591343750001 0.18172713836478008 0.48444073582127867 0.15722757006026508 0.37416603664400794 0.9050558050898485 0.4151844351977294 0.9295553733943636
0 0.5976134638898695 0.2187858984182673 0.5714417475892617 0.20371010793818103 0.47400000000000003 0.8888872767295599 0.5001717163006079 0.9039630672096463
0 0.913614518438694 0.23967331362381492 0.8464473234292637 0.23799425314454187 0.8424759625000002 0.8814755660377365 0.9096431575094306 0.8831546265170093
0 0.557372596875 0.27555394339622663 0.5168677914865776 0.25232772015770993 0.42679647726686454 0.888566536475224 0.467301282655287 0.9117927597137406
0 0.36107618553842824 0.3464672490510445 0.3204759625 0.32394774842767304 0.24152131618334374 0.900519106087553 0.282121539221772 0.9230386067109244
0 0.3867217148987937 0.3567841731584222 0.3669440906631602 0.3449035295810647 0.287217133799161 0.8824859393928352 0.3069947580347945 0.8943665829701927
0 0.4069567312500001 0.3639477484276731 0.3843450970349313 0.3509507147871779 0.307377403125 0.8933284968553459 0.3299890373400688 0.906325530495841
0 0.45210096250000004 0.35506047169811333 0.4299835510732971 0.342227120127448 0.3469310110494471 0.9219932390580787 0.36904842247615005 0.9348265906287441
0 0.4271989415899663 0.3651094356519662 0.40954326874999997 0.3550604716981132 0.3304744825878063 0.9177563889419292 0.3481301554277726 0.9278053528957821