0 0.8402294653567776 0.1869706914546499 0.8199913124344855 0.1845928757663859 0.744283722077708 0.8289581218117361 0.764521875 0.8313359374999999
0 0.8687394291700745 0.19218737143297263 0.8460687500000003 0.18944218750000014 0.7683590796242317 0.8311955448401196 0.7910297587943059 0.8339407287730921
0 0.3637446471859396 0.8463283811154838 0.33989062499999995 0.17840625 0.3178700546886967 0.1791926877421895 0.34172407687463635 0.8471148188576734
0 0.9308948085679125 0.255373514965954 0.8947417866333474 0.25289196021921956 0.8535032280654347 0.8536840702532655 0.8896562499999998 0.856165625
0 0.8910132721400073 0.3058384803299042 0.8762203124999999 0.30439375000000013 0.8274132903599927 0.8041412071700961 0.84220625 0.8055859375000003
0 0.256379338893507 0.31590781705833987 0.22274440681356036 0.3152731215473378 0.2135506889081728 0.802483243487021 0.24718562098811944 0.8031179389980233
0 0.959893071495746 0.26883072326380575 0.9315555329440774 0.26743406445323126 0.9024718364483316 0.8575283411894254 0.9308093750000002 0.8589249999999999
0 0.8746039441190104 0.3141229641104883 0.855309375 0.3117515625000001 0.7930976183809898 0.8179285983895118 0.8123921875000002 0.8203000000000001
0 0.9761097076355589 0.2797101074105853 0.9526445395204328 0.27933249388203957 0.9434062500000001 0.8534062500000001 0.9668714181151262 0.8537838635285457
0 0.18872656250000017 0.32076562500000005 0.17662632446637627 0.32049590992032784 0.1654536125277705 0.8217377170249749 0.1775538505613944 0.8220074321046471
0 0.32351406250000014 0.32922343750000005 0.2912329013720123 0.32906120847262066 0.2887087919295513 0.8313214077291728 0.32098995305753913 0.8314836367565522
0 0.2004687500000001 0.33917968750000005 0.188172510362309 0.3389429304491434 0.17863501036230897 0.8342835554491435 0.19093125000000008 0.8345203125000001
0 0.1050359375000002 0.30516249999999995 0.07297376492745072 0.3044839756953416 0.06063437500000011 0.8875546875 0.0926965475725496 0.8882332118046584