0 0.5954103795413739 0.1615389938700724 0.5730299196578547 0.15256722815060036 0.5228166557414807 0.7798125279868218 0.545197115625 0.7887842937062938
0 0.6975173895877766 0.1339089384185501 0.6696298062499999 0.12505648251748272 0.624765442128816 0.8328009898376387 0.6526530254665927 0.8416534457387062
0 0.5775934952037958 0.15347703481486807 0.5419783656249999 0.13445400699300705 0.46799410038197997 0.8280748459400556 0.5036092299607758 0.8470978737619167
0 0.6712698710761961 0.08926109565343947 0.6463656006593889 0.08108984316637893 0.5935933264581927 0.8865033069534992 0.6184975968749999 0.8946745594405597
0 0.7221444614686107 0.1442097081143388 0.69650480625 0.13633136363636383 0.6531800572813895 0.8423906205569903 0.6788197125000001 0.8502689650349654
0 0.7440964295963715 0.1566939940005462 0.7194989059350643 0.15010210120856754 0.6816364432847745 0.857588330577686 0.7062339669460815 0.8641802233696647
0 0.6422084956860848 0.18031011124548202 0.6049639437499998 0.16452393706293725 0.544916460391182 0.8739523132375531 0.5821610123272669 0.8897384874200979
0 0.92468269375 0.8434373286713286 0.9208495624509696 0.2312006967428958 0.8896586531249996 0.23217858741258735 0.89349178442403 0.8444152193410202
0 0.7523995128313605 0.26694862644446987 0.7322099772978626 0.26228741002224504 0.7067335425915022 0.8148654129484048 0.7269230781250001 0.8195266293706296
0 0.8265260125889251 0.23119876486127397 0.785716346875 0.22689618181818208 0.7723946624110752 0.8596296407331322 0.8132043281250004 0.8639322237762241
0 0.7842643372908511 0.2881297611980613 0.7697531865714313 0.2866071032965126 0.7582244274055804 0.8367936427977523 0.7727355781250002 0.8383163006993011
0 0.9913087002907283 0.9365953586749843 0.9799664834717096 0.19902228211740738 0.9258978020073789 0.2031858586327155 0.9372400188263976 0.9407589351902924
0 0.88803125 0.26617536363636385 0.8674040548199565 0.26592517722416353 0.8658732566700857 0.897932731307629 0.8865004518501293 0.8981829177198293
0 0.7696802875 0.3208284055944058 0.7521868950749687 0.31841117439743855 0.7369176638249687 0.8717624331386973 0.7544110562499999 0.8741796643356646
0 0.8674600745089964 0.28700445357053317 0.8367499999999998 0.28479827972027993 0.8275423286160034 0.9266265324434534 0.8582524031250001 0.9288327062937067