0 0.6430473265417814 0.0902824950137637 0.6129653004492909 0.07743330381249362 0.52190625 0.9409288805031446 0.5519882760924906 0.9537780717044146
0 0.47839531056071394 0.14997322411745898 0.4570951102163251 0.1401274244542316 0.3710166272211315 0.894408143096976 0.39231682756552033 0.9042539427602034
0 0.8234432689448813 0.14107061268063695 0.7913197125 0.13624093081761027 0.7626673091801187 0.908160160904269 0.7947908656250001 0.9129898427672957
0 0.7315196981550183 0.15815956077091164 0.6681651566663555 0.1354422409644098 0.5994809775525349 0.9113017376420378 0.6628355190411976 0.9340190574485397
0 0.613695233500285 0.15263302741854598 0.5827766641049962 0.13854836906707713 0.4941396916790481 0.9266708130796378 0.525058261074337 0.9407554714311066
0 0.5109517241062758 0.1742511042776122 0.47848279657813597 0.15561048829230756 0.3727858787218602 0.9013303588574628 0.40525480625 0.9199709748427675
0 0.583009615625 0.1767537484276731 0.5299075610849088 0.14914035896162273 0.43016082650953474 0.9260956009023796 0.4832628810496259 0.95370899036843
0 0.9288028843750002 0.18513788050314492 0.8591537442275635 0.1783040755373102 0.8412267540680597 0.9183629438656142 0.9108758942154964 0.9251967488314489
0 0.9662980781249999 0.851519106918239 0.9641870688744631 0.28550339572889055 0.9440772348512075 0.2858071873869889 0.9461882441017442 0.8518228985763372
0 0.9503269218750002 0.289912918238994 0.9315729142518914 0.28925547909250643 0.9267123392518913 0.8508616677717519 0.9454663468750002 0.8515191069182393
0 0.7854375288382031 0.2634028736757313 0.7121907073612608 0.25557256069019196 0.6948028843750002 0.9143831635220128 0.7680497058519424 0.922213476507552
0 0.5129318487292331 0.23640333929728338 0.48693809641714203 0.22344911737995857 0.399395669562909 0.9349606334285873 0.4253894218750001 0.947914855345912
0 0.85658894375 0.3080745031446543 0.8225508588355568 0.30657010903529697 0.8163008588355568 0.8793519203560516 0.8503389437500001 0.8808563144654089
0 0.4290959985704542 0.32088940429872775 0.3996723721864285 0.3043513523239903 0.3165114704909743 0.9036409543145707 0.34593509687500007 0.9201790062893082
0 0.39607211562500005 0.3260280628930819 0.36844376151413466 0.3126911628457105 0.29683501448770133 0.9135492350120679 0.3244633685985668 0.9268861350594393