0 0.22728867806218708 0.7882103867770256 0.2144375 0.14998437499999998 0.19214720276653294 0.15043320750372194 0.20499838082872 0.7886592192807476
0 0.19916404856185527 0.8023017836035142 0.18387187500000005 0.15671406250000003 0.16290470143814476 0.15721071639648582 0.17819687499999998 0.8027984375000001
0 0.1717783864659837 0.8159219708044979 0.15795619538620528 0.1652113383668147 0.1303171875 0.1657984375 0.14413937857977838 0.8165090699376834
0 0.28080312500000015 0.2913171875 0.2472606592870533 0.29110178131208236 0.24416611411029582 0.7729759395801381 0.27770857982324265 0.7731913457680558
0 0.2983559087130043 0.2953001816587365 0.28430518091704443 0.2951563408681146 0.2794148972040403 0.7728514717093781 0.2934656250000002 0.7729953125
0 0.31748125000000016 0.29708437500000007 0.30009721833071024 0.29693901313035936 0.2960843750000001 0.7768406250000001 0.31346840666929005 0.7769859868696407
0 0.14901249999999996 0.7991062499999998 0.134790625 0.28819062500000003 0.11865100783303566 0.2886398882573068 0.13287288283303564 0.7995555132573066
0 0.9527468750000002 0.27208437500000004 0.9243916273394628 0.27201925394120197 0.9230578125000001 0.8527937500000002 0.9514130601605375 0.8528588710587982
0 0.9173976483672617 0.27313494009841977 0.8763612593714454 0.27297888059204933 0.8741562500000001 0.8527937499999998 0.9151926389958163 0.8529498095063703
0 0.9794053658414565 0.8526582815156811 0.9758890624999997 0.2740109375 0.9535961966585431 0.2741464059843189 0.9571124999999998 0.85279375
0 0.11638437500000005 0.8268578124999999 0.10797689253181228 0.3256449166045629 0.09117693214199571 0.3259267237440047 0.09958441461018346 0.8271396196394418