0 0.6442753087829629 0.08441345002701531 0.6109206860985872 0.08092162875643709 0.5209203773156246 0.9406238037294221 0.5542750000000002 0.9441156250000002
0 0.48213176373778344 0.15449276291667866 0.46166875 0.15153593750000005 0.3550775524101274 0.889211259250471 0.3755405661479108 0.8921680846671496
0 0.7270452944960721 0.1394887540561684 0.6547190272208705 0.13405220065706563 0.5963416684453264 0.9106869807582164 0.6686679357205281 0.9161235341573191
0 0.8187980043242937 0.14575359850922764 0.791560149470121 0.14501300948939508 0.7709407487544457 0.903366467120416 0.7981786036086185 0.9041070561402487
0 0.5077165524904973 0.167779345434236 0.4804953125 0.16347500000000006 0.36320219750950283 0.905251904565764 0.3904234375000001 0.90955625
0 0.6126650706822455 0.15438947033680125 0.5795516217435143 0.15041893593410682 0.4872906158339895 0.919856950662763 0.5204040647727208 0.9238274850654575
0 0.5731336788008525 0.1621686187529297 0.5146630081819169 0.15521137722755435 0.42248874589046903 0.9298705449924516 0.48095941650940455 0.9368277865178267
0 0.9229312500000004 0.18979375000000015 0.8616656917122084 0.18883216784957502 0.8503696069238273 0.9085428454244896 0.9116351652116194 0.9095044275749146
0 0.9642205809712795 0.28196440253545807 0.9504352107492462 0.2819447663528717 0.9496318172779666 0.8459584888174139 0.9634171874999999 0.8459781250000002
0 0.9504308233902948 0.2857427201737512 0.9314296875 0.2856218750000001 0.9278725910468516 0.8449232602616034 0.9468737269371464 0.8450441054353544
0 0.7874914920194728 0.25250501914917567 0.7173568928636319 0.2505689535094821 0.6993890625000001 0.901459375 0.769523661655841 0.9033954406396937
0 0.3580655153689261 0.24890146387565038 0.3094790483835307 0.24338543648745858 0.23402603301460462 0.907993347611808 0.2826125000000001 0.913509375
0 0.5129428987480569 0.22700075934991543 0.4841553509001926 0.223170725899951 0.3895718271521358 0.9340855915500356 0.4183593750000001 0.9379156250000001
0 0.2970891597499759 0.2505427911419685 0.2510627528510258 0.24565298093813817 0.17959062500000011 0.9183999999999999 0.2256170318989502 0.9232898102038302
0 0.8596531250000004 0.3058265625000002 0.8235402497757525 0.3052642377019922 0.8147227256951443 0.8715315409363804 0.8508356009193921 0.8720938657343883
0 0.4157466971005401 0.31899658771314854 0.39370625000000004 0.31592968750000006 0.31145017789946017 0.9070674747868516 0.3334906250000002 0.9101343749999999
0 0.3887642457607233 0.3268454198964218 0.3687090315782614 0.32416857187850867 0.29128228581753823 0.9042575269820871 0.31133750000000016 0.9069343750000003