0 0.2264841877746621 0.7936573015004793 0.21261778750000002 0.1418355448275862 0.1915979754551257 0.1440133933053751 0.20546437572978773 0.7958351499782682
0 0.19903440675434675 0.7957588993619003 0.1846009625 0.1523023862068966 0.1636030348867591 0.15459637432641768 0.17803647914110585 0.7980528874814212
0 0.16791326935099435 0.809031585537879 0.15227884687499998 0.1664615379310345 0.13376329560832317 0.16865566595656845 0.14939771808431757 0.811225713563413
0 0.2714807154906801 0.7697125995549234 0.266471153125 0.29223342068965524 0.23092455664091838 0.29404980325947105 0.2359341190065984 0.7715289821247392
0 0.3021250000000001 0.2972201586206897 0.28863554488000825 0.29623754207240105 0.281576921875 0.768185675862069 0.29506637699499183 0.7691682924103577
0 0.2827324309643897 0.2913869834837219 0.270180231654835 0.291211554982103 0.2687915506904453 0.7751455232225192 0.28134375 0.7753209517241381
0 0.3153778499838141 0.29755482821460383 0.2998609329810261 0.29682654537555564 0.29514423125000006 0.7862758620689656 0.310661148252788 0.7870041449080138
0 0.14786538437500002 0.8043607448275861 0.13547492583550091 0.28328647191314177 0.12079638559352172 0.28498641572769834 0.13318684413302084 0.8060606886421428
0 0.3309496337615825 0.29763828610430043 0.317189903125 0.2969920413793104 0.31241673841110085 0.7919670758352405 0.32617646904768327 0.7926133205602306
0 0.9563365375 0.26843501379310375 0.9235089972841136 0.2674804418503444 0.9200707934023887 0.843351503681505 0.9528983336182751 0.8443060756242644
0 0.9197980781250001 0.275087531034483 0.8796092861921686 0.2738553165849546 0.8759759624999999 0.851002655172414 0.9161647544328314 0.8522348696219424
0 0.9774748269059608 0.8558298117750206 0.9751514437500001 0.2760583586206896 0.9544722887190396 0.27646196753532415 0.9567956718750003 0.8562334206896551
0 0.11803000127812262 0.8314393323800668 0.10821637795366117 0.32509871114311323 0.09255416417553852 0.32657715117683955 0.10236778749999997 0.8329177724137931