0 0.49660030553432966 0.13421633059541804 0.4600583277460534 0.12663203177699672 0.3349699986626561 0.7293212259099799 0.37151197645093237 0.7369055247284013
0 0.5315830036890692 0.11666118102918115 0.49775205882500345 0.10986522381945163 0.36920968013593447 0.7497618552902705 0.40304062500000015 0.7565578125
0 0.4334609124202835 0.1710584261764937 0.37930956907135244 0.16113358889892326 0.2753002191510689 0.7286236002224296 0.3294515625 0.7385484375
0 0.8532937140836884 0.14064402999528092 0.834878125 0.13960156250000008 0.7973781609163118 0.8020528450047193 0.8157937500000001 0.8030953125000002
0 0.5908063643408221 0.17778807039402816 0.5608651472196768 0.17160977464156843 0.4356627364821456 0.7783648919392077 0.46560395360329093 0.7845431876916674
0 0.5421551024765093 0.1392066412955384 0.519790253958019 0.13501806672041264 0.3898320264815097 0.8289286129248744 0.41219687499999996 0.8331171875000003
0 0.8700254265352102 0.17226863873463807 0.8494609375 0.1711281250000001 0.8118536390902626 0.8492215598295383 0.8324181281254729 0.8503620735641763
0 0.8231010979791622 0.1780993503362756 0.8016763998093399 0.17697475852997302 0.766435502648789 0.8483522135915782 0.7878602008186113 0.849476805397881
0 0.7167172516277229 0.21642902267251213 0.6830201555816686 0.20928237396050173 0.5502708358377238 0.8352074414599675 0.5839679318837782 0.842354090171978
0 0.9025161689769827 0.2703233157184509 0.8913387302743147 0.2700872485779852 0.880579656450473 0.7795138800280911 0.8917570951531412 0.7797499471685567
0 0.9725359375000002 0.24138906250000014 0.943929854610373 0.2410671221203783 0.9374072898527889 0.8206310411528527 0.966013372742416 0.8209529815324744
0 0.9405386375298036 0.24419018413778795 0.9024754968528242 0.24343062968241735 0.8907749713484121 0.8297727215759154 0.9288381120253915 0.830532276031286
0 0.621883554282828 0.25454386632581494 0.6015146675451556 0.2505781899861965 0.48814048826232764 0.8329015111603816 0.5085093750000002 0.8368671875
0 0.7287008391946183 0.32196370915339667 0.716496875 0.3197343750000001 0.630938223305382 0.7881050408466035 0.6431421875000002 0.7903343750000001
0 0.6511861562898152 0.29535968978777405 0.619367400548717 0.2890869294516901 0.5112828067589017 0.8373491146639163 0.5431015625 0.8436218750000002
0 0.7364086435429269 0.3556428020809045 0.7202281250000001 0.35276093750000004 0.6385288564570732 0.8114696979190956 0.654709375 0.8143515625000001
0 0.7515331479800788 0.37979352989854265 0.7299846196756616 0.3761277690475818 0.6533436913403028 0.8266479422548425 0.6748922196447198 0.8303137031058034
0 0.8767252479116362 0.3316333668450807 0.8576997995178569 0.3306926385761194 0.830519864106221 0.8803842717310388 0.8495453125000003 0.8813250000000001
0 0.6974601145121643 0.37586068749060547 0.6817889041549771 0.3726569508122219 0.5867756646428128 0.8374181383216166 0.6024468750000003 0.8406218750000003
0 0.7863063040883266 0.3522261026075106 0.7539686418351004 0.3504641939273021 0.7254875496817007 0.8731995371408079 0.7578252119349269 0.8749614458210162