0 0.3860447194963869 0.7868618588694563 0.33876718749999996 0.14348749999999996 0.302354803793792 0.14616321688551587 0.34963233579017894 0.7895375757549721
0 0.22597048630741154 0.7926929973587757 0.2078671875 0.1523390625 0.1845244396197999 0.15299897995635878 0.20262773842721143 0.7933529148151346
0 0.1975904886731585 0.796499786702056 0.1791609375 0.15612656250000004 0.1579213513930712 0.15673782484555188 0.1763509025662297 0.7971110490476079
0 0.1728091314600688 0.8228658577072105 0.15217812500000005 0.17256562499999997 0.12810180603993124 0.1733294547927897 0.14873281249999998 0.8236296875000002
0 0.4289903028223362 0.8223798942241007 0.3881421875 0.20037500000000003 0.36911125967766384 0.20162479327589952 0.409959375 0.8236296875000002
0 0.40269164500887095 0.8055154352745179 0.368621875 0.21933906250000001 0.33971929249112903 0.22101893972548217 0.37378906249999994 0.8071953125
0 0.26299596648133755 0.7736853671920464 0.25264843749999993 0.280021875 0.2190026507902878 0.2807271140111586 0.2293501797716254 0.7743906062032051
0 0.29909184045351633 0.7599614892053996 0.2825046875 0.3040421875 0.2679734032364901 0.30457086139862255 0.2845605561900064 0.7604901631040222
0 0.2845788813366763 0.7653962235018873 0.26664090972027105 0.3022733187690364 0.2536078125 0.30277812499999995 0.27154578411640523 0.7659010297328508
0 0.32958125 0.785703125 0.31120937500000007 0.2888671875 0.2969692057259325 0.28939375691685504 0.3153410807259324 0.786229694416855
0 0.148159375 0.8021375000000001 0.13495468750000003 0.28634375 0.11908433427968916 0.28675004234997287 0.13228902177968913 0.8025437923499729
0 0.3169515625 0.79075625 0.296263813221575 0.29849511131429474 0.27928272985382985 0.29920875772588407 0.2999704791322549 0.7914698964115894
0 0.9561870527047459 0.2726951006536086 0.9238875 0.2724343750000001 0.9192545468209943 0.8463798740826022 0.9515540995257401 0.8466405997362105
0 0.9768359375000001 0.8552328125 0.9739656250000002 0.272434375 0.9504286959149375 0.2725502955952135 0.9532990084149375 0.8553487330952134
0 0.9182765625 0.2762281250000001 0.8775696489411077 0.27594056531268624 0.8734953125 0.852703125 0.9142022260588923 0.8529906846873139
0 0.11667208195822173 0.8284142154543861 0.10911637081089268 0.3252718940012894 0.0912302263526709 0.3255404910469035 0.0987859375 0.8286828125000001