0 0.7096589110488556 0.05981003883689685 0.67368125 0.057295312500000084 0.6114504639511444 0.9476180861631033 0.647428125 0.9501328125
0 0.5817475573905712 0.1308839092111111 0.5561203125 0.1291453125000001 0.5036286270747936 0.902882699965186 0.5292558719653647 0.9046212966762971
0 0.6642606003318573 0.11871641903985375 0.5845687500000001 0.11309843750000007 0.527047092431917 0.9290511588176651 0.6067389427637743 0.9346691403575187
0 0.7511437289269665 0.12911769013561203 0.7010008722856587 0.12582693047039753 0.6486993308586924 0.9227701778347855 0.6988421875 0.9260609375
0 0.3529200797807626 0.1326707729949114 0.31597319867991164 0.13009160443160422 0.25976586821807945 0.935267964408135 0.29671274931893044 0.9378471329714422
0 0.42755406708545 0.15358702804505903 0.3985085660232587 0.15114222007942252 0.3315076239378089 0.9471458170343634 0.3605531250000002 0.9495906250000001
0 0.7727277365832924 0.17897278167802508 0.7441908269073391 0.17871990492636833 0.7375802778240467 0.9247143107483435 0.7661171875 0.9249671875000003
0 0.9113388060831694 0.9648202298728702 0.8953591641611516 0.14026063185600682 0.8478546874999999 0.14118124999999998 0.8638343294220178 0.9657408480168634
0 0.4637020764268974 0.17114730766067782 0.43203257284286234 0.16856262199862776 0.36630621598010976 0.9738911479361126 0.3979757195641448 0.9764758335981627
0 0.5485275477738429 0.23242673354119187 0.47437031249999995 0.22792500000000007 0.4315693272261571 0.9329873289588084 0.5057265625000001 0.9374890625000003
0 0.37726802101843804 0.2486253153154511 0.3486150543469094 0.24661580266191266 0.3009468009168311 0.926301434109407 0.32959976758835974 0.9283109467629455
0 0.9892336521916153 0.9929326902844327 0.9708771554434499 0.20059185393483242 0.9062515624999999 0.20208906250000003 0.9246080592481654 0.9944298988496003
0 0.46985172584949364 0.3003737409548516 0.45605156250000006 0.2991843750000001 0.40270608665050656 0.9181496965451487 0.41650625000000013 0.9193390625000001
0 0.8478546875000001 0.978215625 0.8462061705180141 0.26578781601640716 0.790971875 0.265915625 0.7926203919819861 0.9783434339835928
0 0.29810717125462366 0.32760759900335795 0.2532041970325369 0.3247430772350812 0.2133845257779133 0.9489386032317231 0.2582875000000001 0.951803125