0 0.703986922321467 0.053039159406691336 0.6801109375 0.04878906250000009 0.5530552651785331 0.7625561530933089 0.5769312500000001 0.7668062500000001
0 0.7563488851512356 0.09957481285795229 0.7001485664902138 0.09013472439211563 0.5870970320181405 0.7631720889720356 0.6432973506791622 0.7726121774378722
0 0.8013663032687376 0.15812867608389441 0.7456338956943128 0.149475016192194 0.6548597799255754 0.7340900901082996 0.7105921875000001 0.74274375
0 0.8326801620113582 0.14440386456306523 0.8079696973324987 0.14046547352296154 0.7082212686675735 0.7663124242694974 0.7329317333464329 0.770250815309601
0 0.9369016784150063 0.15701010228499016 0.9023671874999998 0.15143750000000006 0.7972414959780234 0.8029216815605948 0.8317759868930297 0.8084942838455849
0 0.9875025952102682 0.1650973069516369 0.9614046875 0.16094062500000011 0.8575005297897317 0.8133073805483633 0.8835984374999999 0.8174640625000003
0 0.8548099743675743 0.22601622653680953 0.8179286950028342 0.2199778528587443 0.7275218456352599 0.7721663138219348 0.7644031250000001 0.7782046875
0 1.008072295138748 0.18328413199142402 0.9831383831144972 0.17941559056821146 0.8819359938220129 0.8316954023137152 0.9068699058462636 0.8355639437369279
0 0.8835390702522293 0.2693926448555838 0.8506171875000001 0.26402968750000017 0.7708265547477711 0.7538448551444163 0.8037484375000001 0.7592078125
0 1.0050315495370337 0.27046698599305735 0.9874245663264546 0.27017447888110124 0.9788211417894213 0.7880434303880441 0.9964281250000002 0.7883359375000001
0 0.9391376994868088 0.278696586986111 0.9154171799517261 0.2752596876513401 0.833725971912933 0.8390695951818072 0.8574464914480157 0.8425064945165781