0 0.641762685163896 0.08511149742490362 0.6072037698569479 0.08160471372283334 0.5203223346930519 0.9378104037979298 0.5548812500000001 0.9413171874999999
0 0.7304088888146026 0.13938508021672832 0.6577586381794358 0.13356072786982082 0.594905455319297 0.917561972305451 0.6675557059544638 0.9233863246523584
0 0.8215799545196913 0.14614163705151823 0.7917884199279961 0.14520972729718618 0.7678626887346771 0.9100737553470459 0.7976542233263724 0.911005665101378
0 0.5017466451310402 0.15852814382331135 0.4728093750000001 0.15491250000000006 0.37884714526523844 0.9069252968411231 0.40778441539627847 0.9105409406644343
0 0.6086839065788604 0.15076085941016362 0.5812211784585792 0.14774315007261257 0.49635558464313617 0.9200642946965374 0.5238183127634174 0.9230820040340884
0 0.5737844410453777 0.15811816835501286 0.5224069952057773 0.15243229501333547 0.43632297065861636 0.930285940891741 0.48770041649821677 0.9359718142334185
0 0.9192187500000001 0.1852734375000001 0.8589240914229779 0.18472481742173588 0.8522844679218743 0.9144353182580127 0.9125791264988965 0.9149839383362769
0 0.9494071145714755 0.2895057182438522 0.9293296874999998 0.28938906250000007 0.9261256979285241 0.8408224067561478 0.9462031249999999 0.8409390625000001
0 0.9648828125 0.8420062500000001 0.9643441758894422 0.30058983354263324 0.9456719434913758 0.30060840990578874 0.9462105801019336 0.8420248263631555
0 0.5138665089927986 0.22315642255530843 0.48387901307928505 0.21977216055956222 0.4042765665864865 0.9251188630042538 0.43426406250000005 0.9285031250000001
0 0.7850635923477466 0.2557990730677538 0.7131714625009496 0.25394568149117347 0.6963593750000001 0.906078125 0.768251504846797 0.9079315165765802
0 0.8572828125 0.30700937500000014 0.8177907898098029 0.30674819506601814 0.8140531250000004 0.8719062500000001 0.8535451476901976 0.8721674299339821