0 0.53029375 0.7855437500000001 0.4698171875 0.07398749999999998 0.4464296574559177 0.07597525208907455 0.5069062199559177 0.7875315020890746
0 0.5107854940633979 0.7791444002612613 0.446459375 0.1461484375 0.42015875685836485 0.14882115074549956 0.4844848759217628 0.7818171135067609
0 0.47773896738681876 0.781362541881735 0.4160125 0.14340781249999995 0.38222978261318136 0.1466765206182649 0.4439562500000001 0.78463125
0 0.5872986980144294 0.7936871222211138 0.5304921874999999 0.13609999999999997 0.4762461220181712 0.14078611623468468 0.5330526325326006 0.7983732384557986
0 0.2262191569853227 0.7864584802570564 0.20566562500000002 0.14947812499999996 0.18357128697594155 0.15019104601793115 0.20412481896126425 0.7871714012749876
0 0.19872343750000002 0.7929968749999998 0.18060000000000007 0.15539062499999998 0.1562048211241706 0.15608403805807056 0.17432825862417056 0.7936902880580704
0 0.1688148783180394 0.8103470770085364 0.151678125 0.16636875 0.1300279838643061 0.16694487673033048 0.14716473718234552 0.8109232037388668
0 0.4006064793221359 0.7919890620800255 0.3559515625 0.23566250000000002 0.3338185206778641 0.23743906291997466 0.37847343750000007 0.7937656250000001
0 0.4245328127613419 0.8160829979999316 0.37597187500000007 0.21556718749999998 0.3582749997386582 0.2169982520000684 0.4068359375 0.8175140624999999
0 0.30074122219371524 0.7578699822595836 0.2828296875 0.28375625 0.25215728812275534 0.28491502205869285 0.2700688228164706 0.7590287543182765
0 0.2651314011190456 0.7675487521128578 0.24924062500000002 0.2854453125 0.21740965279942168 0.2864945040454848 0.23330042891846725 0.7685979436583427
0 0.3321890625 0.7820171874999999 0.3071234375 0.2888234375 0.29297442326823353 0.28954253397040974 0.3180400482682336 0.7827362839704096
0 0.147821875 0.7913078124999999 0.1339390625 0.28459999999999996 0.11813998463860162 0.2850328641284225 0.1320227971386016 0.7917406766284224
0 0.31753192292638877 0.7828962761502556 0.29324062500000003 0.29726875 0.27704776457361124 0.29807872384974454 0.30133906250000003 0.7837062500000002
0 0.9524734375000001 0.2692078125000001 0.9237826486185243 0.26917187569569345 0.9230703125000002 0.8378781249999999 0.951761101381476 0.8379140618043067
0 0.9177562500000003 0.2761890625000001 0.879964842885523 0.2758594844640574 0.875005467885523 0.8445313594640573 0.9127968750000003 0.8448609375000002
0 0.9772735190240749 0.8479531959339679 0.976797705044104 0.27386142444686973 0.9569582890951202 0.27387786758702926 0.957434103075091 0.8479696390741275
0 0.11465781250000003 0.8217093750000002 0.10810312500000008 0.3234484375 0.09112568589815903 0.3236717779216297 0.09768037339815898 0.8219327154216298