0 0.7350041039428877 0.07781047862666293 0.7046843152780579 0.06190016409343078 0.5963195592948726 0.8983524451881947 0.6266393479597024 0.9142627597214269
0 0.9702012087839881 0.8657009624330807 0.9693822125000002 0.16568456603773585 0.9177420712293355 0.16592928456387948 0.9185610675133233 0.8659456809592243
0 0.8539903843750001 0.1559361383647801 0.8017808317910878 0.13642944686273056 0.7330262253097016 0.8818028029790204 0.7852357778936139 0.9013094944810698
0 0.6530600968750001 0.1689308176100631 0.6087054989383043 0.14354442906494552 0.5041508613115308 0.8834677799476814 0.5485054592482265 0.9088541684927989
0 0.6926009625 0.15918722641509456 0.6566179034284606 0.13942625845791234 0.5534955029399168 0.9000127184918922 0.5894785620114562 0.9197736864490744
0 0.7924984548407604 0.17087636629465386 0.7275126215743594 0.13851909984152547 0.6347724264845274 0.8929519314401442 0.6997582597509284 0.9253091978932726
0 0.5239495187500001 0.18030479245283032 0.4796656525920292 0.15523728605311907 0.37450404882584565 0.907721344445618 0.41878791498381657 0.9327888508453291
0 0.5984293518159981 0.2213415437744303 0.572696653071892 0.20610946462092689 0.47326268454802267 0.8865131053522904 0.49899538329212884 0.9017451845057939
0 0.9137043281250001 0.240406383647799 0.8459520918090566 0.23867572986004015 0.8418846156250004 0.883652635220126 0.9096368519409438 0.8853832890078849
0 0.5539474844030065 0.2751163233960172 0.5147851522920743 0.2534406531561946 0.42711000042384156 0.8950611741844362 0.4662723325347737 0.9167368444242588
0 0.4475983020457863 0.35026753423415363 0.4312836531250001 0.3411127232704404 0.35034294783442016 0.9253658480842769 0.36665759675520637 0.9345206590479901
0 0.4231346156250001 0.357213352201258 0.40378300816282087 0.3468875635087188 0.3282531627964188 0.9202353183102224 0.347604770258598 0.9305611070027616