0 0.2272756022690444 0.7896434294638177 0.21443750000000006 0.15038196551724137 0.19218260807149587 0.15255873152937743 0.2050207103405402 0.7918201954759537
0 0.19915384687499998 0.803968172413793 0.18385295737293858 0.15629865428456258 0.1629304145167355 0.15870601760513015 0.17823130401879692 0.8063755357343606
0 0.17175624999631806 0.8170702575847313 0.1579091043104072 0.163392033984325 0.13031730625000001 0.16623872413793103 0.14416445193591088 0.8199169477383373
0 0.280802884375 0.29209018620689664 0.24726368626913953 0.29113029533704876 0.24442051396256007 0.774966036150361 0.2779597120684205 0.7759259270202088
0 0.2983508610644766 0.29662535737170187 0.28430567947990737 0.2959269583820379 0.27942116529043076 0.7743466906655084 0.293466346875 0.7750450896551725
0 0.31748076875000003 0.29787267586206906 0.30010067510445904 0.2971669109077577 0.29608413437500003 0.778901855172414 0.313464228020541 0.7796076201267251
0 0.14901201875 0.8012254620689655 0.13477008030094956 0.2882061869940924 0.118677884375 0.2903819655172414 0.13291982282405043 0.8034012405921144
0 0.9527475968750002 0.27280636551724163 0.9243928200222988 0.2724898700332247 0.92305769375 0.8550557034482761 0.9514124706027014 0.855372198932293
0 0.917396473349273 0.27419961798437326 0.8763621242757417 0.2734416386648056 0.8741562500000001 0.855055703448276 0.9151905990735314 0.8558136827678436
0 0.9794015954980686 0.8543979710469324 0.975889421875 0.27473739999999996 0.9536008076269313 0.2753951324013434 0.9571129812499999 0.8550557034482758
0 0.11638461562500002 0.8290503999999999 0.10795967776362732 0.3255086613812045 0.09117727156089345 0.3268762308988491 0.09960220942226616 0.8304179695176446