0 0.2016187500000001 0.14040781250000006 0.1650123754077129 0.1393837868481188 0.14655057707540697 0.7993472400664187 0.18315695166769416 0.8003712657182998
0 0.35488951726868934 0.8403883199389796 0.3398171875 0.1677953125 0.31490148994351214 0.16835365551848935 0.32997381971220147 0.8409466629574689
0 0.29778125000000005 0.19506250000000003 0.2549571403828629 0.19421316843006592 0.24247697818583575 0.8234748759709829 0.285301087802973 0.8243242075409171
0 0.43791874999999997 0.8126749999999999 0.4182078125000001 0.2829859375 0.40101132846546267 0.2836258578721986 0.42072226596546247 0.8133149203721984
0 0.9214599160028112 0.2556636804660075 0.8822826724467274 0.25383364133294256 0.8544477564439165 0.8497199608669351 0.8936250000000001 0.8515500000000001
0 0.4576736566590518 0.8141903416138921 0.4441828125000001 0.296590625 0.43001234446874353 0.29695996750490156 0.44350318862779525 0.8145596841187936
0 0.9566858112840324 0.2653217511432123 0.9268468750000001 0.26393750000000005 0.8993282456175058 0.8571294455472911 0.9291671819015381 0.8585136966905035
0 0.22758634071246492 0.31577231925065624 0.2176406250000001 0.31563750000000007 0.21095897178753523 0.808547993249344 0.22090468750000009 0.8086828125000002
0 0.24936875000000014 0.32106875 0.22818477719786073 0.32088782956097267 0.2240234375000001 0.8081390625000001 0.2452074103021395 0.8083199829390274
0 0.9736015625000002 0.2748218750000001 0.9502843726278056 0.27450136249452584 0.9423078125 0.8547937500000001 0.9656250023721945 0.8551142625054744
0 0.1836630503904754 0.32308890262149814 0.17372812500000007 0.32289375 0.1637588246095248 0.8304157848785019 0.17369375000000012 0.8306109375000001
0 0.3215437500000002 0.3256140625000001 0.2872730489218478 0.32519243631416217 0.281053196665081 0.8307556688688289 0.31532389774323344 0.8311772950546669
0 0.19575519743724062 0.33955509327244965 0.18325625000000006 0.33921875 0.16989011506275956 0.8359214692275504 0.18238906250000012 0.8362578125000001
0 0.10111718750000014 0.30684374999999997 0.06796794419665356 0.3063561509324547 0.05933906250000011 0.8929874999999999 0.09248830580334669 0.8934750990675452