0 0.060233420478609946 0.10821101448218981 0.024670671875 0.10590277777777778 0.015538213896390114 0.8007312910733657 0.05110096250000005 0.8030395277777778
0 0.4808121493390341 0.18302544222495926 0.457384563425589 0.1656656723578635 0.36022866408655485 0.8131477092995711 0.3836562499999999 0.8305074791666668
0 0.5796270084288939 0.11756001981033931 0.5527125038698292 0.1007850283808489 0.4530590516909353 0.890356418292732 0.47997355625000004 0.9071314097222225
0 0.7805346008434297 0.1949513598505345 0.7540656857626242 0.175692265716756 0.6582727949076057 0.8258347356633307 0.6847417099884112 0.8450938297971091
0 0.6795565470636886 0.19383315411401913 0.6088354854633293 0.14037327264665045 0.5016763494715899 0.8404166566979463 0.5723974110719491 0.893876538165315
0 0.4603252592232684 0.2628613854153743 0.4118890685038116 0.2091617005605353 0.2769233490546097 0.8103308563716682 0.3253595397740665 0.8640305412265072
0 0.8101948606932179 0.21402524722591723 0.7812971389168427 0.1930013291504261 0.6845530537084688 0.8496746083381832 0.7134507754848439 0.8706985264136744
0 0.8905122912696966 0.21161874404468606 0.8593749083343878 0.19100682255200832 0.7694852139396914 0.8615835923962114 0.8006225968750001 0.8821955138888892
0 0.702172317373677 0.23997230245487364 0.6795851716052901 0.2239756873242207 0.5846389216217207 0.8860184578542771 0.6072260673901078 0.90201507298493
0 0.7467645364378954 0.28734363157574083 0.7001582490255578 0.254403517524189 0.6155908282126624 0.8452810387262262 0.6621971156249999 0.8782211527777781
0 0.8010793281250003 0.30958333333333365 0.7930472265511934 0.30376553636205583 0.7162115374999999 0.8276175208333336 0.7242436390738066 0.8334353178046113
0 0.520451079956323 0.2575980212087849 0.479692842324111 0.23356049273773807 0.40212156861778814 0.8830938812511756 0.4428798062500001 0.9071314097222225
0 0.9389025502911968 0.28501586130119805 0.9030505659038136 0.26776042881366546 0.8441960937376167 0.8716281161235787 0.880048078125 0.8888835486111113
0 0.6228370589707828 0.2550295013481602 0.5790404037810475 0.22457867054514746 0.48110389023855793 0.9201816120244118 0.5249005454282932 0.9506324428274245
0 0.8487596156249999 0.33016025694444473 0.8224226934520844 0.31364001748452064 0.7472087497020845 0.9057767674845204 0.7735456718749999 0.9222970069444446