0 0.6451347609206822 0.09130254071923707 0.6138911930052987 0.07823043909394853 0.5240072124999999 0.9483986477987426 0.5552507804153836 0.9614707494240311
0 0.48263873071562935 0.16485502063162913 0.4610456718749999 0.153633283018868 0.3666016295171056 0.8897290728027671 0.3881946883577351 0.9009508104155283
0 0.8191452061707482 0.15130642685233478 0.7918024198978897 0.14817083415131138 0.7701520749591948 0.9128753431624281 0.7974948612320534 0.9160109358634514
0 0.735452971141497 0.16441644452270415 0.6636792562617703 0.1387105076469436 0.5951310601990013 0.9139461409450312 0.666904775078728 0.939652077820792
0 0.5068693505901487 0.17124163394589514 0.4816177875000001 0.1572617295597486 0.3791352858464234 0.9070514665101749 0.40438684893657195 0.9210313708963215
0 0.6095469828745909 0.15603525002149993 0.577957888035558 0.14233097835947525 0.4943120326544399 0.923295594381981 0.5259011274934727 0.9369998660440058
0 0.573715384877325 0.17504312155136073 0.5197251418370208 0.15005865855624237 0.43049886134205784 0.9310455786410857 0.484489104382362 0.9560300416362041
0 0.9212485485578906 0.19040900051347087 0.8582767594443567 0.18799000166560595 0.8513612325228971 0.9171810947210448 0.914333021636431 0.9196000935689098
0 0.9519109040564666 0.29137255823466435 0.9300945949103729 0.29067850915223964 0.9257427874999999 0.8447508490566037 0.9475590966460936 0.8454448981390285
0 0.965525809432026 0.3016262746784414 0.9472408863163355 0.3015278864090927 0.9465107487593096 0.8511449576426015 0.964795671875 0.8512433459119501
0 0.5153424090984665 0.2351360435833626 0.4878489195368288 0.22157329980391605 0.4005072125000001 0.9387227861635222 0.4280007020616378 0.9522855299429687
0 0.7854333435084047 0.2649693956157102 0.7133825029969562 0.25818288798657174 0.6982884625 0.9072714088050317 0.7703393030114485 0.9140579164341702
0 0.35037739915726235 0.2656219271938648 0.2964503931860632 0.2471097701760636 0.23947596250000008 0.9193662327044027 0.29340296847119923 0.9378783897222038
0 0.8587331718750001 0.3133091446540882 0.8232967686081333 0.31132480016992103 0.8154759625000001 0.8770295094339625 0.8509123657668669 0.8790138539181297
0 0.39568175236549347 0.3298149941148896 0.37539423125000004 0.3205708742138366 0.3104353286049955 0.8980121213810391 0.33072284972048893 0.9072562412820923
0 0.4245620686671681 0.32006948346083164 0.39973798125 0.3078664716981133 0.3270052407078318 0.9071632209416841 0.351829328125 0.9193662327044024