0 0.7194482911588477 0.12377402346372765 0.6973468749999999 0.12355000000000009 0.6906876463411524 0.7805275390362725 0.7127890625000001 0.7807515625000001
0 0.7473899579255201 0.12394807044512772 0.7265839355076399 0.12354987197237484 0.7139669403448854 0.7827926922366775 0.7347729627627656 0.7831908907094304
0 0.953360076150178 0.20359622121484833 0.9269108410236658 0.2034812672221296 0.9244921875000003 0.7599781250000002 0.9509414226265125 0.7600930789927188
0 0.7759877807952935 0.22881868580480275 0.7594812499999999 0.22841250000000007 0.7467465942047065 0.7459219391951973 0.7632531250000001 0.746328125
0 0.8610711483592202 0.21477429273074708 0.8242328125 0.21387812500000009 0.8103632266407799 0.7840085197692532 0.8472015624999999 0.7849046875000002
0 0.972434375 0.8461265625 0.9695123687278437 0.17227466721238244 0.9504539031235648 0.17235730993613646 0.953375909395721 0.8462092052237539
0 0.8232015625000002 0.26465156250000016 0.8075048350615198 0.26425115500276963 0.7947188975615197 0.7654839675027694 0.8104156250000003 0.765884375
0 0.9173984374999999 0.23152968750000005 0.8925818541908501 0.23112593726586533 0.8831171875000001 0.8128734375000002 0.9079337708091499 0.8132771877341348
0 0.7968028330008304 0.28475361959782985 0.77940864867385 0.2844604322007667 0.7707984375000001 0.7952859375000002 0.7881926218269807 0.7955791248970634
0 0.8859063152199399 0.2549133337854502 0.8584526627010742 0.25435157995756946 0.8465343750000001 0.8368140625 0.8739880275188657 0.8373758163278808
0 0.5752174395003267 0.7856529233141513 0.5439144821121384 0.6952206507923645 0.18864235511181185 0.8181974149782134 0.2199453125 0.9086296875000001