0 0.638157975807924 0.08886601146092353 0.6046861444354177 0.0752959185818695 0.5182961073396908 0.938405669931654 0.5517679387121971 0.9519757628107081
0 0.48148098016461105 0.16861159637170303 0.46033131577171427 0.15487759168867335 0.3418361433405513 0.8939936779045022 0.36298580773344813 0.9077276825875319
0 0.8199711531250001 0.14941944654088074 0.787446787304859 0.14614198823284302 0.7683980210588053 0.9118165556099437 0.8009223868789466 0.9150940139179815
0 0.7290336531250001 0.1610595094339625 0.657862174309018 0.13798998383998165 0.5960069734576 0.9109361644516217 0.6671784522735821 0.9340056900456024
0 0.6101971156250002 0.16256410062893098 0.5717265213829168 0.14461796528663137 0.4827258763321991 0.9173996460999139 0.5211964705742825 0.9353457814422134
0 0.5031545455362343 0.1829176742589843 0.4804711531249999 0.16803579874213845 0.36100219209080225 0.9056191976670868 0.38368558450203666 0.9205010731839324
0 0.5825854358443577 0.18850104551280308 0.5272660786010235 0.15636774840394724 0.41757469012490533 0.9212596761207692 0.4728940473682396 0.9533929732296251
0 0.9202187500000003 0.1908127735849059 0.8611612746558981 0.188624679011017 0.8545220607607013 0.9144483986461475 0.9135795361048034 0.9166364932200363
0 0.950471157838727 0.28753726732711066 0.9283586241837348 0.2871690020513503 0.92609375 0.8380116100628932 0.9482062836549924 0.8383798753386533
0 0.96581730625 0.8471020817610061 0.9649104085169876 0.30211491865129864 0.9446117498591156 0.30225173723549165 0.9455186475921279 0.8472389003451991
0 0.78912980625 0.2580841823899373 0.7216210544759997 0.24957885079566677 0.7012015121554016 0.9060573998374967 0.768710263929402 0.9145627314317674
0 0.50846875 0.24409772327044038 0.48026195221453893 0.2280697964216586 0.382048078125 0.9281615849056606 0.41025487591046106 0.9441895117544424
0 0.8604495187500001 0.30983067295597505 0.8239024792622646 0.30814813766815724 0.8173990375000001 0.8803338176100628 0.8539460769877356 0.8820163528978806
0 0.4096370187500001 0.3384228364779875 0.38847378967669377 0.3241396890522 0.2895453543577522 0.9178640410479669 0.31070858343105845 0.9321471884737544