0 0.5780926095065566 0.07068947827447906 0.5482735429511016 0.06560973329258277 0.44223902147676153 0.6880524866764016 0.47205808803221644 0.693132231658298
0 0.5394050382372296 0.0958606370821056 0.4920432821176746 0.08806238117232296 0.3902554199283679 0.7062585471757037 0.43761717604792294 0.7140568030854864
0 0.7082522047877804 0.06246415574817384 0.6849459948405617 0.058694726761712425 0.5703219150527814 0.7674102585135387 0.5936281250000001 0.7711796875000001
0 0.7666118277522627 0.09090061636659227 0.7117560529903537 0.08156679157345377 0.5964695045683518 0.7591167856513641 0.6513252793302607 0.7684506104445026
0 0.8085695371275975 0.15854031646669386 0.7503944342828209 0.14921626913864713 0.6559592721552235 0.7384212651719534 0.7141343750000001 0.7477453125000001
0 0.836390308599599 0.1438993616306949 0.8147020880905321 0.14037864115217671 0.7132916640449208 0.7650836275431688 0.7349798845539877 0.7686043480216871
0 0.5932594004037705 0.1832149878912779 0.5552132231525518 0.17710532542167517 0.4662256977487814 0.7312497125303974 0.504271875 0.7373593750000002
0 0.6715360951689723 0.14352301911352233 0.6321249999999999 0.13670312500000006 0.5187424425703037 0.7919230869204026 0.558153537739276 0.7987429810339248
0 0.4236798150421307 0.23521588217468642 0.4085859375000001 0.23279843750000012 0.33225768495786945 0.7093716178253139 0.34735156250000004 0.7117890625000002
0 0.6156511911248796 0.17541477343637596 0.5932351969310505 0.17187010355883464 0.49819025580617105 0.7729209551224587 0.5206062500000002 0.776465625
0 0.4601973802033109 0.24544378104974313 0.42690870091289695 0.24001547207434681 0.34948424916713494 0.7148148534438712 0.3827729284575489 0.7202431624192676
0 0.9355010626607292 0.15493262839649707 0.9055189712500764 0.15024196687640007 0.8032055311266685 0.8042160174821495 0.8331876225373215 0.8089066790022466
0 0.38975096585199576 0.23783471040915574 0.376808880061408 0.23576737156400585 0.2992547892094123 0.72127641115485 0.31219687500000004 0.72334375
0 0.40392736013979896 0.24085508512348772 0.38956250000000003 0.2385453125000001 0.3106007648602012 0.7296214773765125 0.3249656250000001 0.73193125
0 0.8566805588158155 0.22688209701478051 0.8235092860856211 0.22170175371866016 0.7381347692676727 0.7683800759251566 0.7713060419978672 0.7735604192212768
0 0.9838216834766118 0.17863295874705204 0.9600234374999997 0.1749531250000001 0.860617379023388 0.8178326662529483 0.8844156250000001 0.8215125000000001
0 1.0074597291949214 0.18769022809996452 0.9831949833867654 0.18399972486162763 0.8846705020182759 0.831789834202962 0.9089352478264319 0.8354803374412988
0 0.8854908630366507 0.2735706526854355 0.852090625 0.26825937500000013 0.772777886963349 0.7670215348145646 0.806178125 0.7723328125
0 0.9421041813433645 0.2830502722595322 0.9178937499999998 0.2794015625000001 0.8326972004822688 0.8447096710449482 0.8569076318256335 0.8483583808044803