0 0.530439903125 0.7915649862068966 0.47481490312499997 0.07191511724137932 0.45106073541775543 0.08085748535791167 0.5066857354177554 0.800507354323429
0 0.3851091283263843 0.7722142021661913 0.33469711562500004 0.13777188275862065 0.2996499201098883 0.15133498752336308 0.35006193281127257 0.7857773069309337
0 0.4778112195801789 0.7783266157604377 0.41861538437500007 0.14210079310344823 0.3836921237811074 0.15792633526679836 0.4428879589862863 0.7941521579237879
0 0.5102694333385266 0.7817855067080587 0.44873798125000003 0.14300795862068968 0.42148494257668634 0.15579371443202875 0.4830163946652129 0.7945712625193978
0 0.2253014162773189 0.7917119735392266 0.20503365312500002 0.14756498620689656 0.18408350879375607 0.15077547983293277 0.20435127194607494 0.7949224671652628
0 0.19974121441765574 0.797846974749949 0.17905668018284018 0.1510139282708131 0.1555240375 0.15467904827586207 0.17620857173481558 0.801512094754998
0 0.1704929849135794 0.8167826267556753 0.1516875 0.16650397931034486 0.1282463777444075 0.16980560165317943 0.14705186265798692 0.8200842490985097
0 0.3944016878879465 0.7954434005668507 0.35657451875 0.2387108758620689 0.3387455784982266 0.24461080409966102 0.3765727476361731 0.8013433288044428
0 0.42517548125 0.8193474827586207 0.3772902021694665 0.21740845842518536 0.35815939840895505 0.22482065096182194 0.40604467748948847 0.8267596752952573
0 0.2999471068293512 0.7558568339897954 0.27956009687499994 0.29580371034482766 0.2691540684519859 0.2980496315268507 0.28954107840633714 0.7581027551718185
0 0.28735336562499997 0.7615066344827587 0.2632135477991308 0.2910015478238104 0.24977050923330765 0.29436071070014086 0.27391032705917684 0.7648657973590891
0 0.2640344976502068 0.7781120208976161 0.248490384375 0.28419628965517235 0.2171242566376939 0.28900399621759093 0.2326683699129007 0.7829197274600347
0 0.3315072124999999 0.792026524137931 0.308216346875 0.2931936344827586 0.29355547771880186 0.29652754715300556 0.31684634334380185 0.795360436808178
0 0.14534375 0.8009124689655172 0.1327884625 0.28517771724137936 0.1191354405116479 0.2867965165392498 0.13169072801164788 0.8025312682633876
0 0.3172137770532332 0.782633504657441 0.2926059223438971 0.300408744002941 0.2804907015406638 0.30341980486274145 0.30509855625 0.7856445655172414
0 0.9314458239296657 0.2484489719349702 0.88384855625 0.24685411034482785 0.8793550667295488 0.8999947530851867 0.9269523344092144 0.9015896146753292
0 0.8026785596203458 0.2384547813326733 0.7600240375000001 0.23774535862068988 0.7577183288558936 0.9129390447029113 0.8003728509762394 0.9136484674148946
0 0.112423078125 0.8330450896551724 0.10608653750000001 0.3287745379310345 0.09220378105140428 0.32962416486868396 0.09854032167640428 0.833894716592822
0 0.9737211531250001 0.29694960000000026 0.9336925270318586 0.2966747277115066 0.9328680082818586 0.8814704863321962 0.9728966343750001 0.8817453586206898
0 0.8776308599389301 0.31375930618197173 0.8206028321500167 0.3133407211220793 0.8197243753360863 0.896233932181487 0.8767524031249998 0.8966525172413794