0 0.7365060399097412 0.06358278339182834 0.7046377733179213 0.059450671915113065 0.5958856452475888 0.8981845321468116 0.6277539118394087 0.9023166436235268
0 0.9688125 0.16443593750000013 0.918471875 0.16443593750000013 0.918471875 0.8642468750000001 0.9688125 0.8642468750000001
0 0.8568067935059558 0.14629024165800836 0.8058297903576468 0.1412385711886 0.7319601580750993 0.8866657522044118 0.7829371612234082 0.89171742267382
0 0.8021156495002664 0.14161953930837204 0.7303819500447509 0.13222060070592717 0.6302807066933116 0.8962039406787744 0.702014406148827 0.9056028792812192
0 0.6592706054426147 0.14649193547899836 0.6133128593112198 0.1398414490487545 0.5047789547348471 0.8898578103312296 0.550736700866242 0.8965082967614734
0 0.6952258265265675 0.14641284963413964 0.6585803674973747 0.14131017669071244 0.5531425816461643 0.8985243082600034 0.5897880406753571 0.9036269812034308
0 0.3541865169445038 0.17248896204150643 0.3235337282582872 0.16757238515197562 0.20726283631378348 0.8924724856104691 0.23791562500000007 0.8973890625
0 0.529873934642658 0.1657152363679757 0.4850020998238344 0.15902933647221432 0.3741074629681024 0.9032890329774638 0.4189792977869259 0.9099749328732252
0 0.31675656125719076 0.17293500907172513 0.28831093750000003 0.16826093750000007 0.1655012512428094 0.915660303428275 0.19394687500000013 0.920334375
0 0.595978009445644 0.20848437145024543 0.5688847774615878 0.20471362143354382 0.47335989301594383 0.8910698749832985 0.500453125 0.8948406250000002
0 0.9152859375000002 0.23836875000000018 0.8471070815700912 0.23775533017263206 0.8413671875000002 0.8757187500000001 0.9095460434299092 0.8763321698273682
0 0.2735316168110864 0.1848311579637142 0.24178437500000008 0.17973281250000003 0.12068142954476402 0.9338371627770655 0.15242867135585034 0.9389355082407796
0 0.5561457545574845 0.25694161021201467 0.5110435152162258 0.2507757141736292 0.4234883856587414 0.8912231664616147 0.4685906250000002 0.8973890625000001
0 0.413150999262945 0.34090624348331894 0.37326546308514974 0.3348905277147696 0.2906855585005713 0.882413698454825 0.3305710946783666 0.8884294142233744
0 0.3725584123097766 0.3339648298225792 0.3295186113622196 0.3272664832231211 0.24174180688834834 0.8912707693963219 0.28478160783590534 0.8979691159957799
0 0.430561464946588 0.3543179448905425 0.4092415826245359 0.35124119939941434 0.32748932229104977 0.9177321798518114 0.34880920461310183 0.9208089253429398
0 0.4504187285043348 0.34916560188186846 0.43362656250000003 0.3467187500000001 0.3498422089956654 0.9217109606181317 0.3666343750000002 0.9241578125000002