0 0.11281554735846111 0.0998998330318433 0.0644848203471055 0.09883585645263909 0.061611533051833776 0.7433690446440052 0.10994226006318938 0.7444330212232094
0 0.059877403125000096 0.10763888888888892 0.023449546699472835 0.1073024695651438 0.02214906544947278 0.8026977681762549 0.05857692187500004 0.8030341875000001
0 0.4755912625686908 0.11697685437220288 0.45233598359143407 0.10335565420285324 0.3678769335227433 0.8154332859417617 0.3911322125 0.8290544861111112
0 0.579758592074778 0.10998295014612225 0.5510985562499999 0.09258547222222235 0.45293371417522205 0.8911708970761 0.48159375000000015 0.908568375
0 0.7785397754700878 0.19287408115283922 0.75287019375 0.17500000000000016 0.6609241682799121 0.8270831827360501 0.68659375 0.8449572638888891
0 0.6758672182170176 0.1892787774487162 0.6151949976616009 0.1473507215934167 0.5158010023259681 0.8576155110027659 0.5764732228813848 0.8995435668580654
0 0.8103298688782369 0.21975749769161737 0.7815970503118621 0.198809581872481 0.6846657502463478 0.8553726057431914 0.7133985688127227 0.8763205215623278
0 0.8866093483419346 0.2974463126372553 0.87822355625 0.2922222222222225 0.8155252641580655 0.7892310345849675 0.82391105625 0.7944551250000003
0 0.8897362791568175 0.2101145206917857 0.857037533042005 0.19020651495135224 0.7723397163851875 0.8771966956484556 0.8050384625 0.8971047013888891
0 0.6991251307676484 0.22879492035546856 0.6717216483951688 0.2105593661835159 0.580898529388146 0.8845566932241237 0.6083020117606256 0.9027922473960762
0 0.7486928141473067 0.2847692570510642 0.6992287346708582 0.25030096068758595 0.6163051517735515 0.8379569189142997 0.66576923125 0.8724252152777778
0 0.5194684746724276 0.25469301594232213 0.4779039182661237 0.23017918023450676 0.400329674843696 0.8797169351255181 0.44189423124999994 0.9042307708333335
0 0.9427387466789942 0.2800284665176094 0.90751923125 0.261842951388889 0.8441475121949317 0.8679205461795401 0.8793670276239258 0.8861060613082604
0 0.8037568555480046 0.32302375482162954 0.792195106854176 0.3146017187746184 0.7166357584084757 0.8268371393081649 0.7281975071023042 0.8352591753551761
0 0.6229298230368541 0.24622105175954495 0.5780032916683978 0.21581659665541758 0.48149311537565315 0.9200453387907588 0.5264196467441093 0.9504497938948862
0 0.847551212114454 0.3263396883858472 0.8220694643295147 0.31069889747797774 0.7474897000247893 0.9107199404500584 0.7729714478097287 0.9263607313579278