0 0.5309765625 0.786790625 0.4677125000000001 0.07247343750000002 0.44385058317339476 0.07458678689702564 0.5071146456733947 0.7889039743970255
0 0.3757353444795517 0.7778307535969421 0.3394771663805912 0.13624464101663306 0.2980019574351621 0.13858854385858668 0.3342601355341226 0.7801746564388957
0 0.48045148393773485 0.779017356124495 0.42007500000000003 0.1393546875 0.3818606984937246 0.14296165922784337 0.4422371824314594 0.7826243278523383
0 0.5109254481015272 0.7841503431141054 0.44748124999999994 0.1399203125 0.42045957037753867 0.1425814253223396 0.4839037684790659 0.786811455936445
0 0.2263618458403168 0.7796486753790869 0.21074218750000004 0.1472140625 0.18266939066969537 0.14790739503781022 0.19828904901001213 0.7803420079168971
0 0.5873150562584268 0.798099396999904 0.531771875 0.13821406249999998 0.47526335054653907 0.14297043917981128 0.5308065318049658 0.8028557736797153
0 0.20256967183217736 0.7917483204189343 0.18033169503828597 0.15198564938829667 0.15376202320610863 0.15290920396936253 0.17600000000000002 0.7926718750000001
0 0.16996781909333036 0.80907513490372 0.15238906249999998 0.16419531250000002 0.128446286411588 0.1648479677985609 0.1460250430049184 0.809727790202281
0 0.6370049575222713 0.8032531164972511 0.5719203125000001 0.17372031249999997 0.5270043372492517 0.17836397886093014 0.5920889822715228 0.8078967828581811
0 0.3978871004104062 0.7932593188399708 0.3558015625 0.2344203125 0.3335175870895938 0.23609849366002927 0.375603125 0.7949375000000001
0 0.42586768822974247 0.8148144196051087 0.3771546875000001 0.2162859375 0.35533074927025765 0.2180621428948915 0.40404375000000003 0.8165906250000002
0 0.28746875 0.7570015625 0.2644917594814403 0.28586266904387314 0.24869697740339566 0.28663296536856775 0.27167396792195536 0.7577718588246946
0 0.3016326011304721 0.754750710612455 0.28240625 0.2910234375 0.26728173458392596 0.2916505070318737 0.28650808571439806 0.7553777801443287
0 0.26765625000000004 0.76676875 0.24967031250000002 0.28391093750000007 0.2159817261693849 0.28516580133883623 0.2339676636693849 0.7680236138388362
0 0.3296453125 0.7748375000000001 0.3086375 0.2842296875 0.29421522328406124 0.2848472489765033 0.31522303578406125 0.7754550614765032
0 0.3148921239414871 0.7783993010928774 0.29387031250000006 0.293509375 0.2829827477319909 0.2939813920935583 0.30400455917347796 0.7788713181864357
0 0.14778437500000002 0.79916875 0.13654372312758833 0.2781918649941681 0.1191484375 0.2785671875 0.13038908937241167 0.7995440725058318
0 0.9519796875000003 0.27064218750000013 0.9205506500243791 0.27062456409766344 0.9202312500000003 0.8402328125000004 0.9516602874756215 0.8402504359023372
0 0.9209265625000004 0.2751703125000001 0.8800699311946316 0.2747783432158736 0.8746074311946316 0.8441580307158736 0.9154640625000005 0.8445500000000001
0 0.9790797616106875 0.8481587841874342 0.9752843750000002 0.2780390625 0.9540718008893128 0.27818027831256587 0.9578671875000001 0.8483
0 0.11658556803791224 0.8275565781862756 0.10991718750000004 0.32072500000000004 0.0906651775765899 0.3209782985982215 0.09733355811450212 0.8278098767844971