0 0.5610946805544497 0.6292087621357315 0.4658629812500001 0.5986196555555557 0.4649824337838798 0.6072837356680157 0.5602141330883295 0.6378728422481916
0 0.5578465436315384 0.6143111358389108 0.46296394375 0.5848846166666667 0.4617808626184615 0.5969410030499783 0.5566634625 0.6263675222222224
0 0.5519689298469237 0.5697094247442372 0.45523798125 0.5539871777777778 0.45478107015307634 0.5628717697002074 0.5515120187500001 0.5785940166666668
0 0.5430295923227024 0.5791926204123266 0.46055048125000014 0.5594230777777778 0.4587298745245711 0.5834290024332154 0.5412089855972735 0.6031985450677642
0 0.542435092085116 0.6659709947409032 0.4594230781250001 0.6506880333333336 0.45868029228988433 0.6634392608146529 0.5416923062500001 0.6787222222222224
0 0.535113751898243 0.6505304115984814 0.45926201875000006 0.6215042722222224 0.45786429957472097 0.6330481335717756 0.5337160327229639 0.6620742729480347
0 0.5469900777686257 0.5360285956717935 0.4450144218750001 0.5232222222222224 0.44365895973137437 0.5573346543282067 0.5456346156250002 0.5701410277777779
0 0.42134472472982126 0.6439336578994935 0.35139903750000007 0.6062863222222222 0.34922258152017877 0.6190663421005067 0.4191682687499999 0.6567136777777779
0 0.42495528443595365 0.6247309763558933 0.343490384375 0.5681495722222223 0.34093092811618647 0.5797961804440975 0.42239582817714016 0.6363775845777684
0 0.35545107875931314 0.25235792586733735 0.34720673124999996 0.23343162222222225 0.2843878649906868 0.31991557413266275 0.29263221249999993 0.33884187777777786
0 0.36183724086636015 0.22023125804048221 0.3589759625 0.20614529999999995 0.2728863185086399 0.26141404195951773 0.27574759687500006 0.27549999999999997
0 0.34089663437499995 0.21094444444444443 0.33559435512585256 0.18199276222853114 0.267699132008913 0.22129189435438879 0.27300141125806043 0.2502435765703021
0 0.3391923062500001 0.17548717777777778 0.33608796316678013 0.15964225697092202 0.26449278749999994 0.20397436111111109 0.2675971305832199 0.21981928191796685
0 0.34152453203061806 0.1538790936847935 0.33531996256725993 0.1218465906638535 0.2601220634304733 0.16788087854120864 0.2663266328938314 0.1999133815621486
0 0.33320497264367555 0.11762895208590468 0.32768177165097134 0.0887451035059217 0.24748194570053322 0.13721411475711065 0.25300514669323754 0.16609796333709362