0 0.5839745515297479 0.2863412698501131 0.46167656249999994 0.26003281250000004 0.4531141380190967 0.29983625978304784 0.5754121270488446 0.32614471713316096
0 0.5871543788067874 0.38533173887777916 0.45932343750000004 0.3282125000000001 0.45280755580948 0.34279482473519296 0.5806384971162675 0.3999140636129721
0 0.593666325645998 0.42488255374119677 0.47954687500000015 0.37640468750000006 0.4616630207382169 0.41850422244309177 0.5757824713842148 0.4669820886842883
0 0.5769919685990054 0.2741949854088485 0.4847343750000001 0.24943125000000013 0.48120009652675855 0.2625982468874538 0.5734576901257638 0.28736198229630217
0 0.5765909034190373 0.24344521995263166 0.4856240546863332 0.2189590654065401 0.4821003387672958 0.23204978295390846 0.5730671874999999 0.2565359375000001
0 0.5760256921732243 0.25582821947130646 0.4875210640975112 0.2330117812611252 0.4836109969242871 0.24817887428981886 0.5721156250000001 0.2709953125000001
0 0.5841601620726822 0.34976634883573904 0.4860546874999999 0.3137968750000001 0.4770996259762722 0.33822149028975634 0.5752051005489544 0.3741909641254953
0 0.7091556501139549 0.5060714718581638 0.7063483652728731 0.48446837492007866 0.6144817776589184 0.49640627806191484 0.6172890625 0.518009375
0 0.7045224514896815 0.31460982648652475 0.625425 0.2940234375000001 0.6202670123523639 0.3138415648078212 0.6993644638420454 0.33442795379434587
0 0.7081103415068933 0.4854619139506934 0.707111161422336 0.46908115291226904 0.6172664449154427 0.4745614264615757 0.618265625 0.49094218749999996
0 0.7086809164504434 0.45473790771889033 0.6192158290445756 0.4533224518957223 0.6189546875 0.46982812500000015 0.7084197749058678 0.47124358082316825
0 0.7135116109034778 0.2763945713924609 0.6195375000000001 0.2531515625000001 0.6123330911635797 0.2822798013661548 0.7063072020670575 0.3055228102586156
0 0.7106052264246356 0.38604797290591153 0.6303171875 0.36775937500000005 0.6240686336689906 0.39519090013865543 0.7043566725936261 0.4134794980445669
0 0.7097719919793194 0.3407643944853461 0.630759375 0.31914531250000006 0.6272572194264255 0.331944860469909 0.7062698364057449 0.35356394245525513
0 0.7035781250000002 0.4418156250000001 0.6346984375000001 0.43623906250000005 0.6335712456920526 0.4501617289246975 0.7024509331920527 0.4557382914246976
0 0.7048023889566306 0.415308744119543 0.6371828125000001 0.40306406250000004 0.6353443054530719 0.4132169657512691 0.7029638819097024 0.42546164737081205
0 0.7264988234575832 0.7537392891526281 0.714896307100378 0.7458041969538117 0.6166974836427949 0.8893883453011838 0.6283000000000001 0.8973234375000001
0 0.7149527590422353 0.3590257246077792 0.6345671875 0.33770937500000003 0.6292887012878455 0.3576149469599851 0.7096742728300809 0.37893129656776425
0 0.7086049447915655 0.4257581190109369 0.6416703125 0.4190890625 0.6406765660274572 0.42906289532352 0.7076111983190227 0.43573195183445684
0 0.7274604585973556 0.7786079297005879 0.7108109877944737 0.7683036210520302 0.625027091697118 0.9069113163514425 0.6416765625 0.9172156250000002
0 0.7341291679597864 0.7222260755172323 0.7073734304438931 0.7046308467684093 0.6158708249841067 0.8437719587511772 0.6426265625 0.8613671875000002
0 0.7162205113789438 0.8043313309152678 0.712790625 0.8021906250000003 0.6392794886210563 0.9199717940847327 0.6427093750000001 0.9221125000000002
0 0.7366472305812428 0.8990423258825236 0.7224943408853624 0.8786853903440898 0.6239377353041194 0.9472055644615661 0.638090625 0.9675625