0 0.6608622398379965 0.6554136745638399 0.556266828125 0.6373205111111113 0.5554839164120036 0.6516247865472716 0.660079328125 0.6697179500000002
0 0.6603067340041491 0.6287676258022027 0.5552259625000001 0.6162948722222223 0.5543038441208511 0.6408477575311311 0.6593846156250001 0.6533205111111113
0 0.6661713906255167 0.5488292352937936 0.5482812500000002 0.544098288888889 0.5480906281244835 0.5591109313728734 0.66598076875 0.5638418777777778
0 0.653877662606041 0.6846610367779498 0.5602596156250002 0.6669401722222225 0.5593434905189592 0.6822364021109395 0.6529615375 0.6999572666666668
0 0.6506485368396338 0.7023325801546975 0.5616490375000001 0.6842222222222224 0.5604908850353663 0.7022101531786362 0.6494903843750001 0.7203205111111113
0 0.6464015810624427 0.6664702645688497 0.5582642591102639 0.6522865686380784 0.5575333499228211 0.6666410929581176 0.6456706718749999 0.680824788888889
0 0.6536892284924203 0.5629273384394022 0.5488919417609333 0.5585876424553683 0.548685885143513 0.5743141484604107 0.6534831718749999 0.5786538444444447
0 0.6523502734929837 0.5323989015565955 0.5467392888568031 0.5301923092819807 0.5466535938912311 0.5431550625081546 0.6522645785274117 0.5453616547827695
0 0.6508774031249999 0.5147649555555556 0.650806508430072 0.49571101765885833 0.544076715200955 0.4969660924514525 0.5441476098958828 0.5160200303481497
0 0.6432649261453656 0.5151749804509679 0.5467206646608559 0.5146324885364497 0.5466961228904903 0.5284361414188152 0.643240384375 0.5289786333333334
0 0.64740625 0.4934743611111111 0.6466883049390983 0.45549419761116794 0.5399374014739766 0.46187185063625313 0.5406553465348783 0.49985201413619623
0 0.6313288311511662 0.6124046491347257 0.5551009285469495 0.6027536612087613 0.5546855598957832 0.6131225176295912 0.6309134624999999 0.6227735055555558
0 0.6305610247889719 0.5930241553387323 0.552795671875 0.5857478611111111 0.552280318961028 0.6031553279946011 0.6300456718749999 0.6104316222222222
0 0.643759615625 0.4542905999999999 0.64290464727946 0.4243408346471273 0.5384342233712259 0.4337663458694485 0.5392891917167659 0.4637161112223211
0 0.64428125 0.4231282055555556 0.6433100808055715 0.39874607072445306 0.5373929145756764 0.41207958004544515 0.5383640837701049 0.4364617148765476
0 0.6315762435075551 0.5825124120157389 0.5496706718750001 0.5746410277777779 0.5493442607976365 0.5853755363768939 0.6312498324301916 0.5932469206148548
0 0.6364687499999999 0.3962820500000001 0.634637756210757 0.36343966534364563 0.5344155421763128 0.3810988694786049 0.5362465359655558 0.41394125413495936
0 0.5178538861277953 0.7170460088258218 0.45072115312500005 0.7008803444444445 0.44955476699720476 0.7161890356186226 0.5166875 0.7323547
0 0.5169290175385983 0.691580088973448 0.44881009687500006 0.6780512833333334 0.4475277137114017 0.6984583721376632 0.515646634375 0.7119871777777779
0 0.515197309831796 0.6399849626835751 0.4469014437500001 0.631461538888889 0.4457882682932042 0.6596517873164253 0.5140841343750001 0.6681752111111113
0 0.5077579077653441 0.6677511259197932 0.44973221494012866 0.6587403986539339 0.44928680717478464 0.6678055116230296 0.5073125 0.676816238888889
0 0.5065572088170998 0.6776170889867486 0.45002644375 0.6675598277777778 0.44956779118290024 0.6757076943465848 0.50609855625 0.6857649555555556