0 0.6586016502856364 0.5381063338710748 0.5367948806222272 0.5349141914206361 0.5363526053365909 0.5517906700495615 0.6581593750000001 0.5549828125000003
0 0.6527964939828277 0.6527814027611929 0.5430546875 0.6361375 0.5404316310171724 0.653432659738807 0.6501734375 0.6700765625
0 0.6529036267719175 0.6267475218944425 0.5419019005710307 0.6110511891920841 0.5381310862991132 0.6377177297976417 0.6491328124999999 0.6534140625000001
0 0.6454811558156115 0.6871010981545693 0.5451390625000001 0.667640625 0.5416719691843885 0.6855176518454308 0.6420140625 0.704978125
0 0.6419392069862553 0.708094462619024 0.5468750000000001 0.686153125 0.5426092305137449 0.7046352248809762 0.6376734374999999 0.7265765625000001
0 0.6454374759595202 0.5547731122095888 0.5378286376662272 0.5515885227820619 0.5373567867067071 0.5675325980724734 0.644965625 0.5707171875000002
0 0.6366709887623485 0.6673008316241102 0.5444453125000002 0.6512562500000001 0.5418034244169025 0.6664420566966976 0.6340291006792509 0.6824866383208077
0 0.643319056266652 0.5211126447702794 0.5352819603360255 0.5204169828493572 0.5351905647950979 0.5346108154077488 0.6432276607257243 0.5353064773286709
0 0.6435765625 0.501290625 0.6428472171781751 0.48156762790934343 0.5327175114050989 0.48564016238928776 0.5334468567269238 0.5053631594799444
0 0.640971875 0.4806203125 0.63846455904879 0.44110598301240583 0.5287745327188228 0.4480661809019367 0.5312818486700329 0.4875805103895308
0 0.6348968750000001 0.5176453125 0.6345484375000001 0.5028937499999999 0.53561510320917 0.5052305928711849 0.5359635407091701 0.5199821553711849
0 0.6384205992169296 0.43720485073949994 0.6347218749999998 0.4062906250000001 0.5267557842068735 0.41920819886999816 0.5304545084238033 0.450122424609498
0 0.6396865655968113 0.40368931705105987 0.6361109375 0.37974375 0.5259384344031888 0.39619505794894005 0.5295140625000001 0.4201406249999999
0 0.6209264794342196 0.6076187196818172 0.5418406250000001 0.5991062500000002 0.5405313330657805 0.611270342818183 0.6196171875 0.6197828125000001
0 0.6225112926845444 0.574928642733412 0.5387156250000001 0.5673250000000001 0.5375574573154559 0.5800885447665882 0.6213531250000002 0.5876921875000002
0 0.6216494487813956 0.5879596813851016 0.540278125 0.5799750000000001 0.5382458637186044 0.6006856311148985 0.6196171875 0.6086703124999999
0 0.6341190926768576 0.3777107043481593 0.627084375 0.3420890625 0.5223593974911831 0.3627706092302177 0.5293941151680407 0.398392251078377
0 0.5026792790615494 0.723565659633673 0.43221104515393016 0.7063093600334284 0.42838020359238077 0.7219530753997553 0.4988484375000001 0.739209375
0 0.5029130806425491 0.6962940804196882 0.43107187500000005 0.6815296875 0.42673848185745095 0.7026152945803118 0.49857968750000003 0.7173796875
0 0.5014142909500484 0.6411125095476483 0.4295140625000002 0.6321531250000001 0.4256700840499518 0.6630015529523519 0.49757031250000006 0.6719609375000001
0 0.49186375898076384 0.671432154190031 0.4321484375000001 0.6625687499999999 0.43088624101923634 0.671072533309969 0.4906015625000001 0.6799359375
0 0.4914418112959978 0.680483348517883 0.4322375 0.670534375 0.43058943870400224 0.6803416514821172 0.48979375 0.690290625