0 0.5793407026456886 0.2907820355296301 0.4616754812500001 0.260034188888889 0.4583055623478983 0.3007917141165023 0.5759707837435868 0.3315395607572434
0 0.5840762994483477 0.3839583419475711 0.45932211562500014 0.3282136777777779 0.456995896081025 0.34466714621608263 0.5817500799043727 0.4004118103858758
0 0.5831658435704753 0.4166299406962264 0.4786387032271132 0.37605296802787663 0.472841346875 0.423252138888889 0.5773684872183622 0.46382911155723877
0 0.5748379032605188 0.27361818512468283 0.48473317187499987 0.24943162222222226 0.4835609181677608 0.26323387578026086 0.5736656495532797 0.2874204386827214
0 0.5742361324733543 0.24281101345051145 0.485600699844456 0.21895171627270704 0.4844318736211018 0.23267489171108469 0.57306730625 0.256534188888889
0 0.5735097395799749 0.2551810542619078 0.4868567594200739 0.23284014244263956 0.4855645139321251 0.24868114193344748 0.572217494092026 0.27102205375271565
0 0.5789278875173004 0.3478482950408252 0.4860552875 0.3137991444444445 0.4829724685516289 0.3403748184523605 0.5758450685689293 0.37442396904874115
0 0.7079613949043452 0.506225467948673 0.7070630271928893 0.48437664502248995 0.61623798125 0.4961794888888888 0.6171363489614559 0.5180283118150718
0 0.7013899916356314 0.31379746250934404 0.62542548125 0.2940213666666668 0.6237189716567988 0.3147387005526646 0.6996834820424301 0.3345147963953418
0 0.7075002712417444 0.4854987478228289 0.7071831047709435 0.46907333007931873 0.6179496616541991 0.47451902670093415 0.6182668281249999 0.49094444444444446
0 0.708519497329885 0.46928720304748833 0.7084879086754433 0.45278508523049227 0.6189227394705584 0.45332694329411505 0.6189543281250001 0.4698290611111111
0 0.7094673918392426 0.27539618607836835 0.6195360562500001 0.2531495722222224 0.6171626415012514 0.28347281966526783 0.707093977090494 0.3057194335214138
0 0.7068614950709858 0.38519461197164295 0.6303173062499999 0.3677606833333334 0.6282715133387968 0.3961486036060888 0.7048157021597827 0.41358253224439834
0 0.7074795457223202 0.3401369896582559 0.6307596156249999 0.31914530000000013 0.6295961943509103 0.33258386043492955 0.7063161244482307 0.3535755500931854
0 0.703576921875 0.4418162388888891 0.6346131046894892 0.43623231982194693 0.63425480625 0.45021795000000014 0.7032186234355108 0.45580186906694226
0 0.7039350968750002 0.4151538444444447 0.63718269375 0.40306410000000015 0.6365880116095488 0.41344152556055086 0.703340414734549 0.4255312700049954
0 0.7233587783072357 0.7583288177289306 0.7164870670296792 0.7434760404834896 0.6214287699724436 0.8824720116434479 0.6283004812499999 0.8973247888888889
0 0.7117101407571493 0.35816738556254385 0.6345673062499999 0.3377094000000001 0.6328186111243577 0.3585495946255068 0.7099614456315071 0.3790075801880505
0 0.7081652217583561 0.42571260938802896 0.6416481549884395 0.4190875017599103 0.64133173125 0.4291282055555557 0.7078487980199166 0.4357533131836744
0 0.7230199081028716 0.7857812054804278 0.7126032121742687 0.76540628403046 0.631258785321397 0.8968430285500322 0.6416754812499998 0.9172179500000001
0 0.7282179638638795 0.7312132020040613 0.7120239970763762 0.6975561964771291 0.6264334363374967 0.82771051669529 0.642627403125 0.8613675222222222
0 0.7149273759432005 0.8064069190821835 0.7127908656249999 0.8021923055555557 0.6405726240567995 0.9178964975844833 0.642709134375 0.9221111111111112
0 0.7303839113973943 0.9033972052418842 0.7246236579379365 0.8772104826815187 0.6323310934155421 0.9413731052174124 0.638091346875 0.9675598277777778