0 0.45925800214760903 0.44604249758764664 0.33822500000000005 0.44200937500000015 0.33770367699031534 0.4576541483932116 0.45873667913792426 0.46168727098085816
0 0.4545020127973509 0.348694031534412 0.34603906250000005 0.3295265625 0.34331701912350854 0.3449297883991303 0.45177996942085946 0.36409725743354227
0 0.4566452070145329 0.36511332300199584 0.34664062500000004 0.34718750000000004 0.34256886206109527 0.3721745022763593 0.4525734440756281 0.39010032527835514
0 0.45245525075401344 0.31677908389250914 0.3529531249999999 0.29640625 0.3496322492459867 0.3126256036074909 0.44913437500000014 0.3329984375
0 0.45164101634856496 0.29788296314012336 0.3571609375000001 0.2753046875000001 0.35274661024805043 0.29377669100793913 0.4472266890966153 0.31635496664806245
0 0.4586818539131 0.4319391007998997 0.35099843750000004 0.4265171875000001 0.35026758078403625 0.44103257048941336 0.4579509971971363 0.446454483789313
0 0.45258338952020366 0.3348998374459817 0.3609171875 0.31670625 0.3580284828547676 0.3312606409013421 0.4496946848749713 0.34945422834732376
0 0.4603560124426533 0.4615133192283009 0.3528031250000001 0.4604390625 0.3526777396180737 0.4729924489615553 0.4602306270607269 0.47406670568985626
0 0.462492555444055 0.507159754408397 0.46150187545205473 0.48712350026422435 0.352953125 0.4924906250000001 0.3539438049920002 0.5125268791441727
0 0.4602546875 0.490621875 0.4600703346806757 0.4765105456244803 0.36136874999999996 0.47780000000000006 0.3615531028193243 0.49191132937551973
0 0.4672574250778673 0.5436182412949674 0.4641016637423627 0.505502333051903 0.3562598636644954 0.5144309667569356 0.35941562500000007 0.5525468750000001
0 0.4694923346589504 0.5711499625956041 0.46527880088005824 0.5406966689420587 0.3583567787211078 0.5554904563464544 0.36257031249999994 0.58594375
0 0.4543963179619473 0.38825350145875226 0.3754953125 0.3787046875000001 0.3742394868461301 0.3890814638413618 0.4531404923080774 0.39863027780011395
0 0.4706987488993005 0.5950485035447624 0.4669346950953834 0.5717150227088348 0.3577546961960828 0.5893274566640725 0.36151875 0.6126609375000001
0 0.4559089892041933 0.3985099503498521 0.37669687500000004 0.39045781250000006 0.37488163579580674 0.4083150496501481 0.45409375 0.4163671875000001
0 0.4574590185418246 0.4170731285622208 0.3744437500000001 0.4104906250000001 0.37348316895817557 0.42260499643777943 0.4564984375000001 0.4291875000000001
0 0.47392295913110793 0.6254406237828104 0.4665917823345337 0.5935309672907098 0.3629047607034258 0.6173528435078992 0.37023593749999995 0.6492625
0 0.5639447144204005 0.280252409670505 0.49421875000000004 0.26275156250000004 0.49047937510342 0.2776497853376291 0.5602053395238205 0.29515063250813406
0 0.5658221580112524 0.2996900418974396 0.49436875 0.28385156250000004 0.48994677823445354 0.3038007599481406 0.5614001862457059 0.31963923934558014
0 0.567649776739181 0.3401017726840495 0.49550515963410274 0.3284753856738766 0.49078925054688777 0.3577387720639723 0.5629338676519661 0.36936515907414524
0 0.5625333666352338 0.33099367992003287 0.5030859375000001 0.32017812500000004 0.5013995978747631 0.32944704888882653 0.5608470270099969 0.3402626038088594
0 0.5617462458528717 0.3231533591161808 0.5035359375 0.3105625000000001 0.5015565425425232 0.31971367783176297 0.5597668508953949 0.3323045369479437