0 0.5296339778667954 0.3994134121396574 0.5254375 0.3830859375000001 0.41002539713320446 0.41274908786034264 0.41422187499999996 0.4290765625
0 0.5222490937904727 0.42130860646281254 0.5187140625 0.40632968749999987 0.41387121870952726 0.43107264353718744 0.41740625 0.4460515625000001
0 0.5020096995213493 0.3179103019722817 0.4998125 0.30755625 0.4234246754786507 0.3237662605277182 0.42562187500000004 0.3341203124999999
0 0.5080730877566857 0.3773020965732007 0.5040546875 0.3498625 0.4125565997433142 0.3632619659267994 0.41657500000000003 0.3907015625
0 0.5127823088381285 0.6440484998119954 0.403452636448926 0.6260716738553489 0.4005859526107975 0.6435059865433536 0.509915625 0.6614828125000001
0 0.5100873818973822 0.6188263470917189 0.40293750000000006 0.6074531250000001 0.401139180602618 0.6243955279082812 0.5082890625 0.63576875
0 0.5031389728233523 0.3393355072643317 0.499040625 0.3184484375 0.40777196467664767 0.3363566802356684 0.41187031249999995 0.35724375
0 0.493468317566362 0.6883912274194003 0.39936093749999996 0.6689953125 0.39597386993363787 0.6854290850805997 0.49008124999999997 0.7048250000000001
0 0.4841327215591858 0.6628794020394326 0.39919687500000006 0.6455937500000001 0.3963641534408143 0.6595127854605677 0.48130000000000006 0.6767984375000002
0 0.40096819329402483 0.10242945896410435 0.39195468749999995 0.08299218750000004 0.3076275364607015 0.12209660942928191 0.3166410422547264 0.14153388089338623
0 0.38808721620229486 0.5163801694427695 0.3870359375 0.49756406249999996 0.307318810637097 0.5020179550046507 0.3083700893393918 0.5208340619474203
0 0.3819246381090775 0.5800442955389399 0.30242371738956564 0.5749455805425063 0.3001100167804882 0.6110215975035664 0.3796109375000001 0.6161203125000001
0 0.37613926350933286 0.5493499176441333 0.37577343750000003 0.5188843750000001 0.3010198979651026 0.5197820051315553 0.3013857239744354 0.5502475477756886
0 0.3797503315813042 0.5525334553719529 0.29894397028953923 0.5484322485249612 0.2976670762082351 0.5735909806530083 0.3784734375000001 0.5776921875000001
0 0.36509044893920367 0.6530319504286264 0.29198124999999997 0.6406796875 0.2894298635607963 0.6557805495713737 0.36253906249999995 0.6681328125
0 0.36267633065066207 0.6147687899337709 0.2962062500000001 0.6051406250000001 0.2910299193493381 0.6408765225662292 0.35750000000000004 0.6505046875