0 0.5803069554385598 0.4670113515202511 0.5707078125 0.46667031249999996 0.5641164820614404 0.6521948984797489 0.5737156250000001 0.6525359374999999
0 0.5917625000000002 0.47101562500000005 0.5813977960912208 0.4705367948845248 0.572665879750028 0.6595468936809651 0.5830305836588074 0.6600257237964403
0 0.5699546875 0.5054484375 0.5465109375000001 0.5047796875 0.5420381038819023 0.6615796772335013 0.5654818538819023 0.6622484272335013
0 0.5997281250000001 0.5208453125000001 0.5917256532642423 0.5203759107765148 0.5831740907642423 0.6661649732765149 0.5911765625000001 0.6666343750000002
0 0.6133078125000001 0.5157765625 0.6032461806463932 0.5150930125458132 0.5923302001956392 0.6757726760347952 0.6023918320492461 0.676456225988982
0 0.5054734375 0.647521875 0.5052067697017739 0.6344782949521883 0.3900265639131101 0.6368330818867802 0.3902932317113361 0.6498766619345919
0 0.3122042326905182 0.8290308817646077 0.293890950199296 0.6984632078034922 0.28062812499999995 0.7003234375 0.2989414074912223 0.8308911114611155
0 0.32279009967642747 0.8358731889388116 0.30424508443696296 0.695418181811512 0.29419375 0.6967453124999999 0.3127387652394644 0.8372003196272996
0 0.29505404469328433 0.8392904988070352 0.2737390625000001 0.7015156250000001 0.26065123747624624 0.7035404263997157 0.2819662196695305 0.8413153002067508
0 0.38456250000000003 0.85118125 0.35682620370502616 0.6957451969987403 0.34787656249999993 0.6973421874999999 0.3756128587949738 0.8527782405012596
0 0.39837698990574 0.8455782722892838 0.3750046875 0.7033046875 0.36148077942113205 0.7055263568969923 0.38485308182687206 0.847799941686276
0 0.37349687499999995 0.8377640625 0.35253906249999994 0.7205968749999999 0.34106351948806946 0.7226495169035169 0.3620213319880695 0.839816704403517
0 0.41719635854821985 0.8539472348959354 0.3978078125 0.7092671874999998 0.3765365769839172 0.7121177417867114 0.39592512303213706 0.8567977891826469
0 0.34616718750000003 0.8443234375000002 0.3264648060176268 0.7263382825627807 0.3178684215383011 0.7277737957548508 0.3375708030206742 0.8457589506920703
0 0.3337609375 0.83716875 0.31914932372189464 0.7344456849962521 0.3086740334210375 0.7359357193530353 0.3232856471991429 0.8386587843567831
0 0.3547187500000001 0.8544593750000002 0.33374420687502326 0.7248257903380548 0.32671875000000006 0.7259625000000001 0.3476932931249769 0.8555960846619456