0 0.44450641717419026 0.3490899835274508 0.339920671875 0.3302820500000001 0.3391075066272252 0.3445731339625435 0.4436932519264155 0.36338106748999416
0 0.4458045141928661 0.3648142553024384 0.340615384375 0.34667948888888894 0.3392881536418014 0.3710105064653007 0.44447728345966747 0.38914527287885015
0 0.45191531546850194 0.4411095410180372 0.33401923125 0.43615812222222217 0.33381975430484656 0.451169390095701 0.4517158385233485 0.456120808891516
0 0.44065052483524464 0.3183561796324674 0.3470384624999999 0.30004273333333337 0.3460927681905917 0.31532076676437587 0.4397048305258363 0.33363421306350993
0 0.4394777207570034 0.3007196502957519 0.350509615625 0.27967948888888894 0.34917223624857646 0.29755238133662265 0.43814034138058 0.3185925427434856
0 0.44245465077544066 0.3345831800021466 0.35432932812500006 0.31917521111111125 0.35353651661477026 0.33350633400684315 0.44166183926521096 0.34891430289787856
0 0.45132745338846564 0.42889907371802377 0.346516828125 0.42134615555555555 0.3461586415223921 0.4370553826139207 0.45096926678585775 0.4446083007763889
0 0.453336298872244 0.45684229272520044 0.3477331718750001 0.4549786333333335 0.3476607930782768 0.4679407683598224 0.45326392007552074 0.4698044277516894
0 0.4559754891076677 0.5003383036343452 0.4557502106537054 0.4812564950166525 0.349122596875 0.48523504444444454 0.34934787532896233 0.5043168530621371
0 0.4533302062604874 0.47226375178605307 0.3567596156250001 0.47102136666666683 0.35670344960775224 0.48481940102422394 0.45327404024323964 0.4860617861436102
0 0.4601207731559741 0.5363545991825602 0.4591997033526626 0.4983581904969511 0.35259374999999993 0.5065256388888888 0.35351481980331156 0.544522047574498
0 0.4453115883793248 0.38750177706072714 0.36908653750000003 0.3772264944444445 0.36864476179907063 0.38758413220315246 0.4448698126783953 0.3978594148194351
0 0.4477574388666149 0.39787117950668116 0.36995432812499995 0.38956837777777786 0.36936765842485586 0.4069432211966082 0.4471707691664707 0.41524602292551144
0 0.46167835675989427 0.5622965677100465 0.4604641928538049 0.5323528672394282 0.356240384375 0.5457093999999999 0.3574545482810893 0.5756531004706182
0 0.4626436686546138 0.5853580520884177 0.46148586899524335 0.5609895870111029 0.35571875 0.5768717944444445 0.35687654965937043 0.6012402595217593
0 0.45063907598569175 0.4146196173465472 0.3687379812500001 0.4071538444444446 0.3684282333893084 0.4178931993201198 0.45032932812500015 0.4253589722222224
0 0.46554021113641386 0.6161329955586622 0.46341981029105445 0.5833183702952781 0.36353125000000003 0.60371795 0.36565165084535944 0.6365325752633839
0 0.5504410946723939 0.28442018788931794 0.4833124999999999 0.2676453000000001 0.48210485902436817 0.2829188754918403 0.5492334536967622 0.2996937633811582
0 0.5525240183134623 0.3042935936254325 0.484353365625 0.2880128222222223 0.48282802430129823 0.30819855204730046 0.5509986769897606 0.32447932345051067
0 0.5542845296512513 0.3411977620751952 0.4859158656250001 0.33182478888888894 0.4846955674033565 0.3599567911553983 0.5530642314296077 0.36932976434170456
0 0.5507022287357419 0.33318545028556495 0.4926875 0.32318376111111125 0.4921942038746524 0.33222707411802627 0.5502089326103943 0.34222876329248
0 0.5504246753725621 0.3248436467554688 0.4939014437499999 0.31423504444444456 0.49341822529566776 0.32237209984899223 0.54994145691823 0.33298070216001646