0 0.5428266084276452 0.6999015362875598 0.42432641986977054 0.671848004786225 0.4212738489421254 0.7126003129431097 0.5397740375000001 0.7406538444444444
0 0.5165423637699649 0.7366287727119816 0.426560096875 0.7141068388888889 0.42540234873003513 0.7287259272880185 0.5153846156249999 0.7512478611111113
0 0.5152505548367488 0.7691166826653364 0.42660576875 0.7441923055555555 0.4254374492827078 0.7573247460750887 0.5140822353694566 0.7822491231848695
0 0.514205096555951 0.7510405769377404 0.4277260125465262 0.7291841460103663 0.42649734370040715 0.7445487591263962 0.5129764277098319 0.7664051900537703
0 0.37620482015836293 0.6849212579389188 0.29987740312500005 0.6654444444444445 0.29827835171663714 0.6852496809499701 0.37460576875000007 0.7047264944444444
0 0.38214126568265727 0.7157427712761979 0.2921123767726398 0.6951653797243893 0.2898821673399826 0.726003802892636 0.3799110562500001 0.7465811944444446
0 0.37072113970656595 0.666246265841477 0.29288942187500006 0.6449487166666668 0.2916682821684341 0.6590528786029677 0.36950000000000005 0.6803504277777779
0 0.3733729668580967 0.3667928565481822 0.3686009625 0.3529145277777778 0.2871654956419033 0.44141227122959553 0.2919375 0.4552906
0 0.3620647051208185 0.43578134064227264 0.35932932812499996 0.4264017111111111 0.2968367386291814 0.48400071491328295 0.299572115625 0.49338034444444445
0 0.38182794352017685 0.1492490207929876 0.37666826875 0.13341025555555563 0.27485423108057266 0.23823495190499452 0.28001390585074953 0.2540737171424265
0 0.3720467054841946 0.3466091713554486 0.3672211531249999 0.3331282055555556 0.28579944764080534 0.42524125642232935 0.290625 0.43872222222222235
0 0.3623374126000133 0.4035993980204992 0.35868028750000003 0.3924658111111112 0.2948308561499868 0.45875102975727866 0.29848798125 0.4698846166666668
0 0.372923452831978 0.3232125458493263 0.36601201875 0.3047735055555556 0.28329145962111457 0.40276723009493165 0.29020289370309255 0.42120627038870234
0 0.36720416728866595 0.6362981933168681 0.289884615625 0.612670938888889 0.2878222764613341 0.6340009511275765 0.365141828125 0.6576282055555556
0 0.3585741497978382 0.42246912764243816 0.35573798124999995 0.413034188888889 0.2938825814521617 0.47180010569089526 0.29671875 0.4812350444444445
0 0.37346532097735335 0.13633183105768923 0.36534692000147306 0.1133616825335103 0.27638521925113485 0.21273383977746838 0.28450362022701514 0.23570398830164732
0 0.37542352971990545 0.20304164891720453 0.36195913437500005 0.1637777777777778 0.26993177762841475 0.2635169211567729 0.2833961729733201 0.3027807922961996
0 0.3642730761339993 0.11812088348486485 0.359853365625 0.10392735000000002 0.2776884613660006 0.18478937207069074 0.282108171875 0.19898290555555556
0 0.3646442244545881 0.2697088757196645 0.359740384375 0.2554658111111112 0.27442539410557043 0.3483011114023965 0.27932923418515854 0.3625441760109498
0 0.35974767521130896 0.10440309265039474 0.3518149031249999 0.07653846111111114 0.27312972791369095 0.14733622401627192 0.2810625 0.17520085555555553
0 0.3671455332184995 0.05761099900954944 0.36104314118307396 0.03170043064107039 0.2681163319383615 0.10087064740705676 0.2742187239737871 0.1267812157755358
0 0.3583070569040346 0.261555413105261 0.34815865312499994 0.2242948722222223 0.2657914993459654 0.2951967257836281 0.275939903125 0.33245726666666675
0 0.34713448751982934 0.3250987290157688 0.339658653125 0.3033974333333334 0.27504339685517054 0.3737474209842312 0.28251923124999995 0.3954487166666666