0 0.636495476308984 0.43107952466374855 0.6114658843907461 0.42899853672740634 0.5942195551599719 0.6364329841815443 0.6192491470782098 0.6385139721178864
0 0.6579093750000002 0.4738171875000002 0.650954833241866 0.47323579498199886 0.6378406250000002 0.6301062500000001 0.6447951667581343 0.6306876425180014
0 0.6409796875 0.47251093749999995 0.6330444924380817 0.4718505667947352 0.6197261265240166 0.6318876953220246 0.6276613215859349 0.6325480660272894
0 0.6504292731177798 0.47569170170022285 0.64124210196175 0.4749513454479285 0.6287397180168042 0.630094954763931 0.6379268891728339 0.6308353110162253
0 0.6122062500000001 0.7216734375 0.5997272447503272 0.7208297939375887 0.5906982133277726 0.8543854038440829 0.6031772185774453 0.8552290474064941
0 0.6390203125000001 0.714 0.6209521216041782 0.7125132631001285 0.6080153672196824 0.8697325719177453 0.6260835581155042 0.8712193088176166
0 0.4963355086374522 0.8706681814159747 0.44906849049785685 0.721002871739673 0.43941041278429943 0.7240530677768688 0.48667743092389476 0.8737183774531705
0 0.48616676135617176 0.8690720830025551 0.4380515625000001 0.7234453124999999 0.42860629431583525 0.726566036494377 0.4767214931720069 0.8721928069969321
0 0.5047984375000001 0.8551265625000001 0.46865781250000005 0.7407406250000002 0.460944563468573 0.7431776521981767 0.4970851884685731 0.8575635896981766
0 0.4678943144199275 0.8748770283050353 0.4145890625 0.7239281250000001 0.40072408060883175 0.7288243272008234 0.45402933252875927 0.8797732305058584
0 0.3623890625 0.8911562499999999 0.30374218750000004 0.713953125 0.29338396383591775 0.7173812668482291 0.35203083883591774 0.8945843918482291
0 0.5122336841112451 0.8605126727357326 0.4779375 0.7455 0.47156169962395766 0.7474012306935578 0.5058578837352028 0.8624139034292904
0 0.5199550962694741 0.8632015966473418 0.4843453125 0.7464343750000001 0.47862704263215167 0.7481782407069753 0.5142368264016259 0.8649454623543169
0 0.3509015740160069 0.8868351347069725 0.29814531250000004 0.73175 0.2814035045732674 0.7374451634913449 0.3341597660892743 0.8925302981983172
0 0.3898702660379863 0.8918243316385311 0.33495312499999996 0.728084375 0.3084018885291134 0.7369894585723837 0.3633190295670997 0.9007294152109149
0 0.3316625000000001 0.8871171875000001 0.28623900447982387 0.7458001282303204 0.27730590356901363 0.7486714918951212 0.32272939908918985 0.889988551164801
0 0.47385921199383585 0.8829670676530389 0.4341640625 0.7536171875000002 0.4245394364572007 0.756570811957473 0.4642345859510364 0.8859206921105116
0 0.42115547266826125 0.898600532399618 0.369978125 0.7439124999999999 0.36021271863643534 0.7471433097067192 0.4113900663046966 0.9018313421063373
0 0.3174080941626879 0.8889071048552678 0.278675 0.7536078125 0.2605600369407949 0.7587937122760566 0.2992931311034827 0.8940930046313242
0 0.29052864019607066 0.9022408257825332 0.25304218750000007 0.74175625 0.23636539871721274 0.745651662694834 0.2738518514132834 0.906136238477367
0 0.44834568733021973 0.8851423147230078 0.41416056894009906 0.7678185313581114 0.40017840910503055 0.7718925713830977 0.4343635274951512 0.8892163547479941
0 0.4114509061744232 0.8959124178520526 0.3646626531052976 0.7594124359687846 0.34218057661141615 0.7671186427389418 0.3889688296805417 0.9036186246222095
0 0.4324630047337843 0.895123295617014 0.39245070081692957 0.7624846073725015 0.3793342818666495 0.7664413574601676 0.4193465857835042 0.89908004570468