0 0.5882625965328636 0.5888332860824542 0.5858208099739748 0.5713141764912915 0.4723629009411111 0.5871277654088372 0.47480468749999993 0.604646875
0 0.5840688029629706 0.5682414505473479 0.5828140625 0.5550265624999999 0.47904994703702936 0.5648788619526521 0.4803046875 0.5780937500000001
0 0.5858983412419408 0.6319062944914668 0.5831999999999999 0.6034140625000001 0.49222665875805915 0.6120296430085334 0.494925 0.640521875
0 0.5843840786244223 0.5467596675130155 0.5829820440727644 0.50742236035851 0.4949604654483421 0.5105595678454945 0.49636250000000004 0.549896875
0 0.5965450530024212 0.372314274381009 0.489984375 0.35484375 0.4870388836625768 0.3728096419858905 0.593599561664998 0.39028016636689944
0 0.601000820670217 0.3526478678061076 0.4926234375 0.33451250000000005 0.4897688319581676 0.3515716896406314 0.5981462151283846 0.36970705744673893
0 0.6023798557647846 0.4572432950607498 0.601644097163204 0.4276475345437711 0.49276736639841934 0.4303542394830213 0.493503125 0.45994999999999997
0 0.605367222989397 0.3864114185230254 0.4959234375000001 0.37712968750000003 0.4920042074497255 0.42334255144119676 0.6014479929391224 0.4326242824642222
0 0.6043873435112707 0.31181638160693104 0.5097812500000001 0.29463281250000006 0.5055876564887296 0.31772111839306916 0.6001937500000001 0.3349046875000001
0 0.6042086781076229 0.338385855734309 0.5199015625 0.3196562500000001 0.5165803652842834 0.33460587369166295 0.6008874808919064 0.3533354794259719
0 0.706770517903786 0.3991162537119992 0.62593125 0.3876859375 0.6233210285182988 0.4061463536191929 0.7041602964220848 0.41757666983119207
0 0.7106710125996689 0.4480233660168714 0.6305500000000002 0.4416421875000001 0.6286315426068292 0.4657300183863759 0.7087525552064979 0.47211119690324727
0 0.710334649369085 0.41582220746968057 0.6342890625000001 0.40801718750000004 0.6311899008232956 0.43821282689909 0.7072354876923804 0.44601784686877055
0 0.7115796157938993 0.33922540629745923 0.6371500000000001 0.3243468750000001 0.6343353220548513 0.33842725658153144 0.7087649378487505 0.3533057878789906
0 0.7086801029225256 0.37660747899695235 0.6470484375000001 0.3650093750000001 0.6430319906133026 0.3863525454676326 0.7046636560358281 0.39795064946458486
0 0.7148514820248384 0.3543249998521104 0.6467681563779315 0.3425610770099216 0.6436385493530933 0.3606735771578114 0.7117218750000001 0.37243750000000014