0 0.5127684566603511 0.4090326341642103 0.37639423125000004 0.39756837777777787 0.37587161222757004 0.41721674952951143 0.5122458376379211 0.4286810059159439
0 0.5126775324059516 0.28901727924256443 0.38940384687499996 0.2557777777777778 0.38768736526492276 0.2758969440654364 0.5109610507958743 0.30913644553022307
0 0.5131342688996187 0.307488410089353 0.38959375000000007 0.2782307666666668 0.3871175965032828 0.3112755256039575 0.5106581154029014 0.34053316902664377
0 0.5121963728169134 0.3926585762878118 0.39242067187499996 0.3784658111111112 0.39169755726194877 0.39775277148800164 0.5114732582038621 0.41194553666470224
0 0.5129424144175136 0.42847290065741317 0.39204326875000006 0.42102991666666667 0.3916960542880215 0.4388548904336789 0.5125951999555352 0.4462978744244254
0 0.5137347517228777 0.48400866584066543 0.513584550856222 0.4589359863712008 0.391478365625 0.4612478611111111 0.3916285664916557 0.48632054058057567
0 0.5152222468072891 0.5867490737448361 0.5136183049626892 0.5565759974835632 0.392610578125 0.5769059833333334 0.3942145199696 0.6070790595946062
0 0.5106683685061439 0.24620384680751914 0.3999639437499999 0.21220940000000005 0.3976930882785155 0.23558169946328802 0.5083975130346595 0.26957614627080706
0 0.5166580532626985 0.5273847196050417 0.5155821785095889 0.47945868631017496 0.39393028750000003 0.48808974444444453 0.3950061622531097 0.5360157777393113
0 0.5164955106366619 0.5593643798902618 0.5151368201803184 0.5232225146457575 0.39619230625 0.5373547 0.39755099670634353 0.5734965652445042
0 0.5115981663709559 0.44584976284638417 0.40090624999999996 0.44180769444444445 0.40068257185656 0.4611670431943793 0.511374488227516 0.465209111596319
0 0.5102849368391551 0.22143913352008476 0.40543269375 0.1850598277777779 0.40253627660335284 0.21144375104046678 0.507388519692508 0.24782305678277367
0 0.5160225023375589 0.6210120381913743 0.5127083304772515 0.5802541899308066 0.4000440000146927 0.6092079628505437 0.403358171875 0.6499658111111112
0 0.5113809367988514 0.26801741476334345 0.4075072125000001 0.24035897222222233 0.405790638091994 0.26073387578610097 0.5096643623908453 0.288392318327222
0 0.5117570404112112 0.3748017502549936 0.41938701875 0.3610384611111112 0.4186612283387888 0.37643329418945093 0.51103125 0.3901965833333334
0 0.5095876592440841 0.335685664108106 0.4224038468750001 0.3194786333333335 0.42158301575591606 0.3334339970030053 0.5087668281250001 0.3496410277777779
0 0.5108729324797471 0.3500251697773973 0.4224038468749999 0.33388888888888896 0.42083796822618125 0.3610220967736515 0.5093070538309284 0.37715837766215987
0 0.6352277720528049 0.28242764432001305 0.560625 0.2634871777777779 0.5576432005055422 0.3006062981431797 0.632245972558347 0.3195467646854148
0 0.6390138128069974 0.23395475702955468 0.5634999999999999 0.2085042722222223 0.5607150870662609 0.23461968579899933 0.6362288998732585 0.26007017060633175
0 0.6338966582747585 0.27142832819315876 0.5706070759998568 0.25443302361496367 0.5696754812500001 0.26539743333333343 0.6329650635249018 0.2823927379115286
0 0.6403126158958147 0.20800407640133903 0.56551201875 0.1804188055555557 0.563132940082221 0.20080760067455708 0.6379335372280357 0.2283928715203404
0 0.6346790924289336 0.26162366474686555 0.57080769375 0.24304273333333348 0.5698003385449623 0.2539867445016758 0.6336717372238959 0.2725676759152079