0 0.6304218750000001 0.42980937499999994 0.6059771040981585 0.42799024870103664 0.5905524269184734 0.6352615635663843 0.614997197820315 0.6370806898653476
0 0.6371109375 0.4724609375000002 0.6288576942736573 0.4717434664374264 0.6149284861214231 0.6319745180122961 0.6231817293477658 0.6326919890748699
0 0.6562050848260961 0.4743727360055269 0.6487354412961885 0.4737900370401379 0.6364940094668017 0.630713487213327 0.6439636529967092 0.6312961861787161
0 0.6485332621486349 0.47639993342634684 0.6393565443309538 0.4757206859314647 0.6279539647212096 0.6297709492900678 0.6371306825388906 0.6304501967849501
0 0.46285514962855423 0.5912681197207046 0.3451015625000001 0.590828125 0.345022975371446 0.6118600052792955 0.4627765625000001 0.6123000000000001
0 0.42859437732330974 0.6416040844160589 0.42798749999999997 0.6306890624999999 0.4210915601766903 0.6310724780839411 0.4216984375 0.6419875
0 0.4199288167407641 0.6402240820927795 0.3165906250000001 0.6255218749999999 0.31520555825923613 0.6352571679072205 0.4185437500000001 0.6499593750000001
0 0.3984765625 0.6471703125000001 0.39624501563092346 0.6376640407178614 0.31812157813092345 0.6560031032178614 0.320353125 0.665509375
0 0.6383203125000001 0.7141390624999999 0.6205469006116491 0.7128045041516328 0.6087733578451735 0.869602462989248 0.6265467697335245 0.8709370213376152
0 0.4860640625 0.8697640625 0.438578125 0.7225218750000001 0.42865903401234995 0.7257208042110752 0.4761449715123499 0.8729629917110753
0 0.4962492890617248 0.871559505300751 0.44926093749999996 0.7219765624999999 0.43968475709068694 0.7249847192006651 0.48667310865241176 0.8745676620014162
0 0.50540625 0.8570749999999998 0.46905625000000006 0.74301875 0.4618716576179482 0.7453084967967567 0.4982216576179481 0.8593647467967566
0 0.467056978596709 0.8745713099429336 0.41484843750000006 0.7246890625000001 0.4015117402275795 0.72933463940801 0.45372028132428854 0.8792168868509436
0 0.3613406250000001 0.890984375 0.3039375000000001 0.7138859375000001 0.29372631405220384 0.7171957012203016 0.35112943905220384 0.8942941387203016
0 0.3504269797658458 0.8863845729535746 0.2984125 0.7313171875 0.2817566316921808 0.7369040897524987 0.33377111145802657 0.8919714752060732
0 0.3886800987453068 0.8930419122250681 0.33474375 0.729021875 0.3088627935235976 0.737532568681028 0.36279914226890436 0.901552605906096
0 0.33087031250000004 0.8870015625000001 0.28453125 0.746359375 0.27767592609559666 0.7486180805030263 0.32401498859559663 0.8892602680030262
0 0.4745744225224876 0.8835573918239288 0.434378125 0.7526093750000001 0.4244348771396226 0.7556615918951439 0.4646311746621102 0.8866096087190725
0 0.4213157756047575 0.8982010835187371 0.36998125000000004 0.7437265625000002 0.3608990584340052 0.7467447301072998 0.41223358403876265 0.9012192511260366
0 0.31722343750000004 0.8884046874999999 0.2784796875 0.7542109375 0.26060110114635304 0.7593727537547743 0.29934485114635306 0.8935665037547741
0 0.2927693088918912 0.9015976053316235 0.2532125 0.741790625 0.236772740616893 0.7458599367334222 0.27632954950878413 0.9056669170650457
0 0.44780839431647285 0.8846641323452207 0.4142578125 0.7670546874999999 0.40005376112576324 0.7711066935985227 0.433604342942236 0.8887161384437435
0 0.4053586297517785 0.8975749831778392 0.367636401050763 0.7584753711963379 0.34363046003122477 0.7649855086756757 0.38135268873224026 0.9040851206571769
0 0.43259786293335506 0.8954162234646402 0.39286411463369164 0.7626944232695748 0.3792742749452462 0.7667628978443609 0.41900802324490966 0.8994846980394262