0 0.5870303769893661 0.5282047928307716 0.5856061271405268 0.512380071920665 0.47382106265116064 0.5224409040898934 0.4752453124999999 0.538265625
0 0.5867055981412472 0.3689911840731684 0.48159687500000004 0.3543890625 0.4791785084453372 0.3717969041875523 0.5842872315865844 0.3863990257607205
0 0.587226518662351 0.44078591669664186 0.48275781250000005 0.44039687499999997 0.48259219209377513 0.48487064144136244 0.5870608982561261 0.4852596831380043
0 0.59123289348219 0.35238144889847306 0.4834203125 0.3343625 0.48047830447197415 0.3519653846387748 0.5882908854541641 0.36998433353724786
0 0.5901364189270225 0.4251245822082571 0.4840843750000001 0.4194828125000001 0.48314125832361976 0.4372111949693185 0.5891933022506421 0.4428529646775755
0 0.5927243984483117 0.5130325471134797 0.5905501036938372 0.48477353127633005 0.4830585177455255 0.4930441091628503 0.48523281249999994 0.521303125
0 0.5920906574971352 0.3834526518418261 0.5038046875 0.3755984375 0.5002062175028648 0.416047348158174 0.5884921875 0.4239015625000001
0 0.5947106932643346 0.33781642192638006 0.5117593750000001 0.32140156250000007 0.5089362935784204 0.3356678025819127 0.591887611842755 0.3520826620082927
0 0.6014498462890445 0.31726403740808273 0.5084453125 0.2984281250000001 0.5050903366431753 0.3149937130467782 0.5980948704322196 0.3338296254548608
0 0.692844667851252 0.8519430226041693 0.683460737668516 0.8321406373061402 0.603764507317264 0.8699069897019708 0.6131484375 0.889709375
0 0.6938809427420652 0.8304208717061712 0.687552481560515 0.8152354017774754 0.6044356013184498 0.8498739050713044 0.6107640625 0.8650593750000002
0 0.6985812435832921 0.8808202580872356 0.6891989383465769 0.8627542789322687 0.604911444763285 0.9065277708450331 0.6142937500000001 0.92459375
0 0.6988404553101093 0.7415930573808016 0.6895831783434566 0.7199374385604863 0.6156411605333473 0.7515459436796847 0.6248984375 0.7732015625
0 0.7001843501185256 0.7850365428709086 0.6933100152332117 0.7715324082224324 0.6216709776146859 0.8080005528515241 0.6285453124999999 0.8215046875000003
0 0.6965113008012567 0.8104726827159036 0.6898560775486002 0.7946789050595406 0.6257275892473435 0.8217015348436373 0.6323828125000001 0.8374953125000001
0 0.7034115139434287 0.7673809674915066 0.6979845945683031 0.7564714668046262 0.6220340181248744 0.7942529993131195 0.6274609375 0.8051625