0 0.6240714388216574 0.5827741812613266 0.48769267286461704 0.5725635392538417 0.48722700279295966 0.5922209802147376 0.6236057687500001 0.6024316222222225
0 0.6122146433353345 0.7240444358459196 0.4888480315846023 0.6927700247540468 0.48722954137426794 0.7129478111303497 0.6105961531250002 0.7442222222222225
0 0.612551887933533 0.6885577226722314 0.48898898007219965 0.6633280930582491 0.4868433421386668 0.6965396037193514 0.6104062500000002 0.7217692333333335
0 0.6081546963971565 0.6022202797790982 0.488376436612599 0.5909428879037351 0.4878010683404427 0.6102567970135259 0.6075793281250002 0.621534188888889
0 0.6083203579158756 0.5617700348621001 0.48741638182165764 0.5536917049949083 0.4870394772772172 0.5715198156418412 0.6079434533714351 0.5795981455090331
0 0.6085216343749998 0.538752138888889 0.6084327344480848 0.5136805279693841 0.48628805923187174 0.5150493552433532 0.4863769591587868 0.540120966162858
0 0.607389421875 0.4230940166666667 0.6060297701766351 0.39289826694655783 0.4847891222333714 0.41015207839075885 0.4861487739317362 0.4403478281108678
0 0.6021589940139793 0.7643074127022217 0.49136225572691156 0.7326509676804653 0.4892393179629323 0.7561341549782439 0.6000360562500001 0.7877906000000002
0 0.6060697125 0.5119102555555556 0.6056007214001069 0.46401289030945114 0.48349090235935277 0.46779173037140054 0.4839598934592459 0.515689095617505
0 0.6038076937499999 0.46264530000000004 0.6029360896381675 0.42647277923330723 0.4835843096063476 0.43556195166821127 0.48445591371818 0.4717344724349041
0 0.5991534701372188 0.5388253709058665 0.4885913468750001 0.5377478611111113 0.48853162673778144 0.5571147957608005 0.5990937500000001 0.5581923055555557
0 0.5973027234685955 0.7884025173739172 0.4923407959712304 0.75420868495995 0.489605378752635 0.7807463398082551 0.59456730625 0.8149401722222223
0 0.5991742091104361 0.39105639658747804 0.596641828125 0.3500341888888889 0.48393220315372065 0.37202422618410175 0.4864645841391567 0.41304643388269097
0 0.5941727069958571 0.7407171907075288 0.4903499737477973 0.7115881170041798 0.48854537214713484 0.7319164641374005 0.5923681053951947 0.7610455378407497
0 0.5813410278385442 0.6244229203545905 0.48896875000000006 0.6098034166666668 0.4881982559290636 0.6251896839145975 0.5805705337676077 0.6398091876025211
0 0.5784035227153727 0.6676787165006214 0.491233171875 0.6503589722222224 0.49035704822211085 0.6642952781104108 0.5775273990624835 0.6816150223888098
0 0.5787974116757953 0.6388677695346618 0.49047836562500013 0.6265598277777779 0.4892771070742047 0.6538031693542273 0.5775961531249999 0.6661111111111113
0 0.441905189726702 0.699140450985276 0.36753125000000003 0.6832264944444445 0.36500106027329804 0.7205988656813909 0.43937500000000007 0.7365128222222224
0 0.4392260157630353 0.7653215166359901 0.36371394375000016 0.7404658111111113 0.3609879279869649 0.7666400222528994 0.4365000000000002 0.791495727777778
0 0.43032451875 0.7346025666666669 0.366966346875 0.7184145277777779 0.3660790589896168 0.7293901183258266 0.4294372308646167 0.7455781572147155
0 0.43667692949516096 0.7990385866187656 0.36180769375000016 0.7738247888888891 0.3596187455048394 0.7943673967145681 0.4344879812500002 0.8195811944444447
0 0.43009975757427676 0.7459021907760585 0.36610125229258983 0.7292991976589213 0.36519380096831316 0.7403542735495298 0.42919230625000004 0.7569572666666669