0 0.63601201875 0.4310128222222223 0.6129025800127406 0.42470787258238124 0.5947242462024561 0.6352877150047992 0.6178336849397155 0.6415926646446404
0 0.600778846875 0.4306837611111112 0.5910680422969257 0.42614365211320987 0.5579920272315622 0.6497360649103497 0.5677028318096367 0.654276173908251
0 0.55912019375 0.4401068388888889 0.5305463321920677 0.42759129575025767 0.49855186085336645 0.6584515234404598 0.5271257224112987 0.670967066579091
0 0.6587443832838253 0.4739891516776216 0.6515541929300033 0.4719138141270212 0.6370822153440303 0.630379221558927 0.6442724056978524 0.6324545591095274
0 0.6412644218750001 0.47277777777777796 0.6337978844638603 0.47075018384079736 0.6199514856524393 0.6319000852849571 0.6274180230635792 0.6339276792219378
0 0.6508201390762307 0.4767703564497897 0.6417646367164835 0.47431209951428654 0.6285562201105046 0.6280889564038287 0.6376117224702518 0.6305472133393318
0 0.6067572125 0.47547863333333346 0.5923992445329876 0.46984251529714827 0.571904035248754 0.6348562919446457 0.5862620032157664 0.6404924099808309
0 0.58146394375 0.46915812222222225 0.5570538494605373 0.4579068167805401 0.5291066312896726 0.6495353052400186 0.5535167255791353 0.6607866106817007
0 0.5225841343750001 0.7093418777777779 0.511187345806514 0.7054224300585737 0.4934633546132147 0.8683048029408547 0.5048601431817008 0.8722242506600589
0 0.6164663468750001 0.7234059833333336 0.6045800305681083 0.7200782138633054 0.5926451451153152 0.8548091264963635 0.604531461422207 0.8581368959663918
0 0.53370673125 0.7135982888888889 0.5241009625 0.7101538444444445 0.5061249583053805 0.8685924640562446 0.5157307270553806 0.8720369085006889
0 0.5107144552421485 0.7019535369431864 0.5010432687499999 0.6987136777777778 0.4816757160888832 0.8814325128881554 0.49134690258103186 0.8846723720535639
0 0.5435817312500001 0.7130128222222224 0.5343392993704177 0.709524592950182 0.5152489339065005 0.8693885008283914 0.5244913657860828 0.8728767301004317
0 0.6387235562500001 0.7130042722222224 0.6217441736075269 0.7087423536657479 0.6090510220471809 0.8685660466204391 0.6260304046896541 0.8728279651769136
0 0.5784591343750001 0.7314059833333335 0.5620324546301365 0.7269636405382786 0.5503085491230089 0.8639776508610777 0.5667352288678724 0.8684199936561326
0 0.6032884625000002 0.7325982888888892 0.5949168076862181 0.730097322322634 0.5820315196061292 0.8664151026982947 0.5904031744199114 0.86891606926455
0 0.5470288468750001 0.7399957277777779 0.5408274950039329 0.7375717747035645 0.5257188336428672 0.8597357341137205 0.5319201855139343 0.8621596871879338
0 0.55969230625 0.7442393166666667 0.5542717023134042 0.7427526275046862 0.5438982859036423 0.8622901523001634 0.5493188898402381 0.8637768414621438
0 0.5930264437500001 0.7392649555555557 0.581465344767665 0.7358231302377533 0.5685047687955384 0.87341397692801 0.5800658677778735 0.8768558022458125
0 0.5540312500000001 0.7518803444444447 0.5485070233977856 0.7501490246918837 0.5366931784652049 0.8692843111715983 0.5422174050674193 0.8710156309241591
0 0.4569975968750001 0.8282564111111114 0.4564537137265109 0.8103247175484319 0.33889423125 0.8215940166666666 0.33943811439848914 0.8395257102293461
0 0.45800240312499996 0.8451196555555557 0.45764411042956843 0.8342582826069337 0.3495513223238834 0.8455277889747402 0.349909615019315 0.8563891619233621
0 0.4510249933678236 0.8833119476410167 0.448767411522199 0.8617522899472225 0.32759394218741794 0.901854114415265 0.3298515240330425 0.9234137721090592