0 0.45963957861630256 0.6538516612596703 0.45116625550578016 0.4547824374566639 0.4411359375 0.4552093749999999 0.44960926061052237 0.6542785988030063
0 0.4690652501732001 0.6477802149604819 0.46350750968534005 0.46476014080455974 0.45601257201214 0.46498773834407797 0.4615703125 0.6480078125000002
0 0.44187473687632944 0.6493634925781919 0.436952564775721 0.49048411271634923 0.4207950153993917 0.49098468263815737 0.4257171875000001 0.6498640625000001
0 0.49499999999999994 0.6476171875000001 0.4941020585057109 0.4934052884249366 0.47193281249999997 0.493534375 0.47283075399428903 0.6477462740750635
0 0.5816627603795028 0.4819477588119332 0.5713140625000002 0.4814109375000001 0.5616247396204973 0.6681991161880669 0.5719734375000001 0.6687359375
0 0.5930859375 0.48688593750000014 0.583249079290268 0.48636513992148805 0.5732791892794863 0.6746770646483427 0.5831160474892183 0.6751978622268547
0 0.540104559801658 0.6812197638146139 0.5391932248240546 0.48837124653801134 0.5225281249999999 0.48845 0.5234394599776032 0.6812985172766026
0 0.5691140625000001 0.4927515625000001 0.5429437500000001 0.4923609375000001 0.5400750071338473 0.6845552345607775 0.5662453196338473 0.6849458595607775
0 0.61551875 0.5173906250000001 0.6021472768622684 0.5166222660732585 0.5928671875 0.6781203125000002 0.6062386606377316 0.6788886714267417
0 0.6014828452812095 0.5348235002401253 0.5927015625000001 0.5342062500000001 0.5823265297187905 0.6818061872598749 0.5911078125 0.6824234375
0 0.5631904288530377 0.7235665803713615 0.5526203125000001 0.72309375 0.5463267304148085 0.8637866896821802 0.556896846767846 0.8642595200535416
0 0.5328265625000002 0.7320890624999999 0.5191992814022841 0.7317456047482758 0.5156290242035786 0.8734017420567692 0.5292563053012947 0.8737451998084934
0 0.5517733393030231 0.7377304620306044 0.5346265625000001 0.7371734375 0.5302922719620617 0.8705950524742061 0.5474390487650848 0.8711520770048106
0 0.5988707937644369 0.7427766648927087 0.5906671875 0.7422578125000001 0.5824635812355633 0.8719655226072918 0.5906671875000001 0.8724843750000002
0 0.5760765679639828 0.7590064990357096 0.5636887229159511 0.7582687368022268 0.5573782970180499 0.8642277770762986 0.5697661420660816 0.8649655393097813
0 0.5887850979934468 0.7568074811550944 0.5783243044331109 0.7562354121760724 0.5717531250000001 0.8763953125000002 0.582213918560336 0.8769673814790222