0 0.5822953933329158 0.42345838233327066 0.4860875000000001 0.3189312500000001 0.4774220518513143 0.32690702138644334 0.5736299451842302 0.431434153719714
0 0.5865824467811069 0.43676588561647806 0.4897 0.3392640625000002 0.4797256119335051 0.34917508867508895 0.576608058714612 0.44667691179156693
0 0.5930184726703389 0.46260732544953703 0.5026453125000001 0.373509375 0.48392371482966123 0.3924989245504629 0.5742968750000002 0.481596875
0 0.5888638085223274 0.4958356628784474 0.49218124999999996 0.40502343749999986 0.482909585139209 0.4148944463511449 0.5795921436615364 0.5057066717295924
0 0.6098223711263409 0.5268573448192595 0.49923124999999996 0.42577499999999996 0.47425931922298253 0.45309603045549396 0.5848504403493234 0.5541783752747536
0 0.6009361852641089 0.5670906682567706 0.4992312500000001 0.4739328125 0.483358517843708 0.4912618416334652 0.5850634531078167 0.5844196973902358
0 0.5996912031824146 0.33315252879632123 0.506559375 0.29592187500000006 0.4998968420245641 0.31258808450903863 0.5930286702069787 0.3498187383053598
0 0.5957545746729055 0.39037618244011874 0.5149890625 0.31946562500000014 0.5062530633474409 0.3294157293479222 0.5870185755203464 0.4003262867880408
0 0.6120406249999999 0.7563015625000001 0.5516703125 0.5761953125 0.5444988566356134 0.5785991326429044 0.6048691691356134 0.7587053826429045
0 0.6906328174052438 0.8526668337379331 0.6818362324574236 0.8331955795997541 0.60214247755218 0.8691990583618214 0.6109390625 0.8886703125000001
0 0.6939280884203981 0.8303262184349585 0.6884968749999999 0.8168531249999997 0.6035250365796018 0.8511065940650413 0.60895625 0.8645796875
0 0.6990709385874487 0.8813985861251409 0.6896337314370258 0.8628304268964518 0.6048081053495771 0.905942778271311 0.6142453125000001 0.9245109375
0 0.6977922936735735 0.7440644313881344 0.6892883374581391 0.7239817703262068 0.6169772937845657 0.7546017139380725 0.62548125 0.774684375
0 0.6983123249959082 0.7880656740015433 0.6926828125 0.7745671875 0.6205126750040918 0.8046655759984567 0.6261421875 0.8181640625
0 0.6954544151185027 0.812309274691801 0.6895984374999999 0.7961015625000001 0.6262346473814973 0.818995412808199 0.632090625 0.8352031249999999
0 0.7028510103743857 0.7693472749457301 0.6983861942225795 0.7594391500554859 0.6213476838481938 0.7941543751097558 0.6258125 0.8040625