0 0.530927884375 0.21882906111111125 0.5214361261297475 0.21848820503246114 0.5189791330458371 0.43472744451556644 0.5284708912910896 0.4350683005942166
0 0.5956682687500001 0.23302563888888905 0.5858305929865404 0.23123442892259982 0.5747755013785871 0.42312927025529523 0.5846131771420467 0.42492048022158446
0 0.5862956718750001 0.23487606666666683 0.5711549693285336 0.232294496888165 0.5606822415250649 0.42641746432429223 0.5758229440715312 0.428999034102794
0 0.61530048125 0.24752991666666682 0.6050270104606865 0.24533056396431793 0.5932278235246202 0.4195230179427338 0.6035012943139337 0.42172237064508267
0 0.6274495187500001 0.2552478611111113 0.6167391504014234 0.25250199825496156 0.60344863586327 0.41634289118272394 0.6141590042118468 0.41908875403887375
0 0.539778846875 0.24228205000000005 0.5308216972689495 0.24173588446579386 0.5271368304033144 0.43273101079135406 0.5360939800093648 0.43327717632556034
0 0.602091346875 0.26141880555555574 0.593361054116396 0.25999979141516955 0.58508173125 0.4209871777777779 0.593812024008604 0.422406191918164
0 0.5198197125 0.2453717944444445 0.5118355003334217 0.24532568142490957 0.5114846364262787 0.43732608850467564 0.5194688485928569 0.43737220152421064
0 0.503021032464369 0.4408894203478149 0.5007259625 0.2447521388888889 0.4896213391731005 0.2451628103808562 0.4919164091374695 0.4413000918397822
0 0.4930485594222196 0.4461130368109576 0.48909855625 0.24938461666666667 0.4668107447598935 0.25079895304601874 0.4707607479321131 0.44752737319030966
0 0.5106210409039236 0.4363256423665982 0.5099254812499999 0.26018376111111113 0.5016253652477307 0.2602873494480705 0.5023209249016544 0.43642923070355766
0 0.4719946670718394 0.4472049453825791 0.4647980781250001 0.25709828888888897 0.4472393760816692 0.25919905029111645 0.45443596502850847 0.4493057067848066
0 0.4551465622292862 0.4489529438326658 0.44602930506895844 0.2559838434588891 0.43235576875000004 0.2580256388888889 0.4414730259103278 0.4509947392626656
0 0.567377403125 0.2873461555555557 0.5604895190714507 0.2865227427988186 0.555230702901265 0.4255535911938978 0.5621185869548142 0.4263770039506348
0 0.549326921875 0.2842606833333335 0.5421170282066237 0.28347499124883724 0.5370276224298837 0.4310791203895757 0.5442375160982601 0.43186481247407194
0 0.561127403125 0.28734615555555565 0.5494084362135138 0.28611964796093636 0.5446980323059848 0.42836306655299133 0.556416999217471 0.4295895741476106
0 0.44296648041543063 0.44968255501707877 0.43164663437499995 0.26851709444444444 0.4110820997205041 0.2725781501861606 0.4224019457609348 0.4537436107587949
0 0.6345552875000001 0.5020470111111113 0.6254208221614084 0.49972773956710254 0.6156927705103095 0.6208188737358887 0.6248272358489012 0.6231381452798974
0 0.6222764437500001 0.502525638888889 0.610160688465507 0.4997286245698501 0.6012053347004118 0.622329478776842 0.6133210899849051 0.625126493095881
0 0.596728365625 0.5043205111111112 0.5792687379752492 0.5014700404451821 0.5728839439881709 0.6250705430413305 0.5903435716379216 0.6279210137072596
0 0.60121394375 0.5167094000000003 0.5963724254531193 0.5158897731169534 0.5907684907636949 0.6205094548825687 0.5956100090605755 0.6213290817656155
0 0.6070384625 0.5181453000000001 0.6014433455202692 0.5169219753526109 0.5943047460588214 0.6201114511730721 0.5998998630385524 0.6213347758204614