0 0.6299278792037359 0.5031017602992078 0.6298341343749999 0.4828418777777778 0.4965240426712638 0.4847914008119033 0.49661778749999985 0.5050512833333333
0 0.6173915826995131 0.3354303491464817 0.61545673125 0.30521795 0.49814207042548697 0.32896281196462945 0.5000769218750001 0.35917521111111106
0 0.6169166596398685 0.44228461309202827 0.6161850968749999 0.41942735 0.49708911050424065 0.4314743646248142 0.4978206732691094 0.4543316277168425
0 0.61427012407081 0.37272028456216405 0.612545671875 0.3366025666666667 0.4965327603041899 0.35410877654894707 0.4982572125 0.39022649444444446
0 0.6146179394272723 0.5044446917174737 0.4962638309085725 0.5031411327314442 0.49619396960630036 0.5231878965695261 0.6145480781250001 0.5244914555555558
0 0.6151585190147307 0.41728019468671707 0.6134567312499999 0.3725128222222222 0.495333996484173 0.38670445064084347 0.4970357842489038 0.4314718231053384
0 0.6138968702196721 0.48076185605934796 0.6136207644315208 0.46430013346954424 0.4962814388066482 0.47052025351788385 0.49655754459479945 0.4869819761076875
0 0.6121887005642973 0.30427929525153036 0.6089062499999999 0.2676880333333334 0.4985253729132221 0.2989826469575565 0.5018078234775195 0.33557390887575345
0 0.6148203195564916 0.5878258464578043 0.4941019788113869 0.5767117782761708 0.4931013717548952 0.6110611429294777 0.6138197124999999 0.6221752111111112
0 0.614002403125 0.6229316222222223 0.4940697125000001 0.6063418777777778 0.49320777494806045 0.6260356372476813 0.6131404655730603 0.6426253816921257
0 0.6067610722303864 0.463261785200137 0.6063581718750001 0.4453076944444445 0.49841060610780347 0.45296369637217543 0.4988135064631898 0.4709177871278679
0 0.6023555301880347 0.663882749189422 0.4942524031250001 0.6454786333333336 0.49297860418696543 0.6691258008105783 0.6010817312500001 0.6875299166666667
0 0.5956201937500001 0.6407264944444445 0.49504240198174954 0.6243143809715268 0.49403796644794146 0.6437686357841473 0.594615758216192 0.660180749257065
0 0.5969309032684239 0.6888490347082127 0.49441144946884963 0.6674694296353204 0.4925550649504258 0.6956033004826635 0.5950745187500001 0.7169829055555558
0 0.58706730625 0.5267564111111112 0.49622930432526385 0.523513935091021 0.4960465207231886 0.5396978273309083 0.5868845226479247 0.5429403033509986
0 0.583427884375 0.5439871777777778 0.497528846875 0.5396965833333335 0.4971211365657579 0.5654940744131967 0.5830201740657579 0.569784668857641
0 0.5828274738439467 0.5711755587101864 0.497528846875 0.5652478611111111 0.4972182011560532 0.5793757190675914 0.5825168281249999 0.5853034166666667
0 0.4439628500944666 0.6175077239192742 0.37105873586959504 0.6091919146606648 0.3696631920251284 0.6478594018525019 0.44256730624999996 0.6561752111111112
0 0.4329230781250001 0.6539914555555557 0.3697679207746904 0.6458006129810905 0.3693052903527151 0.657074388343512 0.4324604477030247 0.6652652309179772
0 0.4385248627779944 0.679587730477706 0.36540384687499994 0.6655555555555556 0.36362417784700557 0.6948652584111831 0.43674519375000004 0.7088974333333335
0 0.43111876279823236 0.6650518570533781 0.3686088731468903 0.6551362217470177 0.36804780409865784 0.6663151313603063 0.43055769374999986 0.6762307666666667
0 0.4363854533363689 0.7132174047800324 0.36282333954153 0.6960187518931937 0.36118067370516116 0.7182244248909391 0.4347427875 0.7354230777777778