0 0.5871388711835007 0.5872172432771275 0.5857173534931817 0.5701863384899579 0.47314098230968094 0.599883622990608 0.47456250000000005 0.6169145277777776
0 0.5837095832895426 0.5680428060186288 0.5824809334768373 0.5525237312564495 0.4800574064372946 0.5781518641267097 0.4812860562499999 0.5936709388888889
0 0.5750735481466089 0.675748978051021 0.5743220748360744 0.6650960041208948 0.49943602668946563 0.6817914705143182 0.5001875000000001 0.6924444444444444
0 0.5848097604791301 0.63502288760323 0.5833154117475112 0.6072537481457395 0.4944503637683811 0.6223676105425096 0.49594471250000005 0.6501367499999999
0 0.5982476213022792 0.3569195816244185 0.490084134375 0.33851709444444456 0.4891292128773864 0.3562559979985017 0.5972926998046656 0.3746584851784757
0 0.5978749999999999 0.37694444444444447 0.4915433335382384 0.3642106232866335 0.49089663437500003 0.38127777777777794 0.5972283008367616 0.3940115989355889
0 0.5894744718406519 0.6624494829151075 0.5880140865265994 0.641061657532295 0.4994987490609476 0.660163457950521 0.5009591343750002 0.6815512833333335
0 0.6023053185397026 0.3145245230599151 0.5099182687500001 0.2951752111111112 0.5087987183457494 0.3120696654785139 0.6011857681354519 0.33141897742731774
0 0.6025913468749999 0.34140598333333344 0.51869951875 0.3232008555555556 0.5177183120559217 0.3374911565304416 0.6016101401809217 0.3556962843082193
0 0.6868465464359972 0.8768700248458748 0.683330416526389 0.8550533004316963 0.6045295419653918 0.8951918200302658 0.608045671875 0.9170085444444444
0 0.6921632736159038 0.49494319756247895 0.691599814586647 0.4761197005032774 0.6124004847207433 0.48361240294079844 0.61296394375 0.5024359
0 0.6992746808054384 0.3951186496506201 0.6203894218750001 0.3838803444444446 0.6187619783902483 0.41998439224414447 0.6976472373206866 0.43122269745031994
0 0.6987896617629268 0.451495793581631 0.6243417257018946 0.4506030979664158 0.6242259625 0.4811153833333335 0.6986738985610321 0.4820080789485487
0 0.7019984709556397 0.42728792543093214 0.62152644375 0.4223076944444445 0.6210332786837134 0.44749273808510975 0.7015053058893531 0.4524729690715974
0 0.709971153125 0.3454487166666669 0.6372769010156283 0.3318329394434534 0.636365384375 0.34721367777777795 0.7090596364843718 0.3608294550009915
0 0.7083461531250002 0.3619188055555557 0.6408679319540377 0.3491878083730539 0.638704328125 0.3854316222222224 0.7061825492959625 0.3981626194047242