0 0.6349807687500001 0.43186752222222236 0.6120546608094675 0.4258765552851526 0.5947589970740507 0.6350591710997101 0.6176851050145833 0.6410501380367799
0 0.59662980625 0.4276837611111112 0.5873747302534535 0.42354825969959986 0.556018356657945 0.6453334753855512 0.5652734326544914 0.6494689767970625
0 0.5696143818988684 0.462950973946137 0.543170671875 0.45171795000000003 0.518312846105804 0.6366634580079698 0.5447565561296723 0.6478964819541067
0 0.6409447125 0.4728589722222224 0.6331809448736034 0.47077496563157506 0.6195760032409694 0.6309611547613863 0.6273397708673659 0.6330451613520336
0 0.6580896595966024 0.47440124416792173 0.6503703734125149 0.4723233308819589 0.63694951875 0.6298974333333335 0.6446688049340875 0.6319753466192963
0 0.6502774198760154 0.47663423896902035 0.6413668576624358 0.47433691365711145 0.6288000947640976 0.628386656163602 0.6377106569776771 0.6306839814755109
0 0.6047379812500002 0.4752094000000003 0.5897891646205473 0.4697288329806737 0.5706365174100833 0.6348356774558743 0.585585334039536 0.6403162444752009
0 0.5074802811805308 0.8684049847963636 0.5021490375 0.7066452999999999 0.48985086372200726 0.7079263138158199 0.49518210740253804 0.8696859986121838
0 0.61586298125 0.7229786333333336 0.6042094809391264 0.7199448385009759 0.5930854270276205 0.8549928569643208 0.6047389273384941 0.8580266517966784
0 0.516427884375 0.8683846166666666 0.5143403364147321 0.7098672848156617 0.50509375 0.7102521388888887 0.5071812979602679 0.8687694707398937
0 0.5262569586997353 0.7116212584684831 0.516971153125 0.7114743611111112 0.5161744850283585 0.8706358434785771 0.5254602906030937 0.8707827408359491
0 0.6388533656250001 0.7125085444444447 0.6217965389382869 0.7082891404466695 0.6092828186442049 0.8681670703831005 0.626339645330918 0.8723864743808757
0 0.5743846156250001 0.7316752111111112 0.5584164104715752 0.728038245935639 0.548609825612526 0.8641168038396139 0.5645780307659509 0.8677537690150862
0 0.6017307687500001 0.732461538888889 0.5941715785053521 0.7303932344016185 0.5823637530725833 0.8667842212412991 0.5899229433172313 0.8688525257285696
0 0.535869320100155 0.7393121861146477 0.528002403125 0.7386752111111113 0.5248614486498451 0.8612775527742415 0.532728365625 0.8619145277777779
0 0.55452644375 0.7438803444444444 0.5486891418721903 0.7428231317503091 0.5418886606221903 0.861494070639198 0.5477259625 0.8625512833333333
0 0.36033654090663503 0.8888876275051423 0.285129487342683 0.7162173330591162 0.27650480625000007 0.7280897444444445 0.3517118598139521 0.9007600388904706
0 0.5912884625000002 0.7392307666666669 0.5795658530231526 0.7361219753321917 0.5680582361442217 0.8732647922337908 0.5797808456210694 0.876373583568266
0 0.5455132802600506 0.7518189422016702 0.5398653843750001 0.7512564111111112 0.5361387613341833 0.8695089742576295 0.5417866572192339 0.8700715053481887
0 0.3482667876264213 0.8821661172323595 0.27718590807316257 0.7338828296158917 0.265314903125 0.7518675222222222 0.33639578267825876 0.9001508098386901
0 0.38210543142116365 0.8877006533337345 0.31728138268428696 0.7273094606000656 0.29673076875 0.7535598277777779 0.3615548174868767 0.9139510205114466
0 0.33001682812500005 0.8782948722222224 0.26425389528924825 0.7509446669602403 0.26191527042988405 0.7547614461201633 0.32767820326563585 0.8821116513821454
0 0.28565856246795546 0.9009739918349927 0.25194717371154074 0.7358496787285512 0.236997596875 0.745495727777778 0.27070898563141477 0.9106200408842194