0 0.6363918281250001 0.4320427333333335 0.6130248276758843 0.4255932019819061 0.5947559125291126 0.6347839696990754 0.6181229129782283 0.6412335010505027
0 0.6010985562500001 0.43191880555555573 0.5918621067732617 0.4275871359670134 0.5587837688496862 0.6505067913176638 0.5680202183264246 0.6548384609062061
0 0.5589471156250001 0.4415598277777779 0.5308713533016469 0.4290599416828163 0.4985363337745895 0.6585974038672961 0.5266120960979427 0.6710972899622578
0 0.6412283656250001 0.47243162222222235 0.6335351216968499 0.47033650195255156 0.6196500433343293 0.6314766750135871 0.6273432872624795 0.6335717952832579
0 0.6587761560080713 0.4742910323492854 0.6518047994386529 0.47226020619798753 0.6372441617023205 0.630232124732365 0.6442155182717388 0.6322629508836629
0 0.6508599447842394 0.4754915228754582 0.6415778341145243 0.4729713424085461 0.6282137942130446 0.6285348801529648 0.6374959048827595 0.6310550606198768
0 0.6073485562500001 0.47629487222222233 0.5926781507008628 0.47051593132996505 0.5721174184481486 0.635479252371486 0.5867878239972858 0.6412581932637432
0 0.5820889437500001 0.4695000000000001 0.5576451277315935 0.45807516672757265 0.5293774609353503 0.6492206522017216 0.5538212769537568 0.660645485474149
0 0.5186576570864867 0.7094071099742985 0.506533653125 0.7061196555555558 0.49270765028270347 0.8672724786384441 0.5048316542441901 0.8705599330571868
0 0.5289954436572127 0.7122540577606691 0.5198846156250001 0.7096068388888891 0.5054067738969371 0.8670873335188921 0.5145176019291497 0.8697345523906722
0 0.6163413468750001 0.7231837611111113 0.6049272593943549 0.7200724140106037 0.5932810722181131 0.8551027802104746 0.6046951596987583 0.8582141273109821
0 0.5062313249900775 0.6964785049786676 0.49646394374999997 0.6931923055555558 0.4762253758991399 0.8833084279693799 0.4859927571392174 0.8865946273924917
0 0.5394399031250001 0.7134359000000002 0.5300538420517833 0.7105563255642452 0.5146362615474912 0.8693840221923761 0.524022322620708 0.8722635966281312
0 0.639091346875 0.7164188055555557 0.6217666738601199 0.7118857209975106 0.6087891526156343 0.868639464493686 0.6261138256305144 0.873172549051731
0 0.5764879812500002 0.7309529888888893 0.5607509812260241 0.7268116224438023 0.5493508935210438 0.8637235938955238 0.56508789354502 0.8678649603406108
0 0.6028269218750001 0.7321837611111113 0.5948527050124451 0.7297932178981518 0.5817653108017683 0.8677679546880607 0.5897395276643232 0.8701584979010201
0 0.5444326937499999 0.7410085444444445 0.5374608892809053 0.7385972050411004 0.5241724267809053 0.860024560596656 0.53114423125 0.8624359000000001
0 0.5584855781250001 0.744529916666667 0.5530820673531471 0.7430634763633213 0.5428448496196617 0.8622833123800858 0.5482483603915147 0.8637497526834316
0 0.5922211531250001 0.7391410277777778 0.5806855479762515 0.735811981120189 0.5681570683482727 0.8730182068120877 0.5796926734970214 0.8763472534696768
0 0.5519951937500002 0.7514059833333334 0.5462950943059013 0.7498441194660299 0.5359423691139211 0.8692563709752708 0.54164246855802 0.8708182348425744
0 0.3483420857052925 0.882788700940589 0.2781770852403011 0.7323622863957032 0.2658822125 0.750487177777778 0.3360472129649914 0.9009135923226637
0 0.33016105625000003 0.8788504277777777 0.26555468837032636 0.7502212782867247 0.2633370528873441 0.7537415893157455 0.3279434207670177 0.8823707388067987
0 0.28576762486066265 0.9006488165216446 0.2525295580161734 0.735850970489029 0.23705048125 0.74571795 0.2702885480944892 0.9105157960326156