0 0.4926046875000001 0.6523140625000001 0.48744456194923735 0.4557551942432621 0.47847656250000015 0.455990625 0.48363668805076276 0.652549493256738
0 0.5819243164381498 0.46683765135083044 0.5719640625000001 0.4664 0.5638272460618504 0.6515810986491696 0.5737875000000001 0.6520187500000001
0 0.5335265625 0.469346875 0.5085147672581962 0.4690982220951431 0.5066687506031132 0.6547875492175452 0.531680545844917 0.6550362021224021
0 0.593171875 0.47052500000000014 0.5830218377803391 0.4699882431171483 0.5729985086887273 0.6595287345296553 0.583148545908388 0.6600654914125071
0 0.5452906250000001 0.47170312500000017 0.5352930778233744 0.4715348835952707 0.532133276190615 0.6593023712900483 0.5421308233672407 0.6594706126947778
0 0.5078634087573486 0.6619609946179814 0.5040047779518277 0.473421237497382 0.4880171875 0.4737484375000001 0.4918758183055208 0.6622881946205995
0 0.5700608682384748 0.5043042879076705 0.547278125 0.5035234375000001 0.5418922567615253 0.6606660245923297 0.564675 0.6614468750000001
0 0.6004837503744 0.5205434362888859 0.5921781250000002 0.5200234375000001 0.5830428121256004 0.6659362512111143 0.5913484375000002 0.6664562500000002
0 0.613384375 0.5150140625 0.6037231222030773 0.5143949059793628 0.593318127447343 0.6767533425542389 0.6029793802442656 0.6773724990748762
0 0.31203472531686527 0.8293537840223539 0.2941784319845095 0.699315897165213 0.2807875 0.7011546875 0.29864379333235586 0.8311925743571408
0 0.3227356616367296 0.8357738032640946 0.3045105595514791 0.6956321258603959 0.29465312500000007 0.6969140625 0.3128782270852505 0.8370557399036986
0 0.2955091262123808 0.8393592065724065 0.27375055609015864 0.7012054324998767 0.26116562499999996 0.7031875000000001 0.28292419512222217 0.8413412740725299
0 0.374821875 0.8390124999999997 0.3605092204029332 0.720333142098628 0.346325 0.7220437500000001 0.36063765459706676 0.8407231079013717
0 0.34649062500000005 0.84490625 0.32843125000000006 0.7267578125000002 0.31910099776467693 0.7281839720627307 0.33716037276467686 0.8463324095627305
0 0.3342296875 0.8375390624999998 0.3204382305318536 0.7339762692514217 0.31015781249999996 0.7353453124999999 0.3239492694681464 0.8389081057485781
0 0.354609375 0.8537453125000001 0.33571265927503 0.7246792616320243 0.32822614020702395 0.7257753718922072 0.34712285593199377 0.854841422760183