0 0.5858600604844834 0.5284289499655059 0.5854000899834768 0.5122806541535861 0.47476358574899347 0.522240593076969 0.47522355625 0.5383888888888889
0 0.5859794531184154 0.36891267851423143 0.481497596875 0.3548205111111112 0.4807712422014315 0.37184079375529583 0.5852530984448469 0.3859329611584161
0 0.5878412282592069 0.44372991818272056 0.48269951874999995 0.43970512777777776 0.48217324205148876 0.48315623553868836 0.5873149515606957 0.4871810259436311
0 0.5901052066722743 0.35258525157151516 0.48493269375 0.3346666666666668 0.4839331854293464 0.3532079547686032 0.5891056983516207 0.3711265396734516
0 0.5901775613306671 0.4250836615978775 0.48562019375 0.4210769222222223 0.4854305316103268 0.43671916919923637 0.5899878991909939 0.4407259085748916
0 0.5914422433478439 0.5146917919914057 0.5909217448069095 0.4866632116307824 0.48475113583406576 0.49289449741715463 0.4852716343750001 0.5209230777777778
0 0.5848452510050263 0.5614081758522478 0.58397355416839 0.5331534775222724 0.4959888812883638 0.5417324794478023 0.496860578125 0.5699871777777777
0 0.591283653125 0.38535470000000005 0.5034879812499999 0.37497008333333337 0.5019069344507695 0.4172157636836294 0.5897026063257695 0.427600380350296
0 0.5936875 0.33741452777777786 0.511564903125 0.32153846111111123 0.5106689727593713 0.3361854706019241 0.5927915696343713 0.35206153726859074
0 0.5997956637507418 0.31769784904883025 0.5088149031250001 0.29832906111111124 0.5076510530084253 0.315607285903998 0.598631813634167 0.334976073841717
0 0.6874923312797716 0.8542174121632456 0.6840643481452563 0.8316834960183663 0.6088845168654847 0.867829333855121 0.6123125 0.8903632500000002
0 0.6901860589603835 0.831890345839894 0.6879645631433557 0.8152779695039334 0.6087039854329721 0.8487765125529282 0.61092548125 0.8653888888888888
0 0.6934714660933414 0.8837624894470449 0.6896960568700731 0.8608533202632496 0.6100707439017317 0.9023258752606491 0.613846153125 0.9252350444444446
0 0.6961497862391948 0.7868078972223622 0.6938948376608284 0.7732758789493238 0.6261320701716336 0.8089637095047394 0.62838701875 0.8224957277777777
0 0.6924010891976181 0.8124579893352661 0.68995673125 0.794243588888889 0.629957085802382 0.8196915828869564 0.6324014437500001 0.8379059833333335
0 0.7009343876165572 0.7704278105135491 0.6991127683804386 0.7591435241384427 0.6249091495138813 0.7970020358471158 0.6267307687499999 0.8082863222222222