0 0.6261930247728653 0.6577364820892764 0.48687031250000007 0.6372453125 0.4839132252271347 0.6573510179107238 0.6232359375 0.6778421875000001
0 0.6150067631084115 0.8021850801155072 0.48738125 0.75996875 0.4818041743915886 0.7768289823844927 0.6094296875000002 0.8190453124999999
0 0.6171647812128016 0.7675707861987813 0.4884046875 0.7317687500000001 0.4801570937871985 0.7614307763012189 0.6089171875000001 0.7972328125000001
0 0.6102999354304603 0.6762935417523466 0.48806927738928874 0.6547859880009839 0.4848115294588283 0.6733002587486372 0.6070421875 0.6948078125
0 0.6095790096096405 0.5876363277814701 0.4858368924260207 0.5808306309864555 0.48449382031638033 0.6052505532049853 0.6082359375000002 0.61205625
0 0.6089041864820608 0.6350862916890502 0.4867147312136101 0.6192178855384506 0.48448668435553205 0.636374229365134 0.6066761396239827 0.6522426355157336
0 0.6061241405428897 0.4956603451811473 0.6043156249999998 0.46602812500000007 0.48411170437207246 0.4733644183132565 0.48592021991496226 0.5029966384944038
0 0.606774958872104 0.5382541974188426 0.4831392225007677 0.5362750066475932 0.4823845761286637 0.5834161217287508 0.6060203125 0.5853953125000001
0 0.6067280678090237 0.8417016593636841 0.48874531250000003 0.799959375 0.4812188071909764 0.821232715636316 0.5992015625 0.8629749999999999
0 0.6026109374999999 0.535103125 0.6014171875 0.4997234375 0.4831868258752456 0.5037126613785193 0.48438057587524563 0.5390923488785193
0 0.599972954073343 0.6128281565068533 0.4877218750000001 0.6023609375000001 0.4860989209266573 0.6197655934931469 0.5983500000000002 0.6302328125000001
0 0.6005517166895761 0.4643117466753073 0.5961328124999999 0.4236625 0.4817090699344839 0.4361012927640705 0.48612797412406 0.4767505394393778
0 0.6028486048090289 0.8635478145985557 0.48993906249999997 0.8226812499999999 0.48049670769097086 0.8487693729014442 0.5934062499999998 0.8896359374999999
0 0.5969366182071213 0.8149309385448948 0.48908593749999996 0.7787515625000001 0.48282744429287855 0.7974081239551051 0.5906781249999999 0.8335874999999999
0 0.5805359373520262 0.7393740178606931 0.48959687500000004 0.7160140625000002 0.4861031251479739 0.729615044639307 0.5770421875 0.7529750000000002
0 0.5826713201397373 0.7135110138516758 0.488915625 0.6908687500000001 0.4831161798602627 0.7148827361483245 0.5768718749999999 0.7375250000000002
0 0.5816855371955915 0.6963206629536776 0.4872109375000001 0.6769328125 0.4841019628044087 0.6920824620463224 0.5785765625 0.7114703124999999
0 0.4469628630971713 0.7624257605321159 0.3644718750000001 0.7390046875000001 0.3542340119028289 0.7750633019678844 0.43672500000000014 0.7984843750000001
0 0.4432755269098051 0.8304382664104558 0.3608156250000001 0.7978937500000001 0.35127291059019516 0.8220726710895445 0.43373281250000006 0.8546171875000003
0 0.4314123507761288 0.7968686491539213 0.36391875000000007 0.7756375 0.3608079617238714 0.7855266633460789 0.42830156250000007 0.8067578125000001
0 0.43920976901348663 0.8647440215719728 0.3594859375 0.8309828125 0.3520136684865135 0.8486278534280274 0.4317375000000001 0.8823890625
0 0.4295572178325915 0.8074561608814896 0.3631421875 0.7858796874999999 0.3593380946674087 0.7975891516185103 0.4257531250000001 0.8191656249999999