0 0.5867643089858421 0.5283454498456515 0.5853178695978276 0.5122842953698408 0.4737769981119856 0.5223294705241892 0.47522343749999985 0.538390625
0 0.5869212029117384 0.3690403945351335 0.4814968750000001 0.35481875000000007 0.4792287339228423 0.3716323644928706 0.5846530618345807 0.38585400902800404
0 0.5881987942621902 0.4437461449264042 0.4827000000000001 0.43970312500000003 0.48103635479843365 0.4831143784788904 0.5865351490606238 0.48715739840529454
0 0.5910827133910674 0.3527521958620857 0.48493281250000014 0.3346656250000001 0.4818340792100272 0.3528520592404459 0.5879839801010945 0.37093863010253153
0 0.5903836732503773 0.42509138095816257 0.48562031250000015 0.4210781250000001 0.4850218407544193 0.4367008293664313 0.5897852015047965 0.4407140853245936
0 0.5928976648143223 0.5124162612684998 0.5906937642681618 0.4845394460979267 0.48306797445383964 0.49304818482942697 0.485271875 0.5209250000000001
0 0.5865107442212364 0.5612457745116685 0.5837726642953135 0.5331707143656602 0.4941228575740772 0.5419140023539917 0.49686093750000004 0.5699890625
0 0.5936029139883688 0.3856274674626027 0.5034890625 0.37497187499999995 0.4985411954462574 0.41681575730218084 0.5886550469346262 0.4274713497647836
0 0.5950334019579795 0.3376739783594366 0.5115640625 0.32153593750000004 0.5088015499470868 0.33582423308956055 0.5922708894050663 0.35196227394899715
0 0.601411812598657 0.31804098019912985 0.5088156250000001 0.2983312500000001 0.5052470388985466 0.3150964448947908 0.5978432264972035 0.3348061750939205
0 0.6926689282219536 0.851726678822431 0.6832251170690034 0.832085419649729 0.6028702513470499 0.8707212408272982 0.6123140625 0.8903625000000002
0 0.693677229554211 0.8304175293046111 0.6873845925977649 0.8155267608090628 0.6046323630435538 0.850496731504452 0.6109249999999999 0.8653875000000001
0 0.6982750697947735 0.8812596484075359 0.6880834622704597 0.8616921600705221 0.603653704975686 0.9056668866629861 0.6138453124999999 0.9252343749999999
0 0.6996481652136144 0.7849656827317147 0.6935799771750608 0.7734435036178123 0.6223193119614465 0.8109731333860978 0.6283875000000001 0.8224953125000003
0 0.6968781803179109 0.8105573647963263 0.6899578125 0.7942421875000002 0.6254811946820892 0.8215910727036739 0.6324015625000001 0.83790625
0 0.7035546849182088 0.7690918699396894 0.698610761421844 0.7594017798868145 0.6217873265036352 0.7985974099471249 0.62673125 0.8082874999999999