0 0.5411812835058268 0.7011099181654342 0.42384231393183935 0.6758832888148564 0.42100237730101264 0.7176323428716446 0.5383413468750001 0.7428589722222223
0 0.5415793527415725 0.6623837866179433 0.41528529505027906 0.6040901146256886 0.41269632668370654 0.6218174391188565 0.538990384375 0.6801111111111112
0 0.5390863857466714 0.5534969698225944 0.40934589115959463 0.5070897000062874 0.4035551772879232 0.5582551246281376 0.533295671875 0.6046623944444447
0 0.5160986161404686 0.7703602097461831 0.426670671875 0.7443675222222226 0.4254771772754259 0.7573452143248918 0.5149051215408945 0.7833379018488524
0 0.5160195553316754 0.7368898641842228 0.42583664682210476 0.7135995738246167 0.42471612899042943 0.7273122763070606 0.5148990375000001 0.7506025666666668
0 0.51470114155556 0.7523900369520766 0.4277713828682928 0.7284739449830357 0.42630135898770494 0.745361142988389 0.5132311176749721 0.7692772349574298
0 0.5163847926420541 0.6621385204232433 0.42426201875 0.6309444444444444 0.42124261048294603 0.6591264351323125 0.5133653843750001 0.6903205111111114
0 0.5235004792730799 0.6007886711806772 0.41575944041541624 0.5534614628956679 0.4095041548923364 0.598467663937213 0.51724519375 0.6457948722222224
0 0.3760967689979463 0.6867699892923247 0.29986538437500004 0.6665940166666667 0.29814121225205376 0.6871829995965643 0.37437259687499996 0.7073589722222222
0 0.38182451875000006 0.5457991444444447 0.2928181912055907 0.5102977948355472 0.2907725193305907 0.5265071948355471 0.379778846875 0.5620085444444446
0 0.38400391299742775 0.5239838133164992 0.29228233599047065 0.4897759746299266 0.2899082292430429 0.5098947279800942 0.38162980625 0.5441025666666668
0 0.3883622627200015 0.5068954537876423 0.28523564663445033 0.4698842633428634 0.28328337493221845 0.48707652130702367 0.38640999101776974 0.5240877117518026
0 0.3822318205659815 0.5645977007223102 0.29173797633180737 0.5287060903363837 0.2898571182658258 0.5436938618362958 0.38035096249999994 0.5795854722222222
0 0.38190441723357216 0.7169359911496656 0.2921312495443579 0.6956088334607593 0.28986144793578567 0.7258053200888716 0.379634615625 0.7471324777777778
0 0.37584870805242787 0.4513162260935222 0.29468749999999994 0.4202008555555556 0.29279071382257205 0.43583761835092233 0.373951921875 0.4669529888888889
0 0.37273681264720826 0.6114007791305456 0.2947475968750001 0.5909444444444445 0.2924506873527918 0.6186205875361214 0.37043990312499997 0.6390769222222222
0 0.3778008788736078 0.4257261295306468 0.28809264037547766 0.38261055013009043 0.2841673107441436 0.4084229973786728 0.37387554924227373 0.4515385767792291
0 0.36658473793760404 0.5744537777322062 0.29749278749999997 0.5461837611111111 0.2960931464373959 0.5569949389344604 0.365185096875 0.5852649555555556
0 0.3709621437260257 0.6699307949137284 0.29313701875 0.6475299166666667 0.2917373750239743 0.6628982661973828 0.3695625 0.6852991444444446
0 0.37749598501210463 0.4752159508670426 0.28622476392695256 0.4348111824301316 0.2825500381818332 0.46104618536880565 0.3738212592669853 0.5014509538057167
0 0.3636606821508649 0.5968261137915386 0.2960456718750001 0.5785 0.2952047022241352 0.5883063639862394 0.3628197125 0.6066324777777778
0 0.36745695084948704 0.6438655406749559 0.28983399350388844 0.6240462463851542 0.28808137077940144 0.6457405334879762 0.36570432812500003 0.665559827777778
0 0.3592257984390957 0.5873531633659078 0.29176923125000004 0.5668034166666668 0.2908439140609044 0.5764032421896478 0.35830048125 0.5969529888888889