0 0.5028421875000001 0.5060109374999999 0.5017452623506073 0.26913002995252977 0.490346875 0.2691828125 0.4914438001493928 0.5060637200474701
0 0.4207859375 0.49986406250000004 0.407503125 0.2924765625 0.39036114762962537 0.29357447665244374 0.40364396012962533 0.5009619766524438
0 0.47432305899449767 0.5042292217821395 0.46754531249999987 0.2924765625 0.4546602181822258 0.2928889866137733 0.4614379646767236 0.5046416458959126
0 0.4382687239656645 0.503459421898498 0.42842656250000005 0.29732968749999994 0.4080119829376767 0.29830443085225017 0.4178541444033412 0.5044341652507482
0 0.5137765625 0.29635937500000004 0.502505135789731 0.2962910170647632 0.501229395506281 0.5066457192134118 0.5125008222165499 0.5067140771486487
0 0.4614901824945953 0.5062170321196804 0.4535359375 0.29700625 0.4282763874728781 0.2979666242566864 0.43623063246747346 0.5071774063763669
0 0.49267911271949333 0.5062668051371844 0.48918354811333475 0.2978303331716753 0.47991887712775566 0.297985705480943 0.48341444173391424 0.5064221774464521
0 0.4075793407746655 0.49755764067652414 0.390262096152756 0.3045109017100748 0.36932499999999996 0.3063890625 0.3866422446219095 0.4994358014664494
0 0.5687234375000001 0.297653125 0.5494062393350428 0.29680738246567046 0.540048257053624 0.5105485516946989 0.5593654552185814 0.5113942942290285
0 0.5802790517447219 0.2978847428319299 0.5691484375 0.2973296875000001 0.5585115732552782 0.5106324446680702 0.5696421875000002 0.5111875000000001
0 0.483375 0.502128125 0.479346980019716 0.3107059873499174 0.46923593749999987 0.31091875 0.4732639574802839 0.5023408876500828
0 0.6054843750000002 0.3203015625000001 0.5921118339826943 0.3194645415121151 0.5801786206418086 0.5101137452704185 0.5935511616591145 0.5109507662583035
0 0.5897565603243863 0.33053080658100104 0.5787543652487217 0.32998790443841475 0.5699042139999679 0.5093408353811302 0.5809064090756326 0.5098837375237164
0 0.6220531250000001 0.33097812500000007 0.6061058141438345 0.3297027778524785 0.5916467708312364 0.5105028516495324 0.6075940816874021 0.5117781987970539
0 0.5241621647406975 0.3453892930317447 0.5150499999999999 0.3452140625000001 0.5119425227593024 0.5068060194682553 0.5210546875000001 0.50698125
0 0.5392622145905395 0.35198150363033415 0.5247437500000001 0.35168437500000005 0.5216187629474222 0.5043792325023833 0.5361372275379617 0.5046763611327173
0 0.5479849339903132 0.3532361728243406 0.5400312500000002 0.35297812500000003 0.5351166285096871 0.5044591396756595 0.5430703125000002 0.5047171875
0 0.5878592984957299 0.6018808652548275 0.5660546875000001 0.6008078125 0.5596750765042702 0.7304425722451725 0.5814796875000001 0.7315156250000001
0 0.592993418014675 0.6195911984522843 0.5866203125 0.6192484375 0.5805659569853251 0.7318197390477158 0.5869390625000002 0.7321625
0 0.6175122149954334 0.6123392740437767 0.6009070749493081 0.6112562537447801 0.5924904326119111 0.7403023342846294 0.6090955726580365 0.7413853545836262
0 0.5991281250000001 0.6234546875000001 0.592810730304439 0.623081815070452 0.586260730304439 0.734055252570452 0.5925781250000001 0.7344281250000001
0 0.632425 0.6160140625 0.6198035925669295 0.6149572620094449 0.6088864050669295 0.7453416370094449 0.6215078125 0.7463984375000001