0 0.6363921875000002 0.43204062500000007 0.6126436461642737 0.42996655649972954 0.5945518986186268 0.6371210522973768 0.6183004399543532 0.6391951207976473
0 0.6010968750000001 0.43191718750000013 0.5914324725584438 0.4304831874899257 0.5585186752373261 0.6523047920620131 0.5681830776788825 0.6537387920720875
0 0.5597948124161828 0.43552854111280476 0.5305406250000001 0.43140781250000015 0.4979794214696695 0.6625687648647911 0.5272336088858522 0.6666894934775957
0 0.6412296875 0.47242968750000014 0.6334125949109597 0.47175610199583373 0.6196398958186995 0.6315909905723431 0.6274569884077399 0.6322645760765095
0 0.6587920966982941 0.47411520971403115 0.6516935432127755 0.4734608816895733 0.6372369182410138 0.6302952548881811 0.6443354717265324 0.6309495829126389
0 0.6508780390985787 0.47526990876766806 0.6414489477320029 0.4744599251365635 0.6281046717280132 0.6298018269115879 0.637533763094589 0.6306118105426926
0 0.6074128713333388 0.47576419674962267 0.592258595480683 0.47387557338650277 0.5720961098484288 0.6356589522819324 0.5872503857010846 0.6375475756450524
0 0.5828764506498978 0.4641756716669492 0.5573028956581612 0.4603937271865049 0.5291821576443078 0.6505465027558089 0.5547557126360445 0.6543284472362533
0 0.5188485748726215 0.7071768632176036 0.506534375 0.7061203125000001 0.492588055324881 0.8686660049173162 0.5049022551975024 0.8697225556349197
0 0.5291601532524297 0.7104588372908525 0.5198859375 0.70960625 0.5053414092475705 0.8678177252091475 0.5146156250000001 0.8686703124999999
0 0.6163406250000002 0.723184375 0.6047458803262058 0.7221844650513664 0.5932556625464512 0.8554226047304423 0.6048504072202456 0.8564225146790759
0 0.5064687092388637 0.6942556349716159 0.4964640625 0.6931906250000001 0.47604996204702815 0.8849595933353825 0.4860546087858918 0.8860246033069984
0 0.5395866690480974 0.7119152772965381 0.5300125000000001 0.7109859375 0.5145284854464902 0.8705040959074403 0.5241026544945875 0.8714334357039784
0 0.639090625 0.7164171875 0.6214999999999999 0.7151046875 0.6099580433795024 0.8697943870637574 0.6275486683795025 0.8711068870637575
0 0.5765337257681195 0.7303963321352377 0.5605639061624041 0.7290667629602546 0.5493315963889245 0.8639811128211914 0.5653014159946398 0.8653106819961746
0 0.602828125 0.7321843750000001 0.5946992180009694 0.7314132410202124 0.5817516537765348 0.8678999582485017 0.5898805607755655 0.8686710922282895
0 0.5445475673673152 0.7399431423672944 0.5373984375 0.7391609375000001 0.523996182632685 0.8616537326327055 0.5311453125000001 0.8624359374999999
0 0.5584859375000002 0.7445296875000001 0.5529956321092 0.7440581893189531 0.5428284446092 0.862448814318953 0.5483187500000002 0.8629203125000002
0 0.5922203125000002 0.7391406250000002 0.5804811128671805 0.7380688046888058 0.5680883969235572 0.8738010397804363 0.5798275965563768 0.8748728600916305
0 0.5519953125 0.7514046874999999 0.5462015625000001 0.75091875 0.5362412982826121 0.8696732828555536 0.542035048282612 0.8701592203555535
0 0.34957932442347883 0.8854418750855195 0.2806140625 0.7375890625000002 0.2635719738619068 0.7455382660768306 0.33253723578538563 0.89339107866235
0 0.3301625 0.8788515625000002 0.266115625 0.7513375 0.2629324830915204 0.752936306342788 0.32697935809152046 0.880450368842788
0 0.28612480323280226 0.9024148892895164 0.2536375 0.741340625 0.236851382035354 0.7447262416087392 0.2693386852681562 0.9058005058982557