0 0.5613125 0.3617820500000001 0.5507900014336625 0.35996075347700757 0.538740384375 0.5799829055555557 0.5492628829413375 0.5818042020785482
0 0.5836435398425912 0.386452160261572 0.5738485562500001 0.38391025555555575 0.5581885860968067 0.5746276584653061 0.5679835696893977 0.5771695631713223
0 0.5951730781250001 0.38442735000000017 0.5863632368916489 0.38173971181861915 0.5675864627732338 0.576263719215942 0.5763963040065849 0.5789513573973231
0 0.5714423062499999 0.3895726500000001 0.5626728611307799 0.3876677578780265 0.5497814845100627 0.5752345589966298 0.5585509296292827 0.5771394511186034
0 0.6134062499999999 0.4163333333333335 0.604558659962555 0.4136475989671976 0.5884378134342613 0.5814911752223 0.5972854034717062 0.5841769095884358
0 0.34061896452624313 0.5181110394812424 0.33528605625 0.4940427333333333 0.32850603547375684 0.49879066607431305 0.33383894374999995 0.5228589722222221
0 0.6015408656249999 0.4353717944444445 0.593529472407093 0.4325041621289536 0.576743413032093 0.5807178399067313 0.5847548062499999 0.5835854722222222
0 0.30220192187499995 0.7221581222222222 0.2768590782637891 0.5861611195106939 0.26453605625 0.5934188055555556 0.2898788998612108 0.7294158082670837
0 0.34253317405491723 0.7291709632644657 0.32208829206734635 0.5936653793881695 0.3086875 0.6000555555555557 0.3291323819875709 0.7355611394318519
0 0.31224737706792405 0.7308405106962808 0.2879999970144868 0.5966922107718242 0.280391828125 0.6010384611111111 0.3046392081784372 0.7351867610355677
0 0.3301776556016673 0.7290184973988352 0.3079407903054171 0.5975032727423654 0.2927743427647418 0.6056079616192982 0.31501120806099203 0.7371231862757679
0 0.49361174697480303 0.7522644172380939 0.4929967839535908 0.6162413412248832 0.4733990375000001 0.6165213666666667 0.47401400052121234 0.7525444426798774
0 0.5500722731387558 0.636801144604051 0.5430218837476274 0.6355535094004366 0.5361346156250001 0.758559827777778 0.5431850050161284 0.7598074629813923
0 0.5387912657038423 0.6455504679033365 0.5202279976269314 0.6442877412247263 0.5178622131730892 0.754207356654723 0.53642548125 0.7554700833333333
0 0.43592298877423896 0.4127729663491348 0.4299329410969266 0.40907766032368675 0.4097503366976876 0.5124756328634409 0.415740384375 0.516170938888889