0 0.119869234375 0.9125434041666666 0.0736687663089724 0.4944355139377616 0.04340879741227112 0.5003798583282357 0.0896092654782987 0.9184877485571408
0 0.15322684375 0.9114583333333333 0.10784233414759455 0.4943675324657513 0.077603659375 0.5002170125 0.12298816897740546 0.9173078133675819
0 0.19716126250000005 0.9092881958333333 0.13552073690522803 0.3097196577839487 0.09062449062500001 0.3179253458333333 0.152265016219772 0.9174938838827179
0 0.244350078125 0.9071180541666666 0.1919344441602595 0.3107423404957819 0.14596303437499997 0.3179253458333333 0.19837866833974047 0.914301059504218
0 0.28702746874999996 0.8902994791666666 0.25861893615078263 0.43482656879892356 0.21689414999999998 0.439453125 0.24530268259921728 0.8949260353677431
0 0.326690484375 0.8902994791666667 0.29979377868368967 0.4386488480100995 0.2614498125 0.4427083333333333 0.28834651819131035 0.8943589644899005
0 0.3592715818657428 0.896968062380281 0.3309404290041024 0.3030983680167663 0.2941666134754525 0.3062171804025246 0.3224977663370929 0.9000868747660393
0 0.3921727723597798 0.8964962155289395 0.3711260233929609 0.30291328818613733 0.33523328750000003 0.3051757833333334 0.35628003646681894 0.8987587106761356
0 0.4567237586295102 0.891243574894532 0.4505333886814884 0.37937921970138194 0.381689071875 0.380859375 0.3878794418230218 0.8927237301931501
0 0.52439535625 0.3824869791666668 0.454931259375 0.3824869791666668 0.454931259375 0.9008789083333333 0.52439535625 0.9008789083333333
0 0.5622277718750002 0.4451497416666668 0.526352241356354 0.44435710868356865 0.5208109488883641 0.8902337671111424 0.5566864794070103 0.8910264000942406
0 0.6031111843750001 0.4492187500000001 0.5668931277631735 0.44799650314391126 0.5583134039326451 0.8999741912260936 0.5945314605444718 0.9011964380821824
0 0.6580526625000002 0.31738281250000006 0.6161309288281827 0.3151506200011589 0.5982512623318822 0.9121095829045875 0.6401729960036997 0.9143417754034288
0 0.7379888937500001 0.4036458333333334 0.6678734443443104 0.3962162554486618 0.63651311129672 0.9223640104597816 0.7066285607024096 0.9297935883444534
0 0.8008395156250001 0.40934245000000014 0.7440916960666032 0.40208053031460517 0.7069705085768427 0.9177804592524951 0.7637183281352395 0.9250423789378902
0 0.8624697375 0.4109700500000002 0.8076247730243695 0.4028080179648196 0.7643119850720376 0.9202147522676248 0.8191569495476682 0.9283767843028053
0 0.9015225531250002 0.38411458333333354 0.8642524067752083 0.37863671677410765 0.8198537623156719 0.915664597601945 0.8571239086654637 0.9211424641611708