0 0.1627134437500001 2.821816854255606e-17 0.11086901413608526 -0.001112690686501569 0.09883056875000008 0.9960718291666666 0.1506749983639149 0.9971845198531681
0 0.21832912500000007 0.004008337500000037 0.1717814974207595 0.002755794493381999 0.15673156665592497 0.9970545130146703 0.2032791942351655 0.9983070560212882
0 0.2664291718749999 0.006012504166666708 0.22359006875 0.00501042083333337 0.21053669932580066 0.9970674378558663 0.2533758024508006 0.9980695211891996
0 0.31528078437500007 0.00501042083333339 0.27475324385121647 0.0037537528044484475 0.2574104125000001 0.9980760000000001 0.2979379530237837 0.9993326680288851
0 0.36413239687500015 0.004008337500000068 0.3274124027110744 0.002475246721991853 0.3040088067669715 0.9990153879378555 0.3407288009308972 1.0005484787158638
0 0.399469413362433 0.22521838706914768 0.3581745234848099 0.22442460140153914 0.34985269375000005 0.9940676624999999 0.39114758362762314 0.9948614481676085
0 0.44379810000000014 0.23047939583333343 0.4085279553544324 0.22961538538849524 0.397952740625 0.9970739125000001 0.43322288527056785 0.9979379229448384
0 0.4926497125000001 0.004008337500000086 0.45362124682926996 0.0028495974751444517 0.43703403125000007 0.9960718291666667 0.4760624969207302 0.9972305691915223
0 0.533985690625 0.00400833750000009 0.4994673333092696 0.0029390818962005847 0.48216313268256145 0.9960496420500634 0.5166814899982919 0.9971188976538629
0 0.5663029093750002 0.09319384166666674 0.5392765381024731 0.09239572067037316 0.5242153687500001 0.9990780833333334 0.5512417400225271 0.999876204329627
0 0.5993716937500003 0.09419592916666678 0.5738674325872284 0.09340334391950501 0.5580361236067712 0.9990547400188307 0.5835403847695431 0.9998473252659924
0 0.6339436031250002 0.2134439625000001 0.600871943799951 0.21265654212757884 0.5903500594249509 0.9982906629609122 0.6234217187500002 0.9990780833333335
0 0.6895592843750002 0.00400833750000012 0.6414702772193891 0.003036842299860084 0.6301857875000001 0.9960718291666668 0.6782747946556111 0.9970433243668069
0 0.7226336431941431 0.005399591314702893 0.6918240852599447 0.004901155575453371 0.6827952125000001 0.9970739125000001 0.7136047704341986 0.9975723482392497
0 0.7669702968750002 0.004008337500000127 0.7301404339390231 0.0033139024493502017 0.7196185495640229 0.9953773941160168 0.7564484125000001 0.9960718291666667
0 0.8165734718750004 0.21645021666666678 0.7692377207186288 0.21580122605067695 0.7632124812500001 0.9970739125000001 0.8105482324063715 0.99772290311599
0 0.8661766468750003 0.21344396250000014 0.8226000977343327 0.21299759593689244 0.8180766000000002 0.9980760000000001 0.8616531491406677 0.9985223665631079
0 0.9105188781249998 0.2194564708333335 0.8744467639199744 0.2190237292788081 0.8691829639615636 0.9990690679303577 0.9052550781665889 0.9995018094848831
0 0.9360720312499999 0.004008337500000151 0.9142766968749999 0.00400833750000015 0.9142766968749999 0.9960718291666669 0.9360720312499999 0.9960718291666669
0 0.9706460375183719 0.004090583960176177 0.9428384537979184 0.003977888542219467 0.9405814093749998 0.9940676625000001 0.9683889930954532 0.9941803579179567
0 0.9984532975405797 0.9950118050837865 0.996946947297668 0.05705873099224228 0.9759048812500002 0.05711880833333333 0.9774112314929118 0.9950718824248775