0 0.1190968486537894 0.24151797746327802 0.05400312500000003 0.2398 0.03594989252128285 0.9238323293793215 0.10104361617507222 0.9255503068425994
0 0.1867960786959749 0.2437194927617619 0.12334301206973511 0.2430127883843077 0.11575483974632786 0.9243341716521544 0.17920790637256764 0.9250408760296086
0 0.26480896826280503 0.2530874579496815 0.19320077831868723 0.2528158446349345 0.1906334961359294 0.9296546452448832 0.2622416860800472 0.9299262585596301
0 0.32409151015615334 0.9219144686386278 0.317570933299543 0.2904045825391826 0.2793247356433896 0.29079948890055474 0.28584531249999995 0.9223093749999999
0 0.4201442257883059 0.9276755102422525 0.41189661547547585 0.2874981202489366 0.32315863968717007 0.28864136000668394 0.33140625 0.9288187499999999
0 0.5129070057051246 0.9274156785912554 0.5022204840789315 0.294822223651701 0.419165040873807 0.2962252950604456 0.4298515625000001 0.9288187499999999
0 0.5601381626021817 0.9343631072413988 0.5429421875000001 0.2376296875 0.5030472990882725 0.23861432737573182 0.5202432741904541 0.9353477471171306
0 0.6032811262758742 0.9362565604441085 0.5811468781038088 0.23871680241561127 0.5419610643279346 0.23996024197150265 0.5640953124999999 0.9375
0 0.6373891148556585 0.9388701684450351 0.617770755205017 0.23897965420288814 0.5885046875000001 0.23980000000000007 0.6081230471506416 0.939690514242147
0 0.6724379829909267 0.939866270211061 0.651907773004616 0.24114049163639595 0.6216713525136892 0.242028908925335 0.6422015624999999 0.9407546874999999
0 0.731715363368148 0.9402508835594825 0.7113474560375087 0.24161507740372104 0.6568180301693608 0.24320481884423883 0.6771859375000001 0.9418406250000002
0 0.7815304614248393 0.9307573647049192 0.7560039387032712 0.2805972579837392 0.7086763981434219 0.282455427266917 0.73420292086499 0.9326155339880972
0 0.8335222823570051 0.9343720175039438 0.8096652605837065 0.28269189820815266 0.7593286680625654 0.28453464459278716 0.7831856898358641 0.9362147638885784
0 0.870092115338655 0.9408624971083613 0.8447192289511879 0.24226089150859265 0.8177880511125327 0.24323901940023154 0.8431609374999999 0.9418406250000002
0 0.9026792247834428 0.9419427220713426 0.8764425816526084 0.2431964497566293 0.8502821068691656 0.24417872768528665 0.87651875 0.942925
0 0.9506763549994182 0.9459825351676312 0.9228377153503209 0.23728914056696543 0.8837596362392496 0.23882419164947905 0.9115982758883469 0.9475175862501448