0 0.2044566875000001 0.35404831249999996 0.1688428753803744 0.3530272742295904 0.15983497225537435 0.9115972950629239 0.19544878437500005 0.9126183333333334
0 0.2735843750000002 0.3608818750000001 0.23824902544203191 0.35618044436993423 0.19722458750000005 0.9043305125000001 0.23255993705796835 0.9090319431300657
0 0.3419530156250002 0.36798579583333346 0.2953690143056281 0.35891411312439647 0.2375826427714897 0.8864497902482756 0.28416664409086173 0.8955214729572126
0 0.3704000184713322 0.26580988838330716 0.3485612179975809 0.26207034433648974 0.28601505937500005 0.9114343958333334 0.3078538598487514 0.9151739398801507
0 0.4075816875000001 0.25118372916666676 0.37688455991072606 0.24549430259936014 0.3064862753764674 0.9207508323037438 0.33718340296574145 0.9264402588710504
0 0.4520531281250002 0.2543233291666668 0.4218312621394209 0.247677536947402 0.3392738840144208 0.9151108536140686 0.3694957500000001 0.9217566458333335
0 0.4837535625 0.3644649791666667 0.4426724299535196 0.3558145327009921 0.3763437393285196 0.915807770200992 0.41742487187500005 0.9244582166666666
0 0.5301887187500001 0.3668017750000001 0.49155093547352735 0.35898689515133536 0.42850976359852727 0.9130913576513354 0.467147546875 0.9209062375000001
0 0.587014665625 0.2661631708333334 0.5524330714313882 0.2597923703129072 0.48490558124999994 0.9114343958333335 0.5194871754436118 0.9178051963537597
0 0.62253085625 0.2637952083333335 0.5898904304139082 0.2576967673623275 0.5213097593750001 0.9102503750000002 0.553950185211092 0.9163488159710061
0 0.6429977005499414 0.32569345563383434 0.6189989800193659 0.3213296544779342 0.5593642169694245 0.9043720113441 0.5833629375 0.9087358125000001
0 0.6653941875000002 0.3201941458333334 0.6422333320089517 0.3162434487728474 0.5851634538839516 0.911035677939514 0.6083243093750001 0.914986375
0 0.7308551625000003 0.22472372083333347 0.6733104209800984 0.21554616163083448 0.6107791334800983 0.9125790866308346 0.6683238750000001 0.9217566458333336
0 0.7912326000000001 0.2152518583333335 0.7332479487273316 0.20666235170162217 0.6737583831023315 0.9206046308682888 0.7317430343749999 0.9291941375000001
0 0.872919796875 0.12290111666666682 0.8278933116910017 0.11601386105012171 0.7559730616910015 0.9519065110501217 0.8009995468750001 0.9587937666666667
0 0.9448513176433682 0.12516081017386313 0.9066602406249998 0.1181651750000001 0.8202235942539546 0.9570650602311948 0.8584146712723231 0.9640606954050578