0 0.12965985288978749 0.11003531590913711 0.10196235937500002 0.10959201250000002 0.09623207211021262 0.7460844757575296 0.12392956562500008 0.7465277791666666
0 0.16380409655296374 0.11622976403062589 0.13532279755925336 0.11609839505073463 0.1336874822562897 0.7463964101867753 0.16216878125000006 0.7465277791666665
0 0.2118168346307528 0.2075810919160377 0.17111838437500002 0.20724826250000009 0.16865268630075267 0.7432590600771785 0.20935113655650545 0.7435918894932161
0 0.2532935306615353 0.7442525340460733 0.2524748918633476 0.21473665238094788 0.21350860625 0.21484375000000003 0.21432724504818776 0.7443596316651253
0 0.304548834375 0.7508680541666666 0.2939482359966941 0.16143749063036109 0.25257110625 0.16276041666666666 0.2631717046283059 0.7521909802029723
0 0.3607331441650432 0.7666825966262957 0.3557772104813365 0.11343887497808756 0.2956803254663438 0.11424942472983395 0.30063625915005054 0.767493146378042
0 0.415208172930281 0.06965104480924358 0.3656895968749999 0.0694444458333334 0.3640474276496489 0.7691822947354919 0.4135660037049299 0.7693888937114022
0 0.47056481154295 0.07709873292956683 0.4210281375000001 0.07595486250000008 0.4120370165820503 0.7681703670704333 0.46157369062500014 0.7693142374999999
0 0.537312417310277 0.08244739595450137 0.48369089687500005 0.08029513750000007 0.4680402292278282 0.77348953486609 0.5216617496631051 0.7756417933205912
0 0.5641487431692769 0.21006896917121187 0.5334413791616958 0.20878176772563026 0.5209497898190689 0.7385564382545634 0.5516571538266499 0.739843639700145
0 0.601531431275232 0.22593753881065595 0.5673656832509547 0.22460364250461373 0.5559513250000001 0.7443576375000001 0.5901170730242774 0.7456915338060423
0 0.6731843987417001 0.20206367767174374 0.6148170032420668 0.19804998424105602 0.593443301526204 0.7506149351508771 0.6518106970258373 0.754628628581565
0 0.73427065897766 0.21031437672648196 0.67717776875 0.20616319583333345 0.6548678216531519 0.7516526814076055 0.7119607118808119 0.755803862300754
0 0.7975906124999999 0.20073784583333343 0.7458644104356613 0.19529791134005758 0.7130873941445067 0.7493668602995002 0.7648135962088453 0.7548067947927761
0 0.8130490187500001 0.34613715416666685 0.7936027672352741 0.3438437951856652 0.7666990656406095 0.7494021649314393 0.7861453171553354 0.7516955239124409
0 0.8342026250000002 0.3450520833333334 0.8154761818282447 0.34311649636970615 0.7918817755782447 0.7489324672030395 0.8106082187500002 0.7508680541666669
0 0.8529379344121948 0.3457770642878493 0.8366434281249999 0.34396701250000017 0.8113600942662573 0.7486006825057281 0.8276546005534522 0.7504107342935772
0 0.874069040625 0.3483072916666668 0.8572816837749262 0.3463666874526606 0.8310671840900623 0.7495145846600344 0.8478545409401361 0.7514551888740406
0 0.907693282449425 0.2647625497485127 0.8793205118050309 0.2622810826206281 0.855459473105606 0.7473015203721155 0.88383224375 0.7497829875
0 0.939157065625 0.3114149291666667 0.9123280741663242 0.30887294270166027 0.8887138468750001 0.751953125 0.9155428383336759 0.7544951114650065
0 0.9686264566688394 0.31701421440139527 0.9400158656249997 0.3135850708333335 0.9104302772201043 0.7524176332660905 0.939040868263944 0.7558467768341524