0 0.13775468750000003 0.7703999999999999 0.10512057495264711 0.1447519807550757 0.0719078125 0.14648437499999997 0.1045419250473529 0.7721323942449241
0 0.17599375 0.7704 0.14411595223096682 0.14466145051904045 0.10933957573283579 0.14643310786389596 0.14121737350186897 0.7721716573448555
0 0.21341875000000005 0.7725687500000001 0.18073182087940778 0.14808958311169618 0.14921875 0.1497390625 0.18190567912059227 0.774218229388304
0 0.24759062499999995 0.7736546874999999 0.21822409550262942 0.1502649132665938 0.183315625 0.15190937499999996 0.2126821544973705 0.7752991492334061
0 0.275253125 0.7747390625 0.24420191482514575 0.1513891960181708 0.219962360638853 0.15259665194630212 0.25101357081370723 0.7759465184281313
0 0.30130990863197094 0.7741548300908467 0.273571211296295 0.15504947951913223 0.24677656250000007 0.15625 0.274515259835676 0.7753553505717145
0 0.3306994456526221 0.775271766465369 0.3028376083863026 0.15451179478234905 0.2785347715243676 0.1556025894802116 0.3063966087906872 0.7763625611632314
0 0.35595521630061705 0.7766230602099585 0.33216674979583155 0.15525905239500576 0.3062828125 0.15625000000000003 0.33007127900478545 0.7776140078149528
0 0.3884600108579642 0.7792121418952427 0.36711646178457874 0.15738953946880704 0.3370859375 0.15842031250000002 0.35842948657338547 0.7802429149264357
0 0.41769252975794213 0.7787942364940968 0.3980434535658792 0.15860857517521426 0.369759375 0.1595046875 0.3894084511920629 0.7796903488188826
0 0.4477842681608304 0.7787335163378805 0.43144361176838875 0.16198906671898716 0.40231093749999997 0.1627609375 0.41865159389244166 0.7795053871188933
0 0.4851625000000001 0.776909375 0.47214375000000003 0.22677968750000002 0.4355276568763052 0.22764620274755992 0.44854640687630526 0.7777758902475598
0 0.5193410876404061 0.7808646394958292 0.5120057147557528 0.16123382634520922 0.47473906250000014 0.161675 0.4820744353846533 0.7813058131506201
0 0.5543248753223731 0.786326387440311 0.5478058223564475 0.1624209320260176 0.5144418845340746 0.16276954458570655 0.5209609375000002 0.786675
0 0.5803625137588956 0.790919849539993 0.5779124999999998 0.249565625 0.5552968910035123 0.24966797675176527 0.557746904762408 0.7910222012917582
0 0.6055750000000001 0.2506515625000001 0.5821609375000001 0.2506515625000001 0.5821609375000001 0.7888453125 0.6055750000000002 0.7888453125
0 0.6226623412692028 0.7888368174717791 0.6218468503869394 0.16382644850224115 0.6073890625 0.1638453125 0.6082045533822634 0.7888556814695379
0 0.6405678198414668 0.789914257850002 0.6389327253235274 0.16272749849770402 0.6259156262955937 0.1627614344616616 0.627550720813533 0.7899481938139595
0 0.6739171875000001 0.1985671875000001 0.6448261556785443 0.19828598540447442 0.6391308431785443 0.7874797354044745 0.6682218750000001 0.7877609375000002
0 0.7080890625000003 0.19748281250000008 0.6820757286025647 0.19708620149060277 0.6731031250000002 0.7855906250000001 0.6991164588974358 0.7859872360093975
0 0.7512369700242468 0.16569422234501022 0.7123687499999999 0.16493125000000008 0.7001004302067402 0.7899181924112814 0.7389686502309871 0.7906811647562915
0 0.7927081947893422 0.16471414207250354 0.7555015625 0.16384531250000012 0.7408058822009257 0.7931710058622998 0.7780125144902679 0.7940398354348033
0 0.8439593750000002 0.15625000000000014 0.8092530881091683 0.1550631290882556 0.7871367135758506 0.80178656964354 0.8218430004666825 0.8029734405552846
0 0.8911484375000001 0.1573343750000001 0.8549383430572821 0.1558209235492781 0.8279384059944952 0.8018081275157766 0.8641485004372133 0.8033215789664985
0 0.9261328125000002 0.15842031250000016 0.8930005184828351 0.1565644640294131 0.8571104743281619 0.7973061593066858 0.890242768345327 0.7991620077772728