0 0.0708484375 0.8967328125 0.05227952173508321 0.005799444862780166 0.00029657839685918417 0.006882878182400733 0.018865494161775978 0.8978162458196206
0 0.11881406250000007 0.8989015625000001 0.11068437499999999 0.00465 0.052939274848491924 0.0051749637110787465 0.061068962348492 0.8994265262110789
0 0.17002968750000005 0.010070312500000018 0.11312343750000001 0.010070312500000015 0.11312343750000005 0.8978171875 0.17002968750000008 0.8978171875
0 0.22856250000000006 0.8956484375 0.22205937499999995 0.1553171875 0.1619236768054454 0.15584542396485473 0.16842680180544548 0.8961766739648548
0 0.2765456310401101 0.8996312620111491 0.2708270446539633 0.030396710251937836 0.2171532886138532 0.030749823240788936 0.222871875 0.8999843750000002
0 0.3253046875 0.021993750000000038 0.26839687500000003 0.021993750000000034 0.2683968750000001 0.9064890625 0.3253046875000001 0.9064890625
0 0.357009375 0.8978171874999997 0.3464346325377358 0.13862916068335324 0.314751196455851 0.13907047978356407 0.3253259389181152 0.8982585066002106
0 0.3830884212647146 0.8929038394864864 0.37001718749999996 0.136890625 0.33662095373528533 0.1374680355135135 0.3496921875 0.89348125
0 0.4107400149284593 0.8952136745940136 0.3992600860274048 0.1419024422379599 0.3707310085989456 0.1423372051439464 0.38221093750000007 0.8956484375
0 0.44155625 0.8934812500000001 0.4269234375 0.146646875 0.3912092972641247 0.14734662629046555 0.4058421097641246 0.8941810012904657
0 0.46758351254701624 0.8995386580049359 0.4537244397425263 0.14082610681844718 0.42932373969551 0.1412718238135111 0.4431828125 0.8999843749999998
0 0.5082614528827557 0.8952014649244934 0.4992474622215384 0.07462433079467325 0.4553765625 0.07510625000000001 0.4643905531612174 0.8956833841298201
0 0.5496796875 0.8923968749999999 0.5325921703880017 0.07544277571125692 0.4936099977276752 0.07625813185302317 0.5106975148396735 0.8932122311417661
0 0.5862876137834382 0.8994055701982117 0.5732546875000001 0.07510625 0.5317542768037155 0.07576240945577514 0.5447872030871536 0.9000617296539868
0 0.6261822711042935 0.8958173477758408 0.605700627552819 0.07544146819830798 0.5690324189485254 0.07635693292246712 0.5895140624999999 0.8967328125
0 0.659428125 0.8978171875 0.6480468750000001 0.07944218750000001 0.6114862141844473 0.07995064147392028 0.6228674641844472 0.8983256414739202
0 0.7033735376111718 0.8947552711148665 0.6877625089969892 0.08403357326913254 0.6413780338858175 0.08492673965426625 0.6569890625000001 0.8956484375000002
0 0.7399185562696655 0.891691947911055 0.7236383499722703 0.08420560577434669 0.6886744812026048 0.0849105328632916 0.7049546874999999 0.892396875
0 0.7781817354095315 0.893566237489142 0.7584694573652577 0.1707821829910977 0.7218252219557261 0.1717815705019555 0.7415375 0.8945656249999999
0 0.8073859375 0.8902296875 0.7992562499999999 0.17808124999999997 0.7666814486695848 0.17845311482655288 0.7748111361695849 0.8906015523265527
0 0.8513298614669257 0.8886045172570027 0.8398599782122537 0.180740766675013 0.803321875 0.1813328125 0.814791758254672 0.8891965630819897
0 0.9090111858850355 0.8873921575346225 0.8992285259402589 0.06680183519699676 0.8390921875 0.06751874999999999 0.8488748474447766 0.8881090723376257
0 0.9407193797683109 0.8911969459727999 0.9374593750000001 0.098953125 0.9057373826768649 0.09908365785301329 0.9089973874451756 0.891327478825813
0 0.9724238860385042 0.8934534903154153 0.9716019719356312 0.09892285192929014 0.9423375000000002 0.098953125 0.9431594141028731 0.8934837633861251
0 0.9997484375000001 0.03360156250000012 0.9748552324387996 0.033563237144293226 0.9735296536465116 0.8945573255898781 0.9984228587077121 0.894595650945585