0 0.11312343750000001 0.9422578125 0.04482157384815997 0.12698313852300397 0.0041859375 0.1303875 0.07248780115184003 0.9456621739769959
0 0.14818483237551683 0.9413406951773015 0.07969347505687671 0.12704515517980103 0.03995624999999999 0.1303875 0.10844760731864012 0.9446830399975003
0 0.17346595992036634 0.9401778333883268 0.10987031250000001 0.16398906250000003 0.0820611147848476 0.1662675596894299 0.1456567622052139 0.9424563305777568
0 0.20010937499999998 0.9400906249999998 0.14136216215962177 0.15026750844268033 0.11702707544518909 0.1520775574128007 0.17577428828556727 0.9419006739701201
0 0.2350656250000001 0.9400906250000002 0.17974648144406258 0.15911815967157658 0.1415765625 0.161821875 0.19689570605593748 0.9427943403284236
0 0.25220273667135534 0.9400206519833011 0.1943082502585837 0.03978646438226155 0.167590625 0.0415046875 0.2254851114127716 0.9417388751010396
0 0.2840178974335507 0.9395371008129088 0.22612343750000002 0.04258750000000001 0.19602914419568004 0.044529964611563944 0.2539236041292307 0.9414795654244725
0 0.3155484375 0.9400906249999998 0.26595781250000006 0.045839062499999986 0.22786558045349822 0.04795146316447303 0.2774562054534982 0.9422030256644728
0 0.33523398014906886 0.9391078811551772 0.2887203125 0.04583906249999999 0.26671860125413743 0.04698472018246734 0.31323226890320627 0.9402535388376446
0 0.35538281250000003 0.9411749999999998 0.3106703125000001 0.043671875000000006 0.2870998678292924 0.04484612551566146 0.33181236782929235 0.9423492505156613
0 0.3846863334521543 0.9419758281072907 0.34480126329311345 0.06286626513492764 0.31392343750000007 0.0642671875 0.35380850765904087 0.9433767504723631
0 0.41472968750000005 0.9379234375 0.38375532078294416 0.05650836065431395 0.3480671875 0.05776250000000001 0.3790415542170559 0.939177576845686
0 0.43997492598795207 0.9346939620432766 0.40903367833249515 0.15084641313599867 0.378146875 0.15206562500000004 0.409088122655457 0.9359131739072779
0 0.46106718750000003 0.9357546874999999 0.4317753787523345 0.15353515430479808 0.4107095880491207 0.1543240058818948 0.4400013967967863 0.9365435390770965
0 0.484768595134544 0.9326597770854408 0.4521250000000001 0.041504687500000005 0.42679859236545614 0.04243241041455921 0.4594421875 0.9335874999999998
0 0.501715625 0.9368390625 0.4740526054870212 0.03969403147953243 0.4504984375 0.04042031249999999 0.4781614570129788 0.9375653435204676
0 0.5336041315398303 0.9371329581608989 0.5048995655175033 0.044821337061457654 0.4732625 0.04583906249999999 0.501967066022327 0.9381506835994413
0 0.5619120194450106 0.9307061897920965 0.5382984375000002 0.0404203125 0.5056589247028878 0.041286029714816555 0.5292725066478983 0.9315719070069131
0 0.5928677846276031 0.9330780464540765 0.5764919878953542 0.1458861791826505 0.5399250000000001 0.146646875 0.5563007967322491 0.933838742271426
0 0.6269109375000002 0.9314187500000001 0.6082125 0.1553171875 0.569239373003846 0.15625615813803057 0.5879378105038462 0.9323577206380307
0 0.6627123963381533 0.9304269691359555 0.6438985741540258 0.2204272467293042 0.6057734374999999 0.22143749999999995 0.6245872596841273 0.9314372224066512
0 0.6960109375000001 0.9281671875 0.6773140625 0.22360625000000006 0.6447894406282626 0.2244693531855327 0.6634863156282627 0.9290302906855328
0 0.7270966852502536 0.9308045209249478 0.7122703125000001 0.1412265625 0.6795595647497463 0.14184079157505197 0.6943859375 0.93141875
0 0.7611693540739879 0.9295456663722879 0.7407234375 0.146646875 0.7105228334260122 0.14743558362771222 0.73096875 0.9303343749999999
0 0.7830156582021972 0.9324007832455257 0.7781203124999999 0.03716875 0.7496621173665281 0.03732436630735428 0.7545574630687254 0.9325563995528799
0 0.8220769404760947 0.9311370511178231 0.8138773883755904 0.030294197272927637 0.7732421875 0.030664062500000006 0.7814417396005043 0.9315069163448954
0 0.8594490940443501 0.9322281441632075 0.8537250000000001 0.23769687500000006 0.8154824872799888 0.2380120569781496 0.821206581324339 0.932543326141357
0 0.8951859375000002 0.23444531250000017 0.8594573216582466 0.2342767946624167 0.8561745265249632 0.9302845757150522 0.8919031423667168 0.9304530935526356
0 0.9382718750000004 0.23010937500000014 0.8968473527956615 0.2299155160314315 0.8935798973844762 0.9281178237797455 0.9350044195888151 0.9283116827483143
0 0.97729375 0.015489062500000119 0.9382718750000001 0.015489062500000117 0.9382718750000001 0.93141875 0.97729375 0.93141875
0 0.9997484375000001 0.025245312500000124 0.97648125 0.025245312500000124 0.97648125 0.9292515625 0.9997484375000001 0.9292515625