0 0.16121031875 0.9449655291666667 0.05363274137188754 0.10858776583578628 0.0026304718750000027 0.12025012083333335 0.11020804925311248 0.9566278841642137
0 0.20780724062500006 0.9479717833333333 0.11132425288183448 0.10520175745182542 0.062003968750000006 0.11523970000000001 0.15848695649316555 0.958009725881508
0 0.24087602187499996 0.9389530208333333 0.15506959773955173 -0.00263960131384177 0.107849328125 0.005010420833333333 0.19365575226044823 0.9466030429805083
0 0.2720025617589752 0.934101361984102 0.2022858548512394 0.004544110351516303 0.16121031875000003 0.010020841666666669 0.23092702565773582 0.9395780932992523
0 0.29334824447962504 0.9928168957994484 0.23055930872183508 0.2672551641717017 0.20254629687499998 0.2715648541666667 0.26533523263278996 0.9971265857944134
0 0.308516715625 0.9990780833333335 0.2633367547895984 0.270174742323937 0.24162758437499998 0.2725669375 0.2868075452104016 1.0014702785093965
0 0.368641775 0.9439634458333335 0.33764125319302446 0.11022584630828793 0.27695105937500003 0.1142376125 0.3079515811819756 0.9479752120250455
0 0.42870556638327145 0.9445606711985123 0.4076040201898004 0.11456570201235045 0.3483495687499999 0.11724386666666665 0.36945111494347105 0.9472388358528285
0 0.4468043531250001 0.020041687500000075 0.4174986066246661 0.019914132514951235 0.41524369175056286 0.9409212299465822 0.4445494382508969 0.941048784931631
0 0.4843825156250003 0.022045854166666753 0.4543301350105934 0.021309435488249772 0.4415535600105932 0.9482374479882498 0.4716059406250001 0.9489738666666667
0 0.5099356656250001 0.11824595000000009 0.4896594894308877 0.1174858000293199 0.472299503739338 0.940701433635978 0.4925756799334504 0.9414615836066582
0 0.5430044500000001 0.11724386666666678 0.5197534420041566 0.11584331753272166 0.4919134547822358 0.9374991473780145 0.5151644627780793 0.9388996965119596
0 0.6354467281250001 0.033068783333333455 0.5710961633954265 0.024338509931723165 0.5003987672042959 0.9507531512409013 0.5647493319338696 0.9594834246425117
0 0.71135461875 0.04008337500000012 0.6493281306175428 0.028657442695288908 0.554264490361604 0.9460969959911861 0.6162909784940612 0.9575229282958974
0 0.757199975 0.10321468750000014 0.7182660249585925 0.0948098984658106 0.6151861447174662 0.94370304815447 0.6541200947588739 0.9521078371886597
0 0.8113125312500001 0.10521885416666682 0.7683579003957093 0.09387429374379068 0.6432433541676279 0.9360594777380895 0.6861979850219185 0.9474040381609657
0 0.9075126250000001 0.10421677083333354 0.8806225051585578 0.09528371337050985 0.7125033335470258 0.9949621774159969 0.7393934533884681 1.0038952348788206
0 0.915779821875 0.04008337500000015 0.862297993757218 0.03876283735598818 0.8615464312572179 0.09287539152265485 0.9150282593749998 0.09419592916666682
0 0.9789111343749999 0.05210838750000022 0.9331866394007762 0.034591009310259345 0.7397126033395434 0.9323917843098594 0.7854370983137671 0.9499091624996002
0 1.048854338467075 0.03783425200254674 0.996948653125 0.01603335000000007 0.7797994316667608 0.9351618162316584 0.8317051170088359 0.9569627182342051