0 0.14047656250000012 0.12871093750000007 0.10860084971342199 0.12172753858757823 -0.013277275286578072 0.6780400385875784 0.018598437500000075 0.6850234375000002
0 0.2318347551201383 0.14301778955176425 0.17707031250000002 0.13164687500000005 0.061468271468451706 0.6884078385990857 0.11623271408859 0.69977875315085
0 0.2855171875000001 0.15953906250000008 0.2324853911487692 0.14852911864938387 0.11816351614876912 0.6991853686493839 0.17119531250000003 0.7101953125000001
0 0.33543906250000016 0.1979906250000001 0.280665364595465 0.1868196312844615 0.1740468750000001 0.7095921875 0.22882057290453525 0.7207631812155386
0 0.3558312500000001 0.22647812500000003 0.33748480239642037 0.22254058403827637 0.23013502423124513 0.7227225756691954 0.24848147183482486 0.7266601166309191
0 0.39830625000000014 0.18835468750000006 0.3684225755433262 0.1819251168446529 0.25011250000000007 0.7318125 0.279996174456674 0.7382420706553472
0 0.42984687500000013 0.19295625000000008 0.40121608130613423 0.18668924800973793 0.2812785813061342 0.734623623009738 0.3099093750000001 0.7408906250000002
0 0.4751047159581018 0.2242992700397659 0.42852517108461663 0.2141330194655771 0.31289062500000014 0.7439453125000001 0.35947016987348523 0.7541115630741888
0 0.5251561948137069 0.23654382028769208 0.478365625 0.2259500000000001 0.3586174296331298 0.7548513918698154 0.4054079994468367 0.7654452121575075
0 0.5771132638659299 0.22691623390193594 0.5321096661379031 0.21675093144949198 0.4081796875000001 0.7654109375000002 0.4531832852280268 0.7755762399524441
0 0.6248662403952164 0.23721615697403875 0.5803735028135469 0.22704941147591234 0.4550781250000001 0.7753796875000002 0.4995708625816696 0.7855464329981265
0 0.6672162199028266 0.27277205449129854 0.6213235376804648 0.26237745806759455 0.5030921875 0.784375 0.5489848697223618 0.794769596423704
0 0.7167000383744098 0.28347933999251945 0.6699421875 0.27272343750000017 0.5494297784384521 0.796612646735095 0.5961876293128621 0.8073685492276143
0 0.7845842089539775 0.30586804352590224 0.72318125 0.29130156250000006 0.6005095410460225 0.8084069564740979 0.6619125 0.8229734375
0 0.8493830601198724 0.3082781459292921 0.7870593750000001 0.29398593750000007 0.6671623494546182 0.8168179759402495 0.7294860345744905 0.8311101843695414
0 0.9128050322408383 0.32101740305340576 0.8477183684921219 0.3068614342300754 0.7335414612512837 0.8318268436766697 0.7986281250000001 0.8459828125000002
0 0.9822464025135883 0.33659335361640297 0.9173359375000001 0.3216765625000001 0.7963801599864118 0.8480160213835972 0.861290625 0.8629328125000001