0 0.07928992187500013 0.005010420833333353 0.02821558840998632 0.002733550838895851 0.0033611302849448355 0.9938992089353051 0.05443546374995865 0.9961760789297427
0 0.12889309687500022 0.006012504166666698 0.08605299710274004 0.004046831618270152 0.06049984710273991 0.9941061566182702 0.10333994687500007 0.9960718291666667
0 0.16874181960888046 0.004176737378046628 0.1319961161236702 0.0029332279569927724 0.11311026875000008 0.9950697458333332 0.14985597223521033 0.9963132552543871
0 0.21082853531689122 0.005253325836331831 0.1740474728300589 0.003957516101157488 0.1544462468750001 0.993065575 0.1912273093618324 0.9943613847351745
0 0.24764009062500011 0.007014591666666709 0.21159300468333336 0.0060865502717889165 0.1972853531250001 0.9940676624999998 0.2333324390666668 0.9949957038948777
0 0.28447007219201415 0.0027434202075604422 0.25214947187500003 0.0020041666666667088 0.239369515307986 0.995332575625773 0.2716901156250001 0.9960718291666668
0 0.3167891047176708 0.00037864206098757827 0.28749845351522973 -0.00005529340667522198 0.2792057468750001 0.9950697458333335 0.3084963980774411 0.9955036813009962
0 0.35887145312500013 0.005010420833333393 0.3250836274377661 0.0044610252728097865 0.3160323468750001 0.9940676625000001 0.34982017256223413 0.9946170580605236
0 0.4039652468750002 0.005010420833333401 0.3641296123094556 0.004741896210260282 0.36037179668445557 0.9958033045435937 0.40020743125000013 0.9960718291666667
0 0.4407918468750003 0.00200416666666674 0.410732847026292 0.0018420689193519634 0.4077200228630516 0.9950697294416272 0.43777902271175984 0.995231827188942
0 0.4821389672933586 0.9929280485678026 0.47987771004659524 0.00400526376640021 0.44604622087823664 0.0041427901985975945 0.448307478125 0.9930655749999999
0 0.514445046875 0.9920634916666666 0.51143879375 0.0060125041666666676 0.4858860628725513 0.006151001358261419 0.4888923159975514 0.9922019888582613
0 0.5505270072365005 0.989870686397247 0.5467539396656365 0.0008237423217489131 0.518939173054136 0.0010123809245019548 0.522712240625 0.990059325
0 0.5858478954484612 0.9939606064326135 0.5835840193038013 0.004897285669348679 0.555781025 0.005010420833333333 0.5580449011446598 0.9940737415965981
0 0.6144089887312738 0.9960147255410834 0.6128998312500001 0.007014591666666669 0.5918500300187264 0.007071695292250041 0.5933591875 0.9960718291666667
0 0.6489863869524034 0.9977560456653264 0.642202132175761 0.005747620580104759 0.6158858983483577 0.00606757491477836 0.6226701531250001 0.998076
0 0.6865726328536758 0.9956451454014846 0.6790373968750001 0.004008337499999996 0.6474521390213243 0.0044350212651820065 0.6549873749999999 0.9960718291666666
0 0.723392554428874 0.995613744423996 0.7151006991363675 0.003606459741365979 0.6842736822074935 0.004064544484036698 0.6925655374999999 0.9960718291666666
0 0.758703103125 0.9940676624999999 0.747429653125 0.0040083375 0.719628220697599 0.004571119593260353 0.7309016706975989 0.9946304445932603
0 0.7887713012447415 0.9946001020661919 0.7782390507267297 0.00557151343179725 0.7534317932319883 0.00604115719893864 0.76396404375 0.9950697458333333
0 0.8150764061679109 0.995568627597423 0.8030404081099816 0.0046048250288213835 0.7797358863170707 0.005108026598065211 0.7917718843750002 0.9960718291666668
0 0.8497817712901146 0.998970470010996 0.8368053525667756 0.0023813480324402893 0.8098094031249999 0.0030062541666666664 0.8227858218483389 0.9995953761452224
0 0.8764216044996443 0.995593791826379 0.8658925373532338 0.005861523843614986 0.8383620786200675 0.006382194480985184 0.8488911457664781 0.9961144624637492
0 0.9168950584481111 0.9935838603716914 0.8921769093720313 0.004856938065707616 0.8587444540489202 0.006342823527349635 0.883462603125 0.9950697458333335
0 0.9379278961486234 0.9939169151840221 0.9175032348112373 0.003807323187185426 0.8908628267065758 0.004784312792422673 0.911287488043962 0.9948939047892595
0 0.9638938378585337 0.9957691417918897 0.9389585671973982 0.0031074929143874996 0.9126617811017207 0.004281830578841106 0.9375970517628561 0.9969434794563433
0 1.0081171440896421 0.9936601744204651 0.9826186513079666 0.0020522775615208137 0.9353943893348552 0.004211101305113892 0.9608928821165307 0.9958189981640582