0 0.13448841250000013 0.2528211791666667 0.11269864457966368 0.2506864084740762 0.08567239375000006 0.7411024291666667 0.10746216167033651 0.7432371998592572
0 0.1548284187500001 0.25282117916666674 0.13045447177966257 0.2509481106060718 0.10926680312500008 0.7411024291666667 0.13364075009533763 0.7429754977272617
0 0.18086362812500015 0.27343750000000006 0.15162546635312996 0.2718022041215951 0.1369292125000001 0.7389322916666667 0.16616737427187028 0.7405675875450718
0 0.20608523750000005 0.27560763750000006 0.1800559710302355 0.274310550448352 0.16703242500000007 0.7389322916666667 0.19306169146976465 0.7402293787183148
0 0.2467652531250001 0.25499132083333337 0.2086121394382925 0.253057116017197 0.19469483437500007 0.7411024291666666 0.2328479480617077 0.743036633982803
0 0.2874452687500001 0.25607638750000006 0.2509097178461944 0.254325304553948 0.23781565000000002 0.7400173624999999 0.27435120090380566 0.741768445446052
0 0.32491497662916674 0.2571605848577524 0.29318579537930134 0.25601489412259737 0.2833772656250001 0.7389322916666667 0.3151064468748655 0.7400779824018218
0 0.3566012937500001 0.25824652916666674 0.32244739770269576 0.25722114093642845 0.31429407812500015 0.7400173625 0.34844797417230444 0.7410427507302384
0 0.38914960176103075 0.2622745863174517 0.3574746333929914 0.26149985560305633 0.3509060906250001 0.7389322916666667 0.3825810589930394 0.7397070223810621
0 0.419248515625 0.25824652916666674 0.387518103125 0.25824652916666674 0.38751810312500007 0.7400173624999999 0.419248515625 0.7400173624999999
0 0.48281234689017394 0.7344322199435951 0.4761674737168449 0.2547747626443083 0.4175331007339994 0.25621882269596796 0.4241779739073285 0.7358762799952546
0 0.5446051951229145 0.7419791333072739 0.538722036510437 0.24879221100260096 0.48040238296309223 0.2500289880415394 0.48628554157556964 0.7432159103462125
0 0.5600013687500001 0.7389322916666666 0.5502381625000001 0.25824652916666674 0.5339780813654352 0.25883365526633767 0.5437412876154352 0.7395194177663377
0 0.5754597718750001 0.7378472208333335 0.5656894861784256 0.25898446373742845 0.5486165150371285 0.25960373764380323 0.558386800733703 0.7384664947397082
0 0.644615796875 0.7356770833333335 0.6282567833385272 0.26005707383550514 0.558396763693769 0.26432879770172907 0.5747557772302418 0.7399488071995574
0 0.6698818531187395 0.7370466986284182 0.654256837711316 0.25556710974338304 0.6323306825899631 0.2568320864508509 0.6479556979973864 0.7383116753358862
0 0.7016159770703221 0.7360354301814203 0.6859829335446122 0.2674764919024938 0.6519153415673051 0.26949717505460397 0.6675483850930151 0.7380561133335306
0 0.7903009628010066 0.739537226122891 0.7753472084105607 0.24120300839237138 0.7070815058959357 0.24484475371954537 0.7220352602863815 0.743178971450065
0 0.8040921585219163 0.7286291690379805 0.7950550218028875 0.26625127836448975 0.775605446875 0.2669270833333333 0.7846425835940288 0.7293049740068241
0 0.843947871875 0.7259114583333334 0.8307806664996311 0.2967736576021912 0.7998822747148664 0.29845908553473854 0.8130494800902353 0.7275968862658806
0 0.8805598843749998 0.7215711791666667 0.866207082366161 0.3006605919422183 0.8304086698661612 0.30283073360888485 0.844761471875 0.7237413208333333