0 0.06945430381953785 0.906462343090383 0.022487902970870447 0.03085483295475749 -0.01768915515846664 0.034686020472868465 0.029277245690200758 0.910293530608494
0 0.12938182812500004 0.9021527041666667 0.09325379227805902 0.03179548134456427 0.020445825000000004 0.0371683125 0.05657386084694101 0.9075255353221025
0 0.17251305407208445 0.9042449994294551 0.1340765526283028 0.03519842626249146 0.09175828293121835 0.03852583516636964 0.13019478437500004 0.9075724083333334
0 0.19773520405710032 0.9027089921303865 0.16190003749999998 0.0003143416666666676 0.13907215531789968 0.0019259370362802804 0.17490732187500002 0.9043205875000001
0 0.22048497716481083 0.9037979295650374 0.1919213845355906 0.002820623549899093 0.15946117187500003 0.004650104166666667 0.18802476450422026 0.9056274101818048
0 0.26189353437500007 0.8989008833333334 0.23066313827251603 0.07704836341022785 0.19429707880793323 0.07950509278789536 0.22552747491041725 0.9013576127110009
0 0.2977091829436701 0.8984112710504434 0.2754817783542777 0.0806622642632003 0.2334401 0.08269380833333333 0.25566750458939247 0.9004428151205764
0 0.324532328800764 0.8980586654889784 0.31059788057255905 0.08384980492724668 0.277339684375 0.08486168750000002 0.29127413260320495 0.8990705480617316
0 0.3545704343750001 0.8934811833333334 0.3414767163190424 0.09367325526385696 0.309044940625 0.09461715416666668 0.32213865868095765 0.8944250822361431
0 0.3936090807593418 0.8941942770985509 0.38866723731631553 0.04639353191870019 0.337498375 0.04692377916666667 0.3424402184430263 0.8947245243465175
0 0.42367163124999996 0.8869775416666668 0.41795546776470643 0.05296217456709804 0.37977204687500005 0.05342742083333333 0.38548821036029357 0.887442787932902
0 0.4480602875 0.8891454208333334 0.4390833357963855 0.20145639403029417 0.41229222896600926 0.20207812846801293 0.4212691806696237 0.8897671552710521
0 0.46675825937500004 0.2019272458333334 0.44318798238217105 0.20182700017425162 0.4415489088316228 0.8869602210490822 0.4651191858244518 0.887060466708164
0 0.4992809665305266 0.8855676845122992 0.49520965855969523 0.19941636915466399 0.462693484375 0.1997593666666667 0.4667647923458314 0.8859106820243018
0 0.5359193917399888 0.0661600445543531 0.50090238125 0.06535076250000009 0.4902664575990935 0.8834987011327134 0.5252834680890823 0.8843079831870664
0 0.5691906218750001 0.06751864583333343 0.531056176519181 0.06610812481096202 0.513984117144181 0.8866509581442954 0.5521185625000002 0.8880614791666669
0 0.5976440562500002 0.06318288333333344 0.5677346786695814 0.0621361858791563 0.5514755724195812 0.8880987233791563 0.5813849500000001 0.8891454208333335
0 0.6253555978064378 0.18605937722500773 0.59195336875 0.18458420000000011 0.5747521648394732 0.8770009553274534 0.6081543938959111 0.8784761325524609
0 0.6708100281250002 0.1097923166666668 0.6432723318751512 0.10802658040362122 0.6156183371337925 0.8747471560588976 0.6431560333836417 0.8765128923219432
0 0.7067901638607114 0.17845011519797016 0.665119340625 0.17591267916666675 0.6410670661211197 0.8781284885485329 0.6827378893568311 0.8806659245798364
0 0.75617033125 0.09244927083333344 0.7073930156249999 0.08919745000000011 0.6780678360606108 0.871202288484153 0.7268451516856109 0.8744541093174865
0 0.8115288348860794 0.08356923101395647 0.7626739718750001 0.07835804583333347 0.7147393402311906 0.877268604999247 0.7635942032422698 0.88247979017987
0 0.8512860937500001 0.08269380833333348 0.8082096855964689 0.07818443253582119 0.7618610156250001 0.8652987333333334 0.8049374237785312 0.8698081091308457
0 0.895185678125 0.08269380833333348 0.8517632808402175 0.07803639000803195 0.804155598544592 0.867120069729349 0.8475779958293745 0.8717774880546505
0 0.9423370843750002 0.08919745000000018 0.8981186083390298 0.08348382669242857 0.8414175017915893 0.8636033989617331 0.8856359778275597 0.8693170222693047
0 0.9920463220766027 0.131127435047812 0.9431500406250001 0.12388354166666683 0.8822279682306823 0.8549484272766373 0.9311242496822849 0.8621923206577825
0 1.0442777695363499 0.1318816237614026 0.9992439531249999 0.12388354166666682 0.9269151309299263 0.8478888689218026 0.9719489473412761 0.8558869510165383