0 0.10330656164779368 0.7928987723690939 0.0899082225560588 0.28173578891399365 0.0589046875 0.28254843749999997 0.07230302659173488 0.7937114209551002
0 0.13213866225239718 0.7918894502123803 0.11876664877730414 0.2838032325207649 0.089927986524907 0.2845622198083846 0.10329999999999999 0.7926484375
0 0.16323281250000005 0.7936359375 0.15063687874803394 0.2739214520448125 0.12031874999999995 0.27465625000000005 0.132914683751966 0.7943707354551875
0 0.2029579424151992 0.7929450494360962 0.19353794658801698 0.29167927682449724 0.1543546875 0.292415625 0.1637746833271822 0.7936813976115988
0 0.23797248782997077 0.7932429799208909 0.2322092434013542 0.2939601316780057 0.19505 0.29438906249999997 0.2008132444286166 0.7936719107428851
0 0.2631546875000001 0.799203125 0.25941471693968615 0.29617551848595375 0.234265625 0.2963625 0.23800559556031398 0.7993901065140462
0 0.2882796875 0.7995546874999999 0.28430578562269404 0.29813873593589313 0.2594234375 0.2983359375 0.263397339377306 0.7997518890641068
0 0.33563437500000004 0.786728125 0.32744856808797185 0.32430782242243994 0.289759375 0.32497499999999996 0.2979451819120282 0.7873953025775601
0 0.3804129312005726 0.7877411357143825 0.36819062499999994 0.3308953125 0.3274453021771049 0.33198539976024605 0.33966760837767757 0.7888312229746285
0 0.41629269617206655 0.7979867356027763 0.40811937973501367 0.30951928182998334 0.36893125000000004 0.310175 0.3771045664370528 0.798642453772793
0 0.45279165876480326 0.7992369804944851 0.4480897460165213 0.31372789081743135 0.40740781249999997 0.314121875 0.41210972524828193 0.7996309646770539
0 0.4902781250000001 0.8005421875 0.48857656250000003 0.3185171875 0.44883729940019446 0.3186574682735455 0.45053886190019454 0.8006824682735456
0 0.5272750000000002 0.8025156250000001 0.5260125000000001 0.32068750000000007 0.4880571805705462 0.3207869516266142 0.4893196805705462 0.8026150766266141
0 0.570935101313984 0.27004996254763347 0.5309734374999999 0.269721875 0.5265289611860161 0.8110672249523667 0.566490625 0.8113953125000002
0 0.6116314454211829 0.27413961969989986 0.5738890624999999 0.27366875 0.5671928681861524 0.810399675692685 0.6049352511073354 0.8108705453925851
0 0.6578484375000002 0.27294375000000004 0.6190482643993217 0.2718542792606941 0.6039013893993216 0.8112917792606942 0.6427015625000001 0.8123812500000002
0 0.671613034930408 0.35209476612636265 0.658240625 0.35161406250000005 0.6419072775695921 0.8059817963736375 0.6552796875000001 0.8064625000000001
0 0.7160173480996205 0.2821364278518475 0.6811781250000001 0.2805765625 0.6574373394003797 0.8108213846481528 0.6922765625000001 0.8123812500000002
0 0.7625687500000002 0.28550937500000007 0.7278060246908252 0.28331657484507444 0.694433373157709 0.8123772443632621 0.7291960984668842 0.8145700445181877
0 0.7832012529081382 0.3583161145533693 0.7610890625000001 0.35654843750000015 0.7255453594589352 0.8011710160169973 0.7476575498670732 0.8029386930703664
0 0.8062250000000002 0.36049531250000016 0.7855973935921171 0.3585442144951328 0.7440236662800557 0.798074408141225 0.7646512726879386 0.8000255061460925