0 0.09042455612223899 0.9262324944668237 0.05276359568804482 0.16535929708315517 0.013676539565805829 0.1672939901163315 0.0513375 0.9281671875
0 0.12450468750000006 0.9259999999999998 0.08604258811423053 0.16440513452283806 0.04798504039897319 0.1663271185709918 0.08644713978474271 0.9279219840481534
0 0.1586751807355083 0.9221771016920831 0.11877350175820618 0.15670782483693935 0.08304375 0.15857031249999998 0.12294542897730212 0.9240395893551436
0 0.17572031249999998 0.9281671875 0.13506949271099783 0.027359709336504102 0.10987031249999997 0.028496874999999998 0.1505211322890021 0.9293043531634959
0 0.19604375000000002 0.9292515625 0.15683559374533557 0.024196883947994116 0.13263437500000003 0.0252453125 0.17184253125466448 0.9302999910520058
0 0.22693593750000005 0.932503125 0.19265848876144573 0.012986876450813955 0.1545828125 0.014406250000000004 0.18886026123855432 0.9339224985491862
0 0.25704974729384206 0.9289989941549681 0.21961555291099222 0.016457411952891954 0.18706268061715012 0.017792792797923875 0.22449687499999998 0.9303343749999999
0 0.28883031479838117 0.9285474430175522 0.2675843750000001 0.0176578125 0.22040792944147047 0.018758174046182748 0.24165386923985155 0.9296478045637351
0 0.323678125 0.9325031250000002 0.30579375000000003 0.012237499999999998 0.26593072054085487 0.013012195205510255 0.2838150955408548 0.9332778202055104
0 0.35131875 0.9357546875 0.33262031250000007 0.029581249999999993 0.29846876034242154 0.03028595026721177 0.3171671978424215 0.9364593877672117
0 0.38232930822852806 0.934100284994529 0.36416262985263703 0.02353163938245888 0.3326203125 0.0241609375 0.35078699087589105 0.9347295831120702
0 0.4049734375 0.9346703125 0.39196562500000004 0.023076562499999998 0.3626440994185945 0.023494960395967227 0.37565191191859443 0.9350887103959671
0 0.42936250000000004 0.9346703124999998 0.4228346692637701 0.022878850573417167 0.38952840547917456 0.023117301646409964 0.3960562362154044 0.9349087635729927
0 0.47326250000000003 0.9335875000000001 0.4700093750000002 0.146646875 0.42122020466224697 0.14684856400259155 0.4244733296622469 0.9337891890025917
0 0.5025326179524016 0.1477739482258539 0.46025468749999987 0.14772968750000004 0.45943199063020057 0.9335713196416939 0.5017099210826023 0.933615580367548
0 0.5334203125000002 0.15315000000000006 0.496878429922191 0.15288684104470557 0.49118780492219083 0.9430790285447056 0.5277296875 0.9433421875000001
0 0.561906963848825 0.14255074781963514 0.5326078125000001 0.14231093750000007 0.5260711611511754 0.9409351896803649 0.5553703125000002 0.941175
0 0.5862625 0.1466468750000001 0.5561828125 0.1466468750000001 0.5561828125000001 0.941175 0.5862625000000001 0.941175
0 0.6342406462810055 0.07431498819388578 0.591124593799882 0.07399123839382618 0.5846073850188765 0.9419340626999404 0.6277234375 0.9422578125
0 0.6781477943094786 0.07575411163172666 0.6317875000000001 0.07510625000000008 0.6195725181905216 0.9491974508682735 0.6659328125000001 0.9498453124999999
0 0.7147356738538173 0.15289813781992284 0.6724359375 0.1520656250000001 0.6568676900694501 0.9430837883771689 0.6991674264232675 0.9439163011970917
0 0.7496671875000002 0.1509828125000001 0.7131823972688364 0.1501147038989194 0.6944140237373484 0.9389102191420683 0.7308988139685122 0.9397783277431492
0 0.7847304196295573 0.1475317945886844 0.7472281250000001 0.1466468750000001 0.728424267870443 0.9435416429113159 0.7659265625000001 0.9444265625000001
0 0.8455953125000004 0.03283281250000012 0.787140897525272 0.03116668644427425 0.7611135022455342 0.9443125790761924 0.8195679172202623 0.9459787051319182
0 0.9285296896214131 0.042256884339964614 0.8512859374999998 0.0393359375000001 0.8171296853785867 0.9425899906600355 0.8943734375 0.9455109374999999
0 0.9976750182700567 0.005669297214017849 0.9325812499999999 0.002482812500000109 0.8865841499318682 0.9421153046183719 0.9516779182019249 0.9453017893323896