0 0.18738534375000013 0.11827257083333338 0.15638504130365444 0.1164314254906142 0.1344178350536544 0.7739835088239474 0.16541813750000006 0.7758246541666666
0 0.243523765625 0.17144097083333334 0.190722146875 0.1671006958333333 0.1624659363415552 0.7782134964049022 0.2152675550915552 0.7825537714049023
0 0.2981311298314623 0.17610362163063809 0.24606866846525816 0.17128764917381167 0.214225236817088 0.7832687903312683 0.2662876981832921 0.7880847627880947
0 0.3405566446031411 0.1483824236932558 0.30291658750000006 0.14431423750000003 0.26342626117664186 0.7938718064986579 0.3010663182797829 0.7979399926919136
0 0.37869742848700805 0.20656369845983383 0.338020325 0.2018229166666667 0.29885149651299203 0.7992956765401664 0.33952860000000007 0.8040364583333335
0 0.42414303125000014 0.21375867916666677 0.3836911929821831 0.20816017766596587 0.3373159773571831 0.8038633026659661 0.37776781562500006 0.8094618041666668
0 0.4658561521590422 0.11235457425614453 0.4341152491861158 0.10770294493812181 0.374416492598045 0.8319003049659507 0.4061573955709713 0.8365519342839735
0 0.5032897921984076 0.11572203465311195 0.47327960186886414 0.11096256249741017 0.4087415352732611 0.8344040044329544 0.43875172560280457 0.8391634765886561
0 0.5715535801270197 0.12533281617634792 0.5067225329314808 0.11456355968747936 0.43913717835683047 0.8378784170931776 0.5039682255523694 0.8486476735820462
0 0.6408872880684583 0.13442705634230745 0.5753093021198351 0.12315189870275696 0.5055040790446956 0.8449252516187449 0.5710820649933187 0.8562004092582953
0 0.7212769599204015 0.16757491541702582 0.6482467092246564 0.15457434311140458 0.5788578108836474 0.8475337362782721 0.6518880615793925 0.8605343085838933
0 0.79921276875 0.17144097083333348 0.7265690782872297 0.1581319999661204 0.6546743978871785 0.8557660275550449 0.7273180883499488 0.869074998422258
0 0.8139284 0.24197048750000014 0.792138409695108 0.238049519767659 0.7300864854653107 0.8511003648841212 0.7518764757702028 0.8550213326164623
0 0.8436962537421808 0.24304640883040368 0.8184681816500976 0.23811493462854277 0.7504036858054559 0.8571359639658918 0.775631757897539 0.8620674381677527
0 0.8848091428545082 0.18355288599668143 0.8518360293853761 0.1772638675967249 0.7783022693422538 0.8626595093375234 0.811275382811386 0.8689485277374799
0 0.9343412437500002 0.18337673750000014 0.8960654304191051 0.175203733596133 0.8119187431882093 0.8757828990201673 0.8501945565191044 0.8839559029240344
0 0.9735968063281069 0.19257645165498571 0.9369025736913725 0.1845654197409374 0.851561243470994 0.8795036905840458 0.8882554761077284 0.887514722498094