0 0.14834123173704655 0.2927400615188207 0.10364532500000004 0.29188367916666663 0.09790350869804247 0.8246377910301725 0.142599415435089 0.8254941733823266
0 0.19713307321467166 0.2971740503699669 0.15403755021110402 0.29622255627011 0.1475017781250001 0.8224826375000002 0.19059730112856774 0.8234341315998571
0 0.21828500625000014 0.25716145833333337 0.20283231192035706 0.25676533364070786 0.19469059687500007 0.8213975708333334 0.21014329120464317 0.8217936955259588
0 0.23458721936757415 0.13819851300881295 0.21994994709399168 0.137755740202007 0.20770820000000006 0.8572048624999999 0.22234547227358256 0.8576476353068059
0 0.27769812152093526 0.27952037873742486 0.24923121808874327 0.2788414161907282 0.2418794125000001 0.8268229166666666 0.2703463159321921 0.8275018792133634
0 0.3265174842761601 0.24456352033114304 0.2752579574635631 0.24380289995016197 0.27035271693740304 0.8314876421190189 0.3216122437500001 0.8322482625
0 0.39488563429306556 0.3375246543967952 0.3412660686789556 0.3352860631450451 0.3297482468750001 0.8257378458333335 0.3833678124891101 0.8279764370850836
0 0.4485338906250001 0.3352864583333334 0.39729536937040005 0.33334353853227827 0.38670026562500004 0.8300781250000002 0.4379387868796001 0.8320210448010555
0 0.4925271421503246 0.2533403685138754 0.464849881945514 0.2515868577232603 0.44432988416835323 0.8273839091600764 0.4720071443731638 0.8291374199506917
0 0.5307075187500001 0.28754340416666674 0.49328866287357087 0.2851828547565763 0.47457585662357094 0.8125266047565762 0.5119947125000002 0.8148871541666668
0 0.5682298933526853 0.3041081184911501 0.5342368949929559 0.3021370185628488 0.51754980839925 0.8137467821732415 0.5515428067589794 0.8157178821015428
0 0.6055968970394594 0.30286087596452127 0.5730581420220232 0.3005586335731769 0.5526385184434137 0.8136268253466754 0.58517727346085 0.8159290677380198
0 0.6494931625000001 0.3125000000000001 0.6132450746020328 0.3092925421538521 0.5880234652270327 0.8160199713205188 0.624271553125 0.8192274291666668
0 0.6983091812500002 0.3125000000000001 0.6618148758104292 0.3084460824948017 0.62996675625 0.8181423625000002 0.666461061689571 0.8221962800051987
0 0.7463115968750001 0.3081597208333334 0.7067477219026668 0.3028291373786139 0.6685085094026666 0.8073864290452805 0.7080723843750001 0.8127170125000001
0 0.7983820156250001 0.30381944583333353 0.7576554413023187 0.2978762689335499 0.7153482256773186 0.8132842522668831 0.7560748000000002 0.8192274291666668
0 0.860215640625 0.22243923750000014 0.8318150897325184 0.21827014913209625 0.7812371166204173 0.8307961916618413 0.8096376675128989 0.8349652800297452
0 0.8886916500000002 0.2690972208333335 0.8587217462685874 0.2643468352624262 0.8087426075887304 0.8249076393229503 0.8387125113201431 0.8296580248938576
0 0.953779675 0.22460937500000017 0.8997871030363435 0.21635449382008906 0.8476463463879723 0.8226411246903952 0.9016389183516289 0.8308960058703062
0 0.9546619663623106 0.30800023709069524 0.9449275143587126 0.30656781585297577 0.9033919468750001 0.8083767375 0.9131263988785981 0.8098091587377194