0 0.11420618399024125 0.9318467318998157 0.07947049173124673 0.36931985247027227 0.033658346875 0.3743489583333333 0.06839403913399453 0.9368758377628768
0 0.15491524362057169 0.9261866878153515 0.12532128616896318 0.3714364270605501 0.08316944375 0.37543402916666674 0.11276340120160848 0.9301842899214683
0 0.16946402084172166 0.9286655702799635 0.1431787931098573 0.4663690196772067 0.13035825937499998 0.46766492916666663 0.15664348710686435 0.9299614797694233
0 0.18410213129461012 0.925242935150811 0.15638592372789392 0.4675403314469152 0.14332206743328382 0.4689467004627709 0.171038275 0.9266493041666667
0 0.1996118837268594 0.918813180130395 0.17177886841504036 0.3685653675733574 0.15572865937499997 0.3700086791666666 0.18356167468681903 0.9202564917237043
0 0.2150216315745225 0.9145122725719426 0.18486831494334696 0.36998761737980346 0.17180177086882456 0.37127395730786095 0.20195508750000007 0.9157986125
0 0.2427910506538402 0.9190794203679165 0.21739905119648967 0.3848958850608728 0.18812388125 0.3873697916666667 0.21351588070735056 0.9215533269737103
0 0.2743655125 0.9136284708333332 0.24831834289536867 0.38604246611381826 0.22083282499999995 0.3884548625 0.2468799946046313 0.9160408672195149
0 0.30046370909780784 0.9228536318847061 0.2759927125 0.2897135416666667 0.2450741377224625 0.2918380027628716 0.2695451343202704 0.924978092980911
0 0.32816032965015646 0.9260045762761379 0.30436085215725006 0.28681637519216047 0.27698516875000007 0.28862847083333326 0.30078464624290646 0.9278166719173107
0 0.3640434677549489 0.9261262325550121 0.3475438772707592 0.28468311081970993 0.30872344999999995 0.28645833333333337 0.3252230404841897 0.9279014550686356
0 0.3981336728764918 0.9195709018803327 0.38741887642380635 0.2886152996921419 0.3510411593749999 0.2897135416666667 0.3617559558276854 0.9206691438548575
0 0.4330733109322332 0.9172679443679588 0.42567336448373705 0.29003551133548655 0.38928985625 0.2907986125 0.3966898026984961 0.9180310455324723
0 0.4785913379360272 0.9363228157867615 0.477765440634331 0.3525437599825522 0.4364903781249999 0.3526475708333333 0.43731627542669604 0.9364266266375425
0 0.5127504000000002 0.3526475708333334 0.48183407025988567 0.35248467938313416 0.48018709293957657 0.9082030233411371 0.5111034226796911 0.9083659147913362
0 0.604159015256905 0.2734510205740301 0.5254324446284806 0.26819482132687783 0.5008502652606649 0.9227516688645981 0.5795768358890893 0.9280078681117504
0 0.6772687386559549 0.2747633417902806 0.6069684540696554 0.26762967285976275 0.5701673864829895 0.9123658262244905 0.6404676710692889 0.9194994951550083
0 0.710578159375 0.3808593750000001 0.6727835021155235 0.3769505524873748 0.6429081809856094 0.8904908351456132 0.6807028382450859 0.8943996576582386
0 0.7561397750000001 0.38085937500000017 0.7183632620855934 0.3763905355845169 0.6843025815472927 0.8882584551842319 0.7220790944616995 0.892727294599715
0 0.7984469937500003 0.3830295125000001 0.7617068128834596 0.3777783891737653 0.7208669852897799 0.8857628705906692 0.7576071661563205 0.8910139939169038
0 0.84075420625 0.3851996541666668 0.8061349964961868 0.37988265947155153 0.7623710375897287 0.8864591114099127 0.7969902473435417 0.8917761061050279
0 0.8553990125 0.3287760416666668 0.8417004486801595 0.3269787756012844 0.80088779375 0.8799913208333332 0.8145863575698404 0.8817885868987155
0 0.8871294250000001 0.32660590416666685 0.8574355928627307 0.3224681451290341 0.813905396875 0.8778211791666668 0.8435992290122695 0.8819589382042995
0 0.9139782343749999 0.3320312500000001 0.9037829388033132 0.3302750408853058 0.8507386402504314 0.8777191390113158 0.8609339358221183 0.8794753481260102
0 0.944895046875 0.33311632083333353 0.9152626517878953 0.3275641029739714 0.8573578575414125 0.8769686541359772 0.8869902526285174 0.8825208719953394