0 0.04809236693924545 0.9665342346840557 0.04634454769704709 0.2180012247308253 -0.0017478192421983632 0.218200860880103 0 0.9667338708333334
0 0.10154491201246252 0.9660910147030134 0.09187137347442306 0.21800210079867868 0.036704928125 0.21927029166666667 0.04637846666303945 0.9673592055710014
0 0.1480798 0.9650212458333333 0.13633663773495536 0.08819954675249805 0.09081114398495536 0.0892834884191647 0.10255430624999999 0.9661051875
0 0.19361039810666772 0.10444295741951608 0.15214457500000006 0.1043726166666667 0.15132335098082467 0.96501433650191 0.19278917408749235 0.9650846772547594
0 0.2375280601878441 0.1449762513356525 0.18956026482378768 0.144461160943099 0.18465935151094365 0.9558346304407799 0.23262714687500002 0.9563497208333335
0 0.2822427996736637 0.15130890216596662 0.23350258380412742 0.1509528095140246 0.23018828125000007 0.9574336625 0.2789284971195364 0.957789755151942
0 0.32855798619477594 0.15757258756986708 0.28059150625 0.15748569166666673 0.2797785530015237 0.9552628378415118 0.32774503294629964 0.9553497337447123
0 0.36188703125000005 0.1542338708333334 0.319613359375 0.1542338708333334 0.3196133593750001 0.9487621416666666 0.3618870312500001 0.9487621416666666
0 0.4180355106370223 0.16364515710235458 0.3700685322684266 0.16283785877511509 0.36269736850640444 0.9414512016727606 0.4106643468750001 0.9422585000000001
0 0.46926840558741095 0.16918379221194468 0.41313976082004417 0.16812675550927272 0.4049389271076332 0.9422854007973281 0.46106757187499997 0.9433424375000001
0 0.5033626951064247 0.10485404167270482 0.4643533935795946 0.10431713931633536 0.45781575312499995 0.9487621416666665 0.49682505465183 0.949299044023036
0 0.5382983218750002 0.10979231666666675 0.5009300104197958 0.10947251949313079 0.4968652354197959 0.9538620444931308 0.5342335468750001 0.9541818416666669
0 0.5846514925612467 0.1644461878145765 0.5358594562500001 0.1639893333333334 0.5317376314447937 0.9465861122347606 0.5805296677560402 0.9470429667160037
0 0.6415467508068973 0.17302116036784776 0.5887296885646831 0.1726175914963395 0.5854497281250002 0.9357548541666669 0.6382667903672143 0.9361584230381752
0 0.6724359375000001 0.19217178333333346 0.6358641113628811 0.19132003779410084 0.6260974906250001 0.9368387958333335 0.6626693167621192 0.9376905413725661
0 0.6960116406250002 0.18133237916666678 0.6708135759486655 0.18128417639542604 0.6699970718750001 0.9400906166666668 0.6951951365513348 0.9401388194379074
0 0.7277282275615665 0.18689168986862645 0.691133909375 0.18675208333333349 0.6895080234963645 0.9444139736259268 0.7261023416829311 0.9445535801612197
0 0.7439760000000002 0.20301118750000013 0.718782937162689 0.2029610521827328 0.7179614343750002 0.9368387958333335 0.7431544972123113 0.9368889311506009
0 0.77736808656335 0.20241099590011755 0.7504796437500001 0.20192724583333346 0.7430427013164694 0.936807378954841 0.7699311441298194 0.9372911290216251
0 0.7968722252063788 0.20253765390650613 0.773242390625 0.2019272458333334 0.7625979954176926 0.934479951028375 0.7862278299990714 0.9350903591015477
0 0.8244829770617826 0.15999304432575315 0.801695825 0.15965357083333348 0.7951564613962179 0.9400174180737769 0.8179436134580005 0.9403568915661966
0 0.8447890953572509 0.16191400465066788 0.8179794047224075 0.16176146018910303 0.8155160625000001 0.9314190958333335 0.8423257531348435 0.9315716402948984
0 0.8716523790836341 0.16873141203282965 0.8504731406250002 0.16832509583333347 0.8422745998351931 0.9280567776689527 0.863453838293827 0.9284630938684489
0 0.8968115906250004 0.17049297500000019 0.8757498686896928 0.17008598517694065 0.8675452000000001 0.9249154541666671 0.8886069219353077 0.9253224439897266
0 0.9196080250942031 0.166390477012286 0.8951856781249999 0.16615721666666683 0.8910872124057967 0.9290179521543809 0.915509559375 0.9292512125000001
0 0.9439629937500001 0.17374479583333352 0.922044586920961 0.17328024393979066 0.913097151870532 0.9237803824848062 0.935015558699571 0.9242449343783491
0 0.9675480493522839 0.9248132493437616 0.965905364061998 0.18122385471505395 0.9382723062500002 0.1813323791666667 0.939914991540286 0.9249217737953743
0 0.997618040625 0.1835002583333335 0.973229384375 0.1835002583333335 0.973229384375 0.9227475708333336 0.997618040625 0.9227475708333336