0 0.061699659551236144 0.16075792248611567 0.03151467647669383 0.15947738665601663 0.003843750000000096 0.811740625 0.03402873307454242 0.8130211608300991
0 0.0931730918877793 0.167579810008691 0.06303440511829371 0.16634763373771425 0.0366968750000001 0.8105562499999998 0.06683556176948569 0.8117884262709765
0 0.12287588845120923 0.16861528153832087 0.09361501306309568 0.16752416261225836 0.06954843750000013 0.8129250000000001 0.09880931288811368 0.8140161189260626
0 0.15922656250000014 0.2529 0.11663901172608857 0.25174730809617263 0.10151406250000009 0.81055625 0.14410161327391163 0.8117089419038273
0 0.19957343750000017 0.25201250000000003 0.15962809482493168 0.2513524266464564 0.1503484375000001 0.8129250000000001 0.1902937801750686 0.8135850733535437
0 0.23469843750000002 0.24697968750000002 0.21782968750000004 0.24697968750000002 0.2178296875000001 0.7987171875 0.23469843750000008 0.7987171875
0 0.2799899621604461 0.8006911066579218 0.27554218750000004 0.308546875 0.23202722533955397 0.3089401433420783 0.236475 0.801084375
0 0.3154984375 0.8105562499999998 0.30839531249999996 0.16410156250000002 0.27463275350437527 0.16447253927765051 0.28173587850437537 0.8109272267776502
0 0.346575 0.8141078125 0.343128125 0.16347031250000002 0.31560389748139117 0.1636161272919974 0.31905077248139124 0.8142536272919975
0 0.38031562500000005 0.8176609374999998 0.37437414402776636 0.1591228220138669 0.3442089083983312 0.1593949796449904 0.35015038937056486 0.8179330951311232
0 0.4202765624999999 0.81841875 0.4193879758154191 0.16050322396626532 0.38297969073785126 0.16055239732674728 0.3838682774224321 0.818467923360482
0 0.4389171875000001 0.15826250000000003 0.42115937500000006 0.15826250000000003 0.4211593750000001 0.8176609375 0.43891718750000014 0.8176609375
0 0.4779068584529467 0.15707667538909748 0.44683355079322773 0.15699668382917803 0.4451328125 0.8176609375 0.47620612015971897 0.8177409290599196
0 0.5152765625000001 0.8164765624999999 0.51305 0.15956406250000002 0.4766553218371488 0.15968741991152283 0.47888188433714884 0.8165999199115227
0 0.5365874999999999 0.8164765624999999 0.5364874999999999 0.1582625 0.5160656254713694 0.15826560261899464 0.5161656254713693 0.8164796651189945
0 0.5836453125000001 0.8176609375000001 0.581409375 0.24940781250000002 0.5414599662358415 0.24956500368334567 0.5436959037358416 0.8178181286833459
0 0.6369203125 0.820028125 0.6333599007929477 0.24792651047064934 0.5951890624999999 0.24816406249999998 0.5987494742070523 0.8202656770293506
0 0.6786515624999999 0.8212124999999999 0.6688674212408805 0.14872848350133655 0.6387192040871518 0.14916711759241652 0.6485033453462712 0.8216511340910799
0 0.723934375 0.8223968749999999 0.7123921875 0.1522609375 0.6812058020206918 0.152798080918979 0.6927479895206918 0.8229340184189787
0 0.7621250788727428 0.8156667996913336 0.7425272701759583 0.14924253894603548 0.7149912538032155 0.15005230175470188 0.7345890624999999 0.8164765624999999
0 0.7958678038763932 0.8182381368138735 0.7807212053798738 0.1516968606572024 0.7540705890034805 0.1523024738433288 0.7692171875 0.8188437499999999
0 0.8366984375 0.8188437499999999 0.8242636770688515 0.14852013734620675 0.7878715127220707 0.14919522597009044 0.8003062731532191 0.8195188386238836
0 0.8784296875000001 0.8176609375 0.8659655487798806 0.1456675920247199 0.8295733812279138 0.1463425942814353 0.8420375199480332 0.8183359397567156
0 0.9228250000000001 0.8188437499999999 0.903632544091376 0.14896815853916595 0.8645973992535646 0.15008654575275687 0.8837898551621887 0.8199621372135908
0 0.9592296875 0.8200281250000001 0.9432292700121618 0.14796992076255716 0.9086207619733198 0.14879388299344903 0.9246211794611581 0.820852087230892