0 0.05073051875000016 0.005010420833333351 0.004206383847523863 0.0025568154394172257 -0.02524548449269262 0.9953617160247723 0.021278650409783682 0.9978153214186883
0 0.1055946375000002 0.00601250416666669 0.055987399334235376 0.004206780494094378 0.035695189959235284 0.9952681888274276 0.0853024281250001 0.9970739125
0 0.15220503250814213 0.005303278434725711 0.11312977495455023 0.003983614220972808 0.09432118750000011 0.9940676625000001 0.133396445053592 0.9953873267137531
0 0.20855880312500014 0.0030062541666667055 0.1620628431676709 0.001252871094948846 0.14091870999487144 0.9980476808976667 0.18741466995220066 0.9998010639693845
0 0.2611682312500002 0.006012504166666718 0.21761508585252592 0.004307995099064999 0.19571675185683457 0.9990461074570514 0.23926989725430886 1.0007506165246531
0 0.3077651500000002 0.005010420833333391 0.2672560869328505 0.0034766092810901974 0.2461369656250001 0.9950697458333335 0.2866460286921498 0.9966035573855767
0 0.35511363750000013 0.004008337500000062 0.31606364688289795 0.0025342562329958183 0.2949885750000001 0.9950697458333335 0.33403856561710227 0.9965438271003377
0 0.40095899375000005 0.0050104208333333995 0.3746785608032579 0.003945357729209801 0.3521073843750001 0.9940676625000001 0.3783878173217422 0.9951327256041237
0 0.43628246875000015 0.007014591666666749 0.4122593531112592 0.005942566213163045 0.3874308562500001 0.9950697458333334 0.41145397188874105 0.9961417712868371
0 0.4626149381424688 0.006976188006322348 0.4422949750000001 0.006012504166666743 0.41591206580173345 0.9949947509056739 0.4362320289442022 0.9959584347453295
0 0.48889189375000025 0.0060125041666667526 0.46492924434216165 0.005069924534739717 0.44304653750000017 0.9940676625000002 0.4670091869078387 0.9950102421319272
0 0.537796853284296 0.10982598982514341 0.4942442031151738 0.10811027943627252 0.47461219374999997 0.9940676625000001 0.5181648439191223 0.995783372888871
0 0.5866678425962142 0.11673513507578405 0.546010703125 0.1152397000000001 0.5278281652457394 0.9940623284628451 0.5684853047169536 0.9955577635386291
0 0.6226701531250002 0.005010420833333447 0.5986408337873768 0.0040700021259017765 0.576824796875 0.9950697458333334 0.6008541162126233 0.9960101645407651
0 0.6504779937500003 0.005010420833333447 0.6272584879813037 0.004164366032941288 0.6068873250000002 0.9980760000000003 0.6301068307686968 0.9989220548003923
0 0.673024890625 0.008016675000000114 0.6572522229444848 0.007482912981706832 0.6383957924396788 0.9980740646764745 0.654168460120194 0.9986078266947678
0 0.6963233531250002 0.004008337500000116 0.6753245934322576 0.00352658458978482 0.6625030062500001 0.9970739125000001 0.6835017659427428 0.9975556654102155
0 0.759460189990356 0.9958461750009088 0.7579471475003059 0.23428069586642206 0.6940587481349498 0.23450635003218004 0.6955717906250001 0.9960718291666667
0 0.8270953593750001 0.9950697458333333 0.823319890719981 0.24299688707849712 0.766203640278886 0.24350662637533327 0.7699791089339051 0.9955794851301695
0 0.8609399150086517 0.9987180296531128 0.853454717061455 0.025642332828235363 0.823337540625 0.026054191666666664 0.8308227385721967 0.9991298884915442
0 0.8990358026282876 0.997080416111912 0.8821561049576534 0.02931069530250133 0.8500485117043656 0.030306279190589303 0.8669282093749999 0.998076
0 0.9218163466076932 0.996163000903211 0.8999563110529376 0.001154490032028906 0.8766338331952443 0.0020654016288178976 0.8984938687499999 0.9970739124999999
0 0.9503753144891489 0.9953103419861488 0.9315277752386656 0.002170670069266456 0.9067610625 0.0030062541666666664 0.9256086017504833 0.996145926083549
0 0.9789634607113482 0.9981806369119598 0.9555954184539456 0.056423350930496434 0.9352508858675973 0.05732079735186992 0.958618928125 0.9990780833333334
0 1.0224795330134033 0.9910227907879487 0.9751355577056436 0.056768323716828356 0.9413374809422402 0.05981319542887961 0.9886814562499998 0.9940676624999999