0 0.1246546875 0.8441843749999999 0.10753047576604799 0.3036472144325518 0.06767050211377082 0.3049099779913325 0.08479471384772282 0.8454471385587805
0 0.174284375 0.844184375 0.16018853716980558 0.3048053124370822 0.11869478716980557 0.3058896874370821 0.132790625 0.84526875
0 0.22798807956055653 0.8422977500075897 0.21737095549878438 0.27045213886664005 0.17347187500000003 0.2712671875 0.18408899906177223 0.8431127986409497
0 0.27679843750000005 0.8430984375000001 0.27110312500000006 0.27018281250000004 0.22570933121408837 0.2706340688977834 0.23140464371408836 0.8435496938977837
0 0.3052777697831981 0.8506588973284155 0.3044566602011144 0.21805936941479515 0.2742986586095485 0.21809851428131916 0.27511976819163214 0.8506980421949393
0 0.33375000000000005 0.844184375 0.33212327734910996 0.2223778456299419 0.30609192145693714 0.22244594687086336 0.30771864410782723 0.8442524762409214
0 0.3744375035110351 0.2843281319056152 0.3362083321567032 0.28421587725787645 0.33456406250000015 0.8441843750000004 0.372793233854332 0.844296629647739
0 0.41512011461766446 0.28556611641444973 0.3795267870489508 0.2851997986067828 0.37377478602213 0.8440938857579565 0.4093681135908437 0.8444602035656233
0 0.475321056832258 0.23194105006023963 0.4193999999999999 0.23112031250000004 0.4104023696912358 0.8441749845746914 0.4663234265234939 0.844995722134931
0 0.5348277967650753 0.23112491235075588 0.48043593749999997 0.2300343750000001 0.4681227548942887 0.8441691361164804 0.522514614159364 0.8452596734672362
0 0.595065527609517 0.23126726491919047 0.5439125 0.23003437500000015 0.5290584427533276 0.8463343289743077 0.5802114703628447 0.8475672188934981
0 0.6552470011942573 0.23281514358978309 0.60250625 0.23112031250000004 0.5826701890279137 0.848390530582234 0.6354109402221709 0.850085361672017
0 0.6828697630367907 0.28712649758009084 0.6560109375 0.2864578125000001 0.6420721534058573 0.8463317820653942 0.6689309789426481 0.8470004671454848
0 0.7202843750000002 0.2864578125 0.692058934521752 0.285479131334415 0.6724991542415297 0.8495887039723957 0.7007245947197779 0.8505673851379807
0 0.7675004686761977 0.25974588345536165 0.727741410855921 0.25814491872713186 0.7040125000000002 0.8474390625000003 0.7437715578202768 0.8490400272282301
0 0.8268791167232852 0.25366631571042797 0.788053125 0.25173593750000006 0.7578975557371908 0.8582595069663427 0.7967235474604758 0.8601898851767705
0 0.8742146387912193 0.24986274959277205 0.8344390625000002 0.24739531250000008 0.7966872871140536 0.8559614341617913 0.8364628634052726 0.8584288712545632
0 0.928828874853299 0.2499067906173395 0.8954749999999999 0.24739531250000008 0.8494142098694695 0.8591091152407131 0.8827680847227686 0.8616205933580525
0 0.9685188793311676 0.2500767470876851 0.9320953125000001 0.24739531250000008 0.8877268077949084 0.8500798619374235 0.924150374626076 0.8527612965251083