0 0.12438371875000007 0.9800384791666665 0.016885538287419073 0.30880570589092543 -0.021001315155118418 0.3195925393000124 0.08649686530746258 0.9908253125757536
0 0.15143999375000003 0.9840468166666666 0.058883477043039346 0.3052990211732721 0.024425806250000005 0.3136523958333334 0.11698232295696069 0.9924001913267279
0 0.17999940000000003 0.9870530708333334 0.09452653174360581 0.3093753319997453 0.06651334687500002 0.3156565666666667 0.1519862151313942 0.9933343055002548
0 0.20626073001794895 0.9929256875944327 0.13122546482845932 0.3176082748892994 0.1055946375 0.3226711541666667 0.18062990268948967 0.9979885668718
0 0.233360390625 0.9880551541666666 0.16266858010955945 0.18434756657820775 0.13039622499999998 0.18939393750000003 0.20108803551544058 0.9931015250884588
0 0.26868386250000004 0.9890572375000001 0.21644221339425673 0.19155188897562295 0.17473845625 0.19640852916666665 0.22698010535574334 0.9939138776910438
0 0.30250420937500005 0.990059325 0.26914843730510274 0.19457472855062338 0.23110570000000002 0.1974106125 0.26446147206989734 0.9928952089493766
0 0.321293290625 0.9850488999999999 0.301726985979659 0.19938648298298906 0.278454184375 0.20041686666666664 0.29802048902034106 0.9860792836836775
0 0.3423370625 0.9860509875000001 0.3257037513873302 0.19874103295681003 0.30776515 0.19941478333333332 0.3243984611126698 0.9867247378765234
0 0.3656424572553264 0.9798275429817545 0.3588687839131595 0.2071269704412895 0.33933080937499993 0.20743145833333332 0.3461044827171669 0.9801320308737984
0 0.41298400625 0.3016273833333335 0.37390271875000003 0.3016273833333335 0.37390271875000003 0.9890572375000001 0.41298400625000004 0.9890572375000001
0 0.46859968750000014 0.3046336375000001 0.4274185254402004 0.30126700239243065 0.39585286919020035 0.987694773225764 0.43703403125000007 0.9910614083333334
0 0.5362403812500001 0.32066698750000006 0.4793740322022083 0.31252273986754014 0.4255758543128777 0.9803273548662043 0.48244220336066945 0.9884716024986642
0 0.5896013718750002 0.28860028750000016 0.5497501701234494 0.2813929512378152 0.47858725793846013 0.9809092262104689 0.5184384596900109 0.9881165624726538
0 0.6264279687500003 0.22647105833333347 0.6026163221644789 0.22145364198299972 0.5131802971644788 0.9760231461496665 0.5369919437500001 0.9810405625000002
0 0.6572420625000002 0.22546897500000018 0.6344632564510724 0.22035331041624626 0.5390147252010724 0.9759248979162464 0.5617935312500002 0.9810405625000003
0 0.6850499031250001 0.22747314583333353 0.6653658086856822 0.22286009568573753 0.5661594586856821 0.9754254290190708 0.5858435531250001 0.9800384791666669
0 0.72563431875 0.2294773125000001 0.6938212610084049 0.22105001247313064 0.581086773508405 0.9776236874731306 0.61289983125 0.9860509875000001
0 0.7602062281250002 0.23148148333333352 0.733583091252596 0.22399335582271246 0.6148360975025959 0.9745545224893789 0.641459234375 0.98204265
0 0.783504690625 0.3056357208333335 0.7563683267195204 0.2978360473093899 0.6476064491868707 0.9705483952378352 0.6747428130923504 0.9783480687617789
0 0.8255922312500001 0.3116482291666669 0.7952894860857009 0.3017609286066743 0.6728714940158727 0.9687626616248027 0.7031742391801719 0.9786499621847952
0 0.8902266718750003 0.24651274583333352 0.8438846887973167 0.23012141474362113 0.6976525960958082 0.9651099417939716 0.7439945791734919 0.981501272883684
0 0.9420845343750001 0.24851691666666686 0.9016842630956511 0.23279316124271718 0.7425083392570052 0.9598742581304457 0.7829086105363542 0.9755980135543952
0 0.9789111343750001 0.2535273375000003 0.9531962558844798 0.24269241679529532 0.7826615079624446 0.9622227314950228 0.808376386452965 0.9730576521997276
0 1.0097898295272776 0.2625074705746099 0.9873842640110537 0.2526604385511023 0.81306568140547 0.9577945408093165 0.8354712469216938 0.967641572832824
0 1.0173956889879465 0.3654086908976653 0.9969486531249998 0.3557399375000001 0.8352255548497174 0.9637480880715915 0.8556725907126641 0.9734168414692568