0 0.5073444701620564 0.5441133506273946 0.48565468749999996 0.5437265625000001 0.4807472386807863 0.8189198550938377 0.5024370213428428 0.8193066432212323
0 0.533263324550253 0.5616487116644782 0.5056735096042242 0.5613297895748525 0.5025445600539713 0.8320138904103743 0.530134375 0.8323328125000001
0 0.5734265625000001 0.5506296875000001 0.5460188300927956 0.5504112388393626 0.5437631430457639 0.8334217494052485 0.5711708754529685 0.833640198065886
0 0.48018946172039334 0.5557380925413166 0.4384847587000852 0.5546374591959279 0.4315359375000001 0.8179390625 0.4732406405203083 0.8190396958453887
0 0.4272715432932154 0.479778367162606 0.40578125 0.47879999999999995 0.3887581080691641 0.8527212913598232 0.4102484013623795 0.8536996585224292
0 0.37922356461373696 0.5385179966385043 0.34362187500000013 0.5385171875000001 0.3436154978862633 0.8191070033614961 0.3792171875000001 0.8191078125000002
0 0.3394996984623383 0.8362965450189481 0.3347631986609791 0.5105141680567236 0.31811249999999996 0.51075625 0.32284899980135917 0.8365386269622246
0 0.30769177755393334 0.8678479676515425 0.3040220542933406 0.5382747688655087 0.29067031249999997 0.5384234375000001 0.29434003576059276 0.8679966362860337
0 0.6063094743133134 0.5508940593952353 0.5769439888065929 0.5508300571462065 0.5763331244058568 0.8311066095890928 0.6056986099125773 0.8311706118381217
0 0.6561625000000002 0.511459375 0.6146755879624892 0.5110047966656784 0.6110336541814678 0.8433844439384295 0.6525205662189787 0.8438390222727513
0 0.7198721995156481 0.5314103301936554 0.6826773335424181 0.5281735725869445 0.655441437572775 0.8411520601175996 0.6926363035460049 0.8443888177243103
0 0.7512386725880524 0.5829835015925737 0.7257578125000002 0.5810906250000002 0.705641934755842 0.8518794700616731 0.7311227948438943 0.8537723466542466