0 0.10250855225928705 0.7772354190259573 0.055823340903464136 0.33429150524599055 0.030481249999999998 0.33696249999999994 0.07716646135582292 0.7799064137799667
0 0.12815 0.7797734375 0.08424423386828718 0.3369936746066712 0.05974166181498526 0.3394233344248343 0.10364742794669808 0.7822030973181631
0 0.146796875 0.782140625 0.10034915880313686 0.2818963638076929 0.0810921875 0.283684375 0.12753990369686313 0.7839286361923071
0 0.18895939197362127 0.7820975508014318 0.14468535505585475 0.28465690034036667 0.10240156250000002 0.2884203125 0.14667559941776656 0.7858609629610652
0 0.23292343750000005 0.7785890625000002 0.18750051483141025 0.2859320810311685 0.147684375 0.2896031250000001 0.19310729766858975 0.7822601064688317
0 0.27123549008943904 0.7753926407577241 0.22375461753858827 0.28543674996041785 0.1907706899491492 0.2886331717026937 0.23825156249999999 0.7785890624999999
0 0.30217968750000007 0.7762203125 0.2581090405658108 0.28913077020259226 0.2267078125 0.291971875 0.2707784594341892 0.7790614172974077
0 0.33277349416627 0.777541984835418 0.29220232757360104 0.2858733016841716 0.26133593750000006 0.28842031250000005 0.30190710409266897 0.7800889956512465
0 0.35989374999999996 0.7762203125000002 0.32163593074832636 0.2896739956557788 0.29241249999999996 0.29197187500000005 0.33067031925167356 0.7785181918442214
0 0.38617863132923425 0.7765276835187904 0.34923906250000003 0.2896031250000001 0.3220666811707658 0.29166450398120974 0.35900625 0.7785890625000002
0 0.40525503246726585 0.7845443940808332 0.3717337298599908 0.26363582988285456 0.3538974473927249 0.2647836233020213 0.38741875 0.7856921875
0 0.4335923244708839 0.7715408760907579 0.40562812499999995 0.28716875000000003 0.38202874028665174 0.2885312105256302 0.4099929397575357 0.7729033366163881
0 0.4505842743067599 0.7696780169381995 0.42826250000000005 0.28842031250000005 0.40782972074042423 0.28936802904123343 0.4301514950471841 0.7706257334794329
0 0.5499169111519258 0.7784372274283813 0.547227211904697 0.290626019268451 0.517940625 0.2907875 0.5206303242472288 0.7785987081599303
0 0.585315625 0.28456406250000016 0.556125716727083 0.28446465595739384 0.5544389466184585 0.7797707339813099 0.5836288548913756 0.7798701405239162
0 0.6200500000000001 0.28605156250000013 0.5901984375 0.2858671875000002 0.5871478799605232 0.7797731348873512 0.6169994424605233 0.7799575098873512
0 0.6531186261443621 0.28617473413390715 0.6254420855028906 0.2857090405708963 0.6171099948494688 0.7808918472795126 0.6447865354909403 0.7813575408425234
0 0.6722471405717823 0.2864194394703585 0.6564531250000001 0.28605156250000013 0.6450654221051579 0.7749583746681081 0.6608594376769401 0.7753262516384665
0 0.6937140625 0.28586718750000006 0.6751035659275294 0.28546006136799595 0.6644453125 0.77266875 0.6830558090724707 0.7730758761320041
0 0.7168312500000001 0.28486718750000006 0.6961605709355084 0.2844670855008555 0.6866421875000002 0.7762203125000001 0.7073128665644919 0.7766204144991448
0 0.7647781250000002 0.28368437500000016 0.7293998834328874 0.2823657140784998 0.7108241551517784 0.7807323462422888 0.7462023967188912 0.7820510071637892
0 0.8073968750000002 0.28486718750000006 0.7729039062894985 0.28355195094340685 0.7540292863360369 0.7785516315816149 0.7885222550465386 0.7798668681382082
0 0.8171640625000001 0.28250000000000014 0.8056424583687077 0.28216662509109686 0.7914156250000002 0.773853125 0.8029372291312924 0.7741864999089033
0 0.8392218750000003 0.28065781250000016 0.8297202672889862 0.2803063440273409 0.8112018860271448 0.7809327383713331 0.820703493738159 0.7812842068439925
0 0.8538703125000003 0.2754500000000002 0.8397965301307824 0.27498575454157836 0.8233796875000003 0.7726687500000001 0.8374534698692182 0.773132995458422
0 0.873990625 0.27657968750000006 0.85734301771966 0.276093641910775 0.8429140625000002 0.7703015625 0.8595616697803402 0.7707876080892252
0 0.9166093750000004 0.2765796875000001 0.8813420945568454 0.2753540389101633 0.8642234375000001 0.7679328125 0.899490717943155 0.7691584610898369
0 0.9618921875000002 0.2777640625000001 0.9282485719743356 0.27611061737787923 0.9040777830738472 0.7679278043172079 0.9377213985995118 0.7695812494393287
0 0.9761000000000001 0.2765796875000001 0.9673024415006276 0.2761359113313936 0.9426179455467857 0.7654891315896116 0.9514155040461582 0.7659329077582181
0 0.9896125000000001 0.2754500000000002 0.9799325236165781 0.2749490783636365 0.9547890625000004 0.7608296875000002 0.9644690388834224 0.7613306091363639