0 0.21853031875 0.8852596333333332 0.20332574543857534 0.29133045171846916 0.15172231249999996 0.2936789791666667 0.16692688581142465 0.8876081607815307
0 0.273580403125 0.8840756958333335 0.2593248093464132 0.29597782366165426 0.21231503749999997 0.29800364583333333 0.22657063127858673 0.8861015180050126
0 0.32330307812500003 0.8840756958333332 0.3197330079951669 0.3104382422909763 0.26647719062499997 0.3110274708333333 0.2700472607548331 0.8846649243756902
0 0.3782914057190547 0.8836656701366239 0.37568752534827743 0.31297775768197306 0.32419095312500007 0.31339547083333336 0.3267948334957773 0.8840833832879842
0 0.4114879375000002 0.31841856250000006 0.3774800311643918 0.31782022983709557 0.37187024053939177 0.8846613006704289 0.4058781468750001 0.8852596333333335
0 0.44405807187500007 0.3193153708333334 0.4147601665469144 0.3189239491215307 0.4105042058550194 0.8852502624164381 0.4398021111831051 0.8856416841282407
0 0.49466855937500015 0.31931537083333345 0.445844343361287 0.31836214516782296 0.4395804147763173 0.8887415322067309 0.4884046307900305 0.8896947578722413
0 0.5461670375000001 0.3204993541666667 0.49559363855458766 0.3186732743254172 0.48405094480458766 0.886985536825417 0.5346243437500001 0.8888116166666666
0 0.5683734212371886 0.3222051742060373 0.5456570572049037 0.3216713490064207 0.5381759531250001 0.887627675 0.560892317157285 0.8881615001996166
0 0.5950816875000002 0.3210227291666668 0.5701722983595303 0.3201218873186491 0.5585496983595302 0.8914627539853157 0.5834590875000001 0.8923635958333336
0 0.648276121875 0.2826118625000001 0.6003292499999999 0.2802439000000001 0.5832333217890786 0.8956412427559733 0.6311801936640787 0.8980092052559734
0 0.6966441875000001 0.2819602291666668 0.6510483917113365 0.2787144135439595 0.6264455847099841 0.8931312199501759 0.6720413804986476 0.8963770355728832
0 0.7264117125000001 0.3240512916666669 0.6954211959901878 0.3218721332514868 0.6730906698569707 0.8864403702234784 0.7040811863667831 0.8886195286386586
0 0.7699189875000002 0.31931537083333345 0.7273317737580347 0.3170537917073196 0.7103644260156466 0.88506757494024 0.752951639757612 0.8873291540662539
0 0.8365117656250002 0.2672200791666668 0.7815158847181737 0.2654351221716143 0.7699189875000002 0.9006515000000002 0.8249148684068267 0.9024364569950527
0 0.8880102437499999 0.32049935416666675 0.8445590029267264 0.3184188608459951 0.828882919213249 0.9004562773950516 0.8723341600365225 0.9025367707157234
0 0.9329723125000002 0.31972064583333354 0.8889908202172127 0.31783641031452425 0.875003584424568 0.8982587826708398 0.9189850767073556 0.900143018189649