0 0.13524375000000002 0.737846875 0.10244710862802661 0.14957158671806858 0.060514062499999986 0.15190937499999999 0.0933107038719734 0.7401846632819314
0 0.17755 0.7345921875000001 0.14489111697294324 0.15311573418846905 0.10839375 0.155165625 0.14105263302705678 0.7366420783115311
0 0.21253437500000008 0.7367625 0.1896111820117221 0.16351128987322153 0.1541015625 0.16493125 0.17702475548827795 0.7381824601267785
0 0.2515875 0.7345921875000001 0.235315625 0.16710000000000003 0.20048499887284937 0.1680987090694755 0.21675687387284942 0.7355908965694755
0 0.29879657842766155 0.7344119391514907 0.28738593749999997 0.21809843750000005 0.2411766950458505 0.21911967183049302 0.25258733597351213 0.7354331734819837
0 0.337015625 0.737846875 0.3280401331280636 0.16438690444198586 0.291438161959212 0.16495977911779489 0.3004136538311484 0.738419749675809
0 0.3777352821896185 0.7366067040619343 0.3727913317972083 0.21897478146247443 0.3321257258403222 0.21936318242800706 0.3370696762327324 0.7369951050274669
0 0.4200031250000002 0.2213546875000001 0.3793291455026452 0.2212260544921659 0.3776953125000001 0.737846875 0.4183692919973551 0.7379755080078343
0 0.45663658847301025 0.16853213598987193 0.42651249999999996 0.16818593750000005 0.41998216152698975 0.7364163015101282 0.45010625000000004 0.7367625
0 0.49162689908674484 0.16864740192450553 0.4623109375 0.16818593750000005 0.45333403841325526 0.7384713480754945 0.48265000000000013 0.7389328125
0 0.5420437500000002 0.22460937500000006 0.49589843750000007 0.22352500000000006 0.4838104191117645 0.7379276614694094 0.5299557316117645 0.7390120364694093
0 0.5917902262543937 0.22534604280682863 0.5455709697764553 0.2237374738973958 0.5276372152850158 0.7390307843620949 0.5738564717629544 0.7406393532715276
0 0.6340843750000001 0.18988750000000007 0.6074321719580595 0.1888156035361423 0.5846143810968563 0.7561692757486511 0.6112665841387968 0.757241172212509
0 0.6682562500000001 0.19097187500000007 0.6400003285069472 0.18967303797975527 0.6139609509276462 0.7561541261689514 0.6422168724206992 0.7574529631891962
0 0.6927036607496342 0.23579608025201942 0.6658156250000001 0.23437500000000008 0.6396172166890552 0.7300709596386039 0.6665052524386893 0.7314920398906233
0 0.7292765625000002 0.2365453125000001 0.6953307084420093 0.2345786989506129 0.6666172467187846 0.7302037705158889 0.7005631007767755 0.7321703840652761
0 0.748803125 0.2821187500000001 0.7301956985044409 0.2811612325971375 0.707309375 0.7259109375000001 0.7259168014955591 0.7268684549028628
0 0.7806633554063043 0.2832842422180376 0.7620109375 0.2821187500000001 0.7340132005700516 0.7301916599397342 0.7526656184763558 0.7313571521577716
0 0.8561984375000001 0.16818593750000013 0.8044014899415167 0.16403522398350093 0.7583702856593184 0.7384607690810612 0.8101672332178019 0.7426114825975604
0 0.9180312500000001 0.1692703125000001 0.8648126944357983 0.16429185655502968 0.8113972119039146 0.7352911496156779 0.8646157674681163 0.7402696055606482