0 0.9735627917149345 0.07480656315258274 0.9252656249999998 0.06318281250000009 0.7151903332850653 0.9360543743474177 0.7634875000000002 0.9476781250000001
0 0.9311947701598857 0.06291730876390496 0.8455953125000001 0.04258750000000011 0.6274849173401147 0.9609498787360954 0.7130843750000003 0.9812796875000002
0 0.840277341592398 0.07447146160817282 0.75373125 0.05342812500000009 0.530608595907602 0.9710769758918275 0.6171546875 0.9921203125000002
0 0.7407142530514959 0.11159923931109819 0.7056526607456026 0.10380419633342468 0.5089274701941069 0.9886612070223266 0.5439890625000001 0.9964562500000002
0 0.7134409263476467 0.10716180730393923 0.6871385749110616 0.10109576116458548 0.4835429610634149 0.9838855163606464 0.5098453125000001 0.9899515625000002
0 0.6801714247804823 0.10900815904710134 0.6558713779446237 0.10356784355133679 0.4603437031641415 0.9769237470042356 0.48464375000000015 0.9823640625
0 0.6560173312465575 0.12968094311307402 0.6317875 0.12388281250000008 0.4236029812534426 0.9938659318869261 0.44783281250000007 0.9996640625000002
0 0.6260488606292036 0.12580407675307526 0.5931915630737109 0.11812840295080687 0.38952812500000017 0.9899515625000002 0.42238542255549294 0.9976272363022683
0 0.589652875705098 0.13265367085815755 0.555909559729227 0.12507736462566427 0.3602609375000001 0.9964562499999999 0.39400425347587104 1.0040325562324932
0 0.5544984489926313 0.13223793320886662 0.5228515625000001 0.1249671875000001 0.323237791972528 0.9938126390119993 0.35488467846515925 1.0010833847208658
0 0.5254633480457929 0.08976802424885943 0.48107145980431004 0.07991652168111366 0.2781531250000002 0.9942875000000001 0.32254501324148305 1.004139002567746
0 0.4849736248353067 0.09426397187893064 0.44399531249999996 0.08486093750000007 0.23420939765388776 0.9991054670504453 0.2751877099891945 1.008508501429376
0 0.4374699938407124 0.09292759553349494 0.4014999922420602 0.08481086906591534 0.19506093750000014 0.9996640625 0.23103093909865238 1.0077807889675794
0 0.3900526482816321 0.09720154501429903 0.3635125 0.09136562500000005 0.16425772325002225 0.9975211767914557 0.19079787153165428 1.0033570968057546
0 0.3553133863529641 0.09826665810316038 0.3318903451175844 0.09319873894648771 0.1358359375000001 0.9993281250000002 0.1592589787353798 1.0043960441566728
0 0.3174110985042745 0.10034699446384124 0.28621048289104045 0.09393399170943115 0.1009281250000001 0.995371875 0.13212874061323412 1.00178487775441
0 0.27346842289088186 0.13075282113527487 0.21170137072052717 0.11845762645782465 0.03629062500000013 0.9996640625 0.09805767717035482 1.0119592571774503
0 0.20596598899677926 0.13836059215927443 0.14459896495035227 0.12661948516795815 -0.021362333108581776 0.9940462939255441 0.0400046909378452 1.0057874009168604
0 0.16472694547389294 0.11393473970033974 0.10987031249999997 0.1022046875 -0.05473475797389284 0.87199494779966 0.00012187500000013785 0.8837249999999998
0 0.10292103024806434 0.11653119305367099 0.04483437500000002 0.10437187500000003 -0.058086655248064265 0.5960391194463291 6.661338147750939e-17 0.6081984375000001