0 0.12125227499999999 0.9574336625 0.08574579151693427 -0.0004156858443118694 0.025323556249999997 0.0035661625 0.06083003973306571 0.9614155108443118
0 0.07410087187500006 0.9509300208333334 0.029674175603277918 0.23461811339767735 0.0017478531250000012 0.23769727916666666 0.04617454939672214 0.9540091866023228
0 0.17165550312500005 0.9639373041666667 0.14623396685439727 -0.00044098978039106934 0.083856334375 0.002482225 0.10927787064560279 0.9668605189470577
0 0.222058728125 0.9682730666666666 0.2000234699130315 0.10209693918993201 0.149705709375 0.10437261666666665 0.1717409675869685 0.9705487441434012
0 0.26351944687500006 0.1054565541666667 0.20661257812499997 0.1054565541666667 0.20661257812500003 0.9726088291666667 0.26351944687500006 0.9726088291666667
0 0.3595452280143372 0.11415996519186569 0.257015803125 0.11087625833333337 0.24144991646817396 0.9749195013706656 0.3439793413575111 0.978203208229198
0 0.400318316874571 0.13091499527404196 0.3614150039827638 0.12924818667475835 0.34075019375000004 0.9867000499999999 0.37965350664180714 0.9883668585992835
0 0.4440014536852833 0.1410683590163816 0.3976570625 0.13797476666666672 0.36578540065588816 0.9867960849144942 0.4121297918411715 0.9898896772642091
0 0.4881313237913024 0.13344652948831345 0.44724733437499997 0.13038718333333338 0.411037800540479 0.9906379242528154 0.45192178995678145 0.9936972704077954
0 0.5280606362935657 0.1350558700156179 0.48383031875000004 0.13147112500000008 0.4444009935306162 0.9963566043217544 0.4886313110741819 0.9999413493373723
0 0.5594779250458004 0.10677357160284731 0.5326076343749999 0.10437261666666675 0.4877466437041996 0.9969270033971528 0.514616934375 0.9993279583333334
0 0.5935792781250002 0.15206599166666682 0.5627813934378914 0.1487560344024658 0.5113407250000002 0.9996639791666669 0.542138609687109 1.0029739364308679
0 0.6326983944732116 0.1604104072092071 0.5911404125 0.15531781250000012 0.5330311682210889 0.9983381199991768 0.5745891501943005 1.0034307147083836
0 0.7143503046997098 0.07077087503051961 0.634227040625 0.05884712083333343 0.5560946639983995 0.9922177417093389 0.6362179280731093 1.004141495906525
0 0.7838108093750001 0.08594562916666683 0.715290909504168 0.07508813737457044 0.6329540477312952 0.9988477979150602 0.7014739476021272 1.0097052897071566
0 0.8350269906250004 0.08811350833333353 0.7924510595477002 0.08071847831726847 0.7027315813540088 0.9990266000494902 0.745307512431309 1.0064216300655553
0 0.8813654406250002 0.09136533333333348 0.831789247445264 0.08167522931870491 0.7311146395516174 0.997351914948113 0.7806908327313536 1.0070420189627416
0 0.8789265750000002 0.3298322041666669 0.849815111628112 0.3240981280589715 0.7751630526993056 0.9978808150690921 0.8042745160711938 1.0036148911767875
0 0.907380009375 0.3330840291666668 0.8806799073113805 0.3276377223370003 0.8037946596410046 0.9977249002074804 0.8304947617046242 1.0031712070371468
0 0.9303519230193009 0.33559351424967593 0.907380009375 0.3309161458333335 0.8314297447338467 0.9940517726490685 0.8544016583781475 0.9987291410654109
0 1.0241332639146599 0.11966896953295952 0.9596864898805979 0.10445225799982358 0.8412681563514225 0.9960660826587537 0.9057149303854845 1.0112827941918896