0 0.07335419272558238 0.84443812598071 0.0683828874291864 0.21790233726244157 0.03264062500000001 0.21818593750000007 0.037611930296396 0.8447217262182687
0 0.09772312617558586 0.8400061805211324 0.08951766756472308 0.139818610855926 0.05857891638913722 0.1401811803347936 0.06678437499999999 0.84036875
0 0.14160602671046235 0.8410896976839751 0.13666365575847642 0.17447277205910638 0.08785606654801406 0.17483463687513118 0.0927984375 0.8414515625
0 0.16684895052322593 0.8434328972668641 0.16027083136814108 0.15612926522931075 0.13182031249999998 0.15640156249999998 0.1383984316550848 0.8437051945375534
0 0.1911699593733764 0.8370247464260631 0.189540625 0.25395625 0.15701910312662354 0.254047128573937 0.15864843749999996 0.837115625
0 0.22216028097697751 0.8411361407733757 0.2139296875 0.159653125 0.18781315652302244 0.15996854672662433 0.19604375 0.8414515625
0 0.2383171875 0.8392843749999999 0.22612014236849137 0.1486274758894386 0.20582218548399447 0.1489859391097676 0.2180192306155031 0.8396428382203289
0 0.2578954284682449 0.8422471881088878 0.24888593750000004 0.15531718749999998 0.22687019653175514 0.15560593689111235 0.2358796875 0.8425359375000001
0 0.2863066115738152 0.8370412819105132 0.28465625 0.2409484375 0.2529488033127292 0.24103622374354772 0.2545991648865443 0.8371290681540609
0 0.30986489593111777 0.09357380099513533 0.27246249999999994 0.09353281250000003 0.2716429165688822 0.8414105740048647 0.3090453125 0.8414515625
0 0.34739809840434976 0.8394083896075708 0.32936875000000004 0.1498984375 0.29264096409565027 0.15085879789242923 0.3106703125 0.84036875
0 0.3651694333199954 0.8380144810200874 0.3594484375000001 0.26045937500000005 0.33582050223890014 0.26069342248301053 0.34154149805889544 0.8382485285030977
0 0.3977181963216064 0.835517972872665 0.38708906249999997 0.16290468750000003 0.3536804997111768 0.16343263437882685 0.36430963353278323 0.8360459197514919
0 0.42938681897180303 0.83338296545019 0.4211954738024323 0.2654580969093213 0.38783990483062925 0.26593919395913146 0.39603124999999995 0.8338640625
0 0.45537656249999997 0.8349484374999998 0.4521250000000001 0.24853593749999997 0.4187827497471169 0.24872081488680173 0.42203431224711674 0.8351333148868015
0 0.4806302992494806 0.8347460479218961 0.4748875 0.1412265625 0.44804483234042874 0.1414488375116324 0.4537876315899093 0.8349683229335285
0 0.504982523935092 0.8380722062284509 0.5017043385940059 0.17036209021970694 0.4748875 0.17049374999999997 0.47816568534108617 0.8382038660087439
0 0.5561906560535762 0.8359634439503647 0.555378158467582 0.1693419870446018 0.49846406491400563 0.1694113555942371 0.49927656249999985 0.8360328125
0 0.57488125 0.8349484375000001 0.5708095114802272 0.17466774234992266 0.5448015625000001 0.174828125 0.5488733010197729 0.8351088201500774
0 0.5968312500000001 0.8360328125 0.5911388245135276 0.1735357679096284 0.5667515625000001 0.1737453125 0.5724439879864727 0.8362423570903716
0 0.6278750881795195 0.8334109434915193 0.6187383393815062 0.27300399375797924 0.5903281250000001 0.2734671875 0.5994648737980135 0.8338741372335401
0 0.6700422402848041 0.832324360447158 0.66349375 0.27238281249999996 0.6138085033736453 0.27296387914173004 0.6203569936584493 0.832905427088888
0 0.6984791074305272 0.24985720532847192 0.66511875 0.2496203125000001 0.6609781626844848 0.8327172078723326 0.6943385201150121 0.8329541007008044
0 0.73178125 0.18241562500000008 0.6992640625 0.18241562500000008 0.6992640625000001 0.8295281250000001 0.7317812500000002 0.8295281250000001
0 0.763496567252798 0.8283034333045132 0.7610532883792305 0.282139040799481 0.7293379711264325 0.28228091999496796 0.7317812499999999 0.8284453125000002
0 0.7821843750000002 0.8306125 0.7813718339663732 0.2821113629869695 0.7626734375 0.28213906250000004 0.763485978533627 0.8306401995130305
0 0.8155201602147795 0.8293433547653448 0.812268763563907 0.1855168204428823 0.7756814158491275 0.18570159067753772 0.7789328125000001 0.8295281250000002
0 0.8269052175560606 0.20631985019665736 0.8049468750000001 0.20626250000000015 0.8033135324439398 0.8316395248033427 0.8252718750000003 0.8316968749999999
0 0.8472353485046338 0.8316458382250158 0.8455953125000001 0.17808125000000002 0.8212036864144177 0.17814245763840736 0.8228437224190512 0.8317070458634233
0 0.871609375 0.2615437500000001 0.8488502382790089 0.261477240028381 0.8471839314808598 0.831673006392243 0.8699430682018511 0.831739516363862
0 0.8959984375 0.1975921875000001 0.8675453125000001 0.1975921875000001 0.8675453125000001 0.8295281250000001 0.8959984375 0.8295281250000001
0 0.919575 0.8219406250000001 0.913884375 0.2821390624999999 0.8894980226822973 0.28239614509441713 0.8951886476822974 0.8221977075944172
0 0.9431500000000002 0.2626281250000001 0.9212065271114003 0.26256393701678943 0.9195639634372388 0.8240950780321421 0.9415074363258386 0.8241592660153527
0 0.9651110594524785 0.8229916590155149 0.9642970229830293 0.2669640485581465 0.9415234635305507 0.26699738954263147 0.9423375 0.8230249999999998
0 0.9789503407468517 0.8196400580799119 0.9724171875 0.14122656249999999 0.9585564051402253 0.14136004247330192 0.9650895583870771 0.8197735380532138
0 0.9911140625000001 0.8208578124999999 0.9845891226728145 0.13785871705744127 0.9715840596031444 0.13798295917510228 0.97810899943033 0.820982054617661