0 0.07247495937500013 0.003566162500000013 0.037523356194430445 0.0033120615023898886 0.03345315771253375 0.9986115756913655 0.06840476089310343 0.9988656766889756
0 0.10483870937500014 1.815677238189058e-17 0.07167915270753648 -0.00020805991570724866 0.06815092770753643 0.9994559192509593 0.10131048437500009 0.9996639791666666
0 0.13671570666012262 0.004231364116988056 0.10418021562499999 0.003566162500000017 0.09277487330887693 0.9952879789025583 0.12531036434399956 0.9959531805195463
0 0.2228970657575843 0.0007836745693202443 0.14078064432264173 -0.00017465007569453423 0.13422140596030208 0.9990157311446043 0.21633782739524468 0.999974055789619
0 0.31392267187500006 0.01115374583333339 0.22375894750815414 0.008103336378259383 0.20488911250000008 0.9996639791666667 0.295052836866846 1.002714388621741
0 0.3757072718750003 0.006817983333333402 0.30483356388053784 0.0053849717993137685 0.2935416138805377 0.9982309676326472 0.36441532187500014 0.9996639791666667
0 0.44652720595430945 0.006643264053279855 0.378959090625 0.004650104166666728 0.3624491257330677 0.9996505839070983 0.43001724106237715 1.0016437437937113
0 0.4813914531250002 0.008985866666666748 0.44477160990017667 0.007854127644878885 0.4276995505251765 0.9899040734782122 0.46431939375000003 0.9910358125
0 0.5431528917005193 0.9979474117006167 0.5195853167005192 0.006185357533950212 0.47895258749999997 0.007901924999999999 0.5025201625 0.9996639791666665
0 0.5553703812500002 0.0057340458333334345 0.5196588696402372 0.0042737722813819086 0.4968961227652371 0.9939113014480486 0.532607634375 0.9953715750000001
0 0.6238284942917602 0.008042233360286264 0.5586222031250001 0.005734045833333425 0.5388418412799185 0.9991476754881804 0.6040481324466787 1.0014558630151333
0 0.6847568242293889 0.004783787345984184 0.6181842789668599 0.0024324389320026377 0.5984570093750001 0.995371575 0.6650295546375291 0.9977229234139815
0 0.7138966562500001 0.005734045833333456 0.6837458016305671 0.004497087708163117 0.660983054755567 0.9908827960414965 0.691133909375 0.9921197541666669
0 0.7391400036461604 0.005364443001151562 0.7050301137172739 0.004367077921303692 0.6886950437500001 0.9975394541666668 0.7228049336788868 0.9985368192465146
0 0.7977045394970503 0.12060495395543874 0.7398905768878844 0.11830103527527654 0.7203061592658342 0.9919837146531713 0.778120121875 0.9942876333333335
0 0.8602286031250002 0.012237687500000146 0.7952714761809502 0.01042841077185021 0.7797738958051323 0.9995807476121154 0.8447310227491822 1.0013900243402651
0 0.928555213254558 0.00949654864247874 0.863480425 0.006817983333333466 0.8405178693006427 0.9985817091971304 0.9055926575552007 1.0012602745062755
0 0.9968050843749998 0.004650104166666824 0.9260779781249999 0.0013982833333334942 0.9002633865050633 0.999562536740347 0.9709904927550632 1.0028143575736803