0 0.15157542263806922 0.21437527837342993 0.09955156250000002 0.20802031250000005 0.028880827361930893 0.7865544091265702 0.08090468750000009 0.792909375
0 0.20445625000000023 0.22336718750000006 0.157352313532084 0.21782565478176213 0.09062731353208389 0.784999092281762 0.1377312500000001 0.790540625
0 0.24707274471994117 0.21994989679336013 0.20481213165937576 0.21497334230976178 0.13720188693943466 0.7891156330164015 0.1794625000000001 0.7940921874999999
0 0.29164075371134224 0.1959989241174917 0.2524223458544695 0.19135809773296447 0.18108784214312731 0.7941872986154728 0.2203062500000001 0.798828125
0 0.33218281250000026 0.19736562500000007 0.29092957267198527 0.19269472987741143 0.2225608226719852 0.7965259798774114 0.26381406250000017 0.8011968749999999
0 0.3987750000000001 0.28024375 0.3431153830425391 0.27327074645483784 0.279185695542539 0.7835676214548378 0.33484531250000005 0.790540625
0 0.4574276653683954 0.28695596981416494 0.40509053909946563 0.28014119914020297 0.33961912373107034 0.782958666826038 0.3919562500000001 0.7897734375
0 0.4875895779620053 0.2185487057920817 0.4627353592428256 0.21809502664909353 0.45204843750000007 0.8035640624999999 0.4769026562191797 0.8040177416429881
0 0.5177846006083293 0.2190334537759206 0.49358035822706514 0.21867357556195405 0.48490156250000016 0.80238125 0.5091058048812642 0.8027411282139667
0 0.5736102786794912 0.28650946083818213 0.5176753922928905 0.2861271099933464 0.5142031250000001 0.7940921875000001 0.5701380113866008 0.7944745383448358
0 0.6305232633572265 0.28779614158228856 0.5752165682748233 0.2873390177419361 0.571024554917597 0.7945241261596477 0.6263312500000001 0.7949812500000002
0 0.661493319581664 0.29455914286533075 0.6286405690776848 0.29444822296479095 0.6269656250000001 0.790540625 0.6598183755039793 0.7906515449005399
0 0.6971159832499834 0.2969724792615234 0.6657932316294539 0.2968191319302733 0.6633678733794708 0.79222321516875 0.6946906250000001 0.7923765625000001
0 0.7264253126568636 0.24442199729862518 0.702454118962587 0.24419007769702059 0.6971109375000002 0.7964609375000001 0.7210821311942768 0.7966928571016048
0 0.7557188138234392 0.24250834818987474 0.7308515625 0.24235625000000013 0.7274405611765609 0.8000369643101255 0.7523078125 0.8001890625000001
0 0.7874685312992152 0.2451434789362331 0.7539359375 0.24472500000000003 0.7470364192973084 0.7975813597100962 0.7805690130965236 0.7979998386463294
0 0.8196906250000001 0.2455015625000001 0.7867998773224775 0.24507463403964397 0.7796483148224774 0.7960340090396439 0.8125390625 0.7964609375000001
0 0.9056374116838908 0.24369119146120638 0.8212846294800814 0.2434395908123371 0.8196394052961908 0.7950249618511308 0.9039921875000003 0.7952765625000001
0 0.9918970126533114 0.2460397806273027 0.9048797014053553 0.245899204987111 0.9039905012520439 0.7963203618598084 0.9910078125 0.7964609375000001