0 0.14693061562500007 0.9970739125000001 0.008642978125 0.0050104208333333344 -0.049170710731955634 0.01933731469642584 0.08911692676804443 1.0114008063630926
0 0.20254629687499998 0.9960718291666668 0.0789093025284339 -0.011340715950531932 0.01315235625 0.0030062541666666664 0.1367893505965661 1.0104187992838654
0 0.2581619781250001 0.9950697458333333 0.14644314393418317 -0.007106445203481275 0.085302428125 0.0050104208333333344 0.19702126231581688 1.0071866118701478
0 0.28897606875 0.9950697458333333 0.18920410681262517 -0.0016420999765263049 0.1574525 0.004008337499999996 0.2572244619373748 1.0007201833098596
0 0.3205417281250001 0.9980759999999999 0.2222446401020835 -0.000017489485648584473 0.1935275375 0.005010420833333336 0.29182462552291655 1.0031039103189818
0 0.37841209687499994 0.9950697458333335 0.29964140820591795 -0.0037021923558144226 0.23035413749999994 0.006012504166666666 0.30912482616908193 1.0047844423558145
0 0.44454966250000016 0.9920634916666666 0.39248065043813185 -0.0030332195516264648 0.316783909375 0.004008337499999996 0.36885292143686826 0.9991050487182932
0 0.509935665625 0.998076 0.47824494146292384 0.0000696908256930806 0.408474628125 0.004008337500000003 0.4401653522870762 1.002014646674307
0 0.5513065891622563 0.9928953435750535 0.5324348762188477 0.0025078447895791425 0.4881403312499999 0.004008337500000003 0.5070120441934085 0.9943958362854742
0 0.6083904531250001 0.005010420833333433 0.5520232093749999 0.005010420833333429 0.552023209375 0.9960718291666667 0.6083904531250002 0.9960718291666667
0 0.6617514437500002 0.15832932500000008 0.6159437912770083 0.15752375466640894 0.6076699276616269 0.993936038923332 0.6534775801346189 0.9947416092569231
0 0.75118746875 0.12726471250000013 0.6777792721452183 0.1232697083488878 0.6510442438024652 0.9966139119633755 0.7244524404072468 1.0006089161144878
0 0.8398719343750001 0.1322751333333335 0.7665000408054937 0.12453079654785393 0.7148232092559439 0.9949307263700305 0.7881951028254501 1.0026750631555101
0 0.8759469687500003 0.10521885416666682 0.849723337915201 0.10202949374491072 0.7886792700064615 0.9943279916985243 0.8149029008412608 0.9975173521202803
0 0.9308110875000002 0.10922719166666682 0.8866822141382876 0.1026672680318597 0.81251285013381 0.9896723014050273 0.8566417234955226 0.9962322250398344
0 0.981165825 0.1082251083333335 0.9402910668508214 0.1013740729025532 0.8565274296842145 0.9898220086208959 0.8974021878333931 0.9966730440516761
0 1.0224595099515659 0.3164404492283536 0.9768947160930406 0.3066671310465738 0.8940307435139221 0.9934676189581861 0.9395955373724474 1.003240937139966