0 0.11240594767091747 0.8855293577130128 0.08831138602207952 0.1621386330391767 0.020445825 0.16615721666666666 0.04454038664883796 0.8895479413405027
0 0.17572027812500002 0.8815578375 0.15770376150033227 0.16635672548583777 0.089547021875 0.1694090375 0.10756353849966774 0.8846101495141622
0 0.20991270468532147 0.8976301986713455 0.18954051874999997 0.06209894166666667 0.15689823152495114 0.06351386524919057 0.17727041746027264 0.8990451222538695
0 0.24814683097103796 0.8948018895207087 0.23747711734048135 0.07405472179377297 0.191979384375 0.07510622499999998 0.20264909800555664 0.8958533927269358
0 0.2937722132822872 0.8963039231375121 0.27396934371302806 0.07888542858584296 0.23587896874999995 0.08052592916666666 0.25568183831925906 0.8979444237183357
0 0.3318090774337305 0.9000917429747599 0.3211845548722033 0.08282081118036246 0.27890949306347285 0.08379783487226926 0.28953401562500003 0.9010687666666667
0 0.38073509955888707 0.8894188605770967 0.3626659888124834 0.07357113274510342 0.3145515330035963 0.0754655721680068 0.33262064375 0.8913133000000001
0 0.4310475853772277 0.8898296455640605 0.41867680627970555 0.06950949320970844 0.36333649277747776 0.07099314764564782 0.37570727187499997 0.8913133
0 0.48301736562500003 0.8869775416666668 0.47487630572781425 0.18033359140994706 0.42611049687499997 0.1813323791666667 0.43425155677218574 0.8879763294233863
0 0.5350465 0.17482873750000005 0.478139634375 0.17482873750000005 0.478139634375 0.8815578375 0.5350465 0.8815578375
0 0.5797590406250002 0.8891454208333335 0.5789410136530717 0.1747360749476101 0.533420590625 0.1748287375 0.5342386175969285 0.8892380833857234
0 0.61715498125 0.20517906666666677 0.5756942625 0.20517906666666677 0.5756942625 0.8913133 0.61715498125 0.8913133
0 0.656989790625 0.21276665000000014 0.61715498125 0.21276665000000014 0.61715498125 0.8891454208333334 0.656989790625 0.8891454208333334
0 0.6927759829224189 0.8917257552263028 0.6853894952078435 0.20779196043579345 0.6504162560354246 0.20846344687615728 0.6578027437500001 0.8923972416666667
0 0.7456504540230302 0.06922792624696825 0.6951986875000001 0.06860258333333345 0.6894554543281418 0.8923462080263656 0.7399072208511719 0.8929715509400004
0 0.7912030686792891 0.07016747208521044 0.74641486875 0.0696865250000001 0.7414128525047788 0.8977981518009268 0.786201052434068 0.8982790988861371
0 0.8106383312500001 0.13038718333333346 0.7878935011848737 0.13025665346952328 0.7854367187500001 0.8913133000000001 0.8081815488151264 0.8914438298638103
0 0.8342479460662069 0.13060585624824242 0.8114512875000001 0.13038718333333346 0.8073526008087931 0.8900106895850912 0.830149259375 0.8902293625000001
0 0.8618545125000002 0.13472294583333344 0.8325825042169436 0.13421607125914525 0.8252659073419435 0.8853867254258119 0.8545379156250001 0.8858936
0 0.8895652350329903 0.13983021316566424 0.8675452 0.1390587083333335 0.8527856036979179 0.8879716011627548 0.8748056387309082 0.8887431059950853
0 0.9318024146468217 0.11768430393807727 0.8886820375000001 0.11629595833333346 0.874764172758899 0.8847803404021676 0.9178845499057205 0.8861686860069113
0 0.98054598125 0.19325572500000013 0.9309640032765907 0.19170143110080357 0.9187613812500002 0.8837257208333335 0.9683433592234095 0.88528001473253