0 0.054490557379332796 0.9988051461513637 0.05147515454992442 0.009752027598884567 0.0011181940455916293 0.010024964780854066 0.004133596874999999 0.9990780833333333
0 0.12162373059001486 0.9947302454829386 0.10935245312499997 0.013027095833333325 0.064258659375 0.014029179166666664 0.07652993684001487 0.995732328816272
0 0.15895562812500022 0.011022929166666693 0.11612380967309273 0.010848461406927187 0.11386911904809258 0.9948952780735939 0.15670093750000008 0.9950697458333334
0 0.20104391014148168 0.01306833484488776 0.17023216864212687 0.013026069123822178 0.1694775125000001 0.9910614083333333 0.20028925399935496 0.9911036740543989
0 0.24689536353798497 0.9908235085124076 0.2431259941539962 0.01681829585417825 0.2085472493660112 0.017056195675104024 0.21231661875 0.9910614083333334
0 0.28822450625000007 0.01803751666666671 0.25741041249999996 0.01803751666666671 0.2574104125 0.9890572375000001 0.28822450625000007 0.9890572375000001
0 0.33031205 0.9930655749999999 0.32580266875 0.020041687500000002 0.29125065489393787 0.020326359197391775 0.29576003614393787 0.9933502466973917
0 0.36563552187500015 0.9950697458333335 0.35736832500000004 0.017035433333333336 0.32883795739254745 0.017464168422639877 0.3371051542675475 0.99549848092264
0 0.394194925 0.9960718291666667 0.38742905964110397 0.019782443470975904 0.366387084375 0.020041687500000002 0.373152949733896 0.9963310731956908
0 0.43102152500000007 0.9950697458333334 0.4212464694921881 0.023579574704671095 0.3934637951688882 0.024076547187173388 0.40323885067670007 0.9955667183158357
0 0.4663449968749999 0.9940676624999998 0.45655968405375436 0.023565313909423447 0.4258117699148324 0.02411646574242275 0.4355970827360779 0.9946188143329991
0 0.5212217593214387 0.9911461208354557 0.5099356656250001 0.02104377083333333 0.46330333168883653 0.022008245268127193 0.4745894253852751 0.9921105952702495
0 0.558035715625 0.9930655749999998 0.544507575 0.02104377083333333 0.512966723279852 0.021824163162757107 0.526494863904852 0.9938459673294237
0 0.589601371875 0.9920634916666667 0.5775687641977315 0.02143317655735618 0.5497685187500001 0.022045854166666674 0.5618011264272685 0.9926761692759772
0 0.609142015625 0.9920634916666666 0.5963614930978685 0.022748548818869667 0.5835888656249999 0.02304794166666667 0.5963693881521314 0.9923628845144636
0 0.6377069943316106 0.9934250141460912 0.6226002902554446 0.01954619886480606 0.599296255298834 0.02018884721871461 0.614402959375 0.9940676624999998
0 0.664757696875 0.9960718291666667 0.6467095587653912 0.02548310612755129 0.6212279740279335 0.026325472597718315 0.6392761121375423 0.9969141956368337
0 0.6948415668205566 0.9923649531935675 0.6790373968750001 0.027056279166666655 0.6527288149014907 0.02782201751286416 0.6685329848470472 0.9931306915397651
0 0.7233978187852178 0.9916080945011834 0.7120877849313709 0.028495980599980705 0.685049903125 0.02906044583333333 0.6963599369788469 0.9921725597345361
0 0.763229885068839 0.9912256863393686 0.748921778639333 0.03233141529744035 0.7173387185704938 0.03316922062473844 0.731646825 0.9920634916666666
0 0.7955349768869987 0.9884493419360709 0.7827442791152172 0.03240759695596711 0.7549452875 0.03306878333333334 0.7677359852717816 0.9891105283134372
0 0.8120897115999913 0.9897809881096514 0.7977648132984005 0.024735298208797208 0.785759378125 0.025052108333333333 0.8000842764265907 0.9900977982341875
0 0.8451328749999998 0.990059325 0.8293076616419901 0.015427124504336465 0.8000266910210158 0.01627234838750822 0.8158519043790255 0.9909045488831717
0 0.8797047875 0.9930655749999998 0.8586442252554678 0.017259562909086614 0.8301516695029116 0.018352802501559785 0.851212231747444 0.994158814592473
0 0.9082691998373988 0.9913705483019153 0.8924813625000002 0.017035433333333332 0.8676751164332732 0.01775001654550208 0.8834629537706717 0.9920851315140841
0 0.9511687816915101 0.9949426609906505 0.9360720312499999 0.10020843333333333 0.8984283808084899 0.10133760150934942 0.9135251312499999 0.9960718291666666
0 0.99320633622676 0.9838722714566163 0.9765983265536263 0.0971051602439228 0.9412593559518664 0.09828178878730662 0.9578673656250001 0.9850489