0 0.19429371965748304 0.8891944240872389 0.1592409139906749 0.4014033637647815 0.0954703125 0.4059859375 0.13052311816680814 0.8937769978224575
0 0.25177119196790027 0.8587042292464986 0.2196600640661867 0.3995843235369566 0.17893281249999998 0.40243281249999985 0.21104394040171348 0.8615527182095418
0 0.32649333321652263 0.8751721718858534 0.30593080436431974 0.4010267745583282 0.21888906250000004 0.4048015624999999 0.23945159135220298 0.878946959827525
0 0.37160781249999997 0.8701078124999999 0.3430843145682116 0.40494334696929074 0.3067921875 0.40716875 0.33531568543178836 0.8723332155307091
0 0.41459914328398717 0.9103657724626121 0.39469375000000007 0.3953296875000001 0.3449089762915939 0.3972537963715019 0.36481436957558105 0.9122898813341138
0 0.4648390625000001 0.89970625 0.43731406250000004 0.4190093749999999 0.3954473389995172 0.42140668944967424 0.4229723389995172 0.9021035644496743
0 0.5047937499999999 0.8985218749999998 0.46661406249999987 0.44268906249999995 0.4356554863687709 0.44528209382578954 0.4738351738687709 0.9011149063257895
0 0.5411984375000001 0.9091781249999998 0.5003546875 0.3775703125 0.46547769819677737 0.38024993269812024 0.5063214481967775 0.9118577451981201
0 0.6128760896334241 0.9166966032970926 0.57945625 0.4043562499999999 0.5055819138255291 0.40917505541341004 0.5390017534589531 0.9215154087105027
0 0.661065625 0.9103625000000001 0.64195625 0.36399218750000006 0.5855191705776608 0.3659660819263856 0.6046285455776608 0.9123363944263856
0 0.7093978195307376 0.9108088498016507 0.7010203125000001 0.3621781250000001 0.6476689125868169 0.3629927926948032 0.6560464196175543 0.9116235174964539
0 0.737659375 0.3600859375000001 0.706356125609338 0.3598714922797849 0.702570188109338 0.9125168047797849 0.7338734375 0.9127312500000002
0 0.7689093750000001 0.3574812500000001 0.739249031497803 0.35698308860279243 0.7299165600277555 0.9126349537967153 0.7595769035299527 0.913133115193923
0 0.798729948129201 0.3568775383160957 0.771165625 0.3562578125000001 0.7586035799927432 0.9149956587384309 0.7861679031219441 0.9156153845545264
0 0.8509406250000001 0.3639921875000001 0.8095286355119603 0.3623344539652302 0.7874676980119601 0.9134407039652302 0.8288796875000001 0.9150984375000002
0 0.8997687500000001 0.3639921875000001 0.857187247412518 0.36200944658679185 0.83154375 0.9127312500000002 0.8741252525874822 0.9147139909132085