0 0.15116948308944592 0.22603147397182186 0.09352886367802694 0.22329269720794664 0.07824143125000008 0.7952768916666668 0.13588205066141903 0.7980156684305421
0 0.21328671624960788 0.2267599928687196 0.15548914687500004 0.22341268750000007 0.13674579366007125 0.7987718102279788 0.1945433630346791 0.8021191155966984
0 0.2542613750000001 0.22987689583333334 0.21344271074247745 0.22781533233241583 0.19722061875000005 0.7988288708333334 0.23803928300752278 0.800890434334251
0 0.2957780375000001 0.23406852916666673 0.2541622904649722 0.23209530613266924 0.23895214687500008 0.802380775 0.28056789391002795 0.8043539980339975
0 0.3322335071103301 0.22848435060853378 0.2970176128450429 0.22690058300380528 0.28245948125 0.8023807749999999 0.31767537551528724 0.8039645426047285
0 0.36774941462625377 0.232250395045485 0.333070028125 0.2305165875000001 0.31695598467902897 0.8035138151884244 0.35163537118028276 0.8052476227339093
0 0.40063570870337484 0.2864726341279171 0.3635953594360346 0.28474736287590935 0.3499401906250001 0.8059327541666667 0.3869805398923404 0.8076580254186745
0 0.42322452586789955 0.29433174368948617 0.4011216016786096 0.293252239481668 0.3872321812500001 0.7988288708333334 0.40933510543929 0.7999083750411516
0 0.446754284610645 0.2917432823759001 0.42298652744569115 0.2908414165765249 0.41209349062499995 0.8011968333333334 0.4358612477899538 0.8020986991327085
0 0.483764455161612 0.28272080396255617 0.44760967812499997 0.28142788333333346 0.4371548118879642 0.8011722329577554 0.4733095889245762 0.8024651535869781
0 0.5364369276244991 0.2402230115498976 0.4848899808845549 0.2386405650932385 0.4751347218750002 0.8035647916666667 0.5266816686149445 0.8051472381233259
0 0.5931518550487956 0.24175429919525868 0.5443531111744566 0.23998706722940635 0.5328484812500001 0.8047487333333334 0.5816472251243392 0.8065159652991857
0 0.6420699028180813 0.3035386990131984 0.5950017812499999 0.30155562500000005 0.5831698159319186 0.8008104884868017 0.6302379375 0.8027935625000001
0 0.6907909875391847 0.3038778779999539 0.6447243968749999 0.30155562500000005 0.6305242257970759 0.8023363321044127 0.6765908164612606 0.8046585851043666
0 0.7415060125000001 0.2589321958333335 0.6997744812500001 0.2565642375000002 0.6822049578819522 0.8070267111828272 0.7239364891319524 0.8093946695161606
0 0.794780353125 0.26248413750000016 0.7550666962593919 0.2589004093623719 0.7272995843750001 0.8059327541666668 0.7670132412406081 0.809516482304295
0 0.8507749135225641 0.2685125390016249 0.8116505156250001 0.26485211666666675 0.7831809396024362 0.8058243109983753 0.8223053375000001 0.8094847333333334
0 0.8818302236672944 0.3058400826912924 0.8489424468750002 0.30510756666666683 0.8426831129650226 0.8047081993217637 0.8755708897573168 0.8054407153463893
0 0.9251598124999999 0.3066998125000001 0.8905270588826724 0.3058433768257254 0.8835662088826725 0.8062603393257253 0.9181989625 0.8071167750000001