0 0.14834551103847343 0.292366146479307 0.10364531250000004 0.29188437500000003 0.09790330836038284 0.8246446899502538 0.14260350689885623 0.8251264614295607
0 0.19713809868932158 0.2967579683803537 0.1540379228679592 0.2962226470704824 0.1475015625000001 0.8224828125000002 0.19060173832136248 0.8230181338098715
0 0.21828437500000017 0.2571609375 0.20282977580142075 0.2569380916215111 0.19469062500000012 0.8213968749999999 0.2101452241985795 0.8216197208784889
0 0.23458939830237782 0.13802516618837318 0.21994832415076812 0.13777605983947058 0.2077078125000001 0.8572046875 0.22234888665160976 0.8574537938489026
0 0.27770228205760883 0.27923247002826046 0.2492324078777563 0.2788504602709675 0.24187968750000013 0.8268234375000002 0.27034956167985263 0.8272054472572933
0 0.326518928625428 0.24437850373898856 0.27525562364735423 0.2439506544265236 0.2703491950219264 0.831820588187535 0.32161250000000013 0.8322484375
0 0.39490829504979297 0.3365454906846291 0.34126647082562067 0.3352857371962756 0.32974843750000005 0.8257375 0.3833902617241724 0.8269972534883536
0 0.4485343750000001 0.3352859375 0.39727675232834253 0.33419266249814267 0.3867 0.830078125 0.4379576226716576 0.8311714000018574
0 0.4925356227590155 0.25311421175160265 0.46483101943188937 0.2521268582123461 0.4443215034358271 0.8276127227083965 0.4720261067629533 0.828600076247653
0 0.5307399292919881 0.28663865503541 0.49328351754210004 0.28530953507358287 0.474538900750112 0.8135583800381732 0.5119953125000001 0.8148875000000002
0 0.5682690159775071 0.3036888938649852 0.534250820377932 0.30232053848732604 0.513684691401623 0.8136077447677534 0.5477028870011982 0.8149761001454128
0 0.6056185328727446 0.30233237777317873 0.5730385122523465 0.3010356872947807 0.5526342719712148 0.8137028042185532 0.585214292591613 0.8149994946969512
0 0.6494937500000002 0.31250000000000006 0.613175913087839 0.3106923167519685 0.587954038087839 0.8174204417519688 0.624271875 0.8192281250000002
0 0.6983830619776252 0.3113207471081281 0.6617794295904453 0.3090335269034547 0.6299671875000001 0.8181421875 0.66657081988718 0.8204294077046734
0 0.746411656788532 0.306830401417077 0.7066734375 0.30381875 0.668333655711468 0.8097055360829231 0.708071875 0.8127171875
0 0.7984643905451573 0.3028058638090344 0.7575260923736212 0.29944553324263845 0.715136701828464 0.8158677944336041 0.756075 0.8192281250000001
0 0.8602897064410294 0.22154190696902137 0.8317390625 0.21918437500000007 0.7812212310589707 0.8309752805309787 0.8097718750000003 0.8333328124999999
0 0.8887426706499731 0.26853066204222503 0.8585890625000001 0.2658421875000002 0.8086270801273127 0.8262097919539197 0.8387806882772857 0.8288982664961445
0 0.9538446282047974 0.2238542505256127 0.89954375 0.21918437500000013 0.8474084967952027 0.8254082494743876 0.9017093750000003 0.8300781250000002
0 0.9546948732284172 0.30759836579338184 0.9449095292775513 0.30678841549522395 0.9033693435491342 0.8086525497018421 0.9131546875 0.8094625000000001