0 0.19388573181610827 0.18523916529143886 0.174446875 0.1844625 0.1500267681838918 0.7956639597085611 0.16946562500000006 0.7964406249999999
0 0.21675105420535626 0.1852792135712038 0.1964012057522257 0.18446179527784412 0.17188104908855856 0.7948976959741401 0.1922308975416891 0.7957151142674999
0 0.23376902179155912 0.1890299711568107 0.21674175197027226 0.18843509327593178 0.19550000000000012 0.7964406250000001 0.212527269821287 0.7970355028808791
0 0.2508536199015916 0.18909725360421334 0.23471697270646472 0.18851284188503095 0.21270091693807008 0.7964153067087134 0.22883756413319695 0.7969997184278957
0 0.28506975275105934 0.19089053499626404 0.25164161657429457 0.18980858856686672 0.2320259983391967 0.7958585183397584 0.26545413451596145 0.7969404647691557
0 0.31927644551388257 0.19412535578597007 0.28591861965433274 0.19303982881979362 0.2662664470180234 0.7969435299621948 0.2996242728775732 0.7980290569283712
0 0.34774853641292086 0.19374565409337824 0.31607941189968536 0.19305738883039672 0.30289531250000007 0.7996968750000001 0.33456443701323557 0.8003851402629817
0 0.3786359324816548 0.19464334762826044 0.34774190089994694 0.19418087252012972 0.3386809606636605 0.7994652843693573 0.36957499224536833 0.7999277594774881
0 0.38913750000000025 0.19422812500000006 0.3803394293423859 0.19409783881257534 0.3713894293423858 0.7984806513125753 0.3801875000000001 0.7986109375000001
0 0.3980928260747687 0.16498463321204376 0.3875094907862712 0.1649139206251086 0.3834354147115026 0.7746683499130649 0.3940187500000001 0.7747390625
0 0.43225781250000017 0.19205781250000004 0.39808908505420415 0.19196634772400722 0.39645937500000017 0.8007812500000002 0.43062810244579613 0.8008727147759929
0 0.47131747857897865 0.7994208357248335 0.4664275647541022 0.19396529250095831 0.43224914867512354 0.19424133177612468 0.4371390625 0.7996968749999998
0 0.5112468750000001 0.80078125 0.5022750064664162 0.19263989614526975 0.46485815020875726 0.19319190451167317 0.4738300187423411 0.8013332583664035
0 0.553560751851969 0.7999618690948598 0.5396812327118352 0.19346827662777935 0.5038767308598662 0.1942876575329195 0.5177562499999999 0.8007812499999998
0 0.587725 0.8018656249999999 0.5722490443958416 0.19025485834993797 0.5413532011481357 0.19103663448032468 0.5568291567522942 0.8026474011303867
0 0.6219049916995321 0.8021698079405875 0.6055758748387852 0.190216788825767 0.5757000732490106 0.1910139831204754 0.5920291901097576 0.8029670022352958
0 0.6796652169327015 0.800846355059506 0.6543473600357254 0.19416199408244267 0.6039008931030239 0.1962672015229365 0.62921875 0.8029515625
0 0.713834375 0.8018656250000001 0.6888620130402453 0.18441948411310113 0.6620120130402454 0.1855054216131012 0.686984375 0.8029515625000002
0 0.737542536426748 0.8019575400199603 0.7065109375 0.1888015625 0.6868699635732521 0.1897955849800397 0.7179015625000001 0.8029515624999999
0 0.7724125 0.8018656249999999 0.7405638412760324 0.18759287334877192 0.7145992639659687 0.18893907820555159 0.7464479226899364 0.8032118298567795
0 0.7935671875000001 0.80078125 0.7641033262618018 0.18845758347055383 0.745432493332535 0.1893559887759497 0.7748963545707332 0.8016796553053958
0 0.8497322141783498 0.8134194332752755 0.8244703943418304 0.16895350714483076 0.7870178676634809 0.1704215738695553 0.8122796875000002 0.8148875000000002
0 0.8928265625000001 0.8116312499999999 0.8759739079004397 0.16769010532965029 0.8344801579004397 0.16877604282965036 0.8513328125000001 0.8127171875000002