0 0.10660282187500007 0.9996639791666666 0.05525116477809797 0.16042559225803696 -0.034374061413447614 0.17017496916275637 0.01697759568345449 1.009413356071386
0 0.18872756250000006 0.9964555166666668 0.14899936562478017 0.1522313497714682 0.06028063125000001 0.15965357083333334 0.10000882812521991 1.003877737728532
0 0.2692756321633812 0.9991689892259252 0.2356088692784346 0.16160554742273373 0.14157615624999997 0.1683250958333333 0.17524291913494658 1.0058885376365247
0 0.348879746875 0.9964555166666665 0.32520766293693243 0.16385109805974654 0.23669192187499996 0.16832509583333335 0.2603640058130675 1.0009295144402535
0 0.399282975 0.9986233958333333 0.3789566786017267 0.00886841723090016 0.31636153749999996 0.011153745833333334 0.3366878338982732 1.0009087244357664
0 0.44632056562499994 0.9996639791666665 0.4423634360082541 0.005268235096808783 0.37652022500000004 0.005734045833333332 0.3804773546167458 1.000129789903191
0 0.4943987375000001 0.9942876333333334 0.49277282812500023 0.03933619583333334 0.43586440712675706 0.03950844973085501 0.4374903165017569 0.994459887230855
0 0.5407444112368409 0.999570976941728 0.539111278125 0.05017560000000001 0.4895194025576071 0.050327257006197015 0.49115253566944794 0.9997226339479252
0 0.583823815625 0.04909165833333342 0.5382983218749999 0.04909165833333342 0.538298321875 0.9996639791666666 0.5838238156250001 0.9996639791666666
0 0.6147870005975066 0.17095425626538885 0.5887015468749999 0.1704929750000001 0.5804857536911133 0.9964539916434138 0.60657120741362 0.9969152729088026
0 0.6594286562500001 0.04909165833333344 0.625302445366825 0.048049238683010774 0.609043339116825 0.9943291553496773 0.6431695500000001 0.995371575
0 0.7018923051068631 0.04592981928475711 0.656368373535394 0.04473964961409558 0.64235659375 0.9975394541666668 0.687880525321469 0.9987296238373282
0 0.7594221500000001 0.1694090375000001 0.6992975013442957 0.16688411801152395 0.6797070179853295 0.9962146262279744 0.7398316666410341 0.9987395457164505
0 0.8115727741698924 0.003681731694535843 0.762673971875 0.00031434166666678053 0.7240033409838016 0.9986199962168929 0.7729021432786941 1.001987386244762
0 0.8415344392080251 0.0002037295461045104 0.8027808215084662 -0.002168076424971114 0.7685187403964706 0.9930638620297572 0.8072723580960295 0.9954356680008327
0 0.8854302156250002 0.0035661625000001475 0.844003817060661 0.0005580344232851475 0.8033316670606607 0.9963198302566185 0.844758065625 0.9993279583333335
0 0.9285168437500001 0.0057340458333334935 0.8911621081276568 0.0026724063603041246 0.8454552354315167 0.9940762521198455 0.88280997105386 0.9971378915928749
0 0.9602221 0.004650104166666832 0.9253499502589568 0.0017504505488130503 0.8788413180247302 0.9961104374180212 0.9137134677657734 0.9990100910358749
0 0.998214048911314 0.0036596257880909516 0.9642556392718792 0.0003112617642388571 0.9090059187499999 0.996455516666667 0.9429643283894349 0.9998038806905191