0 1.0484895958296834 0.2782671996465486 0.9886755343749998 0.21059876666666674 0.6199384760453165 0.7900427170201181 0.6797525375 0.85771115
0 0.890307946875 0.2886424750000002 0.8514350227728101 0.2452842135529812 0.49779948839781 0.808933188552981 0.5366724125 0.85229145
0 0.834214034375 0.288642475 0.791975699275455 0.24155190172178767 0.4304381743021306 0.81805768405419 0.47267650940167555 0.8651482573324023
0 0.762673971875 0.23227757500000018 0.7350356017226948 0.20567313601927992 0.3813979593750001 0.8587950916666668 0.4090363295273053 0.885399530647387
0 0.7130837031249999 0.21927029166666684 0.6797440979954806 0.1884564142363016 0.3318076875 0.8577111500000001 0.36514729262951934 0.8885250274303653
0 0.661768328143189 0.20376379984471182 0.6438056525748924 0.1876586818265776 0.29595999630670333 0.8773760653151991 0.31392267187499995 0.8934811833333335
0 0.6358529531250001 0.19325572500000018 0.6128399658648722 0.17311786979699198 0.2697728471148722 0.8700915072969918 0.2927858343750001 0.8902293625
0 0.542767077492442 0.32465294377746345 0.51065784375 0.2973139958333334 0.22998797528929438 0.883346099468527 0.2620972090317364 0.9106850474126572
0 0.4968376031250002 0.3168249208333336 0.462179543656622 0.2881742585009598 0.18274819693065178 0.8891018892556839 0.21740625639902994 0.9177525515880577
0 0.5163485312500002 0.18891996250000032 0.4797820230905656 0.1589390641016224 0.1440150218750001 0.8869775416666668 0.18058153003443472 0.9169584400650447
0 0.4561898406250002 0.18024843750000025 0.4172986008373735 0.1496034240516676 0.08710815625000005 0.8945651250000001 0.12599939603762675 0.9252101384483328
0 0.40408228250861156 0.1775868275407609 0.36764866318457945 0.14831171982864444 0.027911790050968045 0.8999761047878835 0.06434540937500008 0.9292512125
0 0.34644088125 0.16615721666666677 0.3037073089074826 0.13312760080508426 -0.030417300467517273 0.9016413008050843 0.012316271875000107 0.9346709166666668
0 0.29197288125000026 0.1661572166666669 0.24721974427427904 0.13131650685668872 -0.04137937135072112 0.7903522318566886 0.0033737656250000915 0.8251929416666667
0 0.23262714687500008 0.15965357083333342 0.18040725165282795 0.12032361658020539 -0.049659085847172046 0.6633777290802053 0.0025608093750000725 0.7027076833333333
0 0.166777771875 0.16290539583333338 0.12557635695209343 0.12983141027691072 -0.0412014149229065 0.49918407694357736 6.661338147750939e-17 0.5322580625