0 0.1703507417330849 0.8590843617300112 0.13918621469748313 0.3034589754377212 0.1134109375 0.3049046875 0.14457546453560174 0.8605300737922901
0 0.19638948352688534 0.8537743210207027 0.16610528867595892 0.3036098759971257 0.1425828125 0.30490468750000005 0.17286700735092644 0.8550691325235771
0 0.25655985986550445 0.8510347210322777 0.22796640846449812 0.29970546870851955 0.16956406249999997 0.302734375 0.19815751390100628 0.8540636273237581
0 0.33234012571554655 0.848929983246293 0.263809375 0.30707500000000004 0.2327036242844534 0.31100907925370713 0.30123437499999994 0.8528640624999999
0 0.3746078548286039 0.841202063999136 0.32076093750000007 0.35373281250000005 0.2856467472523532 0.3576116025847307 0.3394936645809571 0.8450808540838667
0 0.41690509034625983 0.8606714556592465 0.3622546875 0.352646875 0.31979135448973484 0.35721483951107635 0.37444175733599466 0.8652394201703227
0 0.4681165304050058 0.8490338867153115 0.3972390625 0.3005640625 0.36705046066549907 0.3044652646503335 0.43792792857050494 0.8529350888656451
0 0.5087815393058177 0.8444319777225072 0.43710625 0.30165000000000003 0.4061106481941824 0.30574302227749295 0.4777859375000001 0.8485250000000002
0 0.5470403378931562 0.8414629489291909 0.4802265625000001 0.32552031249999996 0.4467879172182355 0.32985056547302377 0.5136016926113915 0.8457932019022147
0 0.5823857286614775 0.838092983718582 0.5184656249999999 0.32660624999999993 0.48615583558319286 0.3306439795297342 0.5500759392446705 0.8421307132483161
0 0.6034809661836895 0.8412026841478996 0.5428734375000001 0.30815937499999996 0.5262002838163105 0.31005512835210036 0.5868078125 0.8430984374999999
0 0.6248439482803275 0.8409265182959876 0.564840625 0.30707500000000004 0.5455169892196726 0.3092469192040125 0.6055203125000002 0.8430984375000001
0 0.6507131704436147 0.8430113588429275 0.5941296875 0.3016500000000001 0.5725321420563854 0.30390739115707244 0.6291156250000001 0.84526875
0 0.6759239686368098 0.8455795086709456 0.625046875 0.2994796875000001 0.60508696886319 0.3013392413290546 0.6559640625 0.8474390625000001
0 0.7346851084980578 0.8432672165573646 0.694203125 0.33203125 0.6369140716155416 0.33656765718853604 0.6773960551135992 0.8478036237459005
0 0.8424078125000003 0.33420156250000016 0.7872697807285028 0.3297272139848196 0.7459048382956122 0.839473270277181 0.8010428700671095 0.8439476187923617
0 0.9123765625000004 0.33420156250000016 0.8533031092030422 0.3299921876135622 0.8171359695489151 0.8375539735989875 0.8762094228458734 0.8417633484854253