0 0.13263365 0.8338644625 0.07910491158557134 0.0915992796899786 0.030201287500000007 0.09786897500000001 0.08373002591442867 0.8401341578100214
0 0.1578352625 0.8382002250000001 0.1227383289571982 0.2581485643732165 0.09117293124999999 0.26154396666666674 0.12626986479280178 0.8415956272934505
0 0.18059800937499998 0.8392841666666667 0.14186745301711587 0.16355956521196097 0.11637454375 0.1661572166666667 0.1551051001078841 0.8418818181213724
0 0.20092189062500002 0.8382002249999999 0.1640343218995102 0.1616548512368622 0.1396563029005218 0.1640178254778349 0.17654387162601162 0.8405631992409727
0 0.221245771875 0.8403681041666665 0.18365887305922957 0.09952486128398147 0.156144305018259 0.10200656735452521 0.19373120383402945 0.8428498102372103
0 0.244821475 0.8447038666666667 0.21457722610887414 0.09595433761282282 0.18714766140504827 0.09792404915557136 0.2173919102961741 0.8466735782094152
0 0.275713775 0.8425359875 0.2494502521619363 0.15859009577037592 0.21799395312499997 0.16073751249999998 0.24425747596306366 0.8446834042296241
0 0.30416720937499997 0.8349484041666667 0.2854692375 0.16290539583333336 0.25131180608877796 0.16459490329092083 0.2700097779637779 0.8366379116242543
0 0.33018177812500005 0.8414520458333333 0.32038185742442815 0.16525769643057991 0.2854692375 0.16615721666666666 0.29526915820057187 0.8423515660694201
0 0.36194948655577863 0.8417796136171827 0.3528906216995381 0.16538425705405418 0.32042631250000003 0.16615721666666664 0.3294851773562405 0.8425525732297952
0 0.3952430613085715 0.8432725681104689 0.3919272031124097 0.16683767453963977 0.34562792812500004 0.1672411541666667 0.34894378632116185 0.8436760477374957
0 0.4318011843750001 0.1791645000000001 0.3903435593146226 0.1789841512202067 0.38870929167191487 0.8468540445315718 0.4301669167322924 0.8470343933113651
0 0.4708270209997701 0.17869749518685935 0.43017527187500015 0.1780805583333334 0.4244663995038853 0.8468344613971087 0.46511814862865525 0.8474513982506348
0 0.5041826168419357 0.2945787127612409 0.4651323500000001 0.29406217500000015 0.4610391581580647 0.844187328905426 0.5000894250000002 0.8447038666666669
0 0.529355815625 0.2712994291666667 0.5001041081882465 0.27107949152842026 0.49765055937499997 0.8512075083333334 0.5269022668117536 0.8514274459715799
0 0.5586222031250001 0.2702154875000001 0.5341720866730453 0.26966707370587684 0.5268554897980452 0.84957515703921 0.55130560625 0.8501235708333333
0 0.5928563838858982 0.2714244350797585 0.56106106875 0.2702154875 0.5487766786141017 0.8445788607535749 0.5805719937500001 0.8457878083333333
0 0.6171808216793984 0.2787604693729403 0.5918377667274315 0.2777986836600468 0.5796175981730333 0.8502457226204398 0.6049606531250001 0.8512075083333335
0 0.6407306843750001 0.27780307083333344 0.6179946639209131 0.27676370995917027 0.6032569507735104 0.8498970325962492 0.6259929712275975 0.8509363934704124
0 0.6911339093750001 0.2030111875000001 0.6448319696493956 0.19988267822836564 0.6201706654992575 0.8487490269779492 0.6664726052248618 0.8518775362495837
0 0.7431630468750001 0.2030111875000001 0.6946612506397554 0.19864902493099781 0.6619331566891848 0.8455743643082846 0.7104349529244296 0.8499365268772869
0 0.7862496750000003 0.28539065416666687 0.7335102622667168 0.2802618052718355 0.7022461928745249 0.8517909272446718 0.7549856056078085 0.8569197761395031
0 0.8374658562500003 0.19433966250000018 0.787278437293815 0.18873581266030054 0.7456302203706999 0.8518407443023186 0.7958176393268851 0.8574445941420182
0 0.8781136187499999 0.19217178333333348 0.8305378643112855 0.186955143610716 0.7896670743431768 0.8496068873064541 0.8372428287818913 0.8548235270290715
0 0.9319138978178323 0.19690623283430747 0.8846172593749999 0.1900039041666668 0.8301105036263188 0.8539952918006711 0.8774071420691512 0.8608976204683118
0 0.9553443687500003 0.2279418125000002 0.9303960050837707 0.22400484947441865 0.8740937647846734 0.8582890289083646 0.8990421284509029 0.862225991933946
0 0.96916460625 0.22252211250000015 0.9496904775989391 0.2196968503087087 0.8976245437499999 0.8577111500000001 0.9170986724010609 0.8605364121912916
0 0.9992439531250001 0.2897264125000002 0.9654747865785138 0.2844091085772277 0.9148471984882829 0.8560108840121569 0.9486163650347692 0.8613281879349294