0 0.22881120782551623 0.8073710770756474 0.221616362619082 0.12018897408803438 0.18691765479356576 0.1205522720123873 0.1941125 0.8077343750000002
0 0.20696645583993184 0.22270176617899495 0.18140690567681056 0.2211657025773322 0.15149218750000007 0.7189359375 0.17705173766312132 0.7204720011016627
0 0.2695966332575362 0.8039538431065711 0.26597968750000006 0.1725859375 0.2260111792424639 0.1728149068934288 0.22962812500000002 0.8041828125
0 0.33719579684552353 0.8070738729972173 0.30856533596878866 0.17120369596358848 0.2660328125 0.17311875000000002 0.2946632733767348 0.8089889270336288
0 0.3906057924703402 0.809758469109736 0.3517872338956746 0.1704456983488782 0.30712519142533445 0.17315754173914208 0.34594375 0.8124703124999998
0 0.4422551536381847 0.8102908192424522 0.3973239951252713 0.12870237951216632 0.3462954039870866 0.1320662477697144 0.3912265625 0.8136546875000003
0 0.49581218410594613 0.8079725091246445 0.4514798462982448 0.13333144038155198 0.4010567246922986 0.13664486875690762 0.4453890625 0.8112859375000001
0 0.5178347701256147 0.817342995862343 0.47146091128024903 0.06695560988234077 0.45450895365463423 0.06800323901999772 0.5008828124999999 0.8183906249999999
0 0.542434052063935 0.8184661208746349 0.49393947071387173 0.06808573044517459 0.47680541864993675 0.06919304707053997 0.5253 0.8195734375000001
0 0.5609699345782954 0.8112253906497797 0.5196414339943531 0.18712180382354937 0.4986640624999999 0.1885109375 0.5399925630839422 0.8126145243262304
0 0.5945811513640284 0.809196757224283 0.5430076273644282 0.19486470420714946 0.5181217885003999 0.1969538844828665 0.5696953125000002 0.8112859375000001
0 0.6359726577823662 0.8046304405821832 0.5724310204293651 0.22946625952864114 0.5443349251469989 0.2325701939464579 0.6078765624999999 0.8077343750000001
0 0.6641498200775098 0.8011591404827975 0.5988426369807518 0.23774242840557616 0.572756879403242 0.24076610042277852 0.6380640625 0.8041828124999999
0 0.7055865682109197 0.8236938474123774 0.6291181738825408 0.14291546800249008 0.6130941056716209 0.1447153705901128 0.6895624999999999 0.82549375
0 0.7234766981915557 0.8223311309031587 0.6485158877581736 0.142864322040218 0.6305845020666178 0.1448425661370591 0.7055453124999997 0.8243093749999998
0 0.7495298803914385 0.8057061106587954 0.6688518687239866 0.14708176701350933 0.642625113332548 0.15029440635471394 0.7233031249999999 0.8089187499999999
0 0.7891281197502094 0.8028238699936174 0.711234636839171 0.2093636216695089 0.6738221420889616 0.21427412667589177 0.7517156250000001 0.8077343750000002
0 0.8234624687614958 0.8012324552672702 0.7479750503857299 0.23682428460671776 0.7170719566242341 0.24095745433944749 0.792559375 0.805365625
0 0.901571050504846 0.8171132876375518 0.8129631210918198 0.21798835839333686 0.7803123830869736 0.22281725825578497 0.8689203124999999 0.8219421874999998