0 0.35024302949265107 0.7474168915851608 0.3233698765343915 0.4248648034000354 0.30021718750000004 0.42679375000000014 0.32709034045825963 0.7493458381851255
0 0.37839845996490407 0.7289396433320204 0.3547908377546346 0.4133642354824497 0.32997968749999995 0.41522031249999997 0.3535873097102694 0.7307957203495707
0 0.40004500158755496 0.7306875777945516 0.3803907365696663 0.41614384701294443 0.36043749999999997 0.417390625 0.38009176501788866 0.7319343557816071
0 0.4228835814709636 0.7086043027995379 0.40483125 0.40219843749999995 0.38537759424159984 0.40334457692435255 0.4034299257125634 0.7097504422238904
0 0.4373792357275311 0.7031768296939902 0.4232377154064883 0.42899490456852024 0.40980937500000003 0.4296875 0.4239508953210428 0.70386942512547
0 0.4525728862693345 0.7018802930588559 0.4406296875 0.42824062499999993 0.4266216720997523 0.42885201483786906 0.43856487086908685 0.702491682896725
0 0.4721536312111577 0.7196835254889499 0.4585287083237325 0.42387874152927846 0.44110788961257485 0.42468115354032865 0.4547328125000001 0.7204859375000001
0 0.4932737037965366 0.7176429714082624 0.48182653520285007 0.4217658535160818 0.4640625 0.422453125 0.47550966859368654 0.7183302428921806
0 0.5123243096637508 0.7151085658683141 0.5051222627277757 0.41367106449685814 0.4862799908368591 0.4141212504422743 0.4934820377728341 0.7155587518137303
0 0.5317619787615125 0.7273420495506563 0.5252376245888589 0.4184735477169779 0.5073303333273464 0.4188518106663216 0.5138546875000001 0.7277203125
0 0.5561625000000002 0.2437796875000001 0.5356792867562754 0.2437420585549051 0.5345895426899456 0.8369412576123002 0.5550727559336706 0.8369788865573952
0 0.5925275625868647 0.2446447170778238 0.5692366823497672 0.24423605514424138 0.5588422730941237 0.8366448929000091 0.5821331533312212 0.8370535548335916
0 0.6250484375000002 0.24667187500000004 0.6051478756916896 0.24595255005810937 0.5839474014678172 0.8324765576209995 0.6038479632761279 0.8331958825628902
0 0.6532531250000003 0.23799218750000012 0.6312461035856676 0.23717834567713605 0.6094276264809867 0.8271697658539287 0.6314346478953194 0.8279836076767927
0 0.6847125000000004 0.23292812500000015 0.6632775673427083 0.2319815714626751 0.6371095354999136 0.8245629503346 0.6585444681572057 0.8255095038719251
0 0.7367843750000003 0.23148125000000014 0.715451643517223 0.22976953732106598 0.6677478068096776 0.8242928774262375 0.6890805382924549 0.8260045901051717