0 0.06651334687500002 0.13227513333333332 0.03569925312500001 0.13227513333333332 0.03569925312500005 0.9950697458333334 0.06651334687500006 0.9950697458333334
0 0.10935470131905758 0.005055051062003177 0.07402974112403456 0.005007379098693158 0.07327593042997706 0.9980283280366901 0.10860089062500008 0.998076
0 0.15369468437500017 0.009018758333333361 0.1213884109809377 0.008581891964545818 0.11386229812970897 0.9980150275373424 0.14616857152377144 0.99845189390613
0 0.17098064062500004 0.14229597500000002 0.15594937500000003 0.14229597500000002 0.15594937500000008 0.998076 0.1709806406250001 0.998076
0 0.19277597500000002 0.14530222916666669 0.178496271875 0.14530222916666666 0.17849627187500003 0.9960718291666667 0.19277597500000004 0.9960718291666667
0 0.24313071250000004 0.005010420833333373 0.20555255000000003 0.00501042083333337 0.20555255000000008 0.9930655749999999 0.2431307125000001 0.9930655749999999
0 0.296491703125 0.11824595000000006 0.246888528125 0.11824595000000003 0.24688852812500003 0.9940676624999999 0.29649170312500006 0.9940676624999999
0 0.33256673750000004 0.9900593250000002 0.3272831464837308 0.0017758006742904198 0.2987251944669711 0.0020472271267739455 0.3040087854832404 0.9903307514524836
0 0.3671406887926792 0.9899456994569522 0.36488395937499996 0.008016675 0.33707407995732075 0.008130300543047685 0.33933080937499993 0.990059325
0 0.43628246875000015 0.007014591666666739 0.3754129106699515 0.006686674842377195 0.3724066575449515 0.9987501665090438 0.4332762156250001 0.9990780833333334
0 0.47236311985957513 0.9906181181051371 0.46258421195468535 0.017742109837894267 0.43777700772011013 0.01818540006609055 0.4475559156249999 0.9910614083333334
0 0.5054262875 0.9930655749999998 0.4986622187500001 0.007014591666666666 0.4761034578220455 0.007289698487101577 0.4828675265720454 0.9933406818204348
0 0.5362403812500001 0.9950697458333334 0.5302264784650904 0.010794362962332422 0.509184103125 0.011022929166666666 0.5151980059099095 0.9952983120376675
0 0.565551346875 0.9950697458333335 0.5625416968639815 0.012920662070500277 0.5415074883488303 0.013035250885191972 0.5445171383598488 0.9951843346480251
0 0.6008748187500002 0.9950697458333334 0.5933571613541143 0.010757639087535948 0.5730670591786133 0.011033132621458002 0.5805847165744991 0.9953452393672555
0 0.6286826593750001 0.009018758333333435 0.6076388875000001 0.009018758333333434 0.6076388875000001 0.9960718291666667 0.6286826593750001 0.9960718291666667
0 0.654235809375 0.9930655749999998 0.6467110123558911 0.010828573906469309 0.6301936987571347 0.011053528769918965 0.6377184957762435 0.9932905298634495
0 0.6873045937500001 0.9970739125000001 0.6835307122615799 0.016870929876012138 0.6587413523925905 0.01704060376869266 0.6625152338810107 0.9972435863926807
0 0.717367125 0.9940676625000001 0.7166147573498545 0.02201172845108291 0.6918139718749999 0.022045854166666663 0.6925663395251455 0.9941017882155838
0 0.7594546656250001 0.023047941666666794 0.727889009375 0.02304794166666679 0.7278890093750001 0.9890572375000003 0.7594546656250002 0.9890572375000003
0 0.8015422093750001 0.03106461250000013 0.7669702968750001 0.031064612500000126 0.7669702968750001 0.9830447333333335 0.8015422093750001 0.9830447333333335
0 0.8278644848940434 0.004160618078930309 0.8090578406250002 0.004008337500000134 0.8045308963559569 0.9979237194210702 0.8233375406250001 0.9980760000000003
0 0.8481391281249999 0.007014591666666806 0.8323563 0.007014591666666804 0.8323563 0.9900593250000003 0.8481391281249999 0.9900593250000003
0 0.8969983442520206 0.9839432747148497 0.8954858831544851 0.007900736241988195 0.8534000718750002 0.008016675 0.8549125329725358 0.9840592134728614
0 0.9631283062499998 0.9770322291666667 0.9555919627517108 0.009365559367250576 0.9074971020371659 0.010031462482967633 0.915033445535455 0.9776981322823837
0 0.99845178125 0.9810405624999999 0.9961970906250001 0.045093795833333325 0.9601175973269136 0.045248311924663165 0.9623722879519135 0.9811950785913297