0 0.13861892499999998 0.8307963791666666 0.10542563135992758 0.32477522863872044 0.0507163875 0.3311552166666666 0.0839096811400724 0.8371763671946126
0 0.21689378184551913 0.8233517589577946 0.19520808713729992 0.32332883225086523 0.124412496875 0.32878725416666665 0.14609819158321918 0.8288101808735959
0 0.2911902063139086 0.8458870781964312 0.27075481535091755 0.3282377801076867 0.195444815625 0.33352317499999995 0.215880206587991 0.8511724730887444
0 0.37516707899678164 0.8336686796631217 0.35767946071001516 0.2889744513067187 0.28245948125000003 0.29326772500000003 0.2999470995367665 0.8379619533564032
0 0.4427379375 0.29628314583333343 0.37036201874999997 0.2956356875000001 0.3676602558025135 0.8325524704941538 0.44003617455251354 0.8331999288274872
0 0.5088751062500001 0.33825909583333336 0.44854337523818416 0.3345630480202624 0.4312343314881841 0.8368579313535957 0.4915660625 0.8405539791666666
0 0.5550426250000001 0.3340435625000001 0.5186734361284929 0.3315314615648052 0.4991421007805667 0.8342280525457825 0.5355112896520738 0.8367401534809775
0 0.5958896531250001 0.3335231750000001 0.5595689484997998 0.3305368839192147 0.5363000453747998 0.8336614380858814 0.5726207500000001 0.8366477291666669
0 0.6331676250000001 0.3327414791666668 0.5959123530430604 0.3295064867236594 0.5710650655430605 0.8382172492236595 0.6083203375000001 0.841452241666667
0 0.6660341562500002 0.3347071541666668 0.6369482676441931 0.33137324451535644 0.6040817363941929 0.8411263195153563 0.6331676250000001 0.8444602291666666
0 0.6946910625000002 0.33664772916666685 0.6679068247909146 0.3333214139959537 0.6321467060409145 0.8452298889959537 0.65893094375 0.8485562041666669
0 0.7521608343750001 0.32760327500000014 0.6974868943806756 0.32093676766737655 0.6612579083342401 0.849157767980994 0.7159318483285648 0.8558242753136175
0 0.7903941875 0.33013731250000017 0.7533327812916901 0.32508453542258814 0.7141320141490788 0.8362526959071807 0.7511934203573887 0.8413054729845927
0 0.8143142499999998 0.3370751166666668 0.7913187203003127 0.3336361709899222 0.7495871921753128 0.829725475156589 0.7725827218749999 0.8331644208333334
0 0.8411754374999999 0.33664772916666685 0.8162414075986438 0.332910999118175 0.7739977940745566 0.8340281715393931 0.7989318239759127 0.837764901587885
0 0.8812145000000001 0.32753314583333354 0.8492896744425341 0.32179868553841945 0.7970247340097011 0.8390765755898694 0.8289495595671671 0.8448110358847833
0 0.9128716093750002 0.3264192916666669 0.8830979450819818 0.3211022447348931 0.8313324240008593 0.8364256368021081 0.8611060882938777 0.841742683733882