0 0.19305685456365765 0.8498488682735792 0.15532898189476016 0.34103829197782337 0.1012046875 0.34505156249999996 0.1389325601688975 0.8538621387957557
0 0.24284872585148273 0.8519154941147921 0.20600128858669448 0.3397530994187384 0.15973473404925204 0.3430817388960433 0.19658217131404027 0.855244133592097
0 0.28602509947311894 0.8474232407376491 0.2483791185760132 0.3675928261931156 0.217578125 0.3700093750000001 0.25522410589710576 0.8498397895445337
0 0.34358906250000004 0.8463546875000001 0.2955859375 0.36675312500000007 0.25154731114225176 0.37116093317072363 0.29955043614225174 0.8507624956707238
0 0.4094906250000001 0.849609375 0.3623015625 0.3493921875 0.29628573085945764 0.3556199327337142 0.34347479335945774 0.8558371202337142
0 0.4802734375 0.855034375 0.4306437500000001 0.34613750000000004 0.3643431030377423 0.3526034080285857 0.4139727905377423 0.8615002830285856
0 0.5339718750000001 0.859375 0.488409375 0.3483078125 0.43532467216847703 0.35304040311023416 0.48088717216847715 0.8641075906102342
0 0.58766875 0.8680562500000001 0.5437343749999999 0.3450515625 0.4912882086701361 0.34945723914864113 0.5352225836701362 0.8724619266486412
0 0.6421796875 0.8745656250000001 0.59661875 0.3450515625 0.5466398781012995 0.3493518907068589 0.5922008156012994 0.8788659532068591
0 0.6717565206711952 0.8747463274593571 0.6283500000000002 0.35373281249999994 0.6030439914697527 0.3558410990431221 0.6464505121409478 0.8768546140024792
0 0.7124923899711485 0.8828344635798381 0.6763515625000001 0.3537328125 0.6323038956778133 0.3567415332701552 0.6684447231489616 0.8858431843499932
0 0.751377629838066 0.8858302101708434 0.7105234375 0.2810328125 0.6734128169854715 0.28353964277758437 0.7142670093235375 0.8883370404484279
0 0.7992046875000001 0.8897562499999998 0.7691015625000002 0.26909687499999996 0.7160901173277425 0.2716680279137075 0.7461932423277424 0.8923274029137073
0 0.8433024912465467 0.8979862084540059 0.8171046875 0.27452187499999997 0.775502001711288 0.2762700086768438 0.8016998054578346 0.8997343421308498
0 0.8838203124999999 0.9027781249999999 0.8642937499999999 0.27343749999999994 0.8245433826477487 0.2746708353380797 0.8440699451477489 0.9040114603380797
0 0.9098677682669034 0.9023691146749367 0.8976515625000001 0.27018281250000004 0.8750961712806928 0.27061866708802274 0.8873123770475961 0.9028049692629596
0 0.9358906250000002 0.9006078125 0.9245000000000001 0.2669265625 0.9019736959472369 0.2673314800860908 0.913364320947237 0.9010127300860908