0 0.0684421282946434 0.9675568506197061 0.04808593750000005 0.019825000000000002 0.007434525535343221 0.020698145602823317 0.027790716329986566 0.9684299962225296
0 0.10174701152553507 0.9653417755623522 0.08302982258593913 0.02779925192377014 0.044815623560404076 0.028562163861417883 0.06353281250000001 0.9661046875
0 0.1423890625 0.9715249999999997 0.13577492936371083 0.17335550495749316 0.088734375 0.17374531249999997 0.09534850813628917 0.9719148075425066
0 0.17166722828362552 0.9681713821652635 0.16839505726952558 0.02943392497658585 0.1261296875 0.029581249999999996 0.1294018585140999 0.9683187071886777
0 0.2131334050396246 0.96997255481861 0.20334567507679221 0.03462584913932526 0.15861539503716765 0.03509391932071512 0.16840312500000004 0.970440625
0 0.2546091485011338 0.9669609288994104 0.25051120657838183 0.17783217956339134 0.2025484375 0.17808125000000002 0.20664637942275194 0.9672099993360191
0 0.2993126761068151 0.18690924760239183 0.24969843749999998 0.18675156250000002 0.24721814866960404 0.9671527543597709 0.2968323872764192 0.9673104394621627
0 0.3392021413531595 0.041815783651680566 0.3098578125 0.04150468750000004 0.3000244211468406 0.9690451538483196 0.3293687500000001 0.96935625
0 0.36516943138284363 0.052808283874344206 0.33912499999999995 0.05234375000000004 0.32277133237149963 0.9692240851739019 0.3488157637543433 0.9696886190482461
0 0.3944402379982156 0.17411705686625462 0.3562366849018797 0.17364544536750842 0.34644062500000017 0.9671890624999999 0.3846441780963361 0.9676606739987461
0 0.42692343750000017 0.17916406250000005 0.3911885243933813 0.17868611122577843 0.38058437500000014 0.9715250000000001 0.416319288106619 0.9720029512742216
0 0.4774643162954241 0.060956959566880006 0.43667968749999997 0.05993125000000006 0.413757851669148 0.9713574430057349 0.45454248046457213 0.972383152572615
0 0.5122843750000001 0.06535000000000005 0.4733042049497094 0.06450667917568102 0.4537515625000002 0.9682734375000001 0.49273173255029096 0.9691167583243191
0 0.5821984375000003 0.0718546875000001 0.5172947624964015 0.06940026001656326 0.4831494499964014 0.9723221350165632 0.5480531250000003 0.9747765625
0 0.6474423557316681 0.07742501325177568 0.5887015625 0.07510625000000007 0.5533216103917552 0.9713799207791501 0.6120624036234232 0.9736986840309259
0 0.6930589519584235 0.07925961920865396 0.6415437500000001 0.07727343750000008 0.6070709762234684 0.9713869495857855 0.6585861781818918 0.9733731312944395
0 0.7229573157973286 0.1100704902231107 0.6886953124999999 0.10870781250000006 0.6543870864975583 0.9713245064442377 0.6886490897948869 0.9726871841673483
0 0.758609375 0.11304375000000008 0.728241229082641 0.11187647257871651 0.694909979082641 0.9790295975787163 0.725278125 0.9801968749999999
0 0.8004629257755468 0.2367116338579504 0.7634874999999999 0.2344453125000001 0.7182819763834108 0.9719812657602415 0.7552574021589576 0.9742475871181918
0 0.8676885905276895 0.21194568823782173 0.7943796875000002 0.20843125000000012 0.7573820974623328 0.9801769905115089 0.8306910004900221 0.9836914287493306
0 0.8970133288071652 0.24018370648705384 0.8691718750000001 0.2387812500000001 0.8323167124118667 0.970426984627187 0.8601581662190319 0.9718294411142407
0 0.9343511739821533 0.24190092955493978 0.9016890625000002 0.2398656250000001 0.855898061039819 0.974709356834634 0.8885601725219722 0.9767446613895736
0 0.9637565626833714 0.246221823509793 0.9317687499999998 0.24420156250000008 0.8857825950053201 0.972323574887444 0.9177704076886917 0.9743438358972369
0 0.9907466181038809 0.22816823618051463 0.9569703125 0.22577343750000015 0.9044955693961194 0.9658786388194855 0.9382718750000002 0.9682734375000001