0 0.12775591875000006 0.8978169458333335 0.07549932837961634 0.22936807375659854 0.015568093750000001 0.23769727916666666 0.0678246841203837 0.9061461512434016
0 0.17246845625 0.8956490625000001 0.11619591418098558 0.10728977680879405 0.07084905 0.11304413750000003 0.12712159206901444 0.9014034231912061
0 0.213929175 0.9010687666666667 0.1735385642547997 0.10644529692453555 0.124504096875 0.11087625833333335 0.16489470762020028 0.9054997280754644
0 0.2511183701088337 0.9009741556245471 0.21856970939557066 0.033010954284008735 0.17246845625 0.03608437499999999 0.20501711696326308 0.9040475763405382
0 0.28953401562500003 0.905404525 0.2617513989285159 0.03924067719877807 0.21309784051187958 0.04201505228900463 0.24088045720836374 0.9081789000902266
0 0.32855586562500005 0.9032366458333334 0.31554858125000007 0.043671958333333344 0.267570947998539 0.04496265551925428 0.28057823237353896 0.9045273430192543
0 0.3708437565419196 0.9036463230646359 0.3626506115189226 0.04281994729094432 0.3122967625 0.04367195833333334 0.320489907522997 0.904498334107025
0 0.40090888437500005 0.9075724083333332 0.3984573458743588 0.23857475033796077 0.36676476249999995 0.23878121666666666 0.3692163010006412 0.9077788746620391
0 0.43667891562500005 0.905404525 0.4350499714225614 0.24513868242272296 0.40172184062499994 0.24528485833333333 0.4033507848274386 0.9055507009106104
0 0.48383031875000004 0.2712994291666668 0.43667891562500005 0.2712994291666668 0.43667891562500005 0.9075724083333333 0.48383031875000004 0.9075724083333333
0 0.5130967093750001 0.2712994291666667 0.48626337005549897 0.2706301167271148 0.4773208606804989 0.9079870333937816 0.5041542 0.9086563458333335
0 0.5903844313997337 0.18554332844043273 0.51960035 0.1824163208333334 0.5015036544159674 0.9106712230617905 0.5722877358157011 0.9137982306688899
0 0.6626804750000002 0.19217178333333348 0.5952324343658263 0.18811475855947887 0.5707116872314044 0.912839103250539 0.6381597278655783 0.9168961280243937
0 0.7415371343750002 0.1997593666666668 0.6677746736009079 0.19256302943780151 0.6281871224049462 0.9139362254258994 0.7019495831790385 0.9211325626547645
0 0.7935662718750001 0.16940903750000016 0.7512926000000001 0.16398933333333346 0.6967837599094688 0.9198448804792438 0.7390574317844688 0.9252645846459104
0 0.8366529 0.16832509583333352 0.7946864011623566 0.16233277389794615 0.7341713383450975 0.915772582228644 0.776137837182741 0.9217649041640315
0 0.881365440625 0.17482873750000014 0.8363540086660304 0.16785022076125242 0.7708360605620669 0.9191226755633005 0.8158474925210365 0.9261011923020483
0 0.9155095593750001 0.1694090375000002 0.8859886610974689 0.16451024892000968 0.8157897370639079 0.9165638589996782 0.8453106353414391 0.9214626475796687
0 0.94965368125 0.17916450000000014 0.9198075301902447 0.17366344470729508 0.8427916732767453 0.9165114263736552 0.8726378243365007 0.9220124816663604
0 0.9919273531250001 0.1813323791666668 0.9512671345652537 0.17316429995099802 0.8674861163430266 0.9145989445533839 0.9081463349027731 0.9227670237690527
0 1.0406765528360427 0.1974570737587396 0.9933440055511428 0.18646599558121124 0.8983274803900839 0.9139043531922597 0.9456600276749837 0.924895431369788