0 0.12050474338581477 0.18009729291189194 0.08744674062500003 0.18000879583333337 0.08680625661418535 0.6053460695881081 0.11986425937500007 0.6054345666666666
0 0.15543748133633703 0.18486753739675202 0.1243037875 0.184274575 0.11980723116366301 0.603995875103248 0.15094092500000006 0.6045888375
0 0.19222123159292154 0.22291044843302618 0.16278156250000003 0.22186147500000006 0.15511478403207857 0.6043855932336406 0.1845544531250001 0.6054345666666667
0 0.21860556652710894 0.22826484605420036 0.1932210972521067 0.22737577312370572 0.18580707759999782 0.6036997645695054 0.21119154687500002 0.6045888375
0 0.2480435293628825 0.19634943650029818 0.219980221875 0.19488974583333343 0.20784890869550013 0.6095222182458487 0.2359122161833826 0.6109819089128136
0 0.275147580901803 0.19902298864678925 0.24786489670630663 0.19777162661129857 0.23718313767950366 0.6117945337978427 0.26446582187500006 0.6130458958333332
0 0.3069678569671582 0.2355846731098693 0.27996906250000003 0.23395224583333332 0.2672493009516551 0.6079482593103561 0.29424809541881336 0.609580686586892
0 0.33743103271493136 0.23762936995776734 0.31135857187500005 0.23581236666666675 0.2967366370784716 0.6088121899385295 0.32280909791840295 0.6106291932296302
0 0.3710464676854719 0.22594443830534963 0.34120613125 0.22317689583333336 0.32069846749277225 0.6162769305449568 0.35053880392824416 0.6190444730169731
0 0.40761973125000006 0.2302320083333334 0.3767556400334279 0.22686290457330957 0.3527993572790911 0.6170168571733818 0.38366344849566325 0.6203859609334057
0 0.44274078067624323 0.24865708550839558 0.4146506625 0.24783972500000007 0.4085097251747111 0.6230304156486054 0.4365998433509544 0.6238477761570009
0 0.4721906792526528 0.22289999260487842 0.4483188386230682 0.22177392973863638 0.4377011687454154 0.6219305079670914 0.461573009375 0.6230565708333334
0 0.49940928733200174 0.22627534398100985 0.4766511574223469 0.22496850661508214 0.4637871732153453 0.6232297084674057 0.48654530312500005 0.6245365458333333
0 0.5610484788226582 0.2244514545387855 0.5051564634552211 0.21927579136647726 0.4839174608769798 0.627027092526529 0.5398094762444169 0.6322027556988373
0 0.618066134375 0.23012193333333344 0.5654074999999998 0.2234256625000001 0.536127289463198 0.6327694936711659 0.588785923838198 0.6394657645044991
0 0.6295172278621027 0.31593870531183127 0.611406871875 0.3137407916666668 0.5900926835598879 0.6259621678589367 0.6082030395469907 0.6281600815041011
0 0.655468765625 0.3189207041666668 0.629980676613416 0.3154499766208353 0.6060517225973573 0.627854951267431 0.6315398116089415 0.6313256788132625
0 0.6920948218750003 0.27748127083333346 0.6677433361856253 0.2737557135503279 0.6366557713305718 0.6349978440220316 0.6610072570199468 0.6387234013050371
0 0.7178087957453435 0.27984431218952344 0.69375965625 0.27600129583333355 0.6614509583369818 0.635439501431202 0.6855000978323252 0.6392825177873919
0 0.740578396875 0.2551639458333335 0.721167815444958 0.25206708086939866 0.6865454750000001 0.6378563750000001 0.7059560564300421 0.6409532399639349
0 0.7636821031250001 0.25676156666666683 0.7432673718818932 0.2533028557384204 0.706427307490928 0.6398720611114367 0.7268420387340349 0.6433307720396831
0 0.782082303125 0.29259884166666683 0.7654485704103118 0.2895008572605665 0.7287208812500001 0.6400763625000001 0.7453546139646884 0.6431743469061004
0 0.8003928500000003 0.29748165416666683 0.7837759979601688 0.2942357313927403 0.7453690749999999 0.6437762750000001 0.7619859270398313 0.6470221977739267
0 0.8577771891826333 0.25508094112522534 0.8083699962394413 0.24313149906529613 0.7539198283508004 0.6433703553579501 0.8033270212939925 0.6553197974178794
0 0.9053733187500003 0.26086055833333355 0.858628816594688 0.2483216723889893 0.7986954831003951 0.6455292214677911 0.8454399852557073 0.6580681074121352