0 0.11230976875000001 0.9476782000000001 0.053593537748449785 0.18654186964784927 0.020445825 0.19108784166666667 0.07916205600155021 0.9522241720188175
0 0.144827978125 0.9411745583333332 0.08993676752414932 0.19072160493907758 0.053776990625 0.19542360416666668 0.10866820122585068 0.9458765575609223
0 0.20579962187500006 0.9465942583333331 0.15092665260483049 0.010750747149428686 0.07441775921496842 0.018726002947038575 0.12929072848513795 0.954569514130943
0 0.2667712656250001 0.9422585000000001 0.23720879057063896 0.015967560248684214 0.16921663749999996 0.019825270833333335 0.1987791125543611 0.9461162105846493
0 0.31067085 0.9487621416666665 0.2919728812500001 0.1802484375 0.24227667356793653 0.18239796762275748 0.26097464231793643 0.950911671789424
0 0.35050565937500006 0.9444263791666666 0.33260034826608853 0.18589229283587935 0.28628219375 0.18783602083333334 0.3041875048589115 0.9463701071641207
0 0.370829540625 0.9455103208333333 0.3643017051756031 0.2143929428804982 0.330181778125 0.21493452916666664 0.3367096135743969 0.9460519071195017
0 0.42530701807911403 0.19395565174581197 0.36432589687500005 0.19325572500000007 0.35942813645257166 0.9518644381062554 0.4204092576566856 0.9525643648520673
0 0.4865152939366114 0.16408953666465415 0.41960685625 0.1618214541666667 0.40465210969979876 0.9461148756399229 0.4715605473864102 0.9483829581379103
0 0.53753217958788 0.1675494827600755 0.482204409375 0.16507327500000013 0.4625381749788124 0.9462598513579559 0.5178659451916925 0.9487360591180313
0 0.5838340477437591 0.08451181504627356 0.5488667406250001 0.08269380833333344 0.523604292597796 0.9465065617444939 0.558571599716555 0.948324568457434
0 0.6195938468750002 0.07619016666666681 0.5838188163591328 0.07418049956405996 0.5561783382341328 0.9489203537307266 0.5919533687500003 0.9509300208333334
0 0.6716389438522777 0.06715055916509316 0.6335573181666485 0.06421519811013074 0.5952051906250001 0.9487621416666668 0.6332868163106293 0.9516975027216292
0 0.7212132531250001 0.07077046666666681 0.6748748062500001 0.06643470416666679 0.6282905878328917 0.9515345705647171 0.6746290347078918 0.9558703330647172
0 0.7537314656250003 0.20084330416666682 0.7174905297709407 0.19665964633525287 0.6683711625000001 0.9530979000000002 0.7046120983540596 0.9572815578314141
0 0.7984440031250002 0.19867542500000018 0.7543329193514887 0.1932437573493397 0.7018248991247689 0.9513283262452958 0.7459359828982803 0.9567599938959562
0 0.8350269906250002 0.2333615166666668 0.7971920918829423 0.22885872493378023 0.7487881699303333 0.9519094087207801 0.7866230686723912 0.9564122004536666
0 0.8894949906250001 0.2008433041666668 0.8429882158110844 0.19354282214881688 0.7761333411689785 0.9506811633258344 0.8226401159828942 0.9579816453436844
0 0.9407111718750002 0.20192724583333355 0.8893061084089666 0.19257634899401765 0.8121109523860304 0.9470084449510838 0.863516015852064 0.9563593417903997
0 0.9943662187500001 0.23227757500000018 0.9348389466390227 0.22095589493225873 0.8567952435140228 0.9504477449322588 0.9163225156250002 0.9617694250000002
0 1.0498440358705463 0.3068181185787991 0.9968050843750001 0.29514611666666685 0.9159938433802777 0.9479742012373525 0.9690327948758239 0.9596462031494848