0 0.0660137885768039 0.8821322457113453 0.04887964744198266 0.21308479233433816 0.008251496874999998 0.21493452916666664 0.025385638009821243 0.8839819825436738
0 0.1074942763609242 0.8781820307807277 0.08544696177423555 0.15415916993930773 0.04311104791331134 0.1564510391585801 0.0651583625 0.8804739
0 0.1587643619588198 0.8769423947115412 0.13750000353813982 0.13432560114356587 0.08710815625 0.136890825 0.10837251467067996 0.8795076185679754
0 0.17815914375000003 0.8750541958333333 0.17408087620496615 0.1420533474840922 0.14807979999999998 0.14231052916666664 0.15215806754503386 0.8753113775159077
0 0.20498666875000002 0.8772220791666666 0.19022836594744458 0.13056139274798045 0.16433890625 0.131471125 0.17909720905255544 0.8781318114186862
0 0.232627146875 0.8783060166666665 0.22368463750000003 0.2507045625 0.18953739895846328 0.25156954739698306 0.19847990833346324 0.8791710015636496
0 0.2725009108768678 0.8800372807917426 0.26838688154402074 0.23934557861976544 0.2228716843749999 0.23986515833333336 0.22698571370784698 0.8805568605053105
0 0.3139258432875901 0.8751870931305642 0.29682594647654625 0.15861994693316547 0.24885841568895622 0.16065493296926797 0.2659583125 0.8772220791666666
0 0.3440184508132175 0.8758315033184595 0.33993724062499997 0.14447840833333334 0.3008812570328337 0.14486586836656076 0.30496246722105125 0.8762189633516869
0 0.37248338932587927 0.8756388578144993 0.36513274915147503 0.15146463720430253 0.3318076875 0.1520659916666667 0.33915832767440424 0.8762402122768636
0 0.42222235151170473 0.8789300624942016 0.40822548125 0.14231052916666667 0.36252335473829544 0.14385436667246515 0.37652022500000004 0.8804739
0 0.4448084687499999 0.8718023749999999 0.4366726737460108 0.265414496985629 0.4098682696688128 0.26605383880973676 0.4180040646728019 0.8724417168241076
0 0.48952100625000006 0.8707184375 0.4813695911853732 0.1849127656104947 0.4431702882455865 0.18571993530225292 0.4513217033102134 0.8715256071917582
0 0.5326329597005305 0.8712620328905635 0.5285688250039499 0.26218399048575425 0.48301800592841937 0.26272433259519073 0.487082140625 0.871802375
0 0.58057199375 0.8761381374999999 0.5797516125179141 0.2657729030275033 0.5350464999999999 0.26587972499999996 0.5358668812320858 0.8762449594724966
0 0.6318043106901997 0.2705926271171431 0.579759040625 0.2702154875 0.5773040393098005 0.8725091770495236 0.6293493093750001 0.8728863166666667
0 0.67487480625 0.1900039041666668 0.624471578125 0.1900039041666668 0.624471578125 0.8739702583333333 0.67487480625 0.8739702583333333
0 0.7188104961502881 0.8712398117707028 0.7146872341066197 0.19282555303344825 0.6626219910813316 0.19338811626274546 0.666745253125 0.871802375
0 0.758745683873554 0.8648005199294979 0.7463827980396073 0.32083351366601615 0.7072244579160534 0.3224156687365181 0.71958734375 0.8663826749999999
0 0.799256959375 0.871802375 0.7894643215090956 0.25051387109752205 0.7439760000000001 0.2517885 0.7537686378659044 0.8730770039024781
0 0.8431565437499999 0.16832509583333347 0.798444003125 0.16832509583333347 0.798444003125 0.877222079166667 0.8431565437499999 0.877222079166667
0 0.876487709375 0.2008433041666668 0.8447824531249999 0.2008433041666668 0.8447824531249999 0.8718023750000002 0.876487709375 0.8718023750000002
0 0.9033230285106981 0.8695661854567956 0.9025075283398486 0.1965075345175632 0.8707944748291503 0.19657584489410088 0.8716099749999998 0.8696344958333333
0 0.9277169170691317 0.8695209002984234 0.9260859382313452 0.20516838767478474 0.9000583430372135 0.20528198320969462 0.9016893218750001 0.8696344958333333
0 0.9447832288564573 0.8695914336998662 0.9439511828274801 0.2549875217800353 0.9220132031249999 0.25504032083333333 0.9228452491539771 0.8696442327531642
0 0.9626670091207673 0.8695855810652396 0.9618480093749999 0.28864247499999995 0.9423310408792327 0.28869138976809355 0.9431500406250001 0.8696344958333333
0 0.9976194256484383 0.8630312012833289 0.9968050843750001 0.2843067125 0.9569688931015616 0.2844063653833377 0.9577832343749998 0.8631308541666666