0 0.10255468750000016 0.10870781250000001 0.06609520917580372 0.10784316056644527 0.04656690701886475 0.9312863075355997 0.0830263853430612 0.9321509594691545
0 0.12776569491340617 0.20468336984745705 0.09686406250000004 0.20409531250000007 0.08303430508659398 0.930830692652543 0.11393593750000011 0.9314187500000001
0 0.1652518017906118 0.08357581175242298 0.1253171875 0.08269375000000001 0.10651851070938831 0.9337882507475769 0.14645312500000013 0.9346703125
0 0.22368437499999994 0.08052656250000001 0.15787153943664425 0.07944433543867534 0.1437191416474373 0.9400857496241766 0.20953197721079295 0.9411679766855012
0 0.25541472323546655 0.08110734796216568 0.21472628179162925 0.08048927031268763 0.20169437105616286 0.9383881723505221 0.24238281250000013 0.93900625
0 0.2952657947108527 0.08001160434222783 0.25709821157874824 0.07943108571405452 0.24400781250000017 0.9400906250000001 0.2821753956321046 0.9406711436281734
0 0.3359800631679768 0.0802830110092427 0.29197343749999993 0.07944218750000004 0.2755518036054989 0.9389099446548439 0.3195584292734758 0.9397507681640865
0 0.3757078125000001 0.19433906250000005 0.33264717164762575 0.19391839298278407 0.3253046875000001 0.9455109374999999 0.36836532835237445 0.9459316070172159
0 0.4082250000000004 0.08811406250000006 0.3789652484548993 0.08769950752045526 0.3667506128159246 0.9498220766493342 0.39601036436102566 0.950236631628879
0 0.42773593750000016 0.09136562500000003 0.40171426595457793 0.09131649318912481 0.40008926595457794 0.9519649306891248 0.4261109375000001 0.9520140625
0 0.4627125429399371 0.22159480337362586 0.4261109703673994 0.221430191891944 0.4228406149274625 0.9485978885183183 0.4594421875000002 0.9487625000000002
0 0.49602500000000005 0.9520140625000002 0.4878795814678919 0.2254546274142104 0.45133781482243307 0.225864295183778 0.4594832333545412 0.9524237302695677
0 0.5204140625000001 0.2257734375000001 0.48789531250000007 0.2257734375000001 0.4878953125000002 0.9541812500000001 0.5204140625000002 0.9541812500000001
0 0.5569968750000002 0.9509296875000002 0.5464098056658527 0.13113615786472083 0.504969783467003 0.1316713272364808 0.5155568528011505 0.9514648568717602
0 0.587075 0.9585171875 0.579759375 0.23227812499999997 0.5481015770666404 0.23259702354176803 0.5554172020666405 0.958836086041768
0 0.6457029327618684 0.9574125715957615 0.6326015625 0.21385 0.5699095672381318 0.21495461590423837 0.5830109375000001 0.9585171874999998
0 0.6992832282375956 0.9562667482242094 0.6854437500000001 0.2333609375 0.6244527092624045 0.2345285642757907 0.6382921875 0.9574343750000003
0 0.7765094132964607 0.9553299024922983 0.7649946963411633 0.11090942165396175 0.6878828125 0.11196093750000002 0.6993975294552974 0.9563814183383368
0 0.8171449356173847 0.9575498628333519 0.7951921875 0.03499999999999999 0.7545410018826154 0.03596732466664806 0.77649375 0.9585171875
0 0.8659625035417449 0.9596929163261846 0.8488468749999999 0.076190625 0.7967543021195371 0.07719978721266098 0.8138699306612821 0.9607020785388457
0 0.9130703125 0.9639374999999999 0.890571292674079 0.12058086923422728 0.849924417674079 0.1216652442342274 0.8724234375 0.965021875
0 0.9553677933061003 0.9657089789812217 0.9252656250000001 0.10545625 0.8829681441938998 0.10693633351877843 0.9130703125 0.9671890625000001
0 0.9959921874999997 0.970440625 0.9829843749999998 0.107625 0.9333902600576278 0.10837268111469216 0.9463980725576278 0.9711883061146922