0 0.22045525905055716 0.18344234002875356 0.17167719479114063 0.18265295196913778 0.1624905639315334 0.7503155419195892 0.21126862819094994 0.751104929979205
0 0.28451844766349244 0.2772797093856805 0.2400875 0.2766921875 0.2339644965540232 0.7397402071265691 0.27839544421751566 0.7403277290122495
0 0.32782812500000014 0.27832031250000006 0.2832890185725298 0.2782018953353367 0.28206406250000005 0.7389328125000001 0.3266031689274703 0.7390512296646634
0 0.35284687500000006 0.2604171875 0.3327109375 0.2604171875 0.3327109375000001 0.736490625 0.3528468750000001 0.736490625
0 0.3754263485492988 0.736488600721972 0.37526847931273066 0.260413394849936 0.35513071157938736 0.2604200726478533 0.3552885808159555 0.7364952785198893
0 0.39801792718077184 0.7330074379677896 0.3931179157522614 0.3139231378559396 0.3735749885714895 0.3141516373881501 0.378475 0.7332359375
0 0.42058786449997143 0.7329334133478441 0.41386255332012534 0.31221009407790407 0.3949371888201539 0.3125126182300599 0.40166250000000003 0.7332359374999999
0 0.45416383556882345 0.7293247035630464 0.4431410340945631 0.26791776008764956 0.41565844852573985 0.26857430652460335 0.4266812500000001 0.72998125
0 0.4852640622001741 0.7284843859647908 0.4742417813189097 0.2654654906747774 0.4455589691187357 0.2661482922099866 0.45658125000000005 0.7291671875
0 0.5304796875 0.7259109375 0.5176541140685014 0.2966522410112403 0.4761730721292369 0.2978916291791654 0.4889986455607356 0.7271503256679251
0 0.5750250000000001 0.7250984375 0.5585235558166166 0.29716578436874025 0.5183099135364888 0.29871645634630617 0.5348113577198723 0.726649109477566
0 0.6379197779682013 0.7246606038115451 0.6200056800394596 0.24846670812375224 0.5614476157748569 0.2506696235900215 0.5793617137035986 0.7268635192778142
0 0.7007762633745891 0.7231081980761126 0.682192281142276 0.2497258230791158 0.6261076967308845 0.25192758422456313 0.6446916789631976 0.7253099592215599
0 0.7547390337581027 0.7231284397228951 0.7314509157843481 0.247998612487854 0.6874228868388724 0.2501566119933806 0.7107110048126271 0.7252864392284216
0 0.8076354310954252 0.7207572939242259 0.7822884545055551 0.2392613016427474 0.7371731645179509 0.24163626678782074 0.7625201411078211 0.7231322590692992
0 0.8447859375000002 0.7177734375000001 0.8227891036471432 0.25409538787843194 0.7923097048062294 0.25554132708729843 0.8143065386590866 0.7192193767088665
0 0.8948577204754962 0.7216318357493592 0.8678376407268914 0.2458180431372325 0.8354627327513953 0.24765651988787335 0.8624828125 0.7234703125000002
0 0.9449287702597495 0.7172219072814633 0.9147362243881672 0.24881617694983751 0.8682918291284174 0.25180989466837417 0.8984843749999998 0.720215625