0 0.14503222891995962 0.9817733866869677 0.07877365622283845 0.11796560669850224 0.04279923980287883 0.12072503251153466 0.10905781250000002 0.9845328125000001
0 0.17815937500000004 0.9888671875 0.11833375856033826 0.10377065407338985 0.077353125 0.10654062500000001 0.13717874143966177 0.99163715842661
0 0.19929531250000002 0.9823640625 0.1568063666564093 0.27747943952659054 0.13344687500000002 0.27888749999999995 0.1759358208435907 0.9837721229734093
0 0.21474218750000001 0.9899515624999999 0.16165261651232232 0.01855008619452129 0.138325 0.019825 0.1914145709876777 0.9912264763054788
0 0.26684160587084454 0.9843052344124255 0.2282845413722229 0.1460224279463781 0.16759062499999997 0.14881406249999998 0.20614768949862156 0.9870968689660474
0 0.30823124999999996 0.9823640625 0.2870953125 0.1498984375 0.2261077279764776 0.15144688555125152 0.24724366547647758 0.9839125105512514
0 0.3602827893806949 0.9766756542591644 0.3382735358982523 0.15609147117515912 0.2862828125 0.15748593749999998 0.3082920659824425 0.9780701205840051
0 0.4237215914035651 0.9782196468756087 0.4098366494570855 0.016625017257996946 0.3383109375 0.017657812499999998 0.3521958794464797 0.9792524421176116
0 0.491146875 0.017657812500000057 0.413915625 0.01765781250000005 0.4139156250000001 0.9801968750000001 0.4911468750000001 0.9801968750000001
0 0.5350936271273155 0.17552886341283885 0.4968375000000001 0.17482812500000008 0.48204780647082607 0.9822569535895681 0.5203039335981414 0.9829576920024069
0 0.5691906250000002 0.17266093750000008 0.5359246762215933 0.1719151918862603 0.5179304896072059 0.9745933158935378 0.5511964383856127 0.9753390615072774
0 0.6025218750000002 0.25829218750000005 0.566832421329978 0.2575665921023395 0.5521420988074406 0.9801312428101762 0.5878315524774629 0.9808568382078366
0 0.6366656250000002 0.019825000000000082 0.6042120658386188 0.019109143017079562 0.5830761283386188 0.9773122680170797 0.6155296875000003 0.9780281250000001
0 0.6651868808191678 0.02188469468854409 0.6326015625000001 0.020909375000000077 0.6039331789429254 0.9787167635679769 0.6365184972620931 0.979692083256521
0 0.6911343750000003 0.025245312500000096 0.6636457949156844 0.024259070872217972 0.6293567998780384 0.9799637983462322 0.6568453799623543 0.9809500399740143
0 0.7464156250000002 0.07293906250000008 0.692809834893012 0.07066513895810929 0.6545616173661924 0.9723339430922351 0.7081674074731807 0.9746078666341258
0 0.8033218750000003 0.07510625000000011 0.752229679249437 0.07259502094362623 0.7080546540698567 0.9713577315902622 0.7591468498204199 0.9738689606466361
0 0.8748907849074481 0.03133166113464908 0.8171421875 0.027412500000000097 0.7532559500994541 0.9687722646964886 0.8110045475069022 0.9726914258311374
0 0.9377732744818819 0.039606784824776656 0.8781140625000002 0.03500000000000012 0.8062563783279453 0.9655780442557758 0.8659155903098268 0.9701848290805524
0 0.9998055853504795 0.06654330589595765 0.9358328125000002 0.06101562500000013 0.8579044369233133 0.9628937115263172 0.9218772097737926 0.9684213924222748
0 1.0527122564948121 0.10343165624338621 0.9935098121984345 0.09847284938963807 0.9212000000000001 0.9617687500000003 0.9804024442963778 0.9667275568537483