0 0.07263593750000003 0.780165625 0.04235395131587327 0.10124148286864851 -0.008853898096154007 0.10352550149780759 0.021428088087972745 0.782449643629159
0 0.12796093750000007 0.780165625 0.09852667849067974 0.1030332128710463 0.04749375000000001 0.1052515625 0.07692800900932033 0.7823839746289536
0 0.19963495124401737 0.7886784755308893 0.18810073069395755 0.1645901229043059 0.1109703125 0.166015625 0.12250453305005979 0.7901039776265834
0 0.2793127996067146 0.7896205197950313 0.2718933682402517 0.16742038854338295 0.19720842353774884 0.16831096987484878 0.20462785490421181 0.7905111011264971
0 0.35009196810058213 0.16861776599594694 0.284309375 0.16818593750000005 0.2802236568994179 0.7905837965040531 0.34600625 0.791015625
0 0.43224687499999986 0.16601562500000006 0.36080624999999994 0.16493125000000003 0.35131838175037544 0.7900095095235283 0.42275900675037537 0.7910938845235284
0 0.5120391268412439 0.17096021383043858 0.43893125 0.16818593750000005 0.4152631957734815 0.7918877564138652 0.48837107261472534 0.7946620327443037
0 0.5909291204568815 0.17518211415884988 0.5178703125000002 0.17144062500000007 0.4860996241877382 0.7918162341537178 0.5591584321446197 0.7955577233125676
0 0.626720820629936 0.1992613726138372 0.5976234375 0.19748281250000008 0.5609885543700642 0.796832377386163 0.5900859375000002 0.7986109375000001
0 0.6608820178694887 0.20054214661100284 0.631803125 0.19856718750000008 0.5909980993001118 0.7993720164472193 0.6200769921696005 0.8013469755582221
0 0.6934926785731428 0.2322233462063184 0.6643546875 0.2300343750000001 0.6217364545702019 0.7973372646301573 0.6508744456433446 0.7995262358364756
0 0.731724042236882 0.23348084876330963 0.702603125 0.2311203125000001 0.6566249735862855 0.7983329255129378 0.6857458908231674 0.8006934617762473
0 0.7845359375000003 0.2061625000000001 0.7449154963409381 0.2024558139733613 0.6893453125000002 0.7964406250000001 0.7289657536590624 0.8001473110266388
0 0.8349796875000001 0.20833281250000013 0.7913456605958975 0.20364170819347588 0.7273044862197938 0.7993168718880651 0.7709385131238964 0.8040079761945893
0 0.8546889877621695 0.29545693029154185 0.83340352317529 0.29294240155982404 0.7740515625000001 0.7953562500000001 0.7953370270868796 0.797870778731718
0 0.8816160868820129 0.2937324639684362 0.8572265625 0.2907984375000002 0.7973169779331729 0.7888056263334817 0.8217065023151857 0.7917396528019177
0 0.9084735786456758 0.2904515519989109 0.8848953125 0.2875437500000001 0.8236328437495466 0.7842979284070631 0.8472111098952224 0.7872057304059739