0 0.156574215625 0.8567812666666668 0.14396274194412897 0.25928911392279674 0.10256002187499999 0.26084271666666664 0.11517149555587103 0.8583348694105367
0 0.21872748749999998 0.8291549958333333 0.2102311646474977 0.37791561583387057 0.17063268437499998 0.3792411166666667 0.1791290072275023 0.8304804966661294
0 0.28901993125000003 0.8212617249999999 0.24014531501279185 0.38162228322684005 0.21724765000000001 0.3861476666666666 0.2661222662372082 0.8257871084398265
0 0.31269740937499996 0.8242217083333333 0.26602917838812096 0.3836720118306401 0.24240496562499994 0.388121 0.2890731966118789 0.8286706965026931
0 0.347473634375 0.8350748958333335 0.2953247661630953 0.3037815378423543 0.2586832125 0.3101753791666667 0.3108320807119047 0.8414687371576459
0 0.3844696375 0.8340882791666667 0.33366914318645174 0.3057809459367618 0.29641915937499996 0.3121486791666667 0.34721965368854824 0.8404560123965716
0 0.422205584375 0.8350748958333333 0.3744669128818538 0.31188947748751444 0.3363748375 0.31806860000000003 0.38411350899314617 0.8412540183458189
0 0.4631586536433606 0.834779160662532 0.4127920247955698 0.3087759159223512 0.375590621875 0.31510864999999993 0.4259572507227908 0.8411118947401807
0 0.499897209375 0.8380348791666665 0.4509426023099163 0.3118469842028126 0.41332656874999996 0.31806860000000003 0.46228117581508366 0.844256494963854
0 0.5354742530405032 0.8386901663212127 0.4867789123738554 0.314509870359017 0.45328224375000004 0.32004191666666665 0.5019775844166479 0.8442222126288624
0 0.5672103730606912 0.8379177495666188 0.5194410712677026 0.3156846249025896 0.486578634375 0.3210285666666666 0.5343479361679887 0.8432616913306958
0 0.6064916533294151 0.8592944268644909 0.55909085625 0.3022821458333333 0.5235287497955847 0.30766218980217597 0.5709295468749999 0.8646744708333335
0 0.641105334425258 0.8612375388815584 0.5981866164563068 0.3017047050482268 0.5650101999999999 0.3062287625 0.6079289179689512 0.8657615963333316
0 0.6914020558475988 0.8491907968350627 0.6523207843750001 0.32004191666666665 0.6071140010318197 0.32597761584431134 0.6461952725044183 0.8551264960127074
0 0.7392282281250001 0.8382654666666667 0.701155528125 0.32201521666666666 0.6551432374707776 0.3280478194411407 0.6932159374707776 0.8442980694411407
0 0.7894497629499515 0.8420282548136486 0.7455508125 0.30030884583333334 0.7025133359174877 0.3065090217773677 0.7464122863674392 0.848228430757683
0 0.8289128981865467 0.8510164041097528 0.7906858937500001 0.30129549583333326 0.7469265113533676 0.30670523927006954 0.7851535157899143 0.856426147546489
0 0.8703824654964615 0.8501892877625673 0.835256875 0.30115609166666674 0.7920922112136076 0.30606551933328624 0.8272178017100691 0.8550987154291868
0 0.8950912635999527 0.8274900138314699 0.866963178943346 0.3516133597590441 0.8387807437499999 0.3545747916666666 0.8669088284066067 0.8304514457390924
0 0.9272165093749999 0.8230744958333334 0.9001124538459363 0.35117875925417913 0.8679202328085476 0.3544658874299502 0.8950242883376112 0.8263616240091045