0 0.10557206011787915 0.9963892384029773 0.07891646650239358 0.0012463936636713635 0.030201287499999997 0.0035661625 0.05685688111548556 0.9987090072393059
0 0.14063238771934056 0.9995869138429416 0.11218928132625623 0.002594639053642951 0.0693847392018116 0.0047656027527863175 0.09782784559489595 1.001757877542085
0 0.17464717812500002 0.9993279583333334 0.1529203728299295 0.00403183370452685 0.10905794687499999 0.005734045833333335 0.1307847521700705 1.0010301704621398
0 0.20823848749999999 0.9975394541666667 0.196857115625 0.0013982833333333338 0.15047989044993898 0.0023402942971567117 0.16186126232493897 0.9984814651304901
0 0.24563443125000012 0.9953715750000002 0.230086575949373 0.0013999230374840937 0.191166428125 0.002482225 0.2067142834256271 0.996453876962516
0 0.27797379062499994 0.9996639791666666 0.2626414768286885 0.002590078769868609 0.226936459375 0.0035661625 0.24226877317131149 1.0006400628967982
0 0.3107469687979276 0.9984857003624931 0.2927289794174087 0.0047662879509872596 0.2561755574944811 0.0059445667551608706 0.27419354687499997 0.9996639791666666
0 0.345646624616309 0.9965668383976165 0.33013268351486 0.004763315217506993 0.29515690889855095 0.00573593098655707 0.31067085 0.9975394541666667
0 0.4098892183013219 0.995615220946452 0.4041407470004372 0.13498658060565452 0.3333758130741153 0.13582687632586898 0.33912428437500003 0.9964555166666665
0 0.4935857843749999 0.9942876333333335 0.477295696021301 0.1363430426576119 0.3944273707388169 0.13914028590928526 0.41071745909251584 0.9970848765850068
0 0.5456149187500002 0.995371575 0.538298321875 0.006817983333333336 0.4797551998260448 0.007588287525364893 0.48707179670104495 0.9961418791920315
0 0.6090365503635051 0.9921554512379325 0.599269965625 0.008985866666666667 0.5399023433102139 0.010034301440004627 0.549668928048719 0.9932038860112704
0 0.6675635645398211 0.9992721063247879 0.6593945039486578 0.010270860085358543 0.5991938762348527 0.011154863151486725 0.6073629368260159 1.000156109390916
0 0.728531845439894 0.997260410900162 0.7260795617206418 0.006538999112420009 0.6626670569057478 0.006818042378924755 0.665119340625 0.9975394541666667
0 0.7797739335693722 0.9994437172675001 0.7764859360517986 0.0086597743694296 0.721213253125 0.008985866666666665 0.7245012506425735 0.9997698095647373
0 0.849546371875 0.9996639791666666 0.84153063125 0.014405566666666668 0.7799108347238193 0.01529679962205094 0.7879265753488194 1.000555212122051
0 0.9090059187500001 0.995371575 0.9057540968750002 0.08269380833333333 0.8480471602770228 0.08305933138477523 0.8512989821520227 0.995737098051442
0 0.9569883385550308 0.9993785836646801 0.9529055031250003 0.09353321249999999 0.9016960568802798 0.09394354447278373 0.9057788923103104 0.9997889156374639
0 0.9984367836446106 0.09359423379108739 0.9602221 0.09353321250000016 0.959409149206952 0.998620799586373 0.9976238328515625 0.9986818208774602