0 0.19988435312499997 0.7467335791666666 0.15506812545087661 0.3212380007157781 0.12144887499999997 0.3275331458333334 0.16626510267412337 0.7530287242842217
0 0.22829726874999995 0.7491015416666666 0.1836489771224618 0.3233714784552987 0.15460121562499998 0.32878725416666665 0.19924950725253815 0.7545173173780347
0 0.26381345624999997 0.7538374624999999 0.22807607153164727 0.32137455432049705 0.185677865625 0.327603275 0.2214152503433527 0.7600661831795027
0 0.31383168750000007 0.7402935625000001 0.28216301188422305 0.316532271912086 0.2433916875 0.3216833333333333 0.275060363115777 0.7454446239212476
0 0.381904771875 0.7408136375000002 0.35695208751609825 0.3189554901338629 0.3197514125 0.3228673125 0.34470409685890174 0.7447254598661374
0 0.41742090000000004 0.7455495583333334 0.39684536055975844 0.3041769438841415 0.35704340625000003 0.30747552916666676 0.3776189456902417 0.7488481436158586
0 0.4547128906250001 0.7502854791666667 0.4387622701527013 0.30476088255637923 0.3961112 0.3074755291666667 0.41206182047229883 0.753000125776954
0 0.4847301249999999 0.7520123125 0.46881009327674616 0.3032107008612178 0.4387306624999999 0.30510756666666666 0.45465069422325366 0.7539091783054488
0 0.5119048872227825 0.7536878259581627 0.4993706111856079 0.3025073490953725 0.4706951812500001 0.3039235875 0.48322945728717465 0.7551040643627902
0 0.548830771875 0.7680453041666667 0.5470495889073481 0.2728447946359269 0.5008839 0.27314 0.5026650829676519 0.7683405095307398
0 0.5804393641313565 0.75973364179387 0.5799074812499999 0.3145794499999999 0.5559326336957736 0.3146303759187831 0.5564645165771303 0.7597845677126532
0 0.6100962000000001 0.3098434875000001 0.5834862906094147 0.30938774449032763 0.5792139656094146 0.7528586528236609 0.605823875 0.7533143958333334
0 0.6390270000000001 0.3080018958333335 0.6110418481162011 0.3072424655145012 0.6041962429493054 0.7557079840168347 0.6321813948331044 0.7564674143356669
0 0.671361628125 0.3039235875000001 0.641197943022257 0.3027622174351892 0.6313242523972569 0.7586634424351892 0.6614879375 0.7598248125
0 0.7044566875000001 0.3014914791666668 0.6714945987486596 0.29966273956909767 0.6570332232229162 0.7630562342454947 0.6899953119742568 0.7648849738430639
0 0.7361786625000001 0.29208374583333346 0.7078313635198311 0.290264472342205 0.6907547071697265 0.763300266757287 0.7191020061498954 0.7651195402484154
0 0.7698863750000002 0.28977272916666685 0.7399178036444524 0.28712549297666723 0.7159770380194523 0.7689499679766671 0.7459456093750002 0.7715972041666669
0 0.8027714406250004 0.2885318041666668 0.7737095572280214 0.28556055981388734 0.7457073041030212 0.7724785681472209 0.7747691875000002 0.7754498125000003
0 0.8460582499999999 0.3093039791666668 0.8059182089812731 0.30369647994097715 0.7688467402312731 0.7754616299409771 0.80898678125 0.7810691291666668
0 0.8960014468749999 0.29800364583333355 0.8513541466739041 0.291466944703276 0.8110512625453465 0.7808514028690444 0.8556985627464424 0.7873881039991021
0 0.9476207499999999 0.2936789791666668 0.9040799228577793 0.28591387308271965 0.8541019269691823 0.7841160168496341 0.8976427541114032 0.7918811229335813