0 0.04483448125000001 0.9021527041666668 0.04238154850366046 0.12157494996404324 0.017194003125000006 0.12171566250000002 0.019646935871339557 0.9022934167026235
0 0.0675983215185403 0.13151998056966513 0.04158266250000002 0.131471125 0.04076861598145981 0.9021038485970017 0.06678427500000009 0.9021527041666668
0 0.09279884375000011 0.13255506250000001 0.06435024366852596 0.1324476077888456 0.06271952950393155 0.8999694718349251 0.09116812958540571 0.9000769265460795
0 0.13182069375000005 0.232277575 0.09035997500000002 0.232277575 0.09035997500000006 0.9032366458333333 0.1318206937500001 0.9032366458333333
0 0.18147880184821832 0.23053033549122012 0.13263365000000002 0.22902575416666668 0.12101345419992597 0.89967697015385 0.16985860604814426 0.9011815514784034
0 0.21069004221184134 0.8987259994559071 0.20906416354950155 0.22669697733829086 0.1684037119626602 0.22687186121571715 0.170029590625 0.8989008833333334
0 0.257828759375 0.2333615166666667 0.2098644 0.2333615166666667 0.20986440000000006 0.8989008833333333 0.25782875937500005 0.8989008833333333
0 0.2667900768349336 0.1684346035609753 0.25053154322398075 0.16830595056553876 0.24726034062500007 0.9032366458333333 0.26351887423595294 0.9033652988287699
0 0.2838623284021894 0.17603671047916908 0.26598773940080467 0.17589335534232617 0.2627064906250001 0.9032366458333333 0.2805810796263849 0.9033800009701761
0 0.32206589201224356 0.23611711243315037 0.28384332812500007 0.2355293958333334 0.27813389288929374 0.8956487742316486 0.31635645677653723 0.8962364908314656
0 0.37328075117636567 0.2337804742655605 0.32774291250000004 0.23227757500000004 0.3154706287835292 0.8933444595242044 0.36100846745989484 0.8948473587897647
0 0.38871455625000007 0.26371184583333335 0.36108057109379715 0.2631469262369887 0.3537586244943208 0.8998851333215554 0.3813926096505237 0.9004500529179001
0 0.41310321250000015 0.25829214166666675 0.38629142505749214 0.25798866935270665 0.38219723149582063 0.9010502087381536 0.4090090189383287 0.9013536810521138
0 0.4334270937500001 0.11846384166666674 0.41147430420684017 0.1183422195708415 0.40903543858184016 0.9009471445708415 0.4309882281250001 0.9010687666666667
0 0.4627253178786644 0.11719699745126014 0.425297540625 0.1162959583333334 0.41469728837133574 0.8990837858820732 0.4521250656250001 0.899984825
0 0.4838719862399697 0.14604803103859015 0.45862870625000013 0.1455623500000001 0.4504574887600305 0.9005830856280768 0.47570076875000006 0.9010687666666669
0 0.5066372725308362 0.15354478060583657 0.47984204600437197 0.1531256960205127 0.47326190312500016 0.9010687666666669 0.5000571296514644 0.9014878512519908
0 0.5431875916785015 0.14486165778336604 0.4944139007328281 0.1443010406801185 0.48952100624999995 0.9010687666666667 0.5382946971956734 0.9016293837699141
0 0.5854497281250001 0.15314992916666675 0.5432202688788895 0.15233390091412102 0.5350907157538896 0.9002527384141211 0.577320175 0.9010687666666668
0 0.640730684375 0.2658797250000001 0.578133128125 0.2658797250000001 0.578133128125 0.9032366458333333 0.640730684375 0.9032366458333333
0 0.7057831106984245 0.26510982980191156 0.6358697888840606 0.2647883894655349 0.634227040625 0.8999848250000001 0.7041403624393638 0.9003062653363768
0 0.7651128375 0.8978169458333334 0.7594040343273565 0.27039236821869184 0.701702567426697 0.2713257253928678 0.7074113705993406 0.8987503030075092
0 0.8293471181724096 0.9010194647589678 0.8227983226835122 0.27451789434649054 0.7618158638861026 0.2756511337541894 0.7683646593749998 0.9021527041666666
0 0.8610415593750004 0.16398933333333346 0.8325931609545101 0.1638776065460653 0.8309622125 0.9021527041666669 0.8594106109204903 0.902264430953935
0 0.8886831593912048 0.9020874426329527 0.8878702066471336 0.1639272551789352 0.854537919130929 0.1639925167126493 0.8553508718750003 0.9021527041666668
0 0.91388365 0.16615721666666683 0.890307946875 0.1661572166666668 0.890307946875 0.9032366458333335 0.91388365 0.9032366458333335
0 0.9390852625000005 0.2539563833333335 0.912259180162646 0.25389636965277196 0.9114420563382296 0.9032366397303355 0.9382681386755841 0.9032966534108969
0 0.960234001999031 0.25426120376754 0.933394575 0.2539563833333335 0.9292964146393541 0.8954547927381383 0.956135841638385 0.8957596131723448
0 0.999747984375 0.2550403208333335 0.9602221 0.2550403208333335 0.9602221 0.8934811833333336 0.999747984375 0.8934811833333336