0 0.144015625 0.9379234375 0.04913327724515309 0.0010997770376015576 0.0033734374999999997 0.005734374999999999 0.09825578525484692 0.9425580354623984
0 0.18385 0.9346703125 0.10621136087782353 0.0008343067486589015 0.047273437499999994 0.005734374999999999 0.12491207662217647 0.939570380751341
0 0.234253125 0.9487625 0.1720690356748788 0.02690720077539291 0.116375 0.030664062500000012 0.1785590893251212 0.952519361724607
0 0.30497968750000004 0.9498453125000001 0.2620470377159462 0.3113572288994691 0.18942838699679904 0.31624018784450436 0.23236103678085293 0.9547282714450354
0 0.3716421875 0.9563499999999998 0.33489309043495774 0.3226293771143153 0.265092684249685 0.3266770628127885 0.3018417813147273 0.9603976856984732
0 0.3935921875 0.9606859375000001 0.368390625 0.1488140625 0.33580234310685525 0.14982564529796022 0.3610039056068553 0.9616975202979603
0 0.41716875 0.9585171874999998 0.39592525791596733 0.1600049730007056 0.368390625 0.1607375 0.38963411708403267 0.9592497144992944
0 0.45375156250000004 0.9574343750000001 0.44562187499999995 0.23227812499999997 0.40090285617129506 0.23277946750154221 0.4090325436712951 0.9579357175015423
0 0.47977381407280834 0.9573877967448233 0.47813271846841665 0.09779736847946578 0.4407437500000001 0.09786875000000003 0.4423848456043918 0.9574591782653575
0 0.5041546875 0.9574343750000001 0.4968375 0.255040625 0.46996712145700775 0.25532054719178354 0.47728430895700774 0.9577142971917837
0 0.5667793844288842 0.13978495623451742 0.500903125 0.13905937500000007 0.4919331155711159 0.9534556687654827 0.5578093750000002 0.9541812500000001
0 0.6409480101129523 0.13952549188699032 0.5675640624999999 0.13689062500000002 0.5380603849034234 0.9586005724082742 0.6114443325163759 0.9612354392952644
0 0.6635678920582855 0.2687613227987683 0.6391046874999999 0.2680468750000001 0.6187071079417147 0.966474614701232 0.6431703125000002 0.9671890625000001
0 0.6895159049078349 0.27326598892375203 0.6668336504451661 0.2723536859783548 0.6391046874999999 0.9617687499999998 0.6617869419626687 0.9626810529453971
0 0.7626734375000003 0.11196093750000011 0.6985402573958714 0.10823755454893666 0.6488554524774199 0.9640304139332949 0.7129886325815488 0.9677537968843584
0 0.8293359375000001 0.1119609375000001 0.7667390625 0.10762500000000008 0.7073135881130977 0.9655361188785845 0.7699104631130979 0.9698720563785846
0 0.9041281250000003 0.1087078125000001 0.8390921875 0.10328906250000011 0.7671156542443357 0.9671527429211458 0.8321515917443361 0.972571492921146
0 0.9748546875 0.11304375000000014 0.906999472642155 0.10504200976820913 0.8046525020374322 0.9729501746498135 0.8725077168952773 0.9809519148816044
0 1.059878849881669 0.08177305296649542 0.981359375 0.07185468750000015 0.8682561941558559 0.9672443963515626 0.9467756690375246 0.977162761818058