0 0.5878281249999999 8.881784197001253e-17 0.5739392592741526 -0.0390078809812473 0.021322041020217192 0.15775303371212 0.035210906746064634 0.19676091469336737
0 0.6925514690237582 0.01430635635386084 0.6775549855100165 -0.027646388413591905 0.04075302286966491 0.1999856816020804 0.05574950638340668 0.24193842636953314
0 0.7090071002826774 0.06030129088575324 0.6937921874999999 0.01667343749999999 0.051517239693186244 0.24066239306412016 0.0667321524758638 0.28429024644987344
0 0.7521796875 0.12977031249999998 0.7289218644536333 0.06105928544358319 0.06380697748046113 0.2861923537358807 0.08706480052682777 0.35490338079229755
0 0.7771198321436692 0.20043482997101636 0.7551222758563179 0.13324780093089977 0.0909595264742449 0.3506998548797471 0.11295708276159629 0.4178868839198636
0 0.7678343749999998 0.2510796875 0.75625773254547 0.21475855818996456 0.12339569920248365 0.4164708293178972 0.1349723416570136 0.45279195862793264
0 0.7796171874999999 0.2866671875000001 0.7690150790072263 0.2532620479345781 0.13601606600892036 0.4541629960800977 0.14661817450169398 0.4875681356455196
0 0.7513962622032653 0.3102208323212401 0.7482328836290801 0.3000465977016199 0.13863593749999997 0.48958281249999996 0.14179931607418514 0.49975704711962016
0 0.7609848235915831 0.3354698367429423 0.7536546874999999 0.3113515624999999 0.14276559733079827 0.4970157656141204 0.1500957334223815 0.5211340398570627
0 0.7683796874999997 0.3537328125 0.7657583999005377 0.3451421066178744 0.15337187500000005 0.5320000000000001 0.15599316259946208 0.5405907058821258
0 0.7753296875 0.3796656250000002 0.768571417872391 0.3572188189883507 0.15698303877968797 0.5413554469289001 0.1637413084072969 0.5638022529405495
0 0.824071476083786 0.4272254869156974 0.8097625 0.37820937500000007 0.16894507397043393 0.5652793172039174 0.18325405005421974 0.6142954291196148
0 0.8402390624999999 0.4835656250000002 0.8257765926671968 0.4328719571031721 0.1899676086953763 0.6142628217143506 0.20443007852817932 0.6649564896111787
0 0.8574921874999999 0.5353765625000001 0.8440082849223061 0.48697822129935153 0.20784085240760866 0.6642161073576223 0.22132475498530263 0.7126144485582709
0 0.8723493691336879 0.5862022449972228 0.8607046875 0.5431718749999999 0.2259793636462984 0.7149383348652711 0.2376240452799862 0.7579687048624941
0 0.823871875 0.6446765625000002 0.8132927102230358 0.6047454133676436 0.2520341948387008 0.7534425194049419 0.26261335961566507 0.7933736685372984
0 0.8400718749999998 0.6925578125000001 0.8296923874313323 0.651761759270272 0.263394569509347 0.7958414114901957 0.2737740570780144 0.8366374647199238
0 0.9151843750000002 0.7255328125 0.9053547930600073 0.6854066745322738 0.2794589367177 0.8387305406558194 0.2892885186576927 0.8788566786235457
0 0.9374765625 0.7835750000000001 0.9287608861301336 0.7447061629726827 0.2913515625 0.887634375 0.3000672388698663 0.9265032120273174
0 0.9847562500000002 0.8719828125000001 0.9728569827074948 0.8124725334557873 0.2863342272317036 0.9497449156559211 0.29823349452420905 1.009255194700134
0 0.9099296875 0.8987703125000002 0.9029911474677631 0.869399619374516 0.3501625 1 0.35710104003223697 1.029370693125484