0 0.11068437499999999 0.9964562499999999 0.09523750000000002 0.10654062500000001 -0.00788265943070373 0.10833055223350167 0.0075642155692962395 0.9982461772335016
0 0.20579999999999998 0.9932031250000002 0.2025484375 0.0024828125000000006 0.10091498913198751 0.002816375368641713 0.10416655163198749 0.9935366878686418
0 0.24798437500000006 0.9996640625 0.2399145415759897 0.006475508134927453 0.1953201121802055 0.006837845795063728 0.20338994560421586 1.0000264001601362
0 0.2863168583606544 0.9961873796283527 0.27976194599227044 0.0043707219457352385 0.23750468750000003 0.00465 0.24405959986838396 0.9964666576826173
0 0.345628125 0.9975390625000001 0.3374984375 0.0024828124999999998 0.27085809184667586 0.003027269343573926 0.27898777934667585 0.998083519343574
0 0.40823749689888045 0.9959743411265298 0.4008975494368262 0.0052225262890626 0.33180781249999997 0.005734375 0.3391477599620541 0.9964861898374673
0 0.4690015625 0.9993281250000001 0.4570031250000001 0.0089859375 0.39548416192278263 0.009731267187923442 0.40748259942278253 1.0000734546879235
0 0.5309812500000001 0.005734375000000061 0.46431875 0.005734375000000057 0.46431875000000006 0.993203125 0.5309812500000002 0.993203125
0 0.5935805412404608 0.9898948288295276 0.5927592732322797 0.0013403598035771004 0.5228515624999999 0.0013984375 0.5236728305081809 0.9899529065259504
0 0.6984499999999999 0.995371875 0.6935494874992577 0.003051852336861908 0.5895140624999999 0.0035656250000000007 0.5944145750007421 0.995885647663138
0 0.7608359375 0.9996640625 0.760233037681943 0.0046115812280243425 0.696825 0.00465 0.6974278998180571 0.9997024812719756
0 0.8285234374999998 0.001398437500000101 0.7553728137992899 0.0011586182816856517 0.7521063198955188 0.9975177426873598 0.8252569435962286 0.9977575619056742
0 0.8943734375000002 0.005734375000000113 0.8278011850061489 0.004914004487573667 0.8155701596813485 0.9974495647589562 0.8821424121751997 0.9982699352713826
0 0.95535023016264 0.008102348451345023 0.8829907535640812 0.00786408130554673 0.8797327109014412 0.9973007953542016 0.9520921875000001 0.9975390624999999
0 0.99843125 0.9953718749999998 0.99761875 0.0089859375 0.9423393239373059 0.009031471942420958 0.9431518239373059 0.9954174094424209