0 0.07248500655352384 0.9753652497573833 0.06025411000637539 0.25890646939696593 0.00821492845285154 0.2604858071395826 0.020445825 0.9769445874999999
0 0.12536897260865934 0.9767381108423797 0.10556945307511416 0.2287563407255528 0.053776990625 0.23119363333333334 0.07357651015854517 0.9791754034501602
0 0.16929236751097873 0.9742331369734095 0.14644671658072722 0.15722913417548134 0.09190298344474848 0.15994058470207195 0.114748634375 0.9769445875000001
0 0.202547803125 0.9736927666666666 0.18626259547944204 0.1170909083626552 0.145640934375 0.11846384166666667 0.161926142020558 0.9750656999706782
0 0.24168870339315957 0.9742841021304478 0.221245771875 0.12821930416666666 0.17652726672382363 0.13014020214169983 0.1969701982419832 0.976205000105481
0 0.28878593238426875 0.9688453389808874 0.27327490937499993 0.05451135833333332 0.20986006779261465 0.05642386944387598 0.22537109080188347 0.9707578500914301
0 0.3351782255535462 0.9657057517112894 0.3212392687500001 0.1217156625 0.27071732444645386 0.12319903578871064 0.28465628125 0.9671891250000001
0 0.36188703125 0.9639373041666666 0.34395713298589886 0.1163421169177133 0.3131352117087882 0.11750123191058609 0.33106510997288935 0.9650964191595394
0 0.396031153125 0.9650212458333333 0.37733121569683736 0.11295457664757073 0.3472538375 0.11412807916666669 0.3659537749281626 0.9661947483524291
0 0.4311094792763436 0.961921706647791 0.4179130059009329 0.11954684240186152 0.37895909062500005 0.12063172083333333 0.39215556400041074 0.9630065850792628
0 0.4611373670832773 0.9593276498837889 0.44155664687499996 0.12388354166666667 0.4089686422917227 0.12524137511621125 0.4285493625 0.9606854833333335
0 0.5147890511694915 0.9563909030822761 0.507406021875 0.22902575416666668 0.4496197675805084 0.23006851358439054 0.457002796875 0.9574336625000001
0 0.5448502119750661 0.9527697895035842 0.5382983218749999 0.11412807916666666 0.5146743723999339 0.11445618966308241 0.5212262625 0.9530978999999998
0 0.5822385844728318 0.9532381334600937 0.5675103751921827 0.11754858156256903 0.5373903532193509 0.11849228976914214 0.5521185624999999 0.9541818416666668
0 0.6122816284547197 0.9411063408757183 0.6114609422923059 0.14120879983834217 0.5740606232125861 0.141277017295957 0.574881309375 0.9411745583333332
0 0.6415477416382614 0.9463250550980059 0.6374788625 0.13797476666666667 0.6065661305861496 0.13825139079149862 0.6106350097244111 0.9466016792228378
0 0.6700386669057536 0.9463615943904641 0.6667452531250001 0.10654049583333333 0.6325893128394148 0.10677861987003995 0.6358827266201683 0.9465997184271707
0 0.7147650135586476 0.9451607232951987 0.70983188125 0.1076244375 0.6724318597329861 0.10801606074094047 0.6773649920416338 0.9455523465361392
0 0.7618698255321481 0.9376584542390367 0.759431035312911 0.11063754600587322 0.7090190004057628 0.11090182926683652 0.711457790625 0.9379227375
0 0.7985326807699572 0.9361775175049725 0.7919911186090103 0.10539894390109937 0.7447510378390532 0.10606022222946025 0.7512926 0.9368387958333333
0 0.8350463487471776 0.9331374724533894 0.8292655400729304 0.09629670291687578 0.789501496875 0.09678503333333334 0.7952823055492473 0.933625802869847
0 0.8651282595069583 0.9297563248427924 0.8537249593750001 0.103288675 0.830127331118042 0.10386750432387445 0.8415306312500002 0.9303351541666668
0 0.8960250852756154 0.9243263571455912 0.8878690812500001 0.103288675 0.8545114647243846 0.10387777202107568 0.86266746875 0.9249154541666669
0 0.957025871174497 0.9240162666106071 0.93827230625 0.13038718333333332 0.891065310075503 0.13237030838939287 0.909818875 0.9259993916666666