0 0.19383593750000003 0.8572046875 0.05796562500000004 0.29405312499999997 -0.0016969494317719657 0.30844778031554726 0.13417336306822802 0.8715993428155473
0 0.2532296875 0.859375 0.11491718749999998 0.2962234375 0.05830337348778899 0.31012803915963566 0.19661587348778903 0.8732796016596357
0 0.28740000000000004 0.8745656250000001 0.14336115690476892 0.29934952765813905 0.10992366153511099 0.30772255159002193 0.2539625046303421 0.882938648931883
0 0.33296249999999994 0.8778218750000002 0.2036 0.1920578125 0.1514677589619557 0.20189203595973987 0.2808302589619556 0.88765609845974
0 0.37854989262555705 0.880153486179795 0.2662440814587633 0.18878436509828544 0.2126953125 0.1974828125 0.32500112366679373 0.8888519335815097
0 0.42854871357073276 0.8762131963586407 0.3459796875 0.3059890625 0.29279635275573107 0.3136900626721825 0.3753653788264638 0.8839141965308233
0 0.47323686158142664 0.8729183469932709 0.40211874999999997 0.30165000000000003 0.35031309588091986 0.3080993688641792 0.4214312074623465 0.87936771585745
0 0.502190625 0.8723953124999999 0.4321967898140106 0.28516297850345923 0.403125 0.28862812500000007 0.47311883518598935 0.8758604589965406
0 0.5407937595527545 0.8740902247998319 0.5005640624999999 0.36132812500000006 0.4616179302616086 0.3643837156958386 0.5018476273143633 0.8771458154956704
0 0.5689860366509606 0.9013687882166785 0.546125 0.372178125 0.5071757985576997 0.3738607305023074 0.5300368352086603 0.9030513937189859
0 0.5965772127109678 0.8932710500033805 0.5786687500000001 0.3461375 0.5487208664862504 0.34711773701009574 0.5666293291972182 0.8942512870134763
0 0.6209765624999999 0.8854171874999999 0.6095859374999999 0.34071250000000003 0.581078051862384 0.34130864437380987 0.592468676862384 0.8860133318738097
0 0.6528484375000001 0.8930125000000002 0.6479645158582625 0.3349806784858908 0.6130859375000001 0.3352859375 0.6179698591417376 0.8933177590141094
0 0.6959687500000002 0.3146703125000001 0.6554469088057723 0.31403739875395986 0.6464984713057722 0.88695458625396 0.6870203125000002 0.8875875000000002
0 0.7407171875000003 0.3157546875000001 0.7020076948098112 0.31449750815231814 0.6832951948098109 0.8906693831523181 0.7220046875000001 0.8919265625000001
0 0.8562484375000002 0.30273437500000017 0.7545405909760955 0.29420504344049253 0.6979091274988019 0.9695058164948833 0.7996169740227065 0.9780351480543908
0 0.9791031250000002 0.34179687500000017 0.8987685300327402 0.3284888683217977 0.7905591550327401 0.9817013683217976 0.8708937500000001 0.9950093750000001