0 0.05933551896119037 0.27029969554141076 0.01865812046068375 0.26906174811760203 0.007475356250000084 0.9223090291666666 0.048152754750506704 0.9235469765904755
0 0.10431115095445898 0.27435948855130676 0.06447353154823386 0.2733744291981883 0.05547777500000008 0.9201388875000001 0.09531539440622519 0.9211239468531186
0 0.16451780826953888 0.2372650281872471 0.1100208515027088 0.23608954933051876 0.10181371866281956 0.9125250080392769 0.15631067542964966 0.9137004868960052
0 0.21986671928087897 0.23887240445377153 0.16785683877415497 0.23762832218807983 0.1587847226892491 0.9118812308490599 0.2107946031959731 0.9131253131147515
0 0.24911464375000011 0.23980034583333334 0.22392207178295834 0.23931129115085625 0.21657063437500007 0.9125434041666666 0.24176320634204185 0.9130324588491436
0 0.27679655440029477 0.2423636863708 0.25158034260776535 0.24187178469544912 0.24423304375000007 0.9114583333333335 0.2694492555425295 0.9119502350086843
0 0.3019986625000002 0.2452256958333334 0.28247978147610725 0.244714689865876 0.2726814970649505 0.9100743393561681 0.2922003780888434 0.9105853453236255
0 0.32235897750105524 0.24338720489943982 0.30286076827972014 0.243004356275163 0.2954898625 0.9103732625000001 0.31498807172133503 0.9107561111242769
0 0.3695425865552086 0.24072601680173383 0.32479311690237145 0.23976078757523264 0.3166392474718313 0.9118062529162284 0.36138871712466847 0.9127714821427296
0 0.4159356054642056 0.24406940460434484 0.37444195596484214 0.2429866415638837 0.3646458536256366 0.9103755702928722 0.4061395031250001 0.9114583333333334
0 0.46649981539896535 0.2582121111355322 0.4210281375 0.25607638750000006 0.4037776162309653 0.9090199164885018 0.44924929412993064 0.911155640124034
0 0.5113551418824598 0.25931069549701036 0.4697319986748947 0.25706135382955103 0.4498731983232428 0.9103572466187058 0.49149634153080796 0.912606588286165
0 0.5559453519532039 0.26443712542313086 0.5112702493390207 0.2625128249422553 0.49573118125000004 0.9038628458333334 0.5404062838641833 0.905787146314209
0 0.606380821875 0.2680121541666668 0.561002096875 0.2658420125000001 0.5438702039328561 0.9027064945584394 0.5892489289328561 0.9048766362251062
0 0.6544180097523091 0.26876433571742203 0.6089316182711808 0.2667814850439934 0.5933632156249999 0.9016927083333335 0.6388496071061283 0.9036755590067622
0 0.712148859375 0.2701822916666668 0.6619485444343948 0.2677912043202214 0.6449125185934796 0.9036442618630596 0.6951128335340849 0.906035349209505
0 0.7691883317978797 0.27485696698625434 0.7204499853310515 0.2722627448084648 0.7015188354960318 0.9045553303680144 0.75025718196286 0.9071495525458039
0 0.8286629630563178 0.2949980358555399 0.7725906375000001 0.29188367916666685 0.753599722278681 0.8997437070786204 0.8096720478349987 0.9028580637674934
0 0.8524092756044649 0.30182620570981655 0.831998190625 0.3005642375000002 0.8112059130022011 0.8984210944662546 0.831616997981666 0.8996830626760711
0 0.8977496584907305 0.2761565697363166 0.8524017908342569 0.2743280462045491 0.8383200656250003 0.8951822916666669 0.8836679332814737 0.8970108151984344
0 0.9595960032516178 0.2797081084631276 0.9141921999999999 0.2766927083333334 0.8911135773744784 0.894473844223205 0.9365173806260962 0.897489244352999