0 0.08385633437500006 0.9205796916666666 0.022507455436321305 0.11241045508559971 0.0017478531249999999 0.11521202083333333 0.06309673206367876 0.9233812574144001
0 0.10661908125000001 0.9162439291666666 0.05339375051481392 0.1148615004128188 0.022884690625 0.11846384166666667 0.07611002136018609 0.9198462704205145
0 0.133591907136191 0.9163786322862318 0.08319737414121268 0.11777676522953387 0.04808630312499999 0.12171566249999999 0.09848083611997835 0.920317529556698
0 0.15620935312500003 0.9151599874999998 0.11223878758044974 0.12368982230500866 0.07735269374999999 0.1271353625 0.1213232592945503 0.9186055276949913
0 0.1814109656250001 0.9184118124999999 0.135885471875 0.1293032416666667 0.10977526126745549 0.13198121194296838 0.15530075501745558 0.9210897827763015
0 0.20905144375 0.91949575 0.17968184912234536 0.22550306615634477 0.14726684375 0.22794181249999998 0.17663643837765464 0.9219344963436551
0 0.2350660125 0.91949575 0.20402526896712256 0.22352961478079583 0.175720278125 0.22577393333333334 0.20676102165787746 0.9217400685525375
0 0.26367324190583724 0.9168848159185085 0.24229818654664825 0.22520997647598903 0.212303265625 0.22685787500000001 0.23367832098418898 0.9185327144425195
0 0.2922153139650299 0.911455035108703 0.2691852694374825 0.23371380662956784 0.2391307875 0.23552939583333335 0.26216083202754736 0.9132706243124685
0 0.31906136667194857 0.9115205652693382 0.2976432458588597 0.23163255270614544 0.266771265625 0.23336151666666669 0.2881893864380889 0.9132495292298594
0 0.34989968925445286 0.9020958701314875 0.339937240625 0.3309161458333334 0.30171120573214755 0.3321014506183515 0.3116736543616004 0.9032811749165056
0 0.3813979593750001 0.9205796916666669 0.3748485708697194 0.32349392923527104 0.3277429125 0.3244125041666667 0.3342923010052806 0.9214982665980626
0 0.43098822812500004 0.32441250416666684 0.37570727187499997 0.32441250416666684 0.375707271875 0.9227475708333334 0.43098822812500004 0.9227475708333334
0 0.45783113652387974 0.920107405019364 0.4529380218750001 0.38077740000000004 0.4236562478511203 0.3812496866473027 0.4285493625 0.9205796916666668
0 0.5017153343750002 0.9194957500000001 0.4976505593750001 0.17374479583333333 0.44885218865003995 0.17421764811436258 0.45291696365004 0.9199686022810293
0 0.554557428125 0.15531781250000007 0.5025442131727773 0.154530851123256 0.496026321558675 0.9203829163860626 0.5480395365108977 0.9211698777628068
0 0.5968886283469068 0.15153003871300022 0.553744471875 0.14989810833333342 0.5373299410709238 0.9213810035437037 0.5804740975428306 0.9230129339233705
0 0.6220327125 0.15423387083333343 0.5894864269809829 0.15361746386754352 0.5813568738559829 0.9167114638675435 0.6139031593750001 0.9173278708333333
0 0.6602416093750002 0.21927029166666676 0.6286356244651317 0.2180289196398005 0.6131880277615169 0.91723592284676 0.6447940126713855 0.9184772948736263
0 0.6927598218750001 0.21601847083333345 0.6595688978258785 0.21458429492537012 0.6423107807394871 0.9246324529136051 0.6755017047886087 0.9260666288215684
0 0.7236521187500001 0.21710241250000012 0.6888581052863866 0.2151604211550312 0.6665656010205934 0.9252180025213556 0.7013596144842069 0.9271599938663245
0 0.7545444187500002 0.2149345291666668 0.7235796908871791 0.21361084622379575 0.706507631512179 0.9235917712237959 0.7374723593750001 0.924915454166667
0 0.793566271875 0.22143817083333348 0.7565031832905614 0.21844549896198595 0.7244650750000001 0.9238315125000001 0.7615281635844386 0.9268241843713476
0 0.8197221874441452 0.21833095711140238 0.7911274062500001 0.2160184708333335 0.759142283347769 0.9191443945774069 0.787737064541914 0.9214568808554758
0 0.8520990500000002 0.25178850000000014 0.817365513493576 0.24900228685112988 0.7871172284245522 0.9193697043635859 0.8218507649309764 0.9221559175124561
0 0.8773006625 0.25070456250000017 0.8475338129742441 0.2482641303642087 0.8166415129742441 0.9181392595308754 0.8464083625000001 0.9205796916666669
0 0.9236391125000001 0.16507327500000016 0.8882299806374421 0.1612691285097173 0.8424191573390092 0.9193291907427024 0.8778282892015671 0.9231333372329852
0 0.9496536812500003 0.1639893333333335 0.9214624512598283 0.16086594959337333 0.8743110450098281 0.9174563079267066 0.9025022750000001 0.9205796916666669
0 0.9800851031580391 0.16936257484235712 0.9494189806606732 0.16585107323208043 0.9008763656250001 0.9194957500000001 0.931542488122366 0.9230072516102769
0 0.9911144000000002 0.40895985000000024 0.9625636816441139 0.4056319766371021 0.9285168437500001 0.924915454166667 0.9570675621058864 0.928243327529565
0 1.0312666843265317 0.17309604708172283 0.999747984375 0.1693548375000002 0.9498402375484684 0.9168384820849442 0.9813589375000001 0.9205796916666669