0 0.19979840655421305 0.7845117904833915 0.16153018268075148 0.29164062362657817 0.13094584062499998 0.2958622666666667 0.16921406449846157 0.7887334335234801
0 0.23784770230230556 0.7703852142338974 0.20339725243558235 0.2927909679485479 0.173806084375 0.2965856499999999 0.20825653424172316 0.7741798962853494
0 0.26055777713255807 0.7702587762968506 0.22995983333101871 0.33519648182873873 0.20899061562500001 0.3378182875000001 0.2395885594265393 0.7728805819681118
0 0.295774646875 0.7769097208333334 0.2640954681133708 0.2772014927410841 0.22688982187499995 0.2813946749999999 0.25856900063662913 0.7811029030922493
0 0.33485361456532836 0.7687315592699545 0.3091927023632001 0.2757742221673326 0.27190904062499993 0.27922453750000004 0.29756995282712817 0.772181874602622
0 0.366286675 0.7581018499999999 0.34287796708719115 0.27819509348139065 0.314322578125 0.28067129583333333 0.3377312860378089 0.7605780523519426
0 0.39694772319182087 0.7514174046171832 0.3727441109446894 0.2782202740835159 0.345789590625 0.28067129583333333 0.36999320287213144 0.7538684263670008
0 0.4449347031250001 0.7385706 0.42966135839198294 0.3035360792494161 0.378761878125 0.3067129624999999 0.3940352228580172 0.7417474832505839
0 0.49624238538721716 0.7334869679609107 0.4812471086790976 0.30372869397208163 0.43313768125 0.30671296249999996 0.4481329579581196 0.7364712364888291
0 0.5394861192067644 0.7470229902416279 0.5290624113336811 0.23778085385000677 0.48237673543278287 0.23947971945674848 0.49280044330586614 0.7487218558483695
0 0.5817245509066258 0.7462658550467537 0.5784251500000002 0.2350983791666667 0.5307881212521302 0.2356450098616709 0.5340875221587558 0.7468124857417578
0 0.6169355624999999 0.3059895833333334 0.5796220562500001 0.3059895833333334 0.5796220562500001 0.7364004625 0.6169355624999999 0.7364004625
0 0.674972384375 0.23437500000000014 0.6267109588842621 0.2336518035490683 0.6223881031944896 0.7465038232436034 0.6706495286852274 0.7472270196945352
0 0.7297548062500001 0.2314814833333335 0.6799524067360828 0.2294215279079444 0.6679600246403872 0.7448582725997107 0.7177624241543044 0.7469182280250998
0 0.7748176062500002 0.2510127333333335 0.7365375007976551 0.24875487996787643 0.7201040025128981 0.7440737675966199 0.7583841079652431 0.7463316209620768
0 0.84370243125 0.20182291666666682 0.7821660109010342 0.19679855245663694 0.7569467718342154 0.7459100884215363 0.8184831921831812 0.7509344526315662
0 0.90662085625 0.19892940000000017 0.845951426222079 0.19268358631810234 0.8141675598708413 0.7415480197373173 0.8748369898987625 0.747793833419215