0 0.14913312907755466 0.9040558148121918 0.1472823391575772 0.36513647821885625 0.10458946250000004 0.3653971333333334 0.10644025241997748 0.9043164699266689
0 0.19064053357922509 0.9030012288220145 0.18817503437500002 0.3662109375 0.14909752267077495 0.3665300211779856 0.15156302187499998 0.9033203125
0 0.20220964062500016 0.31982421666666666 0.19248698200013495 0.3196975094788828 0.18821557887513482 0.9023798011455495 0.19793823750000006 0.9025065083333333
0 0.27665406562500017 0.21158854166666677 0.20279463202220147 0.21046462795823026 0.1966926288972014 0.9233552529582302 0.27055206250000013 0.9244791666666666
0 0.35720049687500016 0.20996093750000006 0.2858846798184473 0.20833683425955976 0.27672163299455027 0.923639112754308 0.34803745005110315 0.9252632159947481
0 0.43846455872383183 0.16245610278029537 0.3768584730618511 0.15817076440784525 0.34667509045534456 0.9295783013784563 0.4082811761173253 0.9338636397509065
0 0.49633840625000014 0.31331380000000014 0.44643857301464596 0.30961843255875243 0.4213772519396678 0.911239311640007 0.471277085175022 0.9149346790812547
0 0.5262382156250001 0.3409830750000001 0.5037712531818044 0.3391032819037122 0.4768744309729011 0.9105987021906612 0.49934139341609685 0.912478495286949
0 0.5524908468610344 0.34234619717014886 0.5293941500000001 0.34016927083333354 0.4994599900864468 0.9047820303686082 0.5225566869474811 0.9069589567054235
0 0.5695624312500001 0.4557291666666668 0.5470718715081716 0.453865694703594 0.5262382156250001 0.9008789083333334 0.5487287753668285 0.9027423802964062
0 0.5939704406250002 0.45491536666666665 0.5701801473487653 0.4531115349777008 0.551256425 0.8968098958333334 0.5750467182762348 0.8986137275222993
0 0.6562108624999999 0.2327473958333334 0.62033653125 0.22949218750000006 0.584532858601268 0.9309637608700186 0.620407189851268 0.934218969203352
0 0.6800086718750001 0.33610025833333346 0.6521685396370557 0.3335014509263113 0.6215245966579946 0.9171068710458926 0.6493647288959391 0.9197056784529148
0 0.7117390843750002 0.3369140625000001 0.6820012385757275 0.33411062321799373 0.651345534727599 0.9122161427125246 0.6810833805268717 0.915019581994531
0 0.7568939000000002 0.33528645833333354 0.7155775699777028 0.3322180061841589 0.6916608596528281 0.9047256629820429 0.7329771896751255 0.9077941151312174
0 0.7983875156250001 0.33772786666666677 0.7582209708013278 0.33496796408451934 0.73675729375 0.8902994791666669 0.7769238385736724 0.8930593817488144
0 0.8356097281249999 0.2669270833333334 0.8016369817701726 0.26461839757861577 0.7777617056878363 0.8892036260373167 0.8117344520426636 0.8915123117920344
0 0.8514749343749999 0.3173828125000001 0.8326272293821239 0.31622100713509604 0.813032321875 0.8813476583333336 0.8318800268678761 0.8825094636982377
0 0.8813747468750002 0.25716145833333354 0.8679543747311895 0.2562428758972989 0.8435423312499999 0.8902994791666667 0.8569627033938106 0.8912180616027015
0 0.9009337285477891 0.2555190307503692 0.8875141998709148 0.2545811547748441 0.8624585373452092 0.8919270831041125 0.8758780660220834 0.8928649590796376