0 0.17579590664289152 0.8901034130793917 0.13628806175489483 0.2691857906471309 0.05052516875 0.27888700833333335 0.0900330136379967 0.8998046307655942
0 0.205799621875 0.8804739 0.16736962831543575 0.1009718979829486 0.12856887499999997 0.10437261666666665 0.16699886855956425 0.8838746186837181
0 0.22858774875934396 0.87288371721441 0.21059152411666032 0.10613548074194903 0.174907321875 0.1076244375 0.1929035465176836 0.874372673972461
0 0.2749033141299759 0.1624748594756738 0.21149030937500002 0.1618214541666667 0.20741423236707712 0.8650808237004182 0.270827237122053 0.8657342290094252
0 0.32534823305502275 0.17313627290668304 0.26839717812499997 0.17049297500000007 0.2502754893223523 0.8646085707336976 0.30722654425237506 0.8672518686403806
0 0.3773331812500001 0.17699661666666672 0.32877169445519916 0.17268004006268442 0.29487937403207964 0.8505264485250738 0.3434408608268806 0.8548430251290562
0 0.4171705890479324 0.26909456691810196 0.374081359375 0.26371184583333335 0.3334041766081013 0.8426007074623104 0.3764934062810338 0.8479834285470791
0 0.44806028750000015 0.25612426250000014 0.4191779437695698 0.2516836250762374 0.3687018909708008 0.835330247733738 0.39758423470123117 0.8397708851575006
0 0.47570076875000006 0.2658797250000001 0.4478670685676397 0.2613209102755866 0.395413256485335 0.8306633155292801 0.42324695666769535 0.8352221302536936
0 0.498463515625 0.2593760833333334 0.47697594345032474 0.25517406911568646 0.4140873588644154 0.8268884603618234 0.43557493103909073 0.8310904745794703
0 0.5220392156250001 0.26479578750000005 0.5009023812499999 0.26046002500000004 0.43614788732426957 0.821665431592823 0.4572847216992698 0.826001194092823
0 0.5416592872482705 0.2650184220589512 0.5208420101497243 0.2603287406963099 0.45052355341266737 0.8152449249617597 0.47134083051121356 0.8199346063244008
0 0.563499934375 0.26371184583333346 0.5431387816117466 0.2589273110558978 0.47066386875839117 0.8072394006455341 0.4910250215216445 0.8120239354229698
0 0.5976440562499999 0.27238336666666674 0.565839007797554 0.26350553482695105 0.4802730009854027 0.8084696239928066 0.5120780494378486 0.8173474558325222
0 0.6301622656250001 0.2734673083333335 0.5982313962560857 0.2635886273356533 0.5052460668990191 0.7979114055145899 0.5371769362679336 0.8077900865122702
0 0.6602416093750001 0.2712994291666668 0.6332090070874856 0.26243750166365537 0.534749544785779 0.7963801300721716 0.5617821470732934 0.8052420575751831
0 0.7106448375000001 0.20517906666666677 0.6761573615741183 0.1924821849111419 0.5534647651598348 0.7849437282300584 0.5879522410857165 0.7976406099855834
0 0.7439759999999999 0.21276665000000017 0.7093389623976298 0.19877988448260178 0.5772645427165312 0.7802395997147419 0.6119015803189012 0.7942263652321403
0 0.7748683000000001 0.21059876666666694 0.7485399010516021 0.19990600705340966 0.616342025 0.7785835083333335 0.642670423948398 0.7892762679465907
0 0.803321734375 0.21601847083333345 0.7797833985477538 0.20580027867760295 0.6399177281249999 0.7785835083333335 0.6634560639522462 0.788801700489064
0 0.840717678125 0.21710241250000023 0.8111484060630072 0.2035207256165733 0.6649392928995225 0.7694196069140925 0.6945085649615151 0.7830012937975195
0 0.8716099749999999 0.22252211250000015 0.8446430431459039 0.2088039946491077 0.6856005031558237 0.764615822407918 0.7125674350099198 0.7783339402588105
0 0.8846172593749999 0.29514611666666696 0.8574970191950859 0.2804956824383346 0.7129583713919315 0.7561642949535421 0.7400786115718455 0.7708147291818744
0 0.9480277718749999 0.20084330416666685 0.918087927945399 0.1837682367095642 0.7348090169698152 0.7550851391900758 0.7647488608994161 0.7721602066471784
0 0.97566825 0.2030111875000001 0.9512900195636128 0.18859343527152828 0.7647435024782323 0.749343378480167 0.7891217329146197 0.7637611307086388
0 0.98054598125 0.29297823333333345 0.9503531435087765 0.2744580099217284 0.7890201780206039 0.7420405670275044 0.8192130157618275 0.7605607904391094
0 1.026120406867955 0.2501016655212723 0.999747984375 0.23319892500000025 0.8194853061230246 0.7332060495740544 0.8458577286159796 0.7501087900953265
0 1.0279760543253524 0.32506381255039873 0.999747984375 0.3057795708333334 0.8358240114063614 0.7323576782286416 0.864052081356714 0.751641919945707
0 1.0155463380057455 0.4175584298257102 0.9997479843749998 0.40658602083333345 0.8727576338340232 0.7316419099672173 0.8885559874647688 0.7426143189595941