0 0.08399375000000016 0.2517359375 0.06197856151356183 0.25099836335963616 0.04489262401356176 0.7609811758596361 0.06690781250000008 0.7617187499999999
0 0.10921562500000015 0.25065156250000004 0.08482575245353942 0.249990084472918 0.07097656250000009 0.7606343749999999 0.0953664350464608 0.7612958530270819
0 0.1352515625000002 0.27018281250000004 0.11662070016716923 0.26962524411540256 0.10189375000000012 0.7617187500000001 0.1205246123328311 0.7622763183845975
0 0.1767453125000002 0.254990625 0.13284406941623284 0.25378458507182133 0.11897968750000013 0.7584640625 0.16288093058376746 0.7596701024281786
0 0.2239328125000002 0.21484375000000006 0.18575054003704944 0.21381726415324595 0.17105000000000006 0.7606343749999999 0.2092322724629508 0.761660860846754
0 0.2516301249691457 0.2153526290531221 0.22481618105983517 0.21479078915711564 0.21335625000000008 0.76171875 0.24017019390931066 0.7622805898960064
0 0.2922765625 0.17686562500000003 0.24593210094706114 0.17610042764049402 0.23613750000000006 0.7693140625 0.2824819615529389 0.770079259859506
0 0.3386515625000001 0.17686562500000008 0.2947239491733836 0.17632062575795354 0.28739375000000006 0.76714375 0.3313213633266166 0.7676887492420466
0 0.37038515049786086 0.1520155408987582 0.3394727698421268 0.15189247785583535 0.3370234375000001 0.76714375 0.36793581815573406 0.7672668130429229
0 0.4078078125000001 0.18446250000000003 0.37119531250000004 0.18446250000000003 0.3711953125000001 0.7682296875 0.4078078125000002 0.7682296875
0 0.44523867755887736 0.7670470823079395 0.4436059847481558 0.18979371780254223 0.40942824468927846 0.18989038549460263 0.4110609375 0.7671437499999999
0 0.4908067150803512 0.7668516209014882 0.48671714905773156 0.17441757383753104 0.44439793397738037 0.17470970293604293 0.4484875 0.76714375
0 0.53963704460222 0.7662314615811023 0.5273912847851145 0.17614449553316108 0.4834308026828946 0.17705678395205865 0.49567656250000003 0.76714375
0 0.585171875 0.7595484374999999 0.5647347937401141 0.25368907371731664 0.5273707799550676 0.2551986066835751 0.5478078612149535 0.7610579704662583
0 0.6251421875000001 0.7584640625 0.6039875 0.25390625000000006 0.5658609899584555 0.25550478714562097 0.5870156774584554 0.760062599645621
0 0.6894156250000001 0.7562937500000001 0.6625671875000001 0.22352500000000003 0.6048933831090678 0.22643142334517025 0.6317418206090678 0.7592001733451703
0 0.75613125 0.7562937500000001 0.7278069350251041 0.21818615686434462 0.6659741225251042 0.22144084436434458 0.6942984375000002 0.7595484375000001
0 0.7846078125 0.7573781250000001 0.7503581362518911 0.20708276664852526 0.7275974659427352 0.20849936153243237 0.7618471421908442 0.7587947198839072
0 0.8106421875 0.7573781249999998 0.7763927718418975 0.20923712722525584 0.75282318755352 0.21070982219326306 0.7870726032116224 0.7588508199680071
0 0.9015755016852192 0.7456963046904784 0.7877715418302687 0.3023800531037504 0.7676226026450494 0.3075524984132721 0.8814265625000001 0.7508687500000001
0 0.9284441045920271 0.743256560039556 0.8098296875000003 0.30273437500000006 0.785591832907973 0.30926062746044414 0.90420625 0.7497828125
0 0.959964968495264 0.7449824029621992 0.8454335036563293 0.2932855643494293 0.8222185351610654 0.2991719113872302 0.93675 0.7508687500000001