0 0.10932126760118784 0.27552660529729595 0.07750356250000001 0.27544981250000006 0.07676569858541205 0.8189530174503513 0.10858340368659987 0.8190298102476472
0 0.14098320526966948 0.8212565859604101 0.14039209668697972 0.27663543089011094 0.10517536329231023 0.27670338242970083 0.10576647187499999 0.8213245374999999
0 0.17147229044083956 0.2553998615509837 0.1397258017236734 0.2553779357930592 0.1395068562500001 0.8189565791666666 0.1712533449671662 0.8189785049245911
0 0.20348772417642613 0.25564756969349994 0.17235930937500005 0.25538023750000005 0.16964259464754267 0.8177568526605071 0.20077100944896875 0.8180241848540071
0 0.250355125 0.8158143958333334 0.24780860628707857 0.24320363562590872 0.19911717200660123 0.24358859722339152 0.20166369071952267 0.8161993574308161
0 0.30200466420390465 0.25122140622677236 0.2504949 0.2506443125000001 0.24693194829609544 0.8160115229398944 0.29844171250000007 0.8165886166666668
0 0.37838855986936276 0.1774414466736263 0.304657053125 0.17605331666666668 0.2977110504436126 0.8319499270307517 0.37144255718797536 0.8333380570377112
0 0.42618210101691006 0.21730935078854532 0.383680575 0.21630876666666674 0.37573243312464943 0.8165060160130683 0.4182339591415595 0.8175066001349467
0 0.4645329497734396 0.22075725564649742 0.4280757812500001 0.2198607250000001 0.41990341567757594 0.8106642185892985 0.4563605842010155 0.8115607492357958
0 0.5052698535221505 0.21506294503655116 0.469807309375 0.21394080416666672 0.45914389905202285 0.8130363675157593 0.49460644319917335 0.8141585083856437
0 0.5399516968750002 0.21867674583333344 0.5056496171922277 0.21791243220710596 0.49822028437500016 0.8106686750000001 0.5325223640577728 0.8114329886262275
0 0.5922022829110546 0.22973238518180597 0.5425525255054765 0.22811768736561577 0.5319606093750002 0.8071167750000002 0.5816103667805782 0.8087314728161903
0 0.6439087303460413 0.23179567572194068 0.5924509367877409 0.23037235214756288 0.5834590874999999 0.8083007166666668 0.6349168810583004 0.8097240402410446
0 0.6888316875000001 0.2298768958333334 0.650051865625 0.22814860833333345 0.6355391906239116 0.8070635569651526 0.6743190124989117 0.8087918444651527
0 0.729122334091101 0.22618878776205895 0.6915204857132257 0.22458545621350226 0.6775769687500002 0.8059327541666668 0.7151788171278755 0.8075360857152235
0 0.7931394987999086 0.8071989461598641 0.7822713006796043 0.22871305530658517 0.7474254375000001 0.2298768958333333 0.7582936356203044 0.8083627866866121
0 0.8325493781050909 0.8005560120736077 0.8159018786097469 0.23118667299579154 0.7807964692546561 0.23301143592218387 0.79744396875 0.802380775
0 0.8703571601992642 0.7947730520244473 0.8566760859176343 0.24309165697719165 0.8183912132183698 0.24477951745274432 0.8320722874999997 0.7964609125
0 0.9105754505165475 0.793328638450154 0.8950650449622701 0.24775746838035062 0.8565175475707226 0.24970572159686327 0.872027953125 0.7952768916666667