0 0.11474863437499998 0.9173278708333333 0.05971751395758936 0.40926277755463436 0.004999674999999998 0.4197992541666667 0.06003079541741063 0.9278643474453657
0 0.064345409375 0.9162439291666666 0.023328023551153893 0.43184817328879177 -0.0270752045738461 0.43943575662212514 0.013942181249999996 0.9238315125
0 0.13435782171688232 0.9074662967946775 0.06748812562146043 0.2420312762111006 0.04320857187500001 0.24636880000000003 0.11007826797042189 0.9118038205835769
0 0.1578352625 0.9129921083333333 0.09740769005184445 0.24121169531577455 0.06515836250000001 0.24636880000000003 0.12558593494815556 0.9181492130175588
0 0.1773461875 0.9086563458333334 0.12604732998595167 0.24204258450782815 0.09442475312500001 0.24636879999999997 0.14572361063904832 0.9129825613255051
0 0.20417371250000005 0.9086563458333335 0.14442135850095675 0.23746552945805394 0.11556159062500002 0.24203303750000002 0.17531394462404332 0.9132238538752796
0 0.22856236874999997 0.9086563458333334 0.17544826389450668 0.22661675407666754 0.14238911250000003 0.23119363333333337 0.1955032173554933 0.9132332250899993
0 0.2505121625 0.9086563458333334 0.20555364551266625 0.2307364289075381 0.17409436874999998 0.23444545416666665 0.21905288573733372 0.9123653710924621
0 0.27346644084683597 0.9040631671476256 0.23165408228167417 0.25036930995851964 0.20010893749999997 0.25395638333333337 0.24192129606516177 0.9076502405224393
0 0.29847652187500007 0.9054045250000001 0.2512565035495639 0.25083739470791677 0.22241335032982526 0.2545364614599255 0.2696333686552614 0.9091035917520088
0 0.3270308370776065 0.8998581013004971 0.2941932006583519 0.23544323976343967 0.25620285 0.23878121666666666 0.28904048641925456 0.9031960782037242
0 0.35213156874999996 0.8989008833333332 0.32193184841739714 0.23831599776700532 0.28953401562500003 0.2409491 0.3197337359576028 0.9015339855663279
0 0.38790159999999996 0.8967330041666667 0.3625353728986093 0.2977627296240747 0.325304046875 0.3005658166666666 0.3506702739763906 0.8995360912092586
0 0.41391616875 0.8978169458333334 0.38627569062500006 0.30056581666666665 0.3515011851809293 0.30342687694051945 0.3791416633059293 0.9006780061071863
0 0.44173484256632767 0.8917382268378525 0.4196068562499999 0.3005658166666666 0.38619661716990533 0.3027890487104113 0.40832460348623306 0.8939614588815972
0 0.4791119888007037 0.8883936209137129 0.45698921750264176 0.24055144230810835 0.41472912187500005 0.2431169791666667 0.43685189317306194 0.8909591577722712
0 0.5106757303617058 0.8855552476095963 0.49520526501829415 0.24068112339835288 0.4618562127815884 0.2421034174554233 0.477326678125 0.8869775416666666
0 0.5513894377008263 0.88373643205746 0.5415332741758119 0.2452760264119935 0.5017153343750002 0.2463688 0.5115714979000144 0.8848292056454665
0 0.5944550128491938 0.8842853888379094 0.5895145031250001 0.24311697916666666 0.5455861464588209 0.2437187374428346 0.5505266561830144 0.8848871471140772
0 0.6114642937500001 0.8804739 0.6049606531250001 0.2474527416666667 0.5870789930361833 0.2477793472594466 0.5935826336611834 0.88080050559278
0 0.6285627898226596 0.2521452156185615 0.6065865625000001 0.2517885000000001 0.6008581004477124 0.8791914081853255 0.6228343277703718 0.8795481238038868
0 0.6643063875000002 0.22577393333333345 0.623634422234989 0.22532352376677792 0.6195696441099889 0.8778556071001111 0.6602416093750001 0.8783060166666666
0 0.706580059375 0.2225221125000001 0.6628456808663609 0.22050138225522667 0.645773621491361 0.87736922808856 0.6895080000000001 0.8793899583333334
0 0.7449880777348431 0.223308421569112 0.7033282374999998 0.22143817083333345 0.6868700128901566 0.8731839450975547 0.7285298531249998 0.8750541958333332
0 0.7846237656250001 0.22252211250000012 0.744835273717574 0.2193283872476533 0.7153598025598821 0.8721554586439713 0.7551482944673082 0.8753491838963181
0 0.8268974375000002 0.21710241250000017 0.784309921903692 0.21367254529759555 0.7544997611920796 0.8717042075246744 0.7970872767883879 0.8751340747270789
0 0.8642933781250001 0.23878121666666685 0.8189678581628146 0.23418864815699042 0.7829877750482525 0.8654755619377491 0.8283132950104379 0.8700681304474255
0 0.8984375000000002 0.23661333750000013 0.8612882928223954 0.23351757006992013 0.8316739446201241 0.8652902979887268 0.868823151797729 0.8683860654188068
0 0.9366463968750001 0.29948187500000006 0.8951856781249999 0.2962300541666668 0.870188707469258 0.8628280984027614 0.9116494262192582 0.8660799192360947