0 0.228864634375 0.8582899291666665 0.16412210194254756 0.2702710222701377 0.12952450637722554 0.277043097647539 0.19426703880967797 0.8650620045440679
0 0.25815424375 0.8550347208333334 0.20479127099524694 0.26817015601488736 0.165494284375 0.27452257083333337 0.21885725712975307 0.8613871356517795
0 0.2896513863350125 0.8493906649944559 0.2382777898815643 0.267301141219416 0.20608382500000003 0.2723524291666666 0.25745742145344824 0.8544419529417066
0 0.3175866133539263 0.846862421093653 0.27246115299091317 0.2669248210849415 0.24106863750000002 0.2712673625 0.28619409786301314 0.8512049625087116
0 0.33876649986272955 0.8452146632203728 0.29770146790799357 0.20225061295076313 0.27279905000000004 0.205078125 0.31386408195473603 0.8480421752696096
0 0.36255782755115584 0.8397449560726511 0.32316102537536845 0.20376662195399625 0.30139923125000007 0.2061631958333333 0.3407960334257874 0.8421415299519881
0 0.39497238026867476 0.833909865802773 0.36953140856131916 0.30964114247853713 0.33639272187499997 0.3125 0.3618336935823556 0.8367687233242358
0 0.42754254541579206 0.8316528432888031 0.4102975 0.3092447916666667 0.37545109048450115 0.3112897760221587 0.39269613590029323 0.8336978276442951
0 0.4503048962308121 0.8259907261705695 0.43795990937499996 0.3287760416666667 0.41271208829403444 0.3298904595240141 0.4250570751498466 0.8271051440279169
0 0.4779303911352497 0.8220544843411804 0.46477927451071244 0.3276691546727642 0.44109919863614583 0.3287889989033567 0.4542503152606831 0.823174328571773
0 0.5144929151986805 0.8185437237485811 0.5087431375 0.3190104166666667 0.46902683492016817 0.3198231215836053 0.47477661261884857 0.8193564286655197
0 0.5575591531249999 0.3190104166666668 0.5186843875 0.3190104166666668 0.5186843875 0.8333333333333334 0.5575591531249999 0.8333333333333334
0 0.60149356875 0.3190104166666668 0.559999953125 0.3190104166666668 0.559999953125 0.8257378458333334 0.60149356875 0.8257378458333334
0 0.6462415875000002 0.3146701375000001 0.6048187763609796 0.31286566925446463 0.5924181064923346 0.8189384087686153 0.6338409176313551 0.8207428770141508
0 0.6739039968750002 0.31141492916666674 0.6454629821205946 0.31008468514639503 0.6323278410442896 0.8093437824206516 0.6607688557986953 0.8106740264409235
0 0.7080752093750001 0.3049045125000001 0.676615333534547 0.3026204113098361 0.6560240328156376 0.8068205009847361 0.6874839086560908 0.8091046021749001
0 0.7496174531250002 0.2452256958333334 0.7238171162065509 0.2428538394255271 0.6942560367205409 0.8145098135032884 0.7200563736389902 0.8168816699110947
0 0.78867026875 0.24631076250000017 0.7620259092814201 0.2431987965476084 0.7244975679830095 0.8144239069685452 0.7511419274515895 0.8175358729209369
0 0.8195870812500001 0.2441406250000001 0.7948860862730107 0.24087933418601465 0.7523497606526837 0.8136257304460969 0.777050755629673 0.8168870212600824
0 0.8553854937500004 0.24739583333333354 0.8258208734658601 0.24305085443336533 0.7788177094843926 0.8116277396694616 0.808382329768533 0.8159727185694298
0 0.8854887031250002 0.24631076250000017 0.8610864031445855 0.24256238061197155 0.8122091185349282 0.8082432278690289 0.8366114185153428 0.8119916097570576
0 0.9155919156250002 0.2615017375000002 0.8912016539208271 0.2573318251492223 0.8383784157390481 0.8066096015141544 0.8627686774432213 0.8107795138649323
0 0.9408135250000003 0.2701822916666669 0.9219882123596111 0.26669983212240417 0.865962296875 0.8051215291666669 0.8847876095153893 0.8086039887109296
0 0.9546447281250003 0.32552083333333354 0.9397885226771597 0.3228410206495236 0.8911839062500002 0.8018663208333335 0.9060401116978408 0.8045461335171434
0 0.9806799375 0.32552083333333354 0.9632617848737504 0.3221658745529646 0.9113434908459844 0.8013614394445675 0.9287616434722341 0.8047163982249363