0 0.19127284687500004 0.9920634916666665 0.09418657864121428 -0.012945034613820157 0.007139850000000001 0.0020041666666666667 0.10422611823378576 1.0070126929471532
0 0.12663840937499998 0.9970739125000001 0.04472338532343691 0.38812072752492155 0.004133596875000006 0.39782747916666666 0.08604862092656311 1.0067806641417454
0 0.25665885 0.9970739125000001 0.19965649656967827 0.1275980145057358 0.12513528125 0.13628347083333334 0.18213763468032176 1.0057593688275976
0 0.31603234687500004 0.9950697458333335 0.2916817886420671 0.12047889849306749 0.215322871875 0.12425845833333335 0.2396734301079329 0.9988493056735994
0 0.34459175 0.9970739124999999 0.3301719663451897 0.373734415690772 0.30475889999999994 0.3747795416666666 0.3191786836548102 0.9981190384758946
0 0.36714650071242794 0.9964749929097454 0.35510147669714043 0.3781636244829324 0.33707611875 0.3787878791666667 0.3491211427652875 0.9970992475934798
0 0.44530122499999997 0.006012504166666738 0.36037457812499996 0.004008337500000055 0.3472132611932527 0.9954951980715468 0.4321399080682527 0.9974993647382135
0 0.539246634375 0.006012504166666758 0.46136985309019246 -0.0013591993132984943 0.40845481419528584 0.9924356203014878 0.48633159548009336 0.9998073237814532
0 0.5918560593750002 0.006012504166666795 0.5501453188423243 0.0007266133646457303 0.47923596071583396 0.9954692674494099 0.5209467012485098 1.000755158251431
0 0.6482233031250002 0.004008337500000122 0.6047843637761858 -0.0029747542646050727 0.5145603338288585 0.9947968910631109 0.5579992731776728 1.001779982827716
0 0.6842983406250001 0.37077120416666687 0.62596257571003 0.35878568591264043 0.5527491688794484 0.9922850286987153 0.6110849337944184 1.0042705469527418
0 0.7744859312500002 0.0030062541666667996 0.7288190204704551 -0.0068443772037366435 0.6073125109567518 0.9945717591183147 0.6529794217362969 1.0044223904887182
0 0.8361141187500003 0.005010420833333532 0.7846405662977356 -0.008131762894533196 0.6409823672673209 0.9921549469158195 0.6924559197195855 1.0052971306436862
0 0.8661766468750003 0.00400833750000024 0.8449431023542608 -0.0016882925902551803 0.6943602250679398 0.996143970659814 0.7155937695886793 1.0018406007500693
0 0.9676376875000001 0.0060125041666668246 0.8832827705167778 -0.021450562301628295 0.6985998188142128 0.9870256406710038 0.7829547357974351 1.0144887071392992
0 1.1194867597118061 0.06090474356247497 0.9884940368477242 0.0008197616902311467 0.7386193457027302 0.9692781802089423 0.8696120685668121 1.029363162081186