0 0.07113821562500014 0.21157284583333333 0.03828065032865769 0.2112085562354897 0.03472904407865762 0.7807048395688231 0.06758660937500008 0.7810691291666667
0 0.16615447813797293 0.7750094568759939 0.16347249768581526 0.2063679384835972 0.10754227499999998 0.20683690416666664 0.11022425545215764 0.7754784225590634
0 0.22208198437500007 0.7739651666666668 0.21941825000000006 0.21157284583333333 0.16525819752917018 0.21202889123690757 0.16792193190417015 0.7744212120702411
0 0.28064275196764643 0.7719613885300546 0.276244140625 0.23880447083333337 0.22034704803235358 0.23962430730327888 0.224745659375 0.7727812249999999
0 0.3021129375000001 0.2624289791666667 0.2833499293513817 0.2623631299028878 0.28233997848295955 0.7739616312592309 0.3011029866315779 0.7740274805230098
0 0.33573370312500017 0.2163087666666667 0.30516532519404593 0.21617389008849436 0.30376918125 0.7787010874999999 0.3343375591809542 0.7788359640781722
0 0.3675426250000001 0.21425189583333337 0.33823651929530885 0.21393645847310558 0.33484057242030885 0.7748337501397722 0.36414667812500007 0.7751491875000001
0 0.41832578252652386 0.23569096798856176 0.3706507363048154 0.23522952108335787 0.3676982843750001 0.7775171458333335 0.41537333059670856 0.7779785927385373
0 0.4698237112946465 0.2375632819912797 0.4218604375 0.23643649166666675 0.4146951522152622 0.778657910697645 0.46265842600990875 0.7797847010222579
0 0.5202709443731232 0.21753801846633902 0.47415689802104727 0.2162569362639476 0.4653677718750001 0.7787010875000001 0.511481818227076 0.7799821697023915
0 0.5674941827141902 0.21753369122054608 0.521868694663121 0.21629997954720911 0.5133145843750001 0.7787010875000001 0.5589400724260694 0.7799347991733371
0 0.6169105270444498 0.24355577278729354 0.5698689278490241 0.24234944747686382 0.5621493281250001 0.7775171458333335 0.6091909273204259 0.7787234711437632
0 0.6669378100647914 0.2437773768452536 0.618975278125 0.24235641250000006 0.6100183129011987 0.779830191646518 0.6579808448409901 0.7812511559917715
0 0.7379759847526269 0.25209356260503796 0.6749132343750002 0.24946031250000011 0.6624582474797063 0.7797357925789683 0.725520997857333 0.7823690426840062
0 0.8018835687499999 0.23998845000000013 0.7379645176674055 0.23817193963550284 0.7293808561260307 0.7751326345416027 0.7932999072086252 0.7769491449061
0 0.8665705986096774 0.23933217658695358 0.7999635789391564 0.23877347067446683 0.797429845954479 0.7757744190875135 0.8640368656250003 0.7763331250000003
0 0.9377328593750001 0.23998845000000016 0.8711526228734432 0.23804186112863224 0.8622736634984431 0.7779385194619657 0.9288539 0.7798851083333336