0 0.15176098829351195 0.8178917142980277 0.10518391359160939 0.3601777968450249 0.08139480029809744 0.3625985825469971 0.127971875 0.8203124999999998
0 0.17767556558040276 0.8275697166773256 0.13117822920386515 0.35867039856694916 0.1043765625 0.36132812499999994 0.1508738988765376 0.8302274431103764
0 0.22089361257501533 0.8111548584264725 0.17663324780685108 0.37499869826493754 0.13985057273183576 0.37873133983846496 0.18411093750000002 0.8148875
0 0.2534999149117835 0.8086747306703186 0.21229538773473391 0.3745434524947639 0.18004218750000003 0.37760468750000004 0.22124671467704954 0.8117359656755548
0 0.2955994413248427 0.8198093991487738 0.2531241138155163 0.2966507900562704 0.2077935923986185 0.3003311820251443 0.2502689199079449 0.8234897911176476
0 0.3184781138067433 0.8079909381310261 0.28743750000000007 0.35915781249999995 0.2623075981685999 0.3608957581488492 0.2933482119753431 0.8097288837798754
0 0.3470630327208152 0.8000741538199192 0.3167265625 0.32769062499999996 0.28883071727918475 0.32948209618008073 0.3191671875 0.8018656249999999
0 0.38694314412944697 0.7955043414121631 0.36228906250000004 0.34613749999999993 0.3224990177348922 0.34832054271983104 0.34715309936433913 0.7976873841319942
0 0.4193218041256774 0.7741486277833205 0.39723910544538915 0.3443834048931906 0.36310156250000003 0.3461375 0.3851842611802883 0.7759027228901301
0 0.4479170042337996 0.7842754976132913 0.42656250000000007 0.3450515625 0.39739156086290234 0.3464698161367158 0.41874606509670187 0.7856937512500071
0 0.4729375 0.776909375 0.45585312499999997 0.3439671875 0.4274975742329623 0.34508612872731026 0.44458194923296235 0.7780283162273102
0 0.5105407825541874 0.7907882988711249 0.49490625 0.33094687500000003 0.4575824870132389 0.33221587678446046 0.47321701956742634 0.7920573006555853
0 0.5421034285580044 0.7916079998414511 0.534762369152149 0.3422994458602785 0.49915312500000003 0.34288125 0.5064941844058555 0.7921898039811726
0 0.5682149937984469 0.7790695904193228 0.5632484375000001 0.33745624999999996 0.5357662631037059 0.33776532527887027 0.5407328194021527 0.779378665698193
0 0.6006750000000001 0.786675 0.5957885967042074 0.33929780532398035 0.564898799155097 0.3396351940204687 0.5697852024508897 0.7870123886964884
0 0.6275234375000001 0.7845046875 0.625896875 0.33745625 0.5992479641592408 0.3375532106767486 0.6008745266592407 0.7846016481767487
0 0.654371875 0.33637187500000004 0.629386179478677 0.3359524723176787 0.6220403518168494 0.7735763146228007 0.6470260473381723 0.7739957173051221
0 0.7121375000000001 0.333115625 0.6595854451711644 0.33152759776418134 0.6463963873372337 0.7679886828110558 0.6989484421660694 0.7695767100468744
0 0.77153125 0.3287765625000001 0.7155597438099545 0.326612727656337 0.6984952477682447 0.7680168156927578 0.7544667539582902 0.7701806505364209
0 0.7837343750000001 0.32986093750000006 0.7715699606465772 0.32951806523392735 0.7593265625000002 0.7638890625000001 0.7714909768534229 0.7642319347660729
0 0.8236015625 0.3266062500000001 0.7897763557008657 0.32527468797439496 0.772640063852502 0.76058194696431 0.8064652706516364 0.7619135089899152
0 0.8748578124999998 0.32443593750000005 0.8370335189580033 0.32251775245707026 0.8141646147418923 0.7734649377884757 0.8519889082838888 0.7753831228314055
0 0.9065875 0.32552031250000013 0.8801118129989227 0.323898776230095 0.8528411422977655 0.7691615527670146 0.8793168292988428 0.7707830890369197