0 0.17197076722442986 0.8754795020615628 0.1362261803835063 0.4143240094740575 0.1136359375 0.4160749999999999 0.14938052434092355 0.8772304925875052
0 0.19313906250000004 0.8689234375000001 0.16143912350844836 0.4127741944409392 0.13986562500000002 0.4142734375 0.1715655639915517 0.8704226805590609
0 0.2119358884707752 0.8761193437469601 0.18492500000000006 0.4330015625 0.1670172365292249 0.43409315625304 0.19402812500000005 0.8772109375000001
0 0.2308234375 0.8744078125 0.20906858462420894 0.43094651606440504 0.18692500000000004 0.4320328125 0.2086798528757911 0.8754941089355949
0 0.250853125 0.8772109374999999 0.22954374999999994 0.43084843750000007 0.20722810846750445 0.4319137876890986 0.22853748346750447 0.8782762876890986
0 0.2802055076586445 0.8759900031590522 0.257190625 0.35617968749999995 0.2295420522765424 0.3574038430000742 0.2525569349351868 0.8772141586591266
0 0.31093728276020777 0.8714580435966172 0.291696875 0.3562578125 0.2615056886544021 0.35738531730491296 0.28074609641460985 0.8725855484015301
0 0.33435579032455165 0.8774559116465331 0.31478281250000006 0.3586265624999999 0.2898817096754484 0.35956596335346663 0.3094546875 0.8783953124999998
0 0.36806279514536117 0.8786192270790238 0.354846875 0.42649218749999995 0.32185598435289287 0.42745652924059235 0.335071904498254 0.8795835688196162
0 0.4008880366501164 0.8784525421706594 0.38492656250000007 0.4261124999999999 0.3529838383498836 0.4272396453293405 0.36894531249999996 0.8795796874999999
0 0.4284737147296041 0.8683334398876672 0.4186671875 0.4249296874999999 0.38757967145650046 0.42561723371705307 0.39738619868610453 0.8690209861047204
0 0.45640937499999995 0.8757109374999998 0.44352812499999994 0.4237453124999999 0.41645362157678606 0.4245169496067384 0.42933487157678607 0.8764825746067386
0 0.481709375 0.8701078125 0.47594062499999995 0.44602343750000006 0.4470659651601484 0.4464162147485161 0.45283471516014845 0.8705005897485162
0 0.5243782774000683 0.8782233654205948 0.5163375000000001 0.3361296875 0.4745787397100674 0.3367490876326157 0.48261951711013557 0.8788427655532105
0 0.5660982294461986 0.8806592330448779 0.56383125 0.3340437500000001 0.5216463131516391 0.3342187036698846 0.5239132925978377 0.8808341867147625
0 0.5989875 0.3657296875000001 0.566946875 0.3657296875000001 0.5669468750000001 0.8772109374999999 0.5989875 0.8772109374999999
0 0.6228859375000001 0.34086562500000006 0.5998 0.34086562500000006 0.5998000000000001 0.8748421875 0.6228859375000002 0.8748421875
0 0.675271875 0.3337625000000001 0.6282184653206903 0.33368515207852817 0.6273250047963654 0.8772080197052947 0.6743784144756751 0.8772853676267666
0 0.7241062500000001 0.3325781250000001 0.6744173892666908 0.3317592393853208 0.6655276917691564 0.871173942730954 0.7152165525024656 0.8719928283456333
0 0.7952765625 0.3353453125000001 0.7303408160329121 0.3345611662267212 0.7237310500472677 0.8819208909064908 0.7886667965143556 0.8827050371797697
0 0.8643953124999999 0.3302109375000001 0.8014109692778237 0.32832815476913924 0.7848701004321621 0.8816664361819078 0.8478544436543383 0.8835492189127686