0 0.11349081854057194 0.8549967671978361 0.0790831718709996 0.2879492249642012 0.04076556505079796 0.292082662199463 0.07517321172037031 0.8591302044330978
0 0.14600038849659422 0.8546474155215675 0.11575420117557615 0.2866412506774068 0.083300271875 0.2897135416666667 0.11354645919601807 0.8577197065108274
0 0.21099347499999999 0.8680555541666668 0.1823063300860521 0.25919066865708484 0.11585235624999998 0.26475694583333337 0.14453950116394787 0.8736218313429155
0 0.25177529327430725 0.8488282072961615 0.22962347891467996 0.31048771109403306 0.20211537812499997 0.3125 0.22426719248462734 0.8508404962021284
0 0.27943015473115107 0.8477479816802826 0.2589646071510386 0.3095070294557845 0.23210232463527536 0.31132282529522437 0.25256787221538785 0.8495637775197226
0 0.3127391345851565 0.8466974936846924 0.29554473016941596 0.30835186045440915 0.260709128125 0.3103298625 0.27790353254074057 0.8486754957302833
0 0.34524512639797517 0.8476896389581497 0.3288794041099874 0.3085781836762234 0.29642150625 0.31032986250000005 0.3127872285379878 0.8494413177819263
0 0.3761582161359056 0.8519020340013267 0.3590181880839326 0.3109047853901247 0.3282250831393517 0.31263917805161917 0.3453651111913248 0.8536364266628211
0 0.4103367629555682 0.849020925860449 0.3980921613191152 0.306858735831953 0.365689596875 0.3081597208333333 0.3779341985114531 0.8503219108618293
0 0.4470614392650001 0.8489285095630411 0.43552245496832986 0.30591222966409076 0.40453828534994535 0.30708273141279113 0.41607726964661557 0.8500990113117415
0 0.473804554036142 0.8502529035810367 0.46808588892687303 0.30657269518093727 0.441242359375 0.3070746541666667 0.44696102448426894 0.8507548625667661
0 0.5169160809742401 0.8404921461888039 0.5095847843750001 0.30598958333333337 0.4729701349254386 0.306882402185091 0.48030143152467863 0.8413849650405614
0 0.5405173525910242 0.8397328691723057 0.5364335937500001 0.30598958333333337 0.5136385557354594 0.30629964312922126 0.5177223145764834 0.8400429289681935
0 0.5868913701895471 0.855355859460418 0.581181609375 0.30381944583333337 0.5396734360604529 0.30458337803958196 0.545383196875 0.8561197916666666
0 0.6291840281249999 0.8485243041666667 0.6275561879531789 0.3025196507295652 0.5870437625 0.302734375 0.588671602671821 0.8487390284371015
0 0.6910176500000001 0.17903645833333345 0.6446388905270275 0.1784448507709804 0.6397572905270275 0.8587833924376469 0.68613605 0.859375
0 0.7455288718750002 0.17686632083333345 0.6993771229663587 0.17578192787380859 0.6903284452807961 0.8604247605602544 0.7364801941894374 0.8615091535197793
0 0.77725928125 0.2864583333333334 0.7447401534834627 0.28525897928153093 0.7333061074938315 0.8364078090169451 0.7658252352603688 0.8376071630687476
0 0.8244481000000002 0.28537326250000017 0.7830257953562961 0.2830816875183907 0.7658744711410346 0.8342386728632404 0.8072967757847389 0.8365302478448499
0 0.8732641187500002 0.28428819583333353 0.8297246813581565 0.2811851637518591 0.8075617778870046 0.8340267130020922 0.8511012152788483 0.8371297450835665
0 0.919639334375 0.2799479166666668 0.8794864726809092 0.2763726481459088 0.8516290777219208 0.8325660245540369 0.8917819394160116 0.836141293074795
0 0.9643873500000003 0.29405382083333353 0.926689397643855 0.2896439976792277 0.8911017414481185 0.8304897800159324 0.9287996938042637 0.8348996031700383