0 0.19069869798766503 0.8010592362341683 0.1276164842003345 0.16615455229050988 0.011685690625 0.1866319458333333 0.07476790441233053 0.8215366297769917
0 0.2892167790211637 0.7952830930755737 0.24846049967814313 0.17133090222785133 0.13538360624999998 0.18446180416666666 0.17613988559302057 0.808413995014389
0 0.3299515695408418 0.7964979393475111 0.30026796865383115 0.24446594025287272 0.25826772187499997 0.24848090416666666 0.28795132276201063 0.8005129032613051
0 0.36719908125 0.7931857625000001 0.3450235842255581 0.24222070975435128 0.30302683437499994 0.2452256958333333 0.3252023313994418 0.796190748578982
0 0.3818662325669909 0.7916089320830189 0.3639119382096359 0.3148858138591304 0.3501155214473918 0.31580954568363334 0.3680698158047468 0.7925326639075219
0 0.39892949375000003 0.7931857625000002 0.38018391910293536 0.3138321985082639 0.3655788198989946 0.31484756957063254 0.3843243945460593 0.7942011335623688
0 0.450257909333134 0.786623265787172 0.44120735021253565 0.24455233539061597 0.38196563749999995 0.24631076249999997 0.39101619662059833 0.788381692896556
0 0.5022567312499999 0.24414062500000006 0.44462839687500005 0.24414062500000006 0.44462839687500005 0.7855902791666666 0.5022567312499999 0.7855902791666666
0 0.5478183500000001 0.23220486250000008 0.5073013223182975 0.23134926939326675 0.5007448856175355 0.7833194892092642 0.5412619132992381 0.7841750823159974
0 0.5917527656250001 0.23437500000000014 0.552919898343546 0.23241188207582292 0.5373827975672106 0.7787990937028605 0.5762156648486647 0.7807622116270377
0 0.621855975 0.17578125000000008 0.596868495809658 0.17416084255738 0.5747521074267745 0.7804640941113514 0.5997395866171166 0.7820845015539714
0 0.6454503843750001 0.17578125000000008 0.6236817491377266 0.17426501237689365 0.5999471906350077 0.7800556600106389 0.6217158258722812 0.7815718976337452
0 0.6763671968750001 0.20507812500000017 0.6473436927009051 0.20245023281787392 0.6180007847057394 0.7785834672161214 0.6470242888798345 0.7812113593982477
0 0.7089154317571269 0.20609412933530713 0.6796215968750001 0.20290798750000008 0.6443998908302893 0.778611641064516 0.6736937257124159 0.7817977828998228
0 0.7430824187500003 0.18229166666666682 0.7163815474525327 0.17904419109465147 0.6754799757387928 0.7769007670920719 0.7021808470362604 0.7801482426640873
0 0.7739992312500003 0.23003472083333348 0.7444139909209836 0.22602015490421665 0.7023422736538516 0.7772138224436933 0.7319275139828683 0.7812283883728102
0 0.8032888406250001 0.22352430416666683 0.7776243865236252 0.22030204577519885 0.7387149001900656 0.7712424690150443 0.7643793542914405 0.7744647274065122
0 0.8358328531250002 0.2387152791666668 0.8104239824457704 0.23447282379740703 0.7603047790617689 0.7681144677095683 0.7857136497409988 0.7723569230788281
0 0.8553592625 0.23654513750000022 0.837869931444098 0.2336068877078472 0.7878095629177813 0.7633386334720051 0.8052988939736831 0.7662768832641582
0 0.898480078125 0.18229166666666682 0.8764761748654207 0.17775815671325498 0.8083691581289143 0.7654294599027835 0.8303730613884935 0.7699629698561954
0 0.9253288875000003 0.18229166666666688 0.9008804622991496 0.17695106328562854 0.8289030651510292 0.7627305707974154 0.8533514903518797 0.7680711741784537
0 0.951364096875 0.1822916666666668 0.9278844544543265 0.17699769468560564 0.853281356855266 0.7652236363136298 0.8767609992759395 0.7705176082946908
0 0.9782129062499998 0.18120659583333346 0.9564072361340369 0.17595612899086535 0.877155964554633 0.7610899884888674 0.8989616346705958 0.7663404553313355