0 0.053001352347786426 0.9533829909925033 0.0284370846199228 0.05161674665820577 -0.0008673927278636274 0.052415005665702265 0.023696875 0.9541812499999999
0 0.07898935958701671 0.9612544963333127 0.06109375 0.055595312500000015 0.03017081319598151 0.056206342360025766 0.048066422782998205 0.9618655261933385
0 0.10176897391699628 0.966984599855687 0.09358889139721208 0.0877436655780783 0.05377656249999999 0.0881140625 0.06195664501978421 0.9673549967776086
0 0.13344687500000002 0.9650218749999999 0.11797087697722763 0.09080488209840902 0.08629531249999998 0.09136562499999999 0.1017713105227724 0.965582617901591
0 0.16190000000000004 0.9639375000000001 0.15374689130335267 0.09537365206371852 0.1188140625 0.0957015625 0.12696717119664738 0.9642654104362816
0 0.1927921875 0.9726093749999999 0.18051890605386095 0.05725124840585616 0.14238906250000002 0.057762500000000015 0.15466234394613906 0.9731206265941438
0 0.22043281250000007 0.970440625 0.21230057948959077 0.06289873833287234 0.1805984375 0.0631828125 0.1887306705104093 0.9707246991671277
0 0.25135465654469014 0.966959896862388 0.2456328064779924 0.17461091958670835 0.21389846243330224 0.1748400852243205 0.21962031249999997 0.9671890625000001
0 0.3058116105054006 0.17409577285598368 0.24888593749999996 0.17374531250000005 0.24398995199459947 0.9690057896440164 0.30091562500000013 0.96935625
0 0.3472631401745823 0.17271550469830915 0.2944125 0.17266093750000006 0.2935899848254178 0.969301682801691 0.3464406250000001 0.9693562500000003
0 0.3927796875 0.06318281250000005 0.3440015625 0.06318281250000005 0.3440015625 0.9606859375000001 0.39277968750000003 0.9606859375000001
0 0.4293668422973688 0.9648567169582206 0.4252806807873769 0.09986092444235586 0.38790156249999996 0.10003749999999997 0.39198772400999193 0.9650332925158647
0 0.4627014826046718 0.9692332086867248 0.45942936988955346 0.10423661140005533 0.423671875 0.104371875 0.4269439877151183 0.9693684722866696
0 0.5025281250000001 0.9758609375 0.4910273203618439 0.10069454567466196 0.4569179609617574 0.10114278624063577 0.46841876559991363 0.9763091780659738
0 0.5342328125000001 0.972609375 0.530980679929977 0.1042196539765198 0.49033437500000004 0.104371875 0.4935865075700231 0.9727615960234802
0 0.5708171875 0.9736921874999999 0.5691904644217339 0.10753949970892478 0.5236656249999999 0.10762499999999997 0.525292348078266 0.9737776877910751
0 0.6122765625 0.971525 0.6098342547557978 0.06631594316685568 0.5610609730101701 0.06644753637487576 0.5635032807543723 0.9716565932080201
0 0.6512984375000002 0.9747765625000001 0.6496734375000001 0.06426718749999999 0.6025142867977975 0.06435135315715325 0.6041392867977976 0.9748607281571534
0 0.679753125 0.9823640625 0.6789334917820377 0.1802168775848359 0.6480468750000001 0.1802484375 0.6488665082179624 0.982395622415164
0 0.7074010231863677 0.9745757372548314 0.7008890625 0.18350000000000002 0.6764927268136324 0.1837008252451685 0.6830046875000001 0.9747765625
0 0.7691781250000002 0.06860312500000008 0.7025275127192812 0.06848348853522249 0.7009009502192811 0.9746569260352226 0.7675515625000002 0.9747765625000001
0 0.8163345135408461 0.07081851902196021 0.7626734374999999 0.07077031250000007 0.7618545489591539 0.9823158559780399 0.8155156250000001 0.9823640625000001
0 0.8423437500000002 0.10762500000000008 0.8122671278080185 0.10759688923900716 0.8114535944659285 0.9780228082234634 0.8415302166579102 0.9780509189844564
0 0.868368721233867 0.09806681731033468 0.8325875 0.09786875000000012 0.8276917166255803 0.982300955078711 0.8634729378594473 0.9824990223890456
0 0.8960164299357032 0.10895979924205015 0.8691718749999999 0.1087078125000001 0.8610223328647466 0.9768917088860727 0.8878668878004499 0.9771436956281228
0 0.9293296875000003 0.10762500000000012 0.8878798473762757 0.10743025111696065 0.8838046875000002 0.9747765625 0.9252545276237247 0.9749713113830394
0 0.9488406250000004 0.18892031250000013 0.9236570507702115 0.18859793077504478 0.9138718076568662 0.9529942263020199 0.939055381886655 0.9533166080269753
0 0.9976187500000003 0.1769968750000001 0.9529074113170996 0.17695087613453195 0.9520921875000002 0.9693562500000003 0.996803526182901 0.9694022488654686