0 0.1607744703870601 0.22265078552712625 0.14456178205507608 0.2216712065349304 0.1125218750000001 0.7519531250000001 0.12873456333198413 0.7529327039921959
0 0.18900000000000014 0.2756078125 0.1613517292581854 0.2742352477963951 0.1377437500000001 0.7497828125000001 0.16539202074181483 0.751155377203605
0 0.2142702102839297 0.2766921484915272 0.18986248584049387 0.27560579507426414 0.16866093750000005 0.751953125 0.19306866194343592 0.753039478417263
0 0.23786549732315215 0.27649252959183546 0.21267918765039182 0.27554608395395086 0.19469531250000013 0.7541234375000001 0.2198816221727605 0.7550698831378847
0 0.26223264668481183 0.277563968875301 0.2378171875 0.2766921875 0.2206935593138672 0.756263392987256 0.24510901849867905 0.757135174362557
0 0.29668509013876887 0.23664943485028506 0.2650014780502755 0.2354411983399145 0.24513793987957935 0.7563231884995231 0.27682155196807273 0.7575314250098937
0 0.32324375000000016 0.23762968750000005 0.2940069295193678 0.23680594920850537 0.27930937500000014 0.7584640625000001 0.30854619548063256 0.7592878007914947
0 0.37053634836634214 0.2534083588576613 0.3257935717334669 0.25217387916176176 0.3118546875000001 0.757378125 0.35659746413287535 0.7586126046958995
0 0.41447159030101116 0.2525263840242819 0.3705350838981375 0.2515366243075944 0.3590400560971264 0.7618133652833127 0.4029765625 0.7628031250000001
0 0.458323235937963 0.2761628112140052 0.4127398431017739 0.2755511970215579 0.40621035716381115 0.7621915108075529 0.4517937500000002 0.7628031250000002
0 0.5014234375000001 0.2756078125000001 0.4583015625000001 0.2756078125000001 0.45830156250000015 0.76714375 0.5014234375000002 0.76714375
0 0.5527300648526399 0.7683747758800716 0.542084342561382 0.27908517508888153 0.4989136527087421 0.2800244617088098 0.509559375 0.7693140624999999
0 0.592546875 0.771484375 0.57784697732329 0.24762035908662233 0.5412632830639575 0.24864691663956023 0.5559631807406675 0.7725109325529378
0 0.6324447472725971 0.7691661083214232 0.6145140625000001 0.24848125 0.578683377727403 0.24971514167857672 0.5966140625 0.7704
0 0.6478703125 0.7758250000000001 0.635663165300133 0.26241833482269716 0.6259061812581598 0.262650324293239 0.6381133284580268 0.7760569894705419
0 0.6706939935917184 0.7752990888330946 0.6568090812495815 0.23719442452625428 0.636427587657863 0.23772033569315965 0.6503124999999998 0.775825
0 0.6820421875000001 0.7747390625 0.6689924324782401 0.2667447278064593 0.6592363706346689 0.266995349138905 0.6722861256564288 0.7749896838324457
0 0.7032101987711157 0.7753446072763881 0.6901408027455599 0.2437068027265616 0.6705993539744443 0.24418719545017367 0.68366875 0.775825
0 0.7625890625 0.7834203124999999 0.7518975254711127 0.229502661688108 0.7064147911829125 0.23038055452489442 0.7171063282118 0.7842982053367864
0 0.8000233026039878 0.7841149726940542 0.7934423756360316 0.28936859205818355 0.7641440730320438 0.2897583068641294 0.7707249999999999 0.7845046874999999
0 0.8317641039884951 0.7875324141489097 0.8268185401945148 0.27649029457749097 0.8032044362060198 0.27671881792858133 0.80815 0.7877609375000001
0 0.86754375 0.7921 0.858574241611915 0.22228567242955782 0.8301901077085901 0.22273247012279923 0.8391596160966751 0.7925467976932414
0 0.9026031250000001 0.79535625 0.8920221605648321 0.22002940022156725 0.8643690138845889 0.22053797541088235 0.874949978319757 0.7958648251893151