0 0.08162466071868696 0.8789894293557515 0.06358964711893952 0.3159387800358836 0.02694021452525257 0.3180257381801321 0.044975228124999996 0.8810763875000001
0 0.11901285312500001 0.8767361124999999 0.09988815665015431 0.3158837664312506 0.0640897441501543 0.31805390393125066 0.083214440625 0.87890625
0 0.220712890625 0.8734809041666668 0.14391368914472066 0.273099978562933 0.09883072114813092 0.28335224280931376 0.17562992262841023 0.8837331684130475
0 0.2601662605653323 0.8765414529762585 0.18096283627790993 0.27136523432187737 0.14697454027858559 0.2792732763715921 0.22617796456600794 0.8844494950259733
0 0.29810253901014205 0.8770868607851519 0.21773523655256155 0.2719496145959629 0.18204713639837997 0.28037571071743195 0.2624144388559605 0.8855129569066208
0 0.36252868715672093 0.8726648475622868 0.2678906683085437 0.2690655356677281 0.22019864165871947 0.2823590606287072 0.31483666050689674 0.8859583725232659
0 0.4674168854087003 0.8623624470484887 0.32542286418107663 0.28760084870357505 0.27861277187500005 0.3081597208333333 0.42060679310262367 0.8829213191782471
0 0.5046593968749999 0.8506944458333333 0.35407692139016256 0.264586882215153 0.3299868302417938 0.27558993060483167 0.48056930572663126 0.861697494223012
0 0.5389548727318463 0.8609302080966424 0.38386058833020725 0.2741473923578791 0.361769115598361 0.28452794676123677 0.5168634000000001 0.8713107625000001
0 0.581137821875 0.8637152791666668 0.4269694868155106 0.3293974709873762 0.40581588056551066 0.34024816265404295 0.559984215625 0.8745659708333334
0 0.610427434375 0.8626302083333336 0.45682685414932245 0.330280255027701 0.43567324477432245 0.34113095086103423 0.589273825 0.873480904166667
0 0.6607570614900486 0.8552385336593227 0.4872883890158538 0.2669512614916871 0.4483491650258051 0.28736376949903136 0.6218178375 0.8756510416666669
0 0.7131978701194737 0.8576599091086788 0.5430835098653837 0.2680030696111017 0.5037738959959102 0.2881643396690896 0.67388825625 0.8778211791666668
0 0.7684089588358979 0.8560542683127575 0.6156761724803405 0.34681870581127444 0.5748530917694428 0.36858561666518386 0.7275858781250001 0.8778211791666669
0 0.839345578513262 0.8615703765217341 0.6777181987242404 0.35167501389112427 0.6392527452109784 0.3733511665360569 0.8008801249999999 0.8832465291666668
0 0.8843589899843624 0.846740783815396 0.6975528875000002 0.28754340416666657 0.6580084381406379 0.3110283161846038 0.8448145406249999 0.8702256958333332
0 0.9412544050083594 0.8489044213687571 0.7609349511134191 0.2807848494933438 0.7205117763163154 0.3035940847786445 0.9008312302112558 0.8717136566540576