0 0.26049738729344746 0.7859704334235988 0.22638416664313973 0.246097200528378 0.19151959184969228 0.24830020460477914 0.2256328125 0.7881734375
0 0.295778125 0.7834374999999999 0.2698663826312828 0.24639939983561274 0.2309609375 0.2482765625 0.2568726798687172 0.7853146626643872
0 0.3206899833235957 0.7825045334266854 0.29932968750000005 0.273140625 0.2744132984986349 0.2741854996586087 0.29577359432223055 0.783549408085294
0 0.3410609375 0.7869890625 0.32549720505846286 0.27240286984396694 0.30110468749999997 0.273140625 0.31666841994153716 0.787726817656033
0 0.382190625 0.79498125 0.3694467250460335 0.27560352125808424 0.325078125 0.2766921875 0.3378220249539665 0.7960699162419158
0 0.419196875 0.7964609375000002 0.41146202588901337 0.27372842199307873 0.37125 0.27432343750000004 0.37898484911098673 0.7970559530069214
0 0.440530453231478 0.8258626466230501 0.43340312500000006 0.186709375 0.41030685229957653 0.18696692623812733 0.41743418053105447 0.8261201978611774
0 0.47691093750000013 0.2506437500000001 0.44139375000000003 0.2506437500000001 0.44139375000000014 0.7881734375 0.4769109375000002 0.7881734375
0 0.5106515625 0.24827656250000008 0.4786859375 0.24827656250000008 0.47868593750000005 0.790540625 0.5106515625000001 0.790540625
0 0.5435143616550767 0.32107046642323506 0.5124265625 0.32050000000000006 0.5043893505610284 0.7584911250667985 0.5354771497161052 0.7590615914900335
0 0.5710406310029976 0.3223543845232984 0.543503125 0.3216828125000001 0.5328359314970024 0.7590862404767018 0.5603734375000001 0.7597578125000001
0 0.6029937500000002 0.3216828125000001 0.573716861992118 0.3208328758303678 0.5608731609120781 0.7632465421211829 0.5901500489199603 0.7640964787908152
0 0.6360968750000001 0.32102343750000006 0.6048714369969694 0.31993128668755033 0.5895261244969694 0.7586656616875503 0.6207515625000001 0.7597578125
0 0.6829046875000001 0.26366875 0.6429769137048578 0.2618568586419844 0.6186300387048578 0.7983771711419844 0.6585578125 0.8001890625000001
0 0.7264109375000001 0.26366875000000006 0.687385116351393 0.2616747629900172 0.6598601163513929 0.8003872629900171 0.6988859375 0.8023812499999998
0 0.7681569308028986 0.24684974354585262 0.7290750000000001 0.24472500000000008 0.6988727566971015 0.8002565064541475 0.7379546875 0.80238125
0 0.8079718750000001 0.24550156250000016 0.7709561839187045 0.24334012255418092 0.7382311839187045 0.803771372554181 0.7752468750000002 0.8059328125