0 0.11338016487933403 0.9237467803578776 0.024538434473732516 0.30728860924028534 -0.028305792905601517 0.3149043288824077 0.060535937499999984 0.9313624999999999
0 0.1624423581913832 0.932086641398762 0.07678290414915731 0.30344619503457576 0.024935937499999998 0.3105109375 0.11059539154222589 0.9391513838641863
0 0.20430937500000002 0.9369984374999998 0.10898930793382089 0.18249614477076398 0.06238125000000001 0.188384375 0.15770131706617913 0.9428866677292358
0 0.3276368608266982 0.9264369450601124 0.2581099853018574 0.20566895555287332 0.12381406250000002 0.21862343750000007 0.1933409380248408 0.9393914270072392
0 0.44675900206535735 0.9035079409730367 0.38551199118952295 0.2040800204236794 0.2616794929872598 0.2149236972935114 0.3229265038630942 0.9143516178428687
0 0.48750762570544426 0.8800197511821137 0.4409992720216748 0.29818058896434396 0.401153125 0.30136562499999997 0.44766147868376943 0.8832047872177698
0 0.5632598574598907 0.882810472095309 0.5195061581887517 0.22746522491377616 0.4407015625 0.23272656249999998 0.48445526177113896 0.8880718096815329
0 0.6304328596299118 0.8659169170273717 0.5961311675074936 0.22737020854558043 0.52248125 0.2313265625 0.5567829421224181 0.8698732709817915
0 0.6622355663059716 0.860927938862401 0.6364671875000001 0.3116796875 0.6054505330079489 0.31313485626979143 0.6312189118139203 0.8623831076321924
0 0.6903442154834625 0.8563957546743861 0.67188125 0.309221875 0.6400317757678112 0.31029655302330994 0.6584947412512738 0.857470432697696
0 0.7118023875958279 0.857443501973983 0.6909250000000001 0.33306250000000004 0.6723163624041723 0.3338033730260172 0.69319375 0.8581843750000002
0 0.7279204478330431 0.8584155187601459 0.7130374999999999 0.331128125 0.6935455822467946 0.3316782940321443 0.7084285300798379 0.8589656877922902
0 0.8001308194230605 0.8594444640650287 0.7941937499999999 0.19923437500000002 0.7107658385079085 0.1999846169465461 0.716702907930969 0.860194706011575
0 0.8748906250000003 0.1945515625000001 0.7987501655822924 0.19414487689501117 0.7952439628655411 0.8505828781179277 0.871384422283249 0.8509895637229166
0 0.9602200190468915 0.18704544416263363 0.8860678907629957 0.18490436961627596 0.8669713142626245 0.8462787215031341 0.9411234425465203 0.8484197960494919