0 0.15926341879127232 0.7949016271820752 0.11524749362815853 0.2992718437072957 0.03160468749999999 0.30670000000000003 0.07562061266311378 0.8023297834747796
0 0.20734687499999999 0.778940625 0.18193721602123075 0.3186679480496597 0.12299531249999998 0.321921875 0.14840497147876927 0.7821945519503404
0 0.2597896662792892 0.7765534944900357 0.2374589558668347 0.3191943903178437 0.181596875 0.321921875 0.20392758541245448 0.7792809791721921
0 0.31392152257779465 0.7700125181437933 0.29699175721059107 0.32460040186704153 0.24286249999999998 0.3266578125 0.25979226536720357 0.7720699287767518
0 0.3663098723386414 0.7620051532465035 0.3511260023656984 0.32493256033422024 0.3014640625 0.3266578125 0.316647932472943 0.7637304054122832
0 0.41600312500000014 0.7647328124999999 0.40756760640289647 0.32682454021458773 0.3547390625 0.32784218749999994 0.36317458109710365 0.7657504597854121
0 0.46047254529872417 0.7660869067362179 0.4461921875 0.27693124999999996 0.40801046513047473 0.27804592310926424 0.42229082292919895 0.7672015798454822
0 0.5058838323833221 0.7624762823868759 0.48969903315226465 0.27690224277205433 0.4532953124999999 0.278115625 0.46948011173105736 0.7636896646148216
0 0.5333462746095947 0.7483948745606405 0.5181125 0.33139375000000004 0.49222403789040536 0.3323395004393594 0.5074578125 0.7493406249999999
0 0.5616271904642918 0.7471720411459977 0.5472296875 0.33143906250000005 0.5171396072934364 0.3324811304648287 0.5315371102577281 0.7482141091108263
0 0.594511024983619 0.7558298031434482 0.5837999294156604 0.27615838697184125 0.5491890625 0.27693124999999996 0.5599001580679586 0.7566026661716068
0 0.6237734375 0.7493406250000001 0.6193343750000001 0.2792984375 0.5846981539550843 0.27962554079853574 0.5891372164550842 0.7496677282985357
0 0.6548817408266872 0.750277310789302 0.6507453125 0.31972031250000005 0.6184043897787171 0.32003101679556845 0.6225408181054044 0.7505880150848704
0 0.683978706292399 0.7467663345719859 0.6805984375000002 0.31481875000000004 0.653047331479806 0.31503435519656203 0.6564276002722049 0.746981939768548
0 0.7132453125 0.31711718750000006 0.6823751894444532 0.3170677185127199 0.681688181999484 0.7457808483404121 0.7125583050550308 0.7458303173276922
0 0.7445281250000002 0.3171859375 0.714358710372188 0.3168068110251453 0.708998199205348 0.7433755017803559 0.7391676138331602 0.7437546282552107
0 0.7708625 0.2676375000000001 0.7445322030538961 0.26720886644859243 0.7367805506323915 0.7433809006043827 0.7631108475784955 0.7438095341557903
0 0.7809328125000001 0.4059859375000002 0.7685508734506856 0.40575127198213334 0.7622644259489694 0.7374506648479485 0.774646364998284 0.7376853303658153
0 0.8120093750000004 0.2721953125000002 0.7862710748522533 0.271646555441751 0.7762891773722069 0.7398265442426043 0.8020274775199538 0.7403753013008535
0 0.8411750000000001 0.2715437500000001 0.8147304923285702 0.2705987361151822 0.7979945548285702 0.7389237361151823 0.8244390625000001 0.7398687500000001
0 0.8724250000000001 0.26893906250000016 0.8448494885125634 0.267844990049008 0.8261651135125632 0.738774677549008 0.853740625 0.7398687500000001
0 0.8987921875 0.2663359375000002 0.870806682473097 0.26488033775031583 0.8461171032597555 0.7395646342658608 0.8741026082866584 0.7410202340155452