0 0.07553210625000004 0.9970739125 0.016778495209326765 0.37840341848407505 0.0026304718750000066 0.3807920458333333 0.06138408291567328 0.9994625398492584
0 0.097327440625 0.9960718291666667 0.03645081875000004 0.27857944583333333 0.0183893815237809 0.2813037966357926 0.07926600339878086 0.9987961799691261
0 0.13941498437500002 0.998076 0.09831554323955889 0.36281056292788433 0.05523990000000001 0.36776495000000003 0.09633934113544114 1.0030303870721158
0 0.207807240625 0.9990780833333334 0.18052176255842306 0.425072491683309 0.11160714375 0.4308962625 0.13889262181657697 1.0049018541500243
0 0.23862133124999999 0.9950697458333334 0.21074270455335778 0.2395840862500829 0.18150252500000003 0.24150232500000002 0.20938115169664223 0.9969879845832506
0 0.26195727812499275 0.9950672457941739 0.23782853585246672 0.35163414360864065 0.22133537812500004 0.3527336875 0.24546412039752613 0.9961667896855334
0 0.2994979562500001 0.9970739125 0.27469636875000014 0.002004166666666664 0.23483261216475032 0.003770536558345468 0.25963419966475026 0.9988402823916789
0 0.34494760298913935 0.996903706102118 0.32803563103065825 0.0047377786071852316 0.28596981874999994 0.0060125041666666676 0.30288179070848104 0.9981784316615995
0 0.36789021250000004 0.005010420833333391 0.335572990625 0.005010420833333389 0.33557299062500007 0.998076 0.3678902125000001 0.998076
0 0.40471681249999997 0.005010420833333398 0.372399590625 0.005010420833333394 0.37239959062500005 0.9970739125 0.4047168125000001 0.9970739125
0 0.434779340625 0.0040083375000000716 0.4122829887129679 0.003555238847303523 0.4010095418379679 0.9986249846806369 0.42350589375 0.9990780833333335
0 0.465597086304206 0.0028132375349162668 0.4415434093750001 0.002004166666666742 0.4227022649788091 0.9978214524885265 0.446755941908015 0.9986305233567762
0 0.5099356656250003 0.006012504166666762 0.47247938243793364 0.003994657398684242 0.44237398221426344 0.9974729325846887 0.47983026540133 0.9994907793526713
0 0.5632966562500001 0.26154401250000014 0.5094051877847712 0.2574155279575408 0.47765306679316577 0.9942663439139618 0.5315445352583946 0.9983948284564212
0 0.6211670281250001 0.004008337500000114 0.5845228921407594 0.0005606365060772648 0.5317682375627681 0.9973723873910529 0.568412373547009 1.0008200883849758
0 0.659496753125 0.0020041666666667773 0.6320015394827154 -0.0010292777252309815 0.5701016110663942 0.9964150859132285 0.5975968247086788 0.9994485303051263
0 0.6978264781250002 0.004008337500000122 0.6671817690286682 0.0004284923182880984 0.6016836324641592 0.997204728651404 0.6323283415604912 1.000784573833116
0 0.7286405718750003 0.00601250416666681 0.7100190327220391 0.0036574088037350924 0.6393525544267324 0.9969975799558284 0.6579740935796936 0.9993526753187602
0 0.7203733781250002 0.32968574583333343 0.7047401374442861 0.32808715872130406 0.6662608218750001 0.9970739125000002 0.6818940625557142 0.9986724996120295
0 0.776740621875 0.24951900000000016 0.728270440955428 0.24378596780453154 0.6782415564473526 0.995735256498356 0.7267117373669246 1.0014682886938246
0 0.8173786942795385 0.004188834512625779 0.797238772009284 0.0018537683170992026 0.7323983875000001 0.9960718291666669 0.7525383097702546 0.9984068953621935
0 0.8819594750000002 0.07515632500000015 0.8210110913718326 0.06605823285654314 0.7431987529275826 0.9927553283160272 0.8041471365557502 1.0018534204594842
0 0.9007485562499999 0.1402918083333335 0.8822097815604721 0.13741960378230714 0.8074324417443115 0.995470688534491 0.8259712164338394 0.9983428930855175
0 0.9247985812500001 0.14129389166666687 0.9086877231319874 0.13867178017574228 0.8302030395685256 0.9959660168273713 0.8463138976865382 0.998588128318296
0 0.9473454781250001 0.13928972083333352 0.9328503217028425 0.13678354890158842 0.8493237880040446 0.9956269372075536 0.8638189444262023 0.9981331091392985
0 0.9676376875000005 0.14329805833333353 0.951485104574928 0.14045022001885374 0.866699769192269 0.9953690176737477 0.8828523521173415 0.9982168559882276
0 0.98792989375 0.13928972083333352 0.9759033062842988 0.1370714522970365 0.8869930463237747 0.9940257243275504 0.8990196337894758 0.9962439928638475
0 1.0043071147193818 0.1424877423550407 0.9842962290876878 0.13924113852624456 0.9060095 0.9970739125000001 0.926020385631694 1.0003205163287963
0 1.0112964014257548 0.24090067994094147 0.99845178125 0.23849607083333352 0.9186180982189794 0.9966203710149653 0.9314627183947343 0.9990249801225732