0 0.0976765750000001 0.10437261666666667 0.02376360202622361 0.10142871409887341 0.006577783325089359 0.8685162707990318 0.08049075629886585 0.8714601733668251
0 0.17500555595788486 0.10522115678171753 0.09375344597121722 0.1021169695798792 0.07735269375000009 0.8652987333333333 0.15860480373666772 0.8684029205351717
0 0.21721374000549992 0.0599480816785922 0.176533234375 0.058847120833333356 0.1642069516789376 0.8685469830012191 0.20488745730943755 0.869647943846478
0 0.2579412160847508 0.14660988290661725 0.217993953125 0.14556235000000006 0.20728200763354648 0.8717772933283062 0.24722927059329725 0.8728248262349235
0 0.2992894781250002 0.15748569166666673 0.2562366091731144 0.15704480187172817 0.2521380718750001 0.8685505541666666 0.29519094082688585 0.8689914439616051
0 0.3416239100506281 0.15747373473754128 0.298476521875 0.15640175000000006 0.28857104044086224 0.8651940179621299 0.3317184286164903 0.8662660026996711
0 0.3773490303560307 0.14091369472499565 0.33912428437500003 0.14014264583333338 0.3309094029364491 0.86414747647887 0.3691341489174798 0.8649185253705323
0 0.409851390625 0.13580688333333338 0.3708593251992673 0.13526289859517018 0.36513885312500005 0.8642147916666667 0.4041309185507328 0.8647587764048299
0 0.4423756909494213 0.8674041914381497 0.4415516489632057 0.14224813050027035 0.4106532611387845 0.14231055156212075 0.41147730312500014 0.8674666125000001
0 0.5204186235353706 0.03946697577706607 0.43587034195498486 0.03931586159506031 0.4350520684196142 0.8532242774846608 0.5196003499999999 0.8533753916666666
0 0.6065865625000002 0.04909165833333343 0.5236832960170662 0.04745516524269166 0.51472261875 0.8544593291666664 0.597625885232934 0.8560958222573084
0 0.6870872420294136 0.05413059187160392 0.6057736093749999 0.052343479166666776 0.5959524881916627 0.8467631040735184 0.6772661208460764 0.8485502167784555
0 0.7635469308997542 0.06279842729638588 0.6846302687499999 0.061015000000000104 0.6747104407640017 0.8413748439338865 0.753627102913756 0.8431582712302723
0 0.8114512875000004 0.15531781250000015 0.7610633502043705 0.15457013765749508 0.7553726627043703 0.8363686084908284 0.8057606000000002 0.8371162833333335
0 0.8456221011766276 0.8335845058934053 0.8431476036218383 0.15612202476955916 0.8000342836952108 0.156401981376154 0.8025087812500002 0.8338644625
0 0.88217839375 0.8327805249999999 0.8698708782354551 0.05166349408479466 0.8341336986072527 0.05266453547167983 0.8464412141217975 0.8337815663868849
0 0.909075804991639 0.8320199030208209 0.8975494566915702 0.06359678007026341 0.8690261360749311 0.0643574020494425 0.880552484375 0.832780525
0 0.9415241281250001 0.8316965833333333 0.9268909343750001 0.09678503333333334 0.8855456886238793 0.09824858177251933 0.9001788823738792 0.8331601317725194
0 0.9748599534100693 0.8291426760688385 0.9699775625000001 0.097868975 0.9333830010381737 0.09830333178865652 0.9382653919482429 0.829577032857495