0 0.10595812187500002 0.7779947916666667 0.07717161015446901 0.22405982617854733 0.03598849375 0.2278645833333334 0.06477500547053101 0.7817995488214529
0 0.14347946710790824 0.7754242341122974 0.11373430924049177 0.2255532846467117 0.078417459375 0.22894965416666666 0.10816261724241646 0.7788206036322524
0 0.1849535471162918 0.7829640134432414 0.16031883105315042 0.22881923005035557 0.117479959375 0.2322048625 0.14211467543814135 0.7863496458928858
0 0.23046876327167834 0.7819392842796528 0.2066554896443654 0.23108654964630085 0.163866678125 0.234375 0.18767995175231295 0.7852277346333519
0 0.283943999460767 0.7883764697050272 0.24935373563602276 0.17359091142782465 0.20773979716695243 0.17775333728995021 0.24233006099169668 0.7925388955671528
0 0.319291143636293 0.7865155776132193 0.2887876737456546 0.17659746399629295 0.24915177187500004 0.18012152916666666 0.2796552417656385 0.7900396427835931
0 0.345156609375 0.7888454874999999 0.3182260291585893 0.171737424049117 0.2939003787547187 0.1736246609661492 0.32083095897112945 0.7907327244170321
0 0.36712381562499996 0.7888454874999999 0.34097564859810103 0.17312137906392394 0.31984371519380506 0.17471678718529565 0.345991882220704 0.7904408956213715
0 0.42734714921043027 0.794830774317127 0.40854507210321944 0.17230039241274844 0.34371694062499997 0.17578125 0.3625190177322109 0.7983116319043785
0 0.46397815440029 0.792770093442746 0.4524834187695517 0.23103096972151066 0.42021433437500005 0.23220486250000003 0.4317090700057383 0.7939439862212353
0 0.4957148848702088 0.7925566691143106 0.4867088580011121 0.23240664288833937 0.4558062499999999 0.2332899291666667 0.46481227686909665 0.7934399553926379
0 0.572964690625 0.19205729166666677 0.49996694062499997 0.1920572916666667 0.49996694062499997 0.7953559041666666 0.572964690625 0.7953559041666666
0 0.663365128125 0.1974826375000001 0.5870437625 0.19314236250000008 0.5676966561397999 0.7979571176541823 0.6440180217647999 0.8022973926541823
0 0.7666923656250001 0.20073784583333348 0.6780429632016767 0.18872783866281378 0.631562385115153 0.7986600080105742 0.7202117875384764 0.8106700151810939
0 0.8749012062500002 0.20290798750000016 0.7830019162622126 0.18575330775136986 0.7182295688561228 0.8026275704725699 0.8101288588439102 0.8197822502212003
0 0.9506187000000003 0.19205729166666682 0.8894270461769036 0.17853369494208884 0.8105678923880187 0.8128846019228956 0.8717595462111154 0.8264081986474736
0 1.0216088037217141 0.19628768999730262 0.959374168924262 0.18096040354434456 0.8717623072660367 0.8133828171075771 0.9339969420634887 0.8287101035605351