0 0.17807500000000018 0.13200468750000008 0.13561482355222682 0.11833723535756122 -0.015736871404173236 0.5885360409976859 0.026723305043600144 0.6022034931401247
0 0.22472343750000007 0.14338125000000007 0.18205416938895314 0.1297291621219014 0.03071363310703896 0.6027403217586782 0.07338290121808591 0.6163924096367769
0 0.25059375000000017 0.20086406250000008 0.21673793799244936 0.18999435365590686 0.07925200049244925 0.6182209161559069 0.11310781250000006 0.6290906250000001
0 0.30201250000000013 0.2101484375000001 0.26661758221922044 0.19879377933738965 0.12803416199772227 0.6307881814825158 0.16342907977850196 0.6421428396451263
0 0.3366484375000002 0.2160578125000001 0.3063330493727829 0.20647059680810304 0.16824579139118534 0.6431113229235472 0.19856117951840263 0.6526985386154444
0 0.39133722824768585 0.12875225357962572 0.3610350488470927 0.11961975279317001 0.19896668795617964 0.6573721890327594 0.2292688673567728 0.6665046898192151
0 0.42849843750000005 0.1373218750000001 0.3988296390831016 0.12812111618069572 0.23137033180817848 0.668110972250936 0.26103913022507697 0.6773117310702403
0 0.4803671875000002 0.15122031250000012 0.4390976441731354 0.1385520153408922 0.27261507435673493 0.6809026992499795 0.31388461768359976 0.6935709964090874
0 0.5314484375000001 0.1649078125000001 0.48539967234426584 0.15120956719986559 0.3232992990374298 0.69613498344935 0.36934806419316424 0.7098332287494845
0 0.5895518019881006 0.24057930519347287 0.5370416136505014 0.22586646437172728 0.400450297869037 0.7133614222702939 0.4529604862066362 0.7280742630920394
0 0.6404515625000002 0.2547750000000001 0.5894220418003513 0.24083795841732497 0.45591422930035125 0.729667645917325 0.5069437500000001 0.7436046875000001
0 0.6787921875000003 0.2594312500000001 0.6473774398578209 0.2509075368009297 0.511269732443244 0.7525421156193276 0.5426844800854234 0.761065828818398
0 0.7256078125000002 0.2764687500000001 0.6816683492058615 0.26439739145703617 0.5451061695768107 0.7614805373035943 0.5890456328709494 0.7735518958465584
0 0.7272157162643229 0.3208051771216301 0.7170400172533384 0.3179641834305496 0.5906982750519941 0.7704873781143539 0.6008739740629786 0.7733283718054343
0 0.7829059294624419 0.28303213812486694 0.7412970886231054 0.27167435345040214 0.6036224091606637 0.7760406528255354 0.6452312500000001 0.7873984375000002
0 0.82909375 0.2929656250000002 0.7874044879498387 0.2819328289583254 0.6524904254498386 0.7917281414583255 0.6941796874999999 0.8027609375000002
0 0.8799146704897378 0.3107635103260324 0.8389736288957087 0.3001326294417114 0.706902708405971 0.8087566191156791 0.7478437500000001 0.8193875
0 0.9341977004441449 0.3816622532058438 0.86736875 0.36388125000000004 0.7476563322078427 0.8138139755928699 0.8144852826519875 0.8315949787987138
0 0.9800343749999998 0.36149375000000006 0.9501797120565987 0.3534421329967329 0.8199281495565988 0.8364030704967329 0.8497828124999998 0.8444546875000001
0 1.0104134409184973 0.37070646629136067 0.9813269178965637 0.36296356899185084 0.8526369144780667 0.8463930402004906 0.8817234375000002 0.8541359375000003