0 0.11007343750000002 0.7704 0.06394004879424653 0.28037731231825236 0.010871875000000003 0.2853734375 0.0570052637057535 0.7753961251817476
0 0.16626759447693346 0.7678378800762601 0.12745589341877883 0.2788529488310519 0.0726484375 0.283203125 0.11146013855815459 0.7721880562452081
0 0.211876244619495 0.7632304016393964 0.17909373468826717 0.2812041069188988 0.13375625 0.28428749999999997 0.16653875993122785 0.7663137947204974
0 0.2622334552243081 0.7609001520375765 0.23274325762906883 0.2790984441932428 0.1833984375 0.28211875000000003 0.21288863509523925 0.7639204578443338
0 0.31021875 0.7584640625 0.2864448692061423 0.2806673124235509 0.23548125 0.283203125 0.25925513079385765 0.7609998750764491
0 0.3565953125 0.757378125 0.34027010514652306 0.28278248101814357 0.29651718749999995 0.2842875 0.3128423948534768 0.7588831439818565
0 0.4014243082752545 0.7542325701564183 0.38989902028996193 0.2821352730557084 0.3461578125 0.28320312500000006 0.3576831004852926 0.75530042210071
0 0.4493852302654428 0.7612292054766455 0.444447421130066 0.2848523304759868 0.39417343749999995 0.2853734375 0.3991112466353768 0.7617503125006588
0 0.5079315176441739 0.7627208972872767 0.5071108005619636 0.22669024987776823 0.448696875 0.22677968750000002 0.44951759208221037 0.7628103349095083
0 0.5388953125 0.28103281250000006 0.5113609375 0.28103281250000006 0.5113609375000001 0.7530375 0.5388953125 0.7530375
0 0.5657471378290981 0.7464883743469884 0.5649311785819673 0.2788215667750729 0.5388991069686208 0.27886698609757127 0.5397150662157515 0.7465337936694868
0 0.6104921875000001 0.2799484375000001 0.5691566854939266 0.2795119341069811 0.5642712625533824 0.7421461609859846 0.605606764559456 0.7425826643790036
0 0.6552406250000002 0.27886250000000007 0.6130235111464309 0.2781106058970399 0.6047968750000001 0.7400171875000001 0.6470139888535694 0.7407690816029604
0 0.6951078125000002 0.2777781250000001 0.6578622479733368 0.27698391390403815 0.6480830246455833 0.7355933381822877 0.6853285891722466 0.7363875492782496
0 0.7414828125 0.2777781250000001 0.700992247303916 0.27627084217304115 0.6837749653619215 0.7387835600935578 0.7242655305580057 0.7402908429205167
0 0.791925 0.2680125000000001 0.7505290122553733 0.266000792982237 0.7276515625000001 0.7367625000000001 0.7690475502446268 0.7387742070177632
0 0.8383015625000001 0.2604171875000001 0.7990268825330901 0.25809407584421695 0.771050464883871 0.7310652509741036 0.8103251448507809 0.7333883626298867
0 0.8822843750000005 0.22135468750000015 0.8450808063723289 0.21840237228686082 0.8048540870717955 0.7253189459314828 0.8420576556994671 0.7282712611446222
0 0.9229640625000002 0.21918437500000013 0.8874381406321659 0.21591910056009214 0.840640407044989 0.7250746578052661 0.8761663289128233 0.7283399322451741
0 0.9677125000000004 0.21809843750000013 0.9322278130944202 0.21458855318386277 0.8813623771256249 0.728834581570032 0.9168470640312052 0.7323444658861693