0 0.12043932187499999 0.9259993916666667 0.05176022826849754 0.0963995779031471 0.012316271875000001 0.10220473333333335 0.08099536548150246 0.9318045470968529
0 0.1423891125 0.9227475708333334 0.07942042136518243 0.10279160997944949 0.044021528125 0.1076244375 0.10699021925981755 0.9275803983538838
0 0.17013039988018833 0.9218472510697817 0.1053192421965811 0.10692215123459277 0.07595204544139278 0.1110742918314778 0.14076320312499999 0.9259993916666667
0 0.1911664281250001 0.9227475708333335 0.13761383995997417 0.09886158509634445 0.09930248437500001 0.10328867500000001 0.15285507254002595 0.9271746607369891
0 0.21961986250000004 0.9281672749999998 0.16547797536475267 0.10674187643210747 0.13019478437499998 0.11087625833333334 0.18433667151024732 0.9323016569012257
0 0.24644738437500005 0.9238315124999998 0.2041435184978187 0.15259946926157308 0.16515185937500002 0.15640175 0.20745572525218137 0.9276337932384268
0 0.275713775 0.9184118124999999 0.23344010000000007 0.15423387083333334 0.19855289906793022 0.15766485810230596 0.24082657406793015 0.9218427997689725
0 0.3092119822916045 0.9221460681297985 0.2860244063164986 0.10285170639831534 0.23425305625000004 0.10545655416666669 0.25744063222510594 0.9247509158981498
0 0.340313811005182 0.9239068372808678 0.3057931187499999 0.22143817083333334 0.2811904851282123 0.2235875429535346 0.3157111773833943 0.926056209401069
0 0.3759154317992852 0.9076946829526598 0.33424655312499996 0.232277575 0.2958294963257148 0.23649105871400672 0.337498375 0.9119081666666666
0 0.41391616875 0.9097402875 0.38708864374999996 0.23119363333333334 0.3423718052815723 0.23433667008254813 0.36919933028157226 0.9128833242492148
0 0.461237698116488 0.9132431817416947 0.4409865365310712 0.23820461791868908 0.3888457152136616 0.240985462363658 0.4090968767990784 0.9160240261866637
0 0.5085011403319634 0.9191127620325751 0.46318471103567527 0.24265015847398327 0.40480983671697235 0.2496022474427574 0.4501262660132605 0.9260648510013493
0 0.5506258125310184 0.9144327292599713 0.5049589775052655 0.24958942453077665 0.4433590324065714 0.2571115298928001 0.4890258674323242 0.9219548346219948
0 0.5724424437500001 0.9108242291666666 0.5399134516636585 0.1355499698761213 0.500968007669332 0.13845499153479313 0.5334969997556737 0.9137292508253385
0 0.6042730873883695 0.9182211431626258 0.5805719937500001 0.13472294583333333 0.5350222323337961 0.1371725390136187 0.5587233259721655 0.9206707363429113
0 0.6798240598879117 0.9141606511381162 0.6659322968750001 0.05559529999999999 0.5820264972223547 0.05800883422663005 0.5959182602352664 0.9165741853647462
0 0.7212888115376087 0.9159043673708921 0.706580059375 0.13797476666666667 0.6642308290873913 0.13939827012910802 0.67893958125 0.9173278708333334
0 0.7480612285623865 0.9124443583550177 0.7382626589581099 0.1361798550642663 0.706580059375 0.13689082499999997 0.7163786289792766 0.9131553282907513
0 0.7830004639269862 0.914985769502617 0.7805589875000001 0.06426682083333332 0.7455962028332193 0.06444520237696875 0.7480376792602054 0.9151641510462523
0 0.8163504176702819 0.9116581767935077 0.8122629355530814 0.13122134652335032 0.7854140147577995 0.13147133639650915 0.789501496875 0.9119081666666666
0 0.8716099750000001 0.1520659916666668 0.8148163202709935 0.1510979180576103 0.8074808303020916 0.9161623937144718 0.8642744850310983 0.9171304673235283
0 0.8976303521409434 0.14944698994277117 0.8699840656249999 0.14881417083333345 0.8600900392543023 0.917250265441846 0.887736325770246 0.9178830845512836
0 0.9358334406250002 0.15423387083333348 0.8976681458500888 0.15328475805285732 0.8870415360731666 0.91295131156025 0.925206830848078 0.9139004243407262
0 0.9700310585891156 0.1520129428179508 0.93420753125 0.15098205000000015 0.9218729020748766 0.9129880708932581 0.9576964294139921 0.9140189637112088
0 0.9997479843750003 0.1532258083333335 0.9665258809341711 0.15235261803923267 0.9553443687500002 0.9086563458333335 0.9885664721908294 0.9095295361274344