0 0.3090864622569408 0.0030347149422999802 0.2727690224337345 0.001375166508883476 0.24969920625000003 0.8989008833333332 0.28601664607320637 0.9005604317667497
0 0.34548603445475135 0.013446302881832125 0.308231984375 0.011153745833333385 0.2781522543015296 0.8801236800539917 0.3154063043812809 0.8824162371024904
0 0.37762553233127005 0.03137201867215577 0.3407183615490116 0.029252024648577273 0.3131097156250001 0.8837257208333333 0.35001688640725853 0.8858457148569119
0 0.3946354315218337 0.12076550363155795 0.3705219820907256 0.11944162798827697 0.3472538375000001 0.8728863166666668 0.37136728693110815 0.8742101923099477
0 0.4215573549190452 0.1316351473857524 0.39847001875 0.1303871833333334 0.37616495847919174 0.8639758703468721 0.39925229464823697 0.8652238343992911
0 0.4559435721153828 0.048637119645351085 0.4292962229710063 0.046919518849364766 0.4000959281250001 0.85229145 0.4267432772693766 0.8540090507959863
0 0.48107944634222227 0.06143312266132686 0.45544854692739456 0.0598863262456911 0.4285493625000002 0.8522914500000002 0.4541802619148279 0.8538382464156359
0 0.5089541384665182 0.08468986079197638 0.482204409375 0.08269380833333342 0.4503774284080276 0.8409576638912707 0.4771271574995458 0.8429537163499137
0 0.523901447623935 0.09778521078289944 0.5063288375200077 0.09666448624668035 0.47976554374999997 0.8371162833333335 0.49733815385392727 0.8382370078695527
0 0.5402015842309035 0.1106860289344044 0.5232451624427754 0.10961108196460047 0.4976505593750001 0.8273608208333336 0.5146069811631281 0.8284357678031374
0 0.5531517844337706 0.20929860284491333 0.5358594562500001 0.20843088750000008 0.5184559260288408 0.8250131350301739 0.5357482542126113 0.8258808503750872
0 0.5708508677603007 0.21800899704002535 0.5490183637938044 0.21695237265284897 0.5326076343749999 0.8197732375000001 0.5544401383414963 0.8208298618871764
0 0.5863709332835529 0.24917743847199134 0.573510296954018 0.24850761374462987 0.5569962937499999 0.8121856583333334 0.5698569300795349 0.8128554830606949
0 0.5993483128225984 0.2525083382373648 0.5848404351184795 0.25171026249631273 0.5675647125000001 0.810017775 0.582072590204119 0.8108158507410521
0 0.6189551479225232 0.18557487513512108 0.594392234375 0.18458420000000011 0.5803069403276495 0.805441808825216 0.6048698538751727 0.806432483960337
0 0.6377385754718328 0.20152288198249182 0.6175448071023819 0.20076656110788893 0.6049606531250001 0.7980944333333334 0.625154421494451 0.7988507542079364
0 0.6506213551916362 0.27833179172609485 0.6352627737013326 0.2777139178487694 0.6236586250000002 0.7905068500000001 0.6390172064903038 0.7911247238773256
0 0.6725996866721454 0.21992582521756462 0.6556980199494131 0.2192160440909395 0.6423565937500001 0.7840032083333335 0.6592582604727324 0.7847129894599586
0 0.687160297700627 0.2306317884399963 0.6733799667772088 0.23004617011765258 0.660241609375 0.7796674458333334 0.6740219402984182 0.7802530641556771
0 0.7050873085504181 0.23938748660079762 0.6904440511753326 0.23866732628604695 0.6756776957499145 0.7724436438519161 0.690320953125 0.7731638041666667
0 0.7179614343750002 0.2452848583333335 0.7082242240833567 0.2447227100415694 0.691101814647388 0.7719841424834021 0.7008390249390314 0.7725462907751661
0 0.7228926728237928 0.25326801222735174 0.71552256875 0.2528724416666668 0.6999823484522607 0.7676081556273918 0.7073524525260535 0.7680037261880768
0 0.7301779130132366 0.25539057533039033 0.72365211875 0.25504032083333344 0.7081759271300465 0.7676552252725373 0.7147017213932831 0.768005479769594
0 0.7408521639339372 0.32296992449650397 0.7293428062500001 0.3222446250000001 0.7135990152617686 0.7663852505133147 0.7251083729457056 0.7671105500098184
0 0.7480867456656268 0.3238579582962118 0.7374723593750001 0.32332856250000014 0.7252195684328895 0.7600725122497617 0.7358339547235162 0.7606019080459734
0 0.7562447375949082 0.3270472813178729 0.7464148687500001 0.3265803833333335 0.7348950581299964 0.757750384347198 0.7447249269749046 0.7582172823317374