0 0.09690122978103446 0.850841705505857 0.09599281768124895 0.3079183387129338 0.046253125 0.3080015625 0.0471615370997855 0.8509249292929233
0 0.14483840671834813 0.3134767025090431 0.09782452138472006 0.3133938354724347 0.0968875000000001 0.8450046874999998 0.1439013853336282 0.8450875545366083
0 0.19899687500000005 0.28971562500000003 0.14927549002184287 0.28963495273461043 0.1483859421726073 0.8378971200944187 0.19810732715076448 0.8379777923598082
0 0.247425 0.28971562500000003 0.19810781250000004 0.28971562500000003 0.19810781250000006 0.839084375 0.24742500000000006 0.839084375
0 0.3037701483149481 0.2897799175815538 0.2520642129749274 0.28971536770460643 0.25138281250000016 0.8355328125000001 0.3030887478400209 0.8355973623769476
0 0.3348475171366161 0.8319520753466391 0.33433906250000006 0.2923765625 0.3028804386776353 0.2924062066976391 0.30338889331425134 0.831981719544278
0 0.367542865265972 0.8319389684884368 0.36681088200783474 0.29204344514088115 0.33662187499999996 0.292084375 0.3373538582581373 0.8319798983475557
0 0.3996625 0.2932671875000001 0.3694734375 0.2932671875000001 0.36947343750000006 0.8343484374999999 0.39966250000000003 0.8343484374999999
0 0.43101875000000006 0.2944515625000001 0.4014390625 0.2944515625000001 0.40143906250000005 0.8288359375000001 0.4310187500000001 0.8288359375000001
0 0.47496406249999995 0.8301375 0.46980781250000003 0.2956359375 0.42895643871567524 0.2960300240861836 0.43411268871567515 0.8305315865861835
0 0.5106515624999999 0.8319796875 0.5101203124999999 0.27545000000000003 0.4769109125744908 0.2754817009031264 0.47744216257449085 0.8320113884031264
0 0.5443060530275543 0.8295208446129297 0.5426081295227129 0.2718616529773693 0.5115390625 0.27195625 0.5132369860048415 0.8296154416355606
0 0.5825718750000001 0.8236921875000001 0.581409375 0.29758593749999995 0.5443898839164181 0.29766773686730397 0.5455523839164181 0.8237739868673039
0 0.6473875000000001 0.2944515625000001 0.5879068880181123 0.2942555802529428 0.5861318880181122 0.8329680802529429 0.6456125000000001 0.8331640625000002
0 0.7024495794176971 0.8471631141675535 0.698884551979225 0.21014148889470183 0.6615818475615279 0.2103502497271482 0.665146875 0.847371875
0 0.7484015625 0.2115734375000001 0.7077656250000001 0.2115734375000001 0.7077656250000002 0.8426359375000001 0.7484015625000001 0.8426359375000001
0 0.8148078125 0.2988875000000001 0.7486111483567711 0.2986634808793812 0.7468344156556909 0.823680173922264 0.8130310797989198 0.823904193042883
0 0.8995685552793494 0.1872284268097546 0.835783227512018 0.18669587639637203 0.8304328125000001 0.8275328125000001 0.8942181402673317 0.8280653629133827
0 0.9671515625000001 0.2468046875000002 0.9013344619979499 0.24628681306466693 0.8967726368159017 0.8260530382239333 0.9625897373179519 0.8265709126592666