0 0.140154153125 0.8452690958333334 0.08198171421842403 0.23007275041612088 0.049934387499999996 0.2354600708333333 0.10810682640657596 0.8506564162505458
0 0.1745318561895665 0.8475914064064484 0.11939055548979897 0.22744091236698502 0.08238853124999998 0.2332899291666667 0.13752983194976748 0.8534404232061301
0 0.20768297812499997 0.8485243041666666 0.15693034384163124 0.22514922220490685 0.12317657500000001 0.23003472083333332 0.17392920928336875 0.8534098027950932
0 0.24266779062500005 0.8496093750000001 0.19381828628176903 0.22960972048760828 0.15979766875 0.23437500000000003 0.20864717309323103 0.8543746545123919
0 0.2985258968819837 0.84918841878758 0.263547225269226 0.2896681102594281 0.21432240937499997 0.29513888749999995 0.24930108098775766 0.8546591960281517
0 0.3217142664790253 0.8487536170604008 0.2922332379597189 0.29284377072994666 0.2678894 0.29513888750000006 0.29737042851930645 0.8510487338304541
0 0.3460121402504985 0.8510492214995291 0.31899418266551216 0.2909017458228611 0.29488881562499997 0.29296875 0.32190677320998634 0.853116225676668
0 0.3712166375 0.8517795125 0.34667625148725534 0.2910290001397509 0.32174428437499997 0.29296875 0.3462846703877446 0.8537192623602491
0 0.39577812822941233 0.8477696780496139 0.3719978187550329 0.2922113795876596 0.34778595000000007 0.29405382083333337 0.3715662594743795 0.8496121192952876
0 0.4152491162224778 0.8131246069950664 0.38746471250485265 0.27364651912437427 0.37196761629089814 0.2750654298575118 0.3997520200085233 0.814543517728204
0 0.4559131014861533 0.8553734169854063 0.4288650692237991 0.2224564445175339 0.38498039634828307 0.22579054951432953 0.4120284286106373 0.8587075219822018
0 0.4975056087596834 0.8541620187634608 0.4753317269355934 0.22218659869554802 0.4364903781250001 0.224609375 0.4586642599490901 0.8565847950679127
0 0.5381465444721011 0.8567600877193767 0.5184668357695128 0.22138535361117795 0.4796218874999999 0.22352430416666666 0.4993015962025882 0.8588990382748655
0 0.562482709544711 0.8577756944759835 0.5437210875 0.22135416666666669 0.5227218653105912 0.22245470760686678 0.5414834873553022 0.8588762354161835
0 0.5860581599978915 0.8564930932461916 0.5730107 0.21918402916666666 0.5493894627519258 0.22004374711505176 0.5624369227498172 0.8573528111945767
0 0.6055722809031171 0.858123331973666 0.5933464753638665 0.21896284003898536 0.5780561451051343 0.21948279041968508 0.5902819506443848 0.8586432823543658
0 0.6389155813722718 0.8563160788014126 0.6283263497680626 0.2186318724863642 0.5949670755008125 0.21961668340162704 0.6055563071050217 0.8573008897166754
0 0.658443627398457 0.8614362779024238 0.655184328125 0.21158854166666666 0.6383031643928725 0.21173906106886373 0.6415624636663294 0.861586797304621
0 0.6934248660724694 0.8626067852949412 0.6926099437500001 0.20833333333333334 0.658655737531754 0.2084085177736034 0.6594706598542234 0.8626819697352112
0 0.717017953125 0.2050781250000001 0.7031911133005926 0.2049868812769513 0.7007500311711523 0.8626141283746696 0.7145768709955598 0.8627053720977184
0 0.7544435656250001 0.2029079875000001 0.7213323581441112 0.20247242162412232 0.716448458622131 0.8625049880707306 0.74955966610302 0.8629405539466084
0 0.7772243750000001 0.20399305416666677 0.7625844220380079 0.2036376466493351 0.7536307713820249 0.8593157653632186 0.768270724344017 0.8596711728805503
0 0.8146677608114704 0.20315366700724613 0.7815636431977502 0.20190753078524384 0.7676557900191152 0.8587391737122982 0.8007599076328356 0.8599853099343006
0 0.8439395968750002 0.20073784583333348 0.8325765740739561 0.19999413352884737 0.808152918803845 0.8633965452052925 0.8195159416048892 0.8641402575097785
0 0.8976372187500002 0.19856770833333345 0.8468541068068196 0.19423972946202014 0.8146340944348855 0.8663450829186938 0.8654172063780662 0.8706730617900071