0 0.07291401875 0.8319803999999998 0.026463205900606957 0.23042763314768963 -0.004199944622343169 0.23463697151274124 0.04225086822704987 0.8361897383650515
0 0.10484731250000004 0.8340435625000001 0.05758854775475233 0.22755062837198053 0.0275470660698665 0.23171218148982045 0.0748058308151142 0.83820511561784
0 0.1436882761644578 0.8291620007705662 0.10249397033779391 0.2936849648590226 0.062259140625 0.2991876666666667 0.1034534464516639 0.8346647025782103
0 0.1771129375 0.8262310625 0.14108857510796227 0.295142361010611 0.10754227499999999 0.2991876666666667 0.14356663739203776 0.8302763681560558
0 0.21409084062500003 0.8272444791666669 0.17588688861560964 0.26658012701017475 0.141282659375 0.27077203750000006 0.17948661138439037 0.831436389656492
0 0.24937856249999996 0.8262310625 0.21398164606468156 0.2678655785339961 0.17768671874999997 0.2719560208333333 0.21308363518531842 0.8303215047993372
0 0.29961924854683375 0.8176198370205631 0.27695992763732385 0.2737455205727243 0.221194053125 0.2778759416666667 0.2438533740345099 0.8217502581145055
0 0.348286467706989 0.8121219771601915 0.33123870769491154 0.2785061401298776 0.279795746875 0.28142788333333335 0.2968435068870775 0.8150437203636471
0 0.39433539687499997 0.8177725583333334 0.376527336550984 0.2906045967011713 0.332182096875 0.2932677249999999 0.34999015719901594 0.820435686632162
0 0.42807578125 0.8236925 0.41296376336054746 0.265383711690278 0.37480150000000007 0.26722007916666674 0.38991351788945267 0.8255288674763887
0 0.465367771875 0.8284284208333333 0.45022665503417214 0.26548163640100386 0.41386929375000003 0.2672200791666667 0.4290104105908279 0.8301668635989962
0 0.5373629286001425 0.8248079697163601 0.524857396875 0.22459666666666664 0.45347945418560887 0.22724053298431449 0.4659849859107513 0.8274518360340078
0 0.6083411989355427 0.8235803946129593 0.6021036622943465 0.223284549207092 0.5310727375 0.2245966666666667 0.5373102741411963 0.824892512072534
0 0.6819957500000002 0.2129498125000001 0.6083767469449927 0.21143501165914153 0.6012929222434134 0.8234748237206614 0.6749119252984209 0.82498962456152
0 0.7264117125000003 0.23762049166666677 0.6856023827037573 0.23683155044793008 0.6792596045762556 0.8201044641984535 0.7200689343724985 0.8208934054171901
0 0.7982765176861715 0.22673604160752012 0.7382518782122378 0.22268354543778168 0.7148692765228952 0.838395026879153 0.7748939159968288 0.8424475230488915
0 0.8285206781250002 0.25182829583333344 0.7957803375969463 0.2497980781482869 0.7760519122662959 0.8153994852531999 0.8087922527943497 0.8174297029382465
0 0.8711400812500003 0.2506443125000002 0.8313757372552715 0.24796477821907872 0.8100084449806797 0.8116822147684334 0.8497727889754085 0.8143617490493548
0 0.9251598124999999 0.24810606250000014 0.8803494320032529 0.24360928934414597 0.8483737347148572 0.8100769861592163 0.8931841152116042 0.8145737593150705
0 0.96880956875 0.24827633333333352 0.9282266871358201 0.24393877375424125 0.8942369228655604 0.8092961383465986 0.9348198044797403 0.813633697925691