0 0.947214815625 0.9108242291666666 0.7917224695918976 -0.012640127262735164 0.7475127088159064 0.0005936712126796214 0.9030050548490088 0.9240580276420814
0 0.8862431718750002 0.9173278708333333 0.7545444187500001 0.02307709166666667 0.7063483994148234 0.03569568601259352 0.8380471525398235 0.9299464651792602
0 0.832588125 0.9162439291666667 0.709018925 0.04367195833333331 0.660586837080046 0.055865212928599264 0.7841560370800461 0.9284371837619326
0 0.7829978531249999 0.9259993916666668 0.659028343093872 -0.0015970423400272142 0.6426221002140944 0.002300962949905057 0.7665916102452222 0.929897396956599
0 0.7626739718750002 0.9249154541666667 0.6423565937500002 0.002482224999999971 0.6186839347524155 0.007971537249920531 0.7390013128774153 0.9304047664165871
0 0.736659403125 0.9270833333333333 0.635039996875 0.11521202083333335 0.6001072391885072 0.12298522011339158 0.7017266454385072 0.9348565326133915
0 0.69845050625 0.9205796916666669 0.604960653125 0.12605142083333337 0.5710143781239136 0.13315250599402467 0.6645042312489137 0.9276807768273582
0 0.6634934312499999 0.9238315125 0.5789460843749998 0.14231052916666667 0.5410564762700976 0.14959766604797012 0.6256038231450975 0.9311186493813035
0 0.6236586250000002 0.9227475708333336 0.5334205906250001 0.06751864583333331 0.4853656429770748 0.07653275529256728 0.5756036773520748 0.9317616802925675
0 0.5789460843749998 0.9303351541666667 0.500089425 0.09136533333333334 0.4566680466022758 0.09862092971064867 0.5355247059772756 0.937590750543982
0 0.5423630968750001 0.9281672749999998 0.4748878125 0.19325572499999996 0.44976414960046346 0.19735653909403858 0.5172394339754635 0.9322680890940384
0 0.5106578437499999 0.9303351541666667 0.453750975 0.19650754583333335 0.43500128713516883 0.19909243637907095 0.4919081558851687 0.9329200447124042
0 0.4887803446600705 0.9291297651381346 0.43424005 0.2030111875 0.41709569596492957 0.20530051819519865 0.471635990625 0.9314190958333334
0 0.465359005885518 0.9281917709847981 0.41391616875 0.18458420000000003 0.38767494411448195 0.1878115248485353 0.43911778124999995 0.9314190958333335
0 0.43836271202998345 0.9257234606585782 0.38627569062500006 0.198675425 0.35857732547001664 0.20220317684142192 0.4106643468750001 0.9292512125000002
0 0.41229025625000004 0.9325030333333333 0.3626999875 0.2062630083333333 0.3313287900914118 0.2100712530689524 0.38091905884141186 0.9363112780689524
0 0.38083973535191273 0.9317463481543763 0.34156315000000004 0.21276665000000003 0.3169497931032335 0.2151570215913835 0.3562263784551462 0.9341367197457597
0 0.35944816562500004 0.933586975 0.3179874468750001 0.22794181249999998 0.29610824796011587 0.23022719737019987 0.33756896671011577 0.9358723598701998
0 0.3375393183614916 0.930999518153056 0.29441174687500005 0.23119363333333337 0.2707951003885084 0.23378109018027757 0.313922671875 0.9335869750000003
0 0.3074690429945298 0.9348251034920767 0.277339684375 0.18891996249999998 0.22386459925454685 0.19275999804163255 0.2539939578740767 0.9386651390337093
0 0.2587646270292433 0.928601516005312 0.22531055000000003 0.22035423333333332 0.17884918859575666 0.22425575066135436 0.21230326562499996 0.9325030333333332
0 0.22043281874999998 0.9325030333333333 0.19003644584493967 0.23000901250903094 0.14776277084493972 0.2332608333423643 0.17815914375 0.9357548541666667
0 0.18085980075434777 0.9348718961110352 0.14889275624999998 0.24853667916666666 0.11204797737065222 0.25158752055563166 0.14401502187499998 0.9379227375000002
0 0.14582238203012468 0.9375278907002653 0.11474863437500002 0.2626279041666667 0.09668217109487535 0.2641066884664016 0.12775591875000003 0.9390066750000002
0 0.13344660625000002 0.9368387958333332 0.10580612500000004 0.265879725 0.08558789582858932 0.2673604355128922 0.11322837707858928 0.9383195063462253
0 0.11312272499999998 0.9379227375 0.1001930718671374 0.42073522053741125 0.0758044124921374 0.4218191580374112 0.088734065625 0.939006675
0 0.09281489902095014 0.9353102397406083 0.087921109375 0.41004379166666666 0.06107752910404986 0.4104884060927251 0.06597131875 0.9357548541666668
0 0.06434540937500002 0.9368387958333334 0.063532453125 0.423051075 0.03506885485276236 0.4231311414785592 0.035881811102762375 0.9369188623118926
0 0.040773487778165536 0.9349943273204614 0.03507901875000001 0.44798170416666666 -0.0015077502781655262 0.4487422310128721 0.004186718750000001 0.9357548541666668