0 0.869219256599392 0.9036604695274123 0.787875 0.17482812499999997 0.743113555900608 0.1798239054725876 0.8244578125 0.9086562499999999
0 0.810671761865545 0.905758797010823 0.7437734102151394 0.18130001370009954 0.7006532108495944 0.1852818416892766 0.7675515624999999 0.9097406250000001
0 0.7685306353093548 0.9105631336267399 0.7114578125000001 0.2572078125 0.6836506146906453 0.2596368663732601 0.7407234375 0.9129921874999999
0 0.737471875 0.910825 0.681378125 0.1509828125 0.6523507456888652 0.15312569767407963 0.7084444956888653 0.9129678851740796
0 0.7092518607170704 0.9151458975052582 0.6545515625000002 0.15531718750000004 0.62423876428293 0.15749941499474177 0.6789390625000001 0.917328125
0 0.6805656250000001 0.9140765625 0.6301625000000001 0.19108750000000002 0.6025804403154779 0.1930103810975774 0.6529835653154779 0.9159994435975773
0 0.6457169454896222 0.9129365343369862 0.609025 0.2030109375 0.5852893046465094 0.20423769822527715 0.6219812501361316 0.9141632950622632
0 0.624471875 0.917328125 0.5846374999999999 0.20192656250000002 0.5602034341455602 0.20328707915671398 0.6000378091455603 0.9186886416567142
0 0.5968312499999999 0.9097406250000001 0.558621875 0.1791640625 0.5245712643710991 0.18094491972603327 0.562780639371099 0.9115214822260332
0 0.5594372356402151 0.9108581815217436 0.53098125 0.18349999999999997 0.5041109674344091 0.18455122949636074 0.5325669530746242 0.9119094110181043
0 0.53016875 0.9108250000000002 0.4943984375 0.18349999999999997 0.4586613102530038 0.18525757496233086 0.49443162275300373 0.9125825749623312
0 0.4912134485716429 0.9126530361422912 0.46513281249999994 0.19650781250000007 0.42604436392835704 0.197931338857709 0.452125 0.9140765625000002
0 0.4537515625000001 0.917328125 0.4309875000000001 0.1975921875 0.3953214601115923 0.19872024560971083 0.41808552261159226 0.918456183109711
0 0.4163546875 0.9184125000000002 0.40088984803680694 0.295443083740507 0.3652222725659635 0.2963285097571 0.3806871120291565 0.9192979260165931
0 0.383232149441707 0.9172013414767282 0.36592613481874203 0.29857229999467544 0.322631485377035 0.299783458517947 0.33993749999999995 0.9184124999999999
0 0.346440625 0.9184124999999999 0.33018125 0.22143750000000004 0.3026315085759306 0.2220801938942817 0.3188908835759306 0.9190551938942816
0 0.3188202852036831 0.9203300843067337 0.311484375 0.22685781249999995 0.28788908979631683 0.22710741569326612 0.29522499999999996 0.9205796875000001
0 0.2935984375 0.9184125000000002 0.289534375 0.23119375000000003 0.26839917665766316 0.23131873897478158 0.2724632391576632 0.9185374889747816
0 0.2733036864659321 0.9203643551426373 0.26677187500000005 0.22902499999999998 0.2439806885340679 0.22924033235736255 0.25051249999999997 0.9205796874999999
0 0.24969843750000004 0.3352515625 0.22043281250000005 0.3352515625 0.22043281250000007 0.9194953124999999 0.24969843750000006 0.9194953124999999
0 0.22043281250000019 0.33308437500000004 0.1919983199594412 0.3329654478122785 0.18954970331030835 0.9184091396909679 0.21798419585086734 0.9185280668786895
0 0.19116718750000006 0.34175625 0.15945691825619038 0.34162212619820737 0.1570178557561904 0.9182783761982073 0.18872812500000008 0.9184124999999999
0 0.16759062500000013 0.3504265624999999 0.13830016156110525 0.3500112845650975 0.1301704740611052 0.9234159720650972 0.1594609375000001 0.9238312499999998
0 0.1383250000000002 0.32007656250000005 0.10831825056710676 0.31962884066073416 0.0993031250000001 0.9238312499999999 0.12930987443289355 0.9242789718392659
0 0.1123093750000002 0.32766406249999996 0.08306558165137772 0.32686503790629645 0.06678437500000009 0.9227468749999999 0.09602816834862257 0.9235458995937034
0 0.0879922890142427 0.3264014246676256 0.057160386014414324 0.32547641990113807 0.039143750000000116 0.9260000000000002 0.06997565299982851 0.9269250047664876
0 0.05702812500000014 0.34717499999999996 0.022279394145550812 0.34589172036182714 0.001098059932716422 0.9194412880522267 0.03584679078716575 0.9207245676903997