0 0.32042862127047356 0.4478403147835289 0.27160676371165265 0.09070972609590763 0.20885772887408877 0.09928788920439643 0.25767958643290967 0.4564184778920176
0 0.18972739034814626 0.4455594473491222 0.15768895626937887 0.11348787136778807 0.12144843750000003 0.116984375 0.15348687157876742 0.4490559509813341
0 0.2523466530496462 0.44500244874861716 0.2118921875 0.12160156249999998 0.16304676263041157 0.1277116742580906 0.2035012281800578 0.4511125605067077
0 0.33974677016612836 0.4581662061958558 0.29165382390556094 0.10479027278383804 0.2752433732156138 0.10702366461537265 0.32333631947618124 0.4603995980273904
0 0.39139244281603186 0.4549432456524266 0.35800586322784556 0.12523517285909447 0.31339154541181374 0.12975286470666791 0.34677812500000005 0.4594609375
0 0.43607287493189795 0.45760952515392395 0.4063517740935444 0.137190528857005 0.3661078125 0.1409234375 0.39582891333835346 0.46134243379691897
0 0.13058826701907617 0.4401303033983181 0.10208539292891257 0.04470202267605448 0.03876719394132362 0.049266063088294926 0.06727006803148723 0.4446943438105585
0 0.4797218750000001 0.45989531250000004 0.44921505147045354 0.1053866185599445 0.40664091760387366 0.10905028495513495 0.4371477411334202 0.4635589788951905
0 0.5024875 0.465440625 0.4744265625 0.09082187499999998 0.4560333749101118 0.09219962260976493 0.4840943124101118 0.46681837260976494
0 0.5231761378621166 0.46836419737010093 0.5001433916543776 0.09261903575037822 0.48164645344772 0.09375287678640824 0.5046791996554589 0.469498038406131
0 0.5668359372932499 0.46854901680980887 0.5622852858384003 0.09688504551876034 0.5201768076760931 0.0974006214750339 0.5247274591309427 0.4690645927660825
0 0.6277290715811104 0.06706600959218602 0.5914246588983094 0.06692450691678892 0.5898393373171992 0.47366005982460296 0.6261437500000001 0.4738015625000001
0 0.6672292278657499 0.12803528910518866 0.6313515625 0.12745625000000008 0.6257578461737671 0.47404680097522156 0.661635511539517 0.4746258400804102
0 0.7013364473389183 0.16092461775833494 0.6770085873362978 0.16035471323539877 0.6696221399973795 0.4756644704770639 0.6939500000000001 0.4762343750000001
0 0.7158938332967143 0.1450193512676186 0.7060812293403957 0.14471342858317263 0.6957061460436815 0.4774987648155541 0.7055187500000001 0.4778046875000001
0 0.7246191222162434 0.14741838843666005 0.7165265625 0.14716562500000008 0.7061975047881306 0.4778642317699176 0.7142900645043742 0.4781169952065776
0 0.7377 0.14445000000000008 0.7260501269711337 0.1441881971452292 0.7184998616161649 0.48016479601243056 0.7301497346450311 0.48042659886720135
0 0.7801022172084497 0.08707889607896324 0.7603453124999999 0.08645156250000009 0.7477571577915503 0.4828961039210369 0.7675140625000001 0.4835234375
0 0.8302726664103688 0.10842270595019814 0.7805187499999999 0.10624375000000008 0.7640154126840011 0.48307819919466544 0.8137693290943699 0.48525715514486345
0 0.8866792762139963 0.09426533143510303 0.8347690440608412 0.09064066692736336 0.8073788303468449 0.4829065854922604 0.8592890625 0.48653124999999997
0 0.0705734375 0.4428375 0.04047575186627689 0.0844042762397835 0.01668845307290314 0.08640169889398855 0.04678613870662625 0.4448349226542051