0 0.057028812500000005 0.9639373041666666 0.03995675 0.09136533333333333 0.012292683055340738 0.09232756187285908 0.029364745555340736 0.9648995327061923
0 0.08712781826320169 0.9642445634169489 0.07490257343840384 0.09924052251652278 0.043208571875 0.10003685416666666 0.055433816699797855 0.9650408950670927
0 0.12125227499999998 0.9661051874999999 0.10824499062500004 0.028496791666666663 0.07323974312080261 0.02936011956144003 0.08624702749580254 0.9669685153947731
0 0.15295753125000003 0.9693570083333334 0.13751138125000004 0.02307709166666667 0.10659833758313153 0.02397414830761303 0.12204448758313151 0.9702540649742798
0 0.18061436615115528 0.9699257069611225 0.1732814125 0.22902575416666668 0.1383196978198015 0.2296409162659736 0.14565265147095677 0.9705408690604294
0 0.2098644 0.9671891250000001 0.20007020929638858 0.2337130252029781 0.16921663744437968 0.23444545416798707 0.1790108281479911 0.967921553965009
0 0.24400851875 0.9682730666666667 0.23174224543356242 0.23992897500634014 0.19767006874999998 0.24094909999999997 0.20993634206643746 0.9692931916603265
0 0.27579797264432937 0.9783831671417278 0.2667215547727135 0.23906780500122074 0.23018828125000007 0.23986515833333336 0.23926469912161594 0.9791805204738405
0 0.3114985947994399 0.9709021874127685 0.3025245709823815 0.03325283128054566 0.2635194468749999 0.033916491666666666 0.27249347069205837 0.9715658477988894
0 0.35544785057851125 0.9715066775599116 0.3415159842275851 0.03834489336337857 0.29999080552407376 0.039447044970133474 0.31392267187499995 0.9726088291666666
0 0.3992982273975121 0.9734039767511736 0.39603115312500003 0.10654049583333333 0.3464339632723156 0.10687280539974095 0.3497010375448277 0.9737362863175812
0 0.44644634000176264 0.9730998682795333 0.4399180045410593 0.11353551421184248 0.39600645828929665 0.11412841259897567 0.40253479375 0.9736927666666665
0 0.493585784375 0.9617694249999998 0.4903339625000001 0.24636879999999994 0.44560335685678476 0.2467302595342763 0.44885517873178465 0.9621308845342761
0 0.530982839831765 0.9725490450300859 0.530168695112881 0.22462234378263346 0.49521169374999985 0.22468999166666664 0.4960258384688839 0.9726166929141191
0 0.5667555602841666 0.9686591057118903 0.5594080479491533 0.22302262551379762 0.5195694376649866 0.22372052813524052 0.5269169499999999 0.9693570083333333
0 0.5862885172643215 0.9689342316868405 0.579759040625 0.25395638333333337 0.5537186358606785 0.25437915997982646 0.5602481125000001 0.9693570083333335
0 0.63829181875 0.9574336624999998 0.634227040625 0.26262790416666665 0.5781428818765948 0.2632112030147396 0.5822076600015947 0.9580169613480727
0 0.6789430283332831 0.9657968393677573 0.675667119723819 0.22871759637410444 0.6366418195155359 0.22902594450634714 0.639917728125 0.9661051875
0 0.7106458240508366 0.9649554233812696 0.70983188125 0.12496748333333334 0.6716219946991632 0.1250333057853971 0.6724359374999999 0.9650212458333333
0 0.748040778125 0.9682730666666669 0.74072418125 0.12279960000000001 0.7041648216114693 0.12336205165348411 0.7114814184864694 0.968835518320151
0 0.7691858084758876 0.11963418821333822 0.7431693217990784 0.11954501419943671 0.741535216448191 0.9670999509860985 0.7675517031250001 0.9671891250000001
0 0.7878755843749999 0.1227996000000001 0.768364659375 0.1227996000000001 0.7683646593750001 0.9671891250000003 0.787875584375 0.9671891250000003
0 0.809825378125 0.9650212458333333 0.8065676399171344 0.2613499766012828 0.7821849278699677 0.2615506574112528 0.7854426660778331 0.9652219266433033
0 0.8586026937499998 0.9628533666666667 0.8488472281249999 0.260460025 0.801696936702102 0.2616242300303631 0.8114524023271018 0.9640175716970298
0 0.8976245437500001 0.2463688000000002 0.8553558804293344 0.2462836669634894 0.8545429273043345 0.9638521711301561 0.8968115906250003 0.9639373041666668
0 0.931768665625 0.2637118458333335 0.891933859375 0.26371184583333346 0.891933859375 0.9617694250000002 0.931768665625 0.9617694250000002
0 0.9659234819359913 0.9635889042167408 0.9618332208915735 0.26769947466272825 0.9284913608305823 0.26804787461265406 0.932581621875 0.9639373041666666
0 1.0000646741475463 0.9661000576490575 0.9992439531249999 0.27021548749999996 0.9667232642627523 0.2702836735543783 0.9675439852852985 0.9661682437034358