0 0.39684410625 0.8414520458333333 0.00902390496438199 0.18690318232011846 -0.02666118067815574 0.22449147249672693 0.3611590206074623 0.8790403360099418
0 0.441747347473323 0.8396780937362013 0.06959306142316554 0.17029991669049302 0.031014243750000003 0.2084308875 0.4031685298001575 0.8778090645457083
0 0.48031336088216553 0.8380919478427273 0.20100804168277495 0.24001727070897264 0.17246845625 0.26371184583333335 0.45177377544939057 0.861786522967088
0 0.529355815625 0.8479556875 0.21542230541263052 0.15437523714862011 0.17653323437500001 0.1856681416666666 0.49046674458736944 0.8792485920180464
0 0.5728407057554892 0.825996614203801 0.26758422187500014 0.15640174999999992 0.22932442863974778 0.18740968717075113 0.5345809125202368 0.8570045513745523
0 0.6189778087854924 0.8468056736266782 0.31554422200850557 0.13606033398052103 0.283030371875 0.16073751250000007 0.5864639586519867 0.8714828521461573
0 0.659303583173077 0.8362824836538462 0.36188703125000005 0.14231052916666667 0.32949389182692296 0.16699101634615396 0.6269104437499999 0.8609629708333334
0 0.7019288712318448 0.8383828196203467 0.4285493625 0.17157691666666672 0.3959852336674286 0.19531160101942632 0.6693647423992735 0.8621175039731063
0 0.7421753925911382 0.8395906394485444 0.48155659284497265 0.17099894925706274 0.44318255625 0.1975914833333334 0.7038013559961656 0.866183173524815
0 0.7783537580127744 0.8496017874295977 0.5350464999999999 0.21493452916666675 0.5068576158790558 0.23414616420530898 0.7501648738918302 0.86881342246824
0 0.8098099890664463 0.8479035768698717 0.5748813093749999 0.22468999166666676 0.5456422627566846 0.24428474528441965 0.7805709424481309 0.8674983304876247
0 0.8396600122993313 0.8462499904236345 0.6391047749999998 0.30056581666666676 0.6117289818487708 0.3184527889182833 0.8122842191481023 0.864136962675251
0 0.8667322437499998 0.8392841666666667 0.67406185 0.31140522083333344 0.6499000758265642 0.32708308647680073 0.842570469576564 0.854962032310134
0 0.8878690812500001 0.832780525 0.678126625 0.22252211249999992 0.6507210614311656 0.23926725259177767 0.8604635176811655 0.8495256650917776
0 0.916322515625 0.8338644625000001 0.7033282374999998 0.23444545416666665 0.6825712495235988 0.24755776490940296 0.895565527648599 0.8469767732427365
0 0.9463853092386652 0.840479761981884 0.73503349375 0.2355293958333334 0.709035475136335 0.25167684635144943 0.9203872906250001 0.8566272125
0 0.9880114820497905 0.8033198263189453 0.80657355625 0.2691315458333334 0.7594523875245265 0.2975844920726539 0.9408903133243172 0.8317727725582656