0 0.1559508584109027 0.9950137899346132 0.15519547855353072 0.0029472514036271297 0.11160714375000003 0.0030062541666666664 0.11236252360737202 0.9950727926976526
0 0.20329785937500017 0.006012504166666699 0.1627166493952845 0.005903084094206366 0.1612135243952844 0.9969644924275396 0.2017947343750001 0.9970739125
0 0.24313144149086022 0.007058294058236787 0.21006421559790472 0.007013578449251906 0.20931036562500002 0.9980759999999999 0.24237759151795552 0.9981207156089849
0 0.2837176347762077 0.0071936578856449905 0.25064634374999994 0.0070145916666667085 0.24763398666450837 0.9960717961164564 0.2807052776907161 0.9962508623354346
0 0.3182870375000001 0.00601250416666672 0.29048174098193436 0.005899703731984046 0.28822450625000007 0.9950697458333334 0.31602980276806586 0.995182546268016
0 0.3521073843750001 0.006012504166666725 0.3227965393467031 0.005933232019141195 0.32129329062500006 0.9940676625000001 0.35060413565329707 0.9941469346475256
0 0.39494648750000005 0.9970739125000001 0.391935727788756 0.1741329581432748 0.3566167625 0.174362675 0.35962752221124406 0.9973036293567253
0 0.439288721875 0.998076 0.4325246500000001 0.17436267500000005 0.39495921961565167 0.1749110756543931 0.40172329149065156 0.9986244006543931
0 0.4858856406250001 0.9950697458333334 0.47609903385465824 0.00436397161332547 0.4340187933593386 0.005102969388214615 0.44380540012968045 0.9958087436082226
0 0.5317310000000001 0.9960718291666667 0.5196725874484128 0.00326256669014065 0.4806380502158308 0.00410541772843645 0.492696462767418 0.9969146802049625
0 0.5693091625 0.9990780833333334 0.5565325874999999 0.004008337500000003 0.5257403852303779 0.004711214206076342 0.538516960230378 0.9997809600394096
0 0.6091459899881264 0.9974243629696019 0.5978685656249999 0.0030062541666666664 0.5655473725118734 0.0036578911970646224 0.5768247968749999 0.9980759999999999
0 0.6407133727671736 0.9944836165163049 0.6271313205879865 0.0034967706415354144 0.603075594695813 0.004082899958563948 0.616657646875 0.9950697458333334
0 0.672273328125 0.9950697458333333 0.6557295881617435 0.00645589784710342 0.6309403417883664 0.007193373696360661 0.647484081751623 0.9958072216825904
0 0.710603053125 0.9940676624999999 0.6929066302988431 0.0030670031446569843 0.6613409740488432 0.0040690864779904246 0.679037396875 0.9950697458333334
0 0.747429653125 0.9940676624999999 0.7323561102174659 0.004238383555337255 0.7023059710296855 0.0050519237343194445 0.7173795139372195 0.9948812026789822
0 0.7962951784693202 0.9950735094605588 0.7827398367839807 0.01507266134522242 0.7421415083146605 0.016070981051330372 0.75569685 0.9960718291666667
0 0.8443813125 0.9950697458333334 0.827791987434748 0.014791390466146503 0.7864600946421562 0.01603487981922542 0.8030494197074083 0.9963132351864122
0 0.900019983034243 0.9950804578253025 0.8887113709120896 0.003943539334059021 0.8361141187499997 0.005010420833333336 0.8474227308721531 0.9961473393245768
0 0.9398335583869704 0.9967540402860936 0.9345614744452562 0.02769498400427824 0.896990740625 0.0280583625 0.9022628245667142 0.9971174187818154
0 0.9841720781250001 0.9970739125000001 0.9781595718749999 0.030062529166666668 0.9383107656897625 0.030502999580743036 0.9443232719397626 0.9975143829140765