0 0.06934218750000018 0.3092453125 0.036815895299445775 0.3077735528427324 0.0140171875000001 0.8116312499999999 0.046543479700554495 0.8131030096572675
0 0.08968125000000018 0.30924531250000004 0.07113483240544063 0.3083724256533295 0.04745059623291898 0.8115965676360195 0.06599701382747854 0.8124694544826901
0 0.11734375000000019 0.23762968749999996 0.09050067006881349 0.23642584984089102 0.06446093750000009 0.8170578124999999 0.09130401743118678 0.8182616501591088
0 0.14663437500000018 0.234375 0.11827826021114722 0.23299176933487814 0.08968125000000013 0.8192281250000001 0.11803736478885307 0.820611355665122
0 0.1702281250000002 0.22895000000000004 0.14600984846036794 0.2278798777094079 0.11978437500000012 0.8213968749999999 0.14400265153963238 0.822466997290592
0 0.19629750860220116 0.22710299557128125 0.1735601707761662 0.22610377290634673 0.1474468750000001 0.8203125 0.17018421282603508 0.8213117226649345
0 0.23938437500000007 0.22569375000000003 0.20715487395915272 0.223926592327796 0.17458025784160866 0.8180239049666722 0.206809758882456 0.8197910626388764
0 0.2759968750000002 0.22569374999999997 0.24586682046833624 0.22400346911046864 0.21250900796833613 0.8186222191104686 0.24263906250000006 0.8203125
0 0.3020312500000002 0.21809843750000008 0.27752108311727175 0.2168446237739758 0.24660389561727167 0.821228998773976 0.27111406250000014 0.8224828125000002
0 0.3296937500000001 0.21592812500000003 0.30442639923214104 0.21467411405216824 0.274323274232141 0.8212288015521683 0.2995906250000001 0.8224828125000002
0 0.3565421875000002 0.3005640625 0.33208813509280516 0.299262547813457 0.30442563509280507 0.8190109853134568 0.32887968750000013 0.8203125
0 0.3825781250000001 0.2994796875 0.3573886302267394 0.29857655874273015 0.33864375 0.8213968749999999 0.3638332447732607 0.8223000037572697
0 0.4110546875000002 0.27777812500000004 0.38981469103385774 0.2770469386283615 0.3711006285338577 0.8206656886283616 0.39234062500000016 0.8213968750000001
0 0.4281390625 0.277778125 0.4086226653081173 0.27736837407543635 0.39722343750000005 0.8203125 0.4167398346918828 0.8207222509245635
0 0.47776875000000024 0.2734375000000001 0.43627727683137285 0.273130141759822 0.4322078125000002 0.8224828125 0.47369928566862757 0.8227901707401781
0 0.5225171875000002 0.2734375000000001 0.4810098151821509 0.2732533544560219 0.4785691901821509 0.8233830419560219 0.5200765625000001 0.8235671875000001
0 0.5754625000000001 0.23762968750000008 0.5274609375000001 0.23762968750000008 0.5274609375000001 0.824653125 0.5754625000000002 0.824653125
0 0.6267260995158321 0.8241636613342967 0.6210250000000002 0.23654531250000005 0.570575462984168 0.2370347761657033 0.5762765625 0.8246531249999999
0 0.693434375 0.8224828125 0.6869197124571809 0.24244635277821378 0.6267576065898377 0.24312206171171616 0.6332722691326569 0.8231585214335023
0 0.7333015625 0.8192281250000001 0.7227249999999998 0.26909687499999996 0.6853122660261384 0.26981615447952495 0.6958888285261385 0.8199474044795251
0 0.81059375 0.8213968749999999 0.7926937500000001 0.254990625 0.7293303649307348 0.2569930827637338 0.7472303649307348 0.8233993327637338
0 0.88463125 0.8213968749999999 0.8651046875 0.252821875 0.7978033942342259 0.2551332022818625 0.8173299567342257 0.8237082022818625