0 0.09690108684928819 0.8507787938859596 0.09599223041606819 0.3078538735386316 0.0462535625 0.3080018958333334 0.04716241893322 0.8509268161806612
0 0.144838182208814 0.313540075577151 0.09782392472111026 0.3133928423119379 0.09688745625000009 0.8450042250000002 0.14390171373770383 0.8451514582652132
0 0.198996421875 0.2897157833333334 0.14927596092577528 0.28957230869706285 0.14838594269226918 0.8378952175589962 0.19810640364149393 0.8380386921952668
0 0.2474254375 0.28971578333333337 0.19810855000000005 0.28971578333333337 0.19810855000000008 0.8390842833333333 0.24742543750000007 0.8390842833333333
0 0.3037705166317831 0.28983008003573396 0.25206422426219854 0.2897153250820986 0.25138283125000005 0.8355323833333332 0.3030891236195846 0.8356471382869687
0 0.33484801671906683 0.8319313024263668 0.3343395 0.2923768958333334 0.30288046009334935 0.29242960582286986 0.30338897681241617 0.8319840124159033
0 0.36754326109048774 0.8319079089773994 0.36681025419796914 0.29201088102060874 0.33662163437500003 0.29208374583333335 0.33735464126751863 0.831980773790124
0 0.399662865625 0.2932677250000001 0.3694740875 0.2932677250000001 0.36947408750000005 0.8343483625 0.39966286562500003 0.8343483625
0 0.4310191875 0.2944517041666668 0.40143866875 0.2944517041666668 0.40143866875 0.8288352291666666 0.4310191875 0.8288352291666666
0 0.4749645 0.8301373124999999 0.469807309375 0.29563568749999997 0.4289590492707199 0.2963363601904853 0.43411623989571996 0.8308379851904852
0 0.51065085 0.8319804000000002 0.5101207500000001 0.27544981250000006 0.4769105231773504 0.27550604897371883 0.47744062317735037 0.832036636473719
0 0.5443062742715629 0.8294494328099116 0.5426077063224225 0.27178778634977424 0.511538840625 0.2719560208333334 0.5132374085741404 0.8296176672934708
0 0.5825710968750001 0.8236925 0.5814098125 0.2975852291666667 0.5443906908233538 0.29773049646594235 0.545551975198354 0.8238377672992756
0 0.64738813125 0.2944517041666668 0.5879075231433387 0.2941031454560009 0.5861317793933387 0.8328158621226674 0.6456123875 0.8331644208333334
0 0.7024493938980995 0.8470010438821807 0.6988843396224219 0.20998329429049026 0.6615812300993225 0.21035443374164303 0.665146284375 0.8473721833333335
0 0.748402 0.21157284583333344 0.7077656875 0.21157284583333344 0.7077656875 0.8426362624999999 0.748402 0.8426362625
0 0.8148082499999999 0.2988873125000001 0.7486107580743684 0.2985869652891047 0.7472706509883611 0.823678369354999 0.8134681429139926 0.8239787165658945
0 0.8995651222324815 0.18763177727185504 0.835783099886618 0.18668518631994221 0.8304332500000001 0.8275331458333336 0.8942152723458635 0.8284797367852464
0 0.9671520000000001 0.2468039791666668 0.9013383126799852 0.2458833691869938 0.8967734045066889 0.8260464172055301 0.9625870918267039 0.826967027185203