0 0.18172238656487422 0.085984009414718 0.1353515748267094 0.08571559137586203 0.13291753284413563 0.8332626507168036 0.17928834458230045 0.8335310687556595
0 0.20936910000000006 0.2311197916666667 0.19879229687500005 0.2311197916666667 0.19879229687500008 0.8235677083333334 0.2093691000000001 0.8235677083333334
0 0.36889890074320836 0.1630048067192777 0.22573980370683516 0.16039959868882236 0.2191109658788722 0.8079765901155774 0.3622700629152454 0.8105817981460327
0 0.40220841866260637 0.17039979192239166 0.3688541848284197 0.16995219525953986 0.3639205619546249 0.8235454347475775 0.39727479578881153 0.8239930314104292
0 0.4493811875000001 0.2180989583333334 0.4095464687146048 0.21751437371503526 0.4046513794690606 0.8105113228409766 0.4444860982544559 0.8110959074592748
0 0.4925020031250001 0.19422742916666674 0.45106610985575035 0.19376249534053616 0.44699534435997323 0.8387319086763473 0.48843123762922297 0.8391968425024778
0 0.5657851767995496 0.10524327415443577 0.5115808994158421 0.10349694284324525 0.49843683213853174 0.8287910764709092 0.5526411095222393 0.8305374077820997
0 0.6211339164670526 0.11274195429358182 0.5708057833353174 0.11139813619540723 0.5600940896988271 0.8245892962006319 0.6104222228305625 0.8259331142988064
0 0.6642141446625607 0.12400326033720639 0.6276207659293898 0.12331837470441526 0.62023725 0.8246527791666666 0.6568306287331709 0.8253376647994578
0 0.676375671875 0.2766927083333334 0.6633752350915133 0.2764038813387727 0.6568492625 0.7986111124999999 0.6698496992834867 0.7988999394945607
0 0.6959020781250002 0.28754340416666685 0.6763993231298244 0.2870303009984502 0.6690532687500002 0.7834201375000002 0.688556023745176 0.7839332406682168
0 0.7366401231292041 0.24116997520658312 0.7050821112171016 0.2400740432844481 0.6943124640391245 0.7913956428469583 0.725870475951227 0.7924915747690933
0 0.7691666959518273 0.29074420350761737 0.7366419399637509 0.28968908964403234 0.7276324906250001 0.7834201375000002 0.7601572466130765 0.7844752513635852
0 0.8074361553476272 0.2942994138396251 0.7756349062499999 0.2929687500000001 0.7641169335940367 0.7823297329247068 0.7959181826916639 0.7836603967643317