0 0.15901846098329145 0.8358705491312762 0.13689959245176217 0.2513505208292092 0.11490625067312224 0.25283007955337805 0.1370251192046515 0.8373501078554451
0 0.1817629573926347 0.830445379802551 0.15809179405868878 0.25457638610364053 0.13772376529074926 0.25606479541905197 0.16139492862469518 0.8319337891179625
0 0.22238327500000002 0.8062065958333334 0.20853105654865325 0.3226171469866974 0.172818503125 0.32443576249999995 0.18667072157634676 0.8080252113466359
0 0.25818168750000003 0.8072916666666666 0.24102671038609103 0.3192068490878731 0.2093658307533936 0.32118516340608966 0.2265208078673026 0.8092699809848832
0 0.2842507324147027 0.8051495475665137 0.26954020458760064 0.32121666862957204 0.24997996279789786 0.3222737168963918 0.26469049062499994 0.8062065958333335
0 0.30784680027100436 0.8020800615029712 0.2947668500743729 0.3234532592143314 0.2745437625 0.32443576249999995 0.28762371269663145 0.8030625647886397
0 0.3397312292417186 0.7708803631987968 0.32074785598660516 0.3966225172054962 0.3012007799723217 0.39838514960332466 0.32018415322743526 0.7726429955966252
0 0.38917133437500007 0.8474392375 0.35551464967099605 0.1653802165897595 0.3093393218123469 0.16943097962266743 0.3429960065163509 0.8514900005329079
0 0.44138947679576096 0.8283321610086777 0.4215062634608763 0.2982452776397809 0.37845243593009587 0.30111624829940753 0.39833564926498044 0.8312031316683043
0 0.4811622255249609 0.8188127076517682 0.47294659698151315 0.3871113233258273 0.4332351687499999 0.38845486249999994 0.44145079729344766 0.820156246825941
0 0.542128190625 0.2994791666666668 0.4796218875 0.2994791666666668 0.4796218875 0.8224826375000001 0.542128190625 0.8224826375000001
0 0.593385009375 0.3200954875000001 0.5453825937500001 0.3200954875000001 0.5453825937500001 0.8051215291666666 0.593385009375 0.8051215291666666
0 0.6478962312500001 0.32009548750000005 0.5974600408136007 0.3185914252930176 0.5893240376886006 0.8036174669596843 0.639760228125 0.8051215291666668
0 0.7105434531250001 0.26584201250000017 0.6529817983944857 0.26376720959229527 0.6422054880498392 0.7952680865822739 0.6997671427803537 0.7973428894899788
0 0.7984122843750002 0.27452257083333353 0.7614763088824217 0.2667431167025988 0.6991672339054646 0.7926746686856745 0.7361032093980432 0.8004541228164093
0 0.8435426573392034 0.27593224849649556 0.8093545748305282 0.2680023889215072 0.7408997095780051 0.792678196689944 0.7750877920866803 0.8006080562649324
0 0.8748907125000003 0.3005642375000001 0.8421782934835378 0.2930262644368347 0.777487712230295 0.7921136645799031 0.8102001312467575 0.7996516376430685