0 0.065010221875 0.9950697458333335 0.005636725000000015 0.006012504166666666 -0.037497118341808564 0.010615778216108004 0.021876378533191427 0.9996730198827748
0 0.11235870625 0.9960718291666668 0.05563317462086729 -0.0012890762940576358 0.013152356249999997 0.0030062541666666673 0.06987788787913271 1.0003671596273913
0 0.16722282187499998 0.9950697458333333 0.13463733835932368 0.22110133755286582 0.07628366874999999 0.22546897500000002 0.10886915226567631 0.9994373832804674
0 0.23786976874999993 0.9920634916666666 0.20974658584698558 0.30595918069752703 0.145427490625 0.31064614583333333 0.17355067352801434 0.996750456802473
0 0.2716901156250001 0.9940676624999999 0.24913010038771635 0.08765635417155901 0.21457130937500005 0.08918550416666668 0.23713132461228378 0.9955968124951077
0 0.3010010812500001 0.9950697458333333 0.28146043750000005 0.005010420833333331 0.25440311916880587 0.005959800383946889 0.2739437629188059 0.9960191253839469
0 0.32881483744042117 0.9954232457013803 0.31227453125000004 0.007014591666666664 0.29047328130957883 0.007663175131952995 0.30701358749999996 0.9960718291666666
0 0.360392450017261 0.9965361575699359 0.3505854991443266 0.19186323036485653 0.3257660397520656 0.19240098529492064 0.335572990625 0.9970739124999999
0 0.3866826148808243 0.995950952513129 0.3836723953759756 0.19723940643175672 0.35811989062500005 0.19741061250000003 0.36113011012984875 0.9961221585813723
0 0.415990259375 0.2194564708333334 0.391940234375 0.2194564708333334 0.39194023437500003 0.9970739125 0.4159902593750001 0.9970739125
0 0.44379810000000014 0.22446689166666675 0.425013604808744 0.2240755480020176 0.41599099314442967 0.9940050475110526 0.4347754883356858 0.9943963911757018
0 0.4685996875 0.23148148333333343 0.4498472751946011 0.2311186397742499 0.4415434093750001 0.9940676625000001 0.460295821680399 0.9944305060590836
0 0.49715909062500013 0.23248356666666675 0.4768822846396824 0.23173848718803086 0.4610903304308536 0.9957682783189598 0.48136713641617135 0.9965133577975958
0 0.5377435062500001 0.1974106125000001 0.5077634914067344 0.19575550502014386 0.48296190390673444 0.9944167216868105 0.5129419187500001 0.9960718291666667
0 0.5730669781250002 0.1994147833333334 0.545291896657698 0.19754676620775538 0.5151343337381453 0.994711731942733 0.5429094152054474 0.9965797490683109
0 0.6181607750000002 0.00601250416666678 0.5859439996626122 0.0036139625595236796 0.5445309346642014 0.9925077745237639 0.5767477100015894 0.994906316130907
0 0.658745190625 0.009018758333333425 0.6264812115227969 0.00600220737238811 0.574606877558612 0.9923663319812918 0.6068708566608152 0.9953828829422371
0 0.6850499031250001 0.17636684166666677 0.6575663167100053 0.17326440012103134 0.6056379135801899 0.9910740632197164 0.6331214999951846 0.9941765047653519
0 0.7323983875000002 0.0060125041666668246 0.7004084554094174 0.0021702586907793807 0.6334661048559014 0.9930173553829587 0.6654560369464841 0.9968596008588461
0 0.764715609375 0.00601250416666678 0.7395915676813299 0.0028868627681487937 0.6703486156825638 0.9923586208724603 0.6954726573762339 0.9954842622709782
0 0.8007906437500003 0.004008337500000151 0.7733171923844452 -0.00003296637243911012 0.6912070101399035 0.9923200715871445 0.7186804615054585 0.9963613754595838
0 0.8984938687499999 0.004008337500000151 0.8166649822378371 -0.010729661204504708 0.7148296310870935 0.9944510959893585 0.7966585175992564 1.0091890946938635
0 0.9150282593750003 0.11323552916666689 0.8949947819398462 0.10965785169751258 0.8060515875 0.9950697458333335 0.8260850649351541 0.9986474233024879
0 0.9480970406250003 0.11423761250000022 0.9246733145525858 0.11003540856451736 0.835362553125 0.9950697458333336 0.8587862791974145 0.9992719497688165