0 0.6559891813161546 0.19444492420753706 0.6373906903506592 0.07619359045061411 -0.017534947729515117 0.17919985833714655 0.00106354323598018 0.2974511920940695
0 0.6321217758190771 0.25861880599591974 0.6217051414032506 0.2001882214018452 -0.00008099174111795283 0.3110363136944575 0.0103356426747085 0.36946689828853213
0 0.6472640625 0.2863218750000001 0.6426602114871911 0.26071496289118684 0.016420312500000013 0.37330625000000006 0.021024163512808926 0.3989131621088133
0 0.6524772075670826 0.31517432628223785 0.6476190955034828 0.28794470311747145 0.0226078125 0.3994546875 0.027465924563599864 0.4266843106647665
0 0.6172910081350148 0.3626230123121993 0.609706790553607 0.32018010526817353 0.026356250000000005 0.4244203125000001 0.0339404675814078 0.46686321954402593
0 0.6231968749999999 0.4070359375 0.6155490830256825 0.3645874332826283 0.03243345802568256 0.46964524578262823 0.04008124999999999 0.5120937499999999
0 0.6208335611636143 0.45973854502381906 0.6126910526991732 0.414089190450051 0.04085781250000001 0.5160875 0.04900032096444117 0.5617368545737681
0 0.6254682936660616 0.5002810437897999 0.6179528673842245 0.4594639271023403 0.04950957371816307 0.5641281958125405 0.05702500000000001 0.6049453125000002
0 0.6326399411537689 0.5428271460280781 0.6260046874999998 0.5067781250000001 0.05718954917895895 0.6114753571918011 0.06382480283272793 0.6475243782198791
0 0.605388742226828 0.5779274111533677 0.599678682814874 0.547543278310404 0.08457968750000003 0.6443453125 0.09028974691195413 0.6747294453429638
0 0.6108641320590905 0.6183156206001892 0.6043685333036564 0.5831226110490013 0.09350076493188628 0.6774138377086747 0.09999636368732048 0.7126068472598626
0 0.6137406249999999 0.6484062500000001 0.60843900296281 0.6204279695572068 0.09977187500000001 0.7168156250000001 0.10507349703719004 0.7447939054427934
0 0.62148125 0.6825406250000001 0.6160733571403785 0.6537625806969505 0.10187656249999996 0.7503890625 0.1072844553596215 0.7791671068030497
0 0.58275625 0.7107890625000001 0.5795034522410721 0.6934295427844398 0.10586603898660196 0.7821789288056193 0.10911883674552984 0.7995384485211796
0 0.5871902626597685 0.7281649799067205 0.5839853379185332 0.7113751744034291 0.1086716377587648 0.8021055069967087 0.1118765625 0.8188953124999999
0 0.7060010922078827 0.7780088213698677 0.6955087986497512 0.7220325933948546 0.09716406250000001 0.8341875 0.10765635605813154 0.8901637279750132
0 0.7158009879456341 0.838327371968064 0.7050091733871306 0.7824081382957733 0.10730937500000001 0.8977578125000003 0.11810118955850339 0.953677046172291