0 0.2973980856546671 0.2687131575090104 0.2796821223389737 0.2683177623465421 0.2685234375000001 0.7682906250000001 0.28623940081569343 0.7686860201624685
0 0.3118269588133045 0.269736948386499 0.2948061752439156 0.26948239808299085 0.2873776539306112 0.7661985746964919 0.30439843750000006 0.766453125
0 0.3287531250000001 0.26884687500000004 0.31543935635802905 0.268589347043613 0.3058156250000001 0.7661203125000001 0.3191293936419711 0.7663778404563872
0 0.34356603112381057 0.2720518690762211 0.3309718750000001 0.27180625 0.3213125230743544 0.7670910140259569 0.33390667919816486 0.767336633102178
0 0.3616234375000001 0.2689984375 0.34685308026710515 0.26868067986674193 0.3361515625000001 0.7661203125 0.35092191973289505 0.766438070133258
0 0.3768484375000001 0.27279375000000006 0.3628214311254306 0.2724518216882453 0.35078853186628844 0.7660803069877635 0.36481553824085794 0.7664222352995183
0 0.3941952471854798 0.32261098742515315 0.37758749999999996 0.3221265625 0.3646671728901536 0.7650796705098173 0.38127492007563346 0.7655640954349704
0 0.4071843750000001 0.32410000000000005 0.39156472556877736 0.32384156058824826 0.3842468750000001 0.7661203125 0.39986652443122284 0.7663787519117518
0 0.42672812500000007 0.19521406250000004 0.4082662129033715 0.1949170590534403 0.3990453125000001 0.76809375 0.41750722459662865 0.7683907534465597
0 0.447153433917992 0.19910009715601334 0.4304310942662092 0.1987856375172965 0.41976250000000015 0.7661203125000001 0.436484839651783 0.7664347721387169
0 0.4664184336709333 0.2722050655728315 0.45083906249999994 0.27180625 0.4381599678029048 0.7671036652815834 0.4537393389738381 0.7675024808544149
0 0.48193082812352317 0.2720956887638353 0.4656785557016002 0.27177810755746534 0.45601875 0.7661203125000001 0.4722710224219229 0.7664378937063702
0 0.49671406250000016 0.27476718750000007 0.4841608344169809 0.27450203028643383 0.47377656250000005 0.7661203125000001 0.48632979058301934 0.7663854697135662
0 0.5100462900021949 0.27497154472358587 0.49819531250000004 0.27476718750000007 0.4897225612425841 0.7661145584001383 0.5015735387447791 0.7663189156237241
0 0.5366703125000002 0.2787140625000001 0.5107836427568905 0.2782000779527937 0.50113596258332 0.7641024495276103 0.5270226323264298 0.7646164340748165
0 0.5603484375 0.283646875 0.5349843397428737 0.2834221609678146 0.5307515625 0.7611874999999999 0.5561156602571262 0.7614122140321855
0 0.5789101699531581 0.2807671344849122 0.5589324963359501 0.2806721735556017 0.5566484375 0.7611875000000001 0.5766261111172081 0.7612824609293106
0 0.5973437500000001 0.2816734375 0.577976632643709 0.28161902749695317 0.5766265625000001 0.7621734375 0.595993679856291 0.7622278475030468