0 0.08718169659689444 0.9340230657924401 0.07225966625312856 0.18571099617551665 0.012316271875000001 0.18783602083333334 0.027238302218765886 0.9361480904502567
0 0.1099002028575687 0.934078707927126 0.09765859564937648 0.275752239591004 0.06841018437500002 0.2767191291666667 0.08065179158319224 0.9350455975027887
0 0.14895691008369502 0.9390794363474203 0.1383243375 0.20843088749999997 0.09034649000479204 0.20967210549390283 0.10097906258848703 0.9403206543413233
0 0.19530998433573565 0.9349384358470301 0.18710165312500002 0.0035661625000000005 0.13424775170805459 0.004394268803927507 0.14245608291879022 0.9357665421509576
0 0.30254129687500003 0.00790192500000004 0.186288696875 0.00790192500000003 0.18628869687500005 0.9346709166666667 0.3025412968750001 0.9346709166666667
0 0.33831132812500014 0.07510622500000005 0.30091747787397416 0.07504382407850775 0.3001024312500001 0.9433424375 0.33749628150102606 0.9434048384214923
0 0.37895909062500005 0.2897264125000001 0.33912428437500003 0.28972641250000003 0.3391242843750001 0.9487621416666666 0.3789590906250001 0.9487621416666666
0 0.411477303125 0.9455103208333333 0.40172184062499994 0.21601847083333334 0.3684012686290258 0.21681063891724067 0.3781567311290258 0.9463024889172406
0 0.446438867820316 0.9392905948212985 0.4350530062500001 0.21927029166666667 0.4049356261726726 0.2201169648789355 0.4163214877429885 0.9401372680335673
0 0.47570076875000017 0.9498460791666667 0.4716359906250001 0.12713536250000002 0.4366483013441632 0.12744267655589833 0.44071307946916327 0.9501533932225651
0 0.5009246769419757 0.9416959062848561 0.48951543233595923 0.12023039907340616 0.4667303897689834 0.12079299278855007 0.4781396343749999 0.9422585
0 0.535868293521842 0.08942103216767062 0.49277282812499995 0.08919745000000008 0.49031514329577935 0.9313641685320581 0.5334106086926214 0.9315877506997287
0 0.5740834345457276 0.08831839206309831 0.5301845029062048 0.08809269062771868 0.5277299031250001 0.9368387958333334 0.571628834764523 0.937064497268713
0 0.6553744461410622 0.9399168471412982 0.6545495501547758 0.19200919540073114 0.5659268602637135 0.19218296492609946 0.56675175625 0.9400906166666666
0 0.7033282375000002 0.23552939583333338 0.6586242147811487 0.2352525907544721 0.6561768343750001 0.9379227375000002 0.7008808570938515 0.9381995425788614
0 0.7504843462118981 0.1911725838168303 0.7049637476913194 0.19108306433941277 0.7041411937500001 0.9346709166666667 0.7496617922705787 0.9347604361440841
0 0.7839181307033947 0.20802899369029237 0.7553573749999999 0.2073469458333335 0.7454945911716052 0.9415764521430412 0.774055346875 0.9422585000000001
0 0.8098253781250001 0.2105987666666668 0.7821923707024784 0.20999296071749582 0.7732423906250002 0.9357548541666668 0.800875398047522 0.9363606601158377
0 0.839118817558556 0.23589567646344367 0.8147644493656614 0.23548977041466249 0.8081994656250002 0.9357548541666669 0.8325538338178948 0.9361607602154481
0 0.8651099457476242 0.23206089267031385 0.835839946875 0.23119363333333348 0.8243947712432211 0.9179040832495571 0.8536647701158454 0.9187713425865375
0 0.9398982187500001 0.11846384166666682 0.8887962849826201 0.11648105058116288 0.8707970218750003 0.9411745583333333 0.9218989556423803 0.9431573494188373
0 0.9692344070598706 0.22135506388521714 0.9366961642318351 0.22014433864284108 0.9219931696719648 0.9226207872576242 0.9545314125000003 0.9238315125000002
0 0.9997479843750001 0.22547042916666687 0.9607223229314311 0.2253407997335068 0.9594053354314311 0.9302055247335069 0.9984309968750003 0.930335154166667