0 0.11171718750000012 0.3331156249999999 0.08737574055339985 0.33252955484879765 0.0759187500000001 0.8083765625 0.10026019694660038 0.8089626326512022
0 0.1353471730483468 0.3335380188571284 0.11015863533233827 0.3330158432513511 0.10032656250000009 0.8072921875000001 0.12551510021600865 0.8078143631057774
0 0.19638071415907035 0.32478793302541786 0.1419100858850356 0.3233061540730881 0.12880312500000007 0.8051218749999999 0.18327375327403483 0.8066036539523298
0 0.25493269023398246 0.326774727478435 0.19879949963579943 0.3254415539148951 0.18738125000000005 0.80620625 0.2435144405981831 0.8075394235635398
0 0.3118854536350503 0.32991545006889555 0.2573999377862791 0.32870291330679746 0.24677343750000014 0.8062062500000001 0.3012589533487714 0.8074187867620981
0 0.36154641395868725 0.3439472866390004 0.3168253897625395 0.3428400599120509 0.3053531250000001 0.8062062500000001 0.3500741491961479 0.8073134767269495
0 0.41282176144201943 0.33935241793445936 0.3705998057783105 0.3384751077730438 0.3606781250000001 0.815971875 0.402900080663709 0.8168491851614157
0 0.4306484375000002 0.37109375 0.4095001659216423 0.3707733729112893 0.4029859375000001 0.80078125 0.424134209078358 0.8011016270887108
0 0.45668281250000015 0.37217812499999997 0.4331076345028547 0.371864856154989 0.42739374999999996 0.8018656249999999 0.4509689279971454 0.8021788938450112
0 0.48355143647333065 0.3137219277285008 0.4583535988423509 0.3134716987125331 0.4534187214470669 0.8104094293520989 0.4786165590780467 0.8106596583680666
0 0.5111976769851816 0.3624588421494482 0.48353527154607506 0.3624076974353919 0.48271875 0.8040359374999999 0.5103811554391064 0.8040870822140562
0 0.5754724103178254 0.34729427739232854 0.518521021185516 0.3471949117502794 0.5176899846111205 0.8235032851030939 0.5746413737434298 0.8236026507451429
0 0.6088722707157455 0.3473458439409426 0.5781179834490098 0.34701246991712087 0.5731543936044924 0.8049115773597663 0.603908680871228 0.805244951383588
0 0.6470656250000002 0.3385421875000001 0.6120577075984973 0.3380515004583455 0.6055483325984972 0.8024608754583454 0.6405562500000002 0.8029515625
0 0.6641623454449707 0.38647892353262286 0.6470935856126984 0.38627244633274577 0.642184375 0.7921000000000001 0.6592531348322723 0.7923064771998772
0 0.6918140625000003 0.38737031250000015 0.6674142818586009 0.3869276211989808 0.6600828125000001 0.7910156250000002 0.6844825931413996 0.7914583163010195
0 0.721927240896793 0.38681173230387456 0.6926265625000001 0.3862843750000001 0.6852930716032071 0.7937429551961258 0.71459375 0.7942703125000002
0 0.7520312171025723 0.38785365940180816 0.7227714886812917 0.3873227928570363 0.7154078125000001 0.7931859375000001 0.7446675409212806 0.793716804044772
0 0.7731863283774402 0.3887391162840474 0.7536663776309659 0.38842517173459956 0.7471390625000002 0.7942703125000002 0.7666590132464745 0.794584257049448
0 0.7968024587088677 0.3899641783452218 0.7758453125000001 0.3895406250000001 0.7676741037911324 0.7938467591547784 0.7886312500000001 0.7942703125000001
0 0.8228361227794613 0.38332708378173114 0.8025018097103673 0.3829688258032906 0.7951406249999999 0.80078125 0.8154749380690939 0.8011395079784405
0 0.8350078125000001 0.3852000000000001 0.8187375906629342 0.38503599595226434 0.8146671874999999 0.7888453125000001 0.8309374093370658 0.7890093165477359
0 0.8545328124999999 0.38737031250000015 0.8358332571656222 0.3871803615047401 0.8317531250000002 0.7888453125000001 0.8504526803343779 0.7890352634952601
0 0.8789636450831866 0.40605749077267095 0.8571681801871625 0.40581497538737843 0.8529062499999999 0.7888453125 0.8747017148960239 0.7890878278852925
0 0.9041730039735227 0.40717103560278184 0.882209465683759 0.4068879286110743 0.8773140625 0.786675 0.8992776007897637 0.7869581069917075
0 0.928571875 0.4275171875 0.9065929754779847 0.4271676036211791 0.9008590364895539 0.787669550441946 0.9228379360115694 0.7880191343207669
0 0.95460625 0.42643281250000004 0.9310046651468828 0.42622085572918883 0.9277499776468829 0.7886333557291889 0.9513515625 0.7888453125000001