0 0.106775 0.8029515625 0.04083293313254254 0.2123106412145989 0.008431249999999998 0.21592812499999997 0.07437331686745745 0.8065690462854012
0 0.1287421875 0.7986109374999999 0.06690781250000007 0.21592812499999997 0.04989564338942425 0.21773345857391035 0.11173001838942417 0.8004162710739102
0 0.1783718750000001 0.8279078125000001 0.11903605643416193 0.16626540150692332 0.061328125 0.171440625 0.12066394356583814 0.8330830359930769
0 0.23072584622228082 0.8090283525296533 0.19278746876701328 0.2865504331169948 0.14921875 0.28971406250000004 0.18715712745526752 0.8121919819126585
0 0.2723166465503791 0.8072309150183845 0.24161982072005897 0.28719010291766833 0.1988609375 0.2897140625 0.2295577633303202 0.8097548746007162
0 0.31201551213750106 0.8079079838091893 0.28970775571399165 0.2911198247399162 0.24687500000000004 0.29296875000000006 0.2691827564235095 0.8097569090692731
0 0.3509009914704645 0.744356188456158 0.3361681673441613 0.3243008700308613 0.3014 0.3255203125 0.3161328241263033 0.7455756309252968
0 0.38666001670357475 0.7479120023188622 0.37684597746886833 0.32140969032760713 0.3396484375 0.322265625 0.34946247673470643 0.7487679369912551
0 0.41350156250000003 0.746528125 0.4102206797954208 0.3328721644082512 0.379525 0.33311562499999997 0.38280588270457916 0.7467715855917488
0 0.4484931634734715 0.7855370277649055 0.44604687499999995 0.33962656249999995 0.41024355755375674 0.3398229813993159 0.4126898460272283 0.7857334466642214
0 0.5005578125000001 0.2463109375000001 0.4549953125 0.2463109375000001 0.4549953125000001 0.7931859375 0.5005578125000001 0.7931859375
0 0.5444921875000002 0.2973093750000001 0.5089413609530387 0.29641280483011123 0.4966344765765404 0.7844057433600999 0.532185303123502 0.7853023135299888
0 0.5762218750000001 0.27018281250000004 0.5453702385157165 0.26921897287168817 0.5297263996944308 0.7699641324978116 0.5605780361787144 0.7709279721261235
0 0.6225968750000003 0.2962234375 0.5844476812136427 0.2943718384688697 0.5607717116043403 0.7821767776158689 0.5989209053906979 0.7840283766469993
0 0.66653125 0.29622343750000013 0.6276635159038992 0.2935504254308043 0.5942359522459977 0.7796139455729635 0.6331036863420986 0.7822869576421593
0 0.7154609375000001 0.27886250000000007 0.6721128263892779 0.2750384826311455 0.627292145828579 0.7831145852209532 0.6706402569393011 0.7869386025898077
0 0.8025156250000001 0.2625875000000001 0.7253926570539118 0.25349502221223075 0.6632836426318519 0.7803075853266468 0.7404066105779402 0.7894000631144161
0 0.8822484375000001 0.2604171875000001 0.8118462387919069 0.2506871271123727 0.7393157989073694 0.7754837098375655 0.8097179976154628 0.7852137702251929
0 0.9367593750000001 0.29622343750000013 0.8908168980871342 0.28875176402638614 0.8120907255646443 0.7728301135856497 0.8580332024775104 0.7803017870592637