0 0.19002507514823772 0.8496810270834515 0.1551812153338971 0.3385110030082572 0.10120391875000001 0.3450520833333333 0.13604777856434064 0.8562221074085274
0 0.24279568464352258 0.8511851318046546 0.20588046223666728 0.3380730211382204 0.15979766875 0.3439670125 0.19671289115685528 0.8570791231664341
0 0.28582351562499997 0.8474392374999999 0.24823535524285795 0.3657555678176724 0.21757761562499994 0.37000867916666663 0.25516577600714196 0.8516923488489941
0 0.34358913750000003 0.8463541666666667 0.2954600253179983 0.3654876542405915 0.251757303125 0.3732638875 0.29988641530700166 0.8541303999260753
0 0.409490759375 0.849609375 0.3620834904088718 0.34707668501959466 0.29651641875 0.3580729166666667 0.3439236877161283 0.860605606647072
0 0.48027398750000005 0.8550347208333332 0.43064436875 0.3461371541666667 0.3648246687642732 0.357548685743933 0.4144542875142732 0.8664462524105996
0 0.53397160625 0.859375 0.488409990625 0.3483072916666667 0.43564818898841134 0.35666943803123263 0.4812098046134114 0.867737146364566
0 0.587669225 0.8680555541666667 0.5437348093749999 0.3450520833333333 0.4915718121432902 0.35284213420825666 0.5355062277682903 0.8758456050415901
0 0.6421804468750001 0.8745659708333335 0.5965375663613833 0.34410766490531586 0.5468418056949905 0.3517095028406544 0.5924846862086073 0.8821678087686721
0 0.6716289513818006 0.8732179769901932 0.628349240625 0.3537326375 0.6031783997643451 0.357460726323103 0.6464581105211457 0.8769460658132961
0 0.7124707566346989 0.8825160021017708 0.6763516593750001 0.3537326375 0.6324619085795755 0.35906229979459453 0.6685810058392743 0.8878456643963655
0 0.751342443159432 0.8853125115663395 0.7105228718750001 0.28103298749999994 0.6735438355032921 0.285473812136319 0.714363406787724 0.8897533362026585
0 0.7992053031250002 0.8897569458333332 0.769102090625 0.2690972208333333 0.7161859432522689 0.27365995293526146 0.7462891557522691 0.8943196779352612
0 0.8432884330330586 0.8976362590084793 0.8171045093749999 0.27452257083333337 0.775558928505207 0.27762619941766703 0.8017428521632658 0.900739887592813
0 0.8838197343750002 0.9027777791666668 0.8642933281250003 0.2734375 0.8245736170700289 0.2756283888540134 0.8441000233200289 0.9049686680206802
0 0.909861863784332 0.9020507935124868 0.8976509374999997 0.2701822916666667 0.8751027322559853 0.27095695206592335 0.8873136585403175 0.9028254539117435
0 0.9358901531249998 0.9006076375000001 0.9244997500000001 0.26692708333333326 0.9019786007722068 0.26764675886309663 0.9133690038972067 0.9013273130297633