0 0.104091509375 0.9940676624999999 0.04992530871898408 0.05719298805617612 0.011649231250000003 0.061127145833333334 0.06581543190601592 0.9980018202771571
0 0.14172916586692097 0.993200894798517 0.09280720477677584 0.05791331426261034 0.05824615312499999 0.061127145833333334 0.10716811421514512 0.99641472636924
0 0.16350297986149903 0.9928716480482114 0.12438371875000001 0.16033349166666663 0.10328151735617494 0.1620962457646017 0.142400778467674 0.9946344021461465
0 0.18526034062500002 0.9930655749999998 0.14843374062499998 0.1623376625 0.13266159227876437 0.1635806625555687 0.16948819227876438 0.9943085750555685
0 0.21091135472962158 0.9938401559373314 0.17774470937500003 0.05210838749999999 0.15275118958655226 0.053673260942773644 0.1859178349411738 0.9954050293801051
0 0.2679323 0.9910614083333333 0.25514317961043464 0.21568962165891664 0.1950306625 0.21745229999999996 0.20781978288956537 0.9928240866744166
0 0.32580266875 0.9930655749999999 0.3227909000530973 0.22104889595770003 0.26342291875 0.22146063749999997 0.2664346874469027 0.9934773165423
0 0.37465428125 0.19841270000000005 0.33406986562499996 0.19841270000000005 0.334069865625 0.9990780833333334 0.37465428125000005 0.9990780833333334
0 0.41449131289756896 0.05774840629646768 0.38292147812500005 0.05711880833333339 0.3723559801655839 0.998957306054256 0.40392581493815277 0.9995869040173903
0 0.4573262374999999 0.057118808333333396 0.4257605812499999 0.0561167208333334 0.40899577074731913 0.994943134781352 0.44056142699731915 0.9959452222813521
0 0.4874114951273648 0.1623724179352645 0.46258718125 0.16133557916666674 0.44298408240920517 0.9957239241695899 0.46780839628657 0.9967607629381875
0 0.5249669312500003 0.17336059166666676 0.49646843208577024 0.17160399319861327 0.46790363023746445 0.9954730245796402 0.4964021294016945 0.9972296230476937
0 0.5655513468750002 0.3817941333333334 0.5279467531685069 0.3795893035529692 0.5076545437935069 0.9948690827196358 0.5452591375000001 0.9970739125000001
0 0.6128998312500002 0.3747795416666667 0.5791392778904161 0.3723189654903734 0.5534920914589887 0.9979091752658157 0.5872526448185729 1.000369751442109
0 0.6963233531249999 0.13528138333333342 0.63770141875 0.1302709625000001 0.5961796786452889 0.9939233132116576 0.6548016130202888 0.9989337340449909
0 0.7800146273062416 0.14610275441516746 0.71285774375 0.13628347083333345 0.6424049173323482 0.9929003459411541 0.7095618008885898 1.002719629522988
0 0.8556547625000002 0.2405002416666668 0.7851512898233627 0.22885918855173693 0.7145546932926473 0.988974490519223 0.7850581659692849 1.000615543634153
0 0.8984938687499999 0.20943562500000013 0.8662692016490124 0.20382415917981064 0.7888916742453954 0.9937829539691424 0.8211163413463829 0.9993944197893317
0 0.9318316235021319 0.23387006539477137 0.9022516843749997 0.22847522916666677 0.8238134231741865 0.9930578842853067 0.8533933623013187 0.9984527205134114
0 0.9977002156250002 0.0030062541666668885 0.9674416588572307 -0.0029843287318668033 0.8559414467555706 0.9982420752621591 0.8862000035233402 1.0042326581606928
0 0.999751984375 0.0841750833333335 0.8932329250000001 0.08417508333333348 0.8932329250000001 0.9970739125000002 0.999751984375 0.9970739125000002