0 0.04240734238706181 0.8683910680288689 0.034265625000000056 0.24311718750000005 0.022059845112938247 0.24327611947113095 0.0302015625 0.8685499999999999
0 0.054590625000000025 0.87071875 0.048898738867434594 0.2408088704313882 0.03345312500000001 0.2409484375 0.039145011132565445 0.8708583170686117
0 0.065971875 0.8685499999999999 0.05781142909511493 0.2374870183744467 0.041582812499999997 0.23769687499999997 0.04974325840488507 0.8687598566255532
0 0.07816562500000004 0.8663828125 0.07572656250000001 0.2366140625 0.05539503656002304 0.23669280547111118 0.057834099060023084 0.8664615554711113
0 0.09767793745303184 0.24315234641810543 0.07084843750000001 0.2431171875 0.07003168838650545 0.8663721533221633 0.09686118833953727 0.8664073122402687
0 0.12125156250000005 0.24203281250000003 0.09523750000000002 0.24203281250000003 0.09523750000000006 0.8674671875 0.12125156250000006 0.8674671875
0 0.14726718750000006 0.316825 0.12125156250000005 0.316825 0.12125156250000006 0.8652984375000001 0.14726718750000006 0.8652984375000001
0 0.17409375000000007 0.317909375 0.14482812500000006 0.317909375 0.14482812500000009 0.8598796875 0.1740937500000001 0.8598796875
0 0.20011367318026574 0.31803329129289504 0.17246875000000003 0.317909375 0.1700201111025719 0.8641848698048843 0.1976650342828376 0.8643087860977794
0 0.22937500000000005 0.8620468750000002 0.22531093750000003 0.32441250000000005 0.19930655787293572 0.324609071181071 0.2033706203729358 0.8622434461810713
0 0.25376406250000005 0.325496875 0.22449687499999998 0.325496875 0.22449687500000004 0.8609625 0.25376406250000005 0.8609625
0 0.283858359507674 0.32138059677508135 0.25457656250000005 0.3211609375000001 0.2504866844029442 0.866364322059136 0.27976848141061816 0.8665839813342174
0 0.3009156250000001 0.19542343750000005 0.2765265625000001 0.19542343750000005 0.2765265625000001 0.8674671875 0.30091562500000013 0.8674671875
0 0.32774218750000017 0.19433906250000005 0.30338184441234334 0.19419150966667137 0.2993170363060956 0.8652739810762332 0.3236773793937524 0.865421533909562
0 0.35457031250000026 0.25612500000000005 0.32368886683150333 0.25587593549564697 0.3188002518391853 0.86201408702232 0.34968169750768224 0.8622631515266731
0 0.3789607697424655 0.25074149020957737 0.35131875 0.2507046875 0.35050625288053155 0.8609603364715165 0.37814827262299705 0.8609971391810939
0 0.40497343750000026 0.25395625000000005 0.3773336084468385 0.2538079265880085 0.37408125000000014 0.8598796875000001 0.40172107905316184 0.8600280109119918
0 0.42692343750000017 0.255040625 0.3968481642023397 0.25500029610519925 0.39603125000000006 0.8642140624999998 0.42610652329766047 0.8642543913948005
0 0.44887343750000025 0.25395625 0.4244874616650459 0.25389078741617477 0.42285786942310033 0.8609428576335436 0.44724384525805466 0.8610083202173687
0 0.4716387004156323 0.26160993883464634 0.4472468750000001 0.2615437500000001 0.44562033645402055 0.8609536724947375 0.4700121618696527 0.8610198613293838
0 0.4911468750000002 0.35259531250000004 0.4675736817534658 0.3525573124364865 0.46676113527600505 0.8566173945504788 0.4903343285225394 0.8566553946139924
0 0.5415500000000002 0.2572078125 0.49522267017863575 0.25683484375213766 0.49034454517863574 0.8627582812521375 0.5366718750000001 0.86313125
0 0.5732612510115573 0.3528641057298588 0.5399250000000001 0.35259531250000004 0.535817406925265 0.8620268702243783 0.5691536579368222 0.8622956634542371
0 0.599297230650331 0.35061676853387946 0.5700031250000002 0.3504265625000001 0.5666957383646545 0.8598054268095927 0.5959898440149853 0.859995632843472
0 0.6236593750000001 0.3504265625000001 0.5952046875000001 0.3504265625000001 0.5952046875000001 0.8566265625 0.6236593750000001 0.8566265625
0 0.6529250000000002 0.3547625000000001 0.6236642459323504 0.3543849723141489 0.6171571968801219 0.8587219233753773 0.6464179509477719 0.8590994510612285
0 0.6740624999999999 0.8620468749999999 0.6724356557401251 0.35250706319602126 0.6391116647727011 0.3526134590892676 0.6407385090325759 0.8621532708932463
0 0.7041406250000002 0.34825937500000015 0.6700076975590776 0.34798708542305357 0.6659436350590775 0.8574386479230537 0.7000765625000002 0.8577109375000003
0 0.7366830614161273 0.3440290334686922 0.7025327927445393 0.34392091961542376 0.7008825438284122 0.8651903236467318 0.7350328125000002 0.8652984375000002
0 0.7659265625000001 0.3504265625000001 0.7318134470752407 0.35026184028771007 0.7293421875000001 0.8620468750000002 0.7634553029247597 0.8622115972122902
0 0.792790616359154 0.32684189221147397 0.7643 0.3265796875000001 0.759384383640846 0.8607002952885262 0.7878750000000001 0.8609625000000001
0 0.8147031250000001 0.3276640625000002 0.7895052196085897 0.32736049788373656 0.7829991451592418 0.8674084470221428 0.8081970505506522 0.8677120116384064
0 0.8464078125000001 0.2745515625000001 0.8114647249604273 0.27387337594237005 0.8000834749604273 0.8602843134423699 0.8350265625000001 0.8609625000000001
0 0.8789529628370696 0.2752566225207682 0.8399046875000001 0.2745515625000001 0.8293095371629308 0.8613418149792322 0.8683578125000002 0.8620468750000002
0 0.908228967824528 0.3534209538821339 0.8781140625000002 0.3525953125000001 0.864180231677285 0.8608256472605451 0.8942951370018127 0.861651288642679
0 0.9383997071588623 0.35014914787747015 0.9025015625000001 0.3493437500000002 0.8909753024588601 0.8630915036348892 0.9268734471177223 0.8638969015123591
0 0.9659426243219814 0.3586563928872284 0.9333953125000003 0.3580140625000001 0.9235987897613713 0.8544104446191255 0.9561461015833524 0.8550527750063537
0 0.9911140625 0.28972656250000006 0.9635833719226138 0.28921623470684843 0.9530146219226138 0.8593693597068486 0.9805453125 0.8598796875000001
0 0.9997484375000001 0.2869625000000001 0.9781078125 0.2869625000000001 0.9781078125 0.8598796875 0.9997484375000001 0.8598796875