0 0.121377465625 0.990059325 0.058621285716425754 0.05652964530911911 -0.005882076215649251 0.06423847042581925 0.05687410369292499 0.9977681501167001
0 0.154446246875 0.9930655749999999 0.09489021498623433 0.002977955835256572 0.066513346875 0.006012504166666668 0.12606937876376567 0.9961001233314101
0 0.18456191305883013 0.9950545254074651 0.13100520741331362 0.00035814700342597555 0.103339946875 0.0030062541666666647 0.15689665252051652 0.9977026325707058
0 0.20859285805386124 0.9948539131236251 0.16564474954369807 0.003280057918308149 0.14317280000000002 0.005010420833333336 0.18612090851016314 0.9965842760386503
0 0.23864857154437705 0.9948319363121615 0.20326914165819704 0.0022005287000531224 0.17473845625 0.004008337500000001 0.21011788613617996 0.9966397451121084
0 0.2702054506757719 0.9946344390794504 0.23785281953740883 0.001483865237731269 0.21156505625 0.003006254166666668 0.24391768738836306 0.9961568280083859
0 0.3040288862767988 0.993911796794674 0.28220200015592173 0.13689291661284766 0.25139790624999997 0.1382876375 0.27322479237087705 0.9953065176818263
0 0.32131946076308776 0.9938061150154802 0.30851671562500005 0.14129389166666673 0.2897201217800651 0.14179572455042924 0.30252286691815283 0.9943079478992427
0 0.35135581875 0.9950697458333333 0.34080626810396597 0.003411874399137238 0.309268278125 0.004008337499999999 0.31981782877103404 0.995666208934196
0 0.37390271875000003 0.9960718291666668 0.365635521875 0.011022929166666669 0.3483433239413583 0.011280934189508363 0.35661052081635836 0.9963298341895085
0 0.3949464875 0.9990780833333334 0.3904364718962145 0.008878796281215446 0.37315115312499997 0.009018758333333333 0.37766116872878547 0.9992180453854511
0 0.41523869687500004 0.9950697458333334 0.41448711240425695 0.10619495340839756 0.397201178125 0.10622093750000001 0.39795276259574314 0.9950957299249359
0 0.44154340937500003 0.10922719166666672 0.41974807500000005 0.10922719166666672 0.4197480750000001 0.9950697458333334 0.4415434093750001 0.9950697458333334
0 0.473157442736284 0.14691415717903272 0.44905904375 0.14630431250000012 0.4369791618771964 0.9949162021584459 0.4610775608634804 0.9955260468374785
0 0.5001653437500002 0.1533189041666668 0.4783789326637368 0.1527310168960539 0.46559497287279344 0.9949683859765294 0.4873813839590568 0.9955562732471422
0 0.5287247468750003 0.019039604166666765 0.5092050863629496 0.018186285748861282 0.4851550644879496 0.9962205940821947 0.5046747250000002 0.9970739125000001
0 0.6309373500000001 0.11924803750000008 0.5354888156250001 0.11423761250000007 0.5095751268054192 0.9918473049415052 0.6050236611804192 0.9968577299415052
0 0.7346530781249999 0.12425845833333345 0.6415813069017859 0.11584519043343655 0.5973566320450723 0.9855970833105914 0.6904284032682863 0.9940103512104883
0 0.83611411875 0.1372855541666668 0.7506622702234719 0.12633019124857842 0.68880771875 0.9840468166666667 0.7742595672765281 0.9950021795847552
0 0.8699884021558303 0.28402155364139275 0.8376172437499998 0.2785794458333335 0.7711824559807073 0.981108233701621 0.8035536143865378 0.9865503415096804
0 0.896990740625 0.31465448333333357 0.8762775456824865 0.31116550272548504 0.8132052053664092 0.9768446552275876 0.8339184003089226 0.9803336358354361
0 0.9488486062500001 0.14229597500000016 0.9228884766789867 0.13777571059858992 0.8409051483271522 0.9748153712825814 0.8668652778981658 0.9793356356839916
0 1.0260500723124406 0.057749231827163135 0.9719537550952351 0.046382897065541835 0.8625681271156763 0.971901164324678 0.9166644443328819 0.9832674990862993