0 0.13074861677698385 0.8075182847323534 0.08351278964236317 0.18597302937238375 0.054065624999999985 0.1882109375 0.10130145213462068 0.8097561928599697
0 0.15568888168101827 0.8077662651593979 0.11445096082422812 0.18495849693867752 0.08800781250000002 0.186709375 0.12924573335679015 0.8095171432207204
0 0.18297187499999998 0.8040953125 0.1465076870939491 0.19566890251225094 0.118196875 0.19736562500000002 0.1546610629060509 0.8057920349877492
0 0.20704756679801575 0.8022775717140863 0.17320625 0.19341875000000003 0.14837493446505695 0.19479891299601898 0.18221625126307267 0.8036577347101053
0 0.22892735823554541 0.801306933492157 0.1979875713825853 0.19500937424896297 0.1750234375 0.19618125000000003 0.20596322435296016 0.8024788092431938
0 0.2585351787994306 0.7964255678098295 0.23570315242520246 0.2636589706342811 0.20724141112577182 0.2648787153244516 0.23007343750000003 0.7976453125
0 0.29039374999999995 0.7962828124999999 0.27180412680920296 0.2600994529091422 0.23717656249999997 0.26130000000000003 0.255766185690797 0.7974833595908577
0 0.33044372884852563 0.7929512699078818 0.31383124999999995 0.24940781250000002 0.2762049245901189 0.2505577969704236 0.29281740343864454 0.7941012543783054
0 0.370482292215336 0.7967088613341547 0.35704375 0.2470921875 0.3161954618533212 0.2480909589543919 0.3296340040686572 0.7977076327885466
0 0.4085864377606333 0.804229555672568 0.3996625 0.19262968750000004 0.35775498006838213 0.1932411658848625 0.3666789178290154 0.8048410340574303
0 0.4495908320415302 0.8031526403824216 0.44317031249999994 0.19026093749999998 0.4038966679584696 0.1906723596175782 0.4103171874999999 0.8035640624999998
0 0.48179999999999995 0.2553796875000001 0.45027343750000004 0.2553796875000001 0.4502734375000001 0.7881734375 0.48180000000000006 0.7881734375
0 0.5177546875000002 0.25893281250000005 0.48578989087232316 0.2587700895672534 0.48311899390755836 0.7834329434815254 0.5150837905352355 0.783595666414272
0 0.5470546875000003 0.18552500000000008 0.5195307600019649 0.18535318770032497 0.5157899689741886 0.7846191379757794 0.5433138964722241 0.7847909502754546
0 0.5833663071443151 0.17871191867887684 0.5541578125 0.17842187500000004 0.5480092844927834 0.7976018828687119 0.5772177791370986 0.7978919265475888
0 0.6234140625000001 0.27195625 0.5852486216075319 0.271218870818254 0.5753993675700259 0.7809988213631958 0.6135648084624942 0.7817362005449418
0 0.6686984375000004 0.26722031250000006 0.6323872422602657 0.26621399532008844 0.6180551417787751 0.7833627722341383 0.6543663370185098 0.78436908941405
0 0.6846796875000003 0.36667500000000003 0.6634395933471329 0.3663002160303572 0.6562671875000002 0.7727812500000002 0.6775072816528677 0.773156033969643
0 0.7530484375000002 0.2613000000000001 0.6918285876016129 0.26011650991525187 0.6819182224444621 0.7727621798517702 0.7431380723428493 0.7739456699365184
0 0.8226203125000001 0.2559187500000001 0.7575917817462933 0.2540919481212795 0.7429557583397044 0.77508938593533 0.8079842890934114 0.7769161878140507
0 0.8498296875000001 0.1760531250000001 0.8268971810031452 0.17502719016296947 0.8005817204242621 0.7632511678569271 0.8235142269211171 0.7642771026939578
0 0.8773078125 0.1738875000000001 0.851724068991798 0.17257397318898637 0.8214621002535905 0.7619905269736867 0.8470458437617925 0.7633040537847006
0 0.9119843750000001 0.21630937500000008 0.879292870673894 0.21452730609480483 0.8496418379745772 0.7584663540953157 0.8823333423006833 0.760248423000511
0 0.9476203125000001 0.21425156250000016 0.9149150282904825 0.2121453965581308 0.8799659526374992 0.7548469137406949 0.9126712368470168 0.7569530796825642
0 0.9803515624999999 0.2151250000000001 0.9488895839161519 0.21302505662608717 0.9128718750000002 0.752653125 0.9443338535838484 0.754753068373913