0 0.164713340625 0.8271816958333333 0.13135164874387192 0.3239909586645029 0.10625963749999998 0.32694848333333326 0.13962132938112806 0.8301392205021636
0 0.18991182187500005 0.8284998416666667 0.1549624633557212 0.3230674063269702 0.13139881335478473 0.3259640570867262 0.1663481718740636 0.8313964924264227
0 0.21132830625 0.8301416125 0.18257023190869648 0.3236365973805011 0.15953389062499998 0.3259618333333333 0.1882919649663035 0.832466848452832
0 0.22905301121758317 0.8364019342373582 0.20382871335188524 0.39029263425769567 0.18617099062500003 0.39206760000000007 0.2113952884906979 0.8381768999796626
0 0.24536463749999998 0.8390214958333335 0.222365756912777 0.3903873472809227 0.20392907500000002 0.39206760000000007 0.226927955587223 0.8407017485524108
0 0.27387430434943766 0.844549856457328 0.2495023012531789 0.3204576363792987 0.21872748750000004 0.3230018666666667 0.24309949059625877 0.847094086744696
0 0.3047623189234742 0.8460103100967092 0.28115521036534036 0.32153901461917717 0.2505440875 0.32398851666666667 0.2741511960581339 0.8484598121441989
0 0.35043330624999997 0.8488880666666666 0.33183171988390037 0.3150954495880408 0.28384047812499996 0.31806860000000003 0.30244206449109956 0.8518612170786258
0 0.40074788437500003 0.85579465 0.3867995795987713 0.31758234343851893 0.333415165625 0.32004191666666665 0.3473634704012287 0.8582542232281478
0 0.45276989687500013 0.8599668583333334 0.44140316470650937 0.31712868570876535 0.38964909062499997 0.31905526666666667 0.4010158227934908 0.8618934392912347
0 0.4939972003302139 0.8632906296608289 0.4902783000000001 0.37036122916666664 0.44585778232771267 0.37095701600591474 0.44957668265792644 0.8638864165000769
0 0.5354180969967606 0.8645393769103913 0.5341489748225579 0.3701610145565919 0.49027830000000006 0.37036122916666664 0.4915474221742027 0.8647395915204661
0 0.581350625 0.36734532916666673 0.5368950039729754 0.367226796253417 0.5361533746675877 0.8617106085953783 0.5806089956946124 0.861829141508628
0 0.6249556200201952 0.3750072021056023 0.5821340598363298 0.3742973142818758 0.577588884375 0.8617145541666669 0.6204104445588653 0.8624244419903934
0 0.6752583718750003 0.36838792916666685 0.631046315985982 0.3665350666875938 0.6191949788262299 0.8692738043346389 0.6634070347152481 0.8711266668137119
0 0.71817376875 0.3239885166666667 0.6826576000000001 0.3220152166666667 0.6653130736924401 0.8769895671145893 0.7008292424424399 0.8789628671145893
0 0.7555042718750002 0.32068734166666685 0.7211923183496131 0.31844222771048586 0.7008724154725539 0.8705274931780719 0.7351843689979409 0.872772607134253
0 0.799565009375 0.3091887291666668 0.7590020458245117 0.3060958303401202 0.7345846739495118 0.8753947428401201 0.7751476375 0.8784876416666667
0 0.8439601937500003 0.3082020791666668 0.8019266710431969 0.30441431457586926 0.773069742918197 0.8737132604092026 0.8151032656250002 0.8775010250000002
0 0.8876154875 0.3585213916666668 0.8420690350496329 0.35383280893159025 0.811732316299633 0.8777456589315904 0.85727876875 0.8824342416666668
0 0.9345407281250002 0.35866477500000016 0.8894402757462675 0.35333389679719573 0.8543537226212672 0.8810499634638626 0.899454175 0.8863808416666671
0 0.9586478218750003 0.30721541250000023 0.9417042331897753 0.30514440334082243 0.9016739562500001 0.8873675250000003 0.9186175449352252 0.8894385341591781
0 0.982555053125 0.3065814416666669 0.9674343499558227 0.30439843486502255 0.9201719812500002 0.8863808416666669 0.9352926844191776 0.888563848468311