0 0.30448607812500006 0.8138020833333334 0.26203306070546145 0.32166047133202713 0.229784646875 0.3266059041666666 0.27223766429453855 0.8187475161679728
0 0.338657290625 0.8083767374999998 0.30023572998159703 0.31885734236527913 0.268033346875 0.3233506958333333 0.306454907518403 0.8128700909680541
0 0.38793961538352373 0.8082299459056181 0.35215342726742194 0.31986317895803995 0.30872345 0.3255208333333333 0.3445096381161018 0.8138876002809116
0 0.4340891022246202 0.7987019028494338 0.3995806759024304 0.3187514453584993 0.35511016875 0.32443576249999995 0.3896185950721899 0.8043862199909344
0 0.473714940625 0.7931857625 0.4435016151353016 0.38806345387395097 0.4078133156249999 0.3927951375 0.4380266411146983 0.7979174461260489
0 0.5128597463054329 0.794583662092263 0.48589935331553874 0.38490196405293503 0.44625600312499997 0.38953992916666663 0.4732163961148942 0.7992216272059948
0 0.55426136875 0.7964409708333332 0.5297305019428902 0.3820391432439314 0.4893875125 0.3862847208333333 0.5139183793071098 0.8006865484227352
0 0.5998229843749999 0.7942708333333333 0.5745885590983384 0.37956368530099927 0.532519021875 0.3841145833333333 0.5577534471516615 0.7988217313656673
0 0.6433138746802889 0.7900856728519089 0.6120944486825864 0.2893552980642949 0.5723768572553151 0.2937576154925218 0.6035962832530174 0.7944879902801357
0 0.6806717884944039 0.7826018146946228 0.6576691961536013 0.2840887297125611 0.6170486512988373 0.2874208712336083 0.6400512436396399 0.78593395621567
0 0.7162908598324595 0.7720679960907874 0.712189621875 0.2983940958333333 0.674929958348288 0.2989676202536096 0.6790311963057475 0.7726415205110638
0 0.751242434375 0.2951388875000001 0.713816821875 0.2951388875000001 0.713816821875 0.7703993041666667 0.751242434375 0.7703993041666668
0 0.79273605 0.28862847083333343 0.763473262036775 0.2881095258870862 0.7585648375000001 0.7801649291666668 0.7878276254632252 0.780683874112914
0 0.8277208625 0.28862847083333343 0.8009490345010066 0.287513254696445 0.7894816500000001 0.7769097208333335 0.8162534779989935 0.778024936970222