0 0.6657828125 0.04003125000000005 0.6571347395439464 -0.0038168509522013895 0.17211718750000005 0.09184218750000002 0.1807652604560538 0.13569028845220146
0 0.6784484375 0.0863453125 0.6697021664138806 0.04240672973155153 0.18262626104352692 0.1393624720306699 0.19137253212964636 0.18330105479911835
0 0.6407156249999999 0.13684062500000005 0.6338086329246083 0.10195902407353427 0.19261957042460848 0.18931996157353428 0.1995265625 0.22420156250000006
0 0.6575234375 0.1863140625 0.6502946414827984 0.1498522554623223 0.2052772638153737 0.23807991362374054 0.21250605983257537 0.27454172066141824
0 0.669146875 0.21947187500000007 0.6628344433895907 0.18830781583983522 0.21399419503973555 0.27922258907737246 0.22030662665014483 0.3103866482375373
0 0.7720198177266798 0.22497833557427924 0.7653167128205458 0.19404840431145226 0.2164154428031831 0.3130057587514423 0.22311854770931722 0.34393569001426927
0 0.782540625 0.261634375 0.7762042680251682 0.23122546564558846 0.22273236657714265 0.3465533618959968 0.22906872355197452 0.37696227125040827
0 0.79553125 0.31373593750000006 0.7866032781724435 0.27149933115605085 0.23153964012919426 0.3888286564005026 0.24046761195675068 0.4310652627444519
0 0.8083250000000002 0.3650500000000001 0.7979807945335141 0.31813318969138055 0.24279086979391068 0.44054131199662294 0.25313507526039675 0.48745812230524244
0 0.7703097196148905 0.45255393368656877 0.7577202786484211 0.3994942228831016 0.26512731063707873 0.5163714164706614 0.27771675160354814 0.5694311272741286
0 0.7825703125 0.5039546874999999 0.7700204238650336 0.4525667095110711 0.2777547988650335 0.572787022011071 0.29030468749999994 0.6241749999999999
0 0.7970859375 0.5397453125000002 0.789310515319254 0.5081361863664942 0.2845846863211028 0.6322919883779805 0.29236010850184885 0.6639011145114866
0 0.80488125 0.5889515624999999 0.7941366015753852 0.5446679457407626 0.29317163207839353 0.6662183714785211 0.3039162805030083 0.7105019882377585
0 0.7668834998333027 0.6118525949408667 0.7644349971841055 0.601575280226251 0.3073974851793432 0.7104614620743857 0.3098459878285404 0.7207387767890014
0 0.8269203070309288 0.6422467005134986 0.8166820758932207 0.6003497871131117 0.3088070813622921 0.7244577740996131 0.3190453125 0.7663546875
0 0.840625 0.6874593750000001 0.8300635538334081 0.6456496737095098 0.3187776163334083 0.7748043612095098 0.3293390625 0.8166140625
0 0.8496960839104097 0.7405374445967341 0.8391455991224188 0.6995760579208262 0.3302635777120092 0.8306495508240923 0.34081406250000007 0.8716109375000002
0 0.8140038896951003 0.8223855184530189 0.7971562500000001 0.755315625 0.34559938427670833 0.8687445717879332 0.3624470239718086 0.9358144652409519
0 0.8538656250000001 0.8526984375000002 0.8464337761414203 0.8226829170231799 0.36087908864142015 0.9429063545231797 0.3683109375 0.9729218749999999
0 0.8605352127079726 0.8837353463776987 0.8532059079651916 0.8545418408337925 0.36840001592040555 0.9762569297787651 0.3757293206631867 1.0054504353226714