0 0.20471455549891568 0.7298182299892646 0.1504925573490679 0.28395116978098783 0.11754262500000001 0.2910748125 0.17176462314984778 0.7369418727082767
0 0.22829726875 0.7266057958333331 0.17925922725634685 0.2843302934873078 0.151937540625 0.2897157833333333 0.20097558211865313 0.7319912856793587
0 0.2552379375 0.7285748124999999 0.20579232109673223 0.27982224682105916 0.17946252499999998 0.2849798249999999 0.2289081414032677 0.7337323906789408
0 0.283347353125 0.7277898125 0.23450473273376 0.27596897797277464 0.20609969374999998 0.2814278833333333 0.25494231414124 0.7332487178605586
0 0.30288125000000005 0.7254218541666668 0.2658757394832107 0.33946526894367246 0.245167490625 0.3429950583333333 0.28217300114178934 0.7289516435563278
0 0.32465311240748174 0.725427589622431 0.28423528437500006 0.3382590958333333 0.2651271563425183 0.34180533954423553 0.305544984375 0.7289738333333333
0 0.37568943125 0.7230538916666667 0.33921158400888063 0.26866970258504946 0.28258168749999996 0.2767518958333333 0.3190595347411193 0.7311360849149506
0 0.4300480712972323 0.7195297495225649 0.39430134347660706 0.2632334560504198 0.34017324062499993 0.2707720374999999 0.37591996844562525 0.727068330972145
0 0.45648869687500004 0.7242378333333335 0.4209041011608636 0.2604077531435806 0.3963901285837377 0.26375119900451155 0.43197472429787415 0.7275812791942644
0 0.4799148804951514 0.7191555707640188 0.44849760937500005 0.2553802375 0.4227180704983554 0.2584848931061813 0.45413534161850677 0.7222602263702
0 0.5230815343749999 0.7183179708333334 0.5003264122170508 0.29574994262787635 0.45204921562499994 0.30037164583333337 0.4748043377829492 0.7229396740387904
0 0.570667625 0.7181581458333334 0.548830771875 0.2932677249999999 0.5048122260698896 0.29728957878165463 0.5266490791948897 0.7221799996149881
0 0.6154235500000002 0.7431816 0.5985533875000001 0.24117243333333332 0.549697366022742 0.2440912256180686 0.5665675285227421 0.7461003922847352
0 0.6671235518072035 0.7408034970006654 0.6526988749999999 0.23117897916666666 0.6010413477487594 0.23377834175769024 0.615466024555963 0.7434028595916888
0 0.7161754375000001 0.7428977291666666 0.7086535593750001 0.22578064583333335 0.6579760238402035 0.22709112574248555 0.6654979019652034 0.744208209075819
0 0.7628265214123345 0.7440911671268794 0.7610973125 0.21685606250000003 0.7104088869970842 0.21715161144998504 0.7121380959094187 0.7443867160768645
0 0.81431425 0.2613001583333335 0.76370364375 0.2613001583333335 0.76370364375 0.7218698750000002 0.81431425 0.7218698750000002
0 0.8888981156250002 0.25064431250000013 0.8357518451689513 0.24903803835988678 0.8276145155133559 0.7276819170976904 0.8807607859694049 0.7292881912378036