0 0.11097806890212962 0.7925339765518397 0.08535161428114653 0.09687305125218222 0.005175 0.09982656250000001 0.030801454620983087 0.7954874877996574
0 0.18976093750000006 0.785590625 0.17008007074858947 0.10310113133356862 0.0955078125 0.1052515625 0.1151886792514106 0.7877410561664314
0 0.24975963417631383 0.7833689962171072 0.23526972438807467 0.15282825327068464 0.18081250000000001 0.1540796875 0.1953024097882392 0.7846204304464226
0 0.3175299380980488 0.778245838511832 0.30931825220894804 0.17699651160196198 0.23939062500000002 0.17795156249999997 0.24760231088910079 0.77920088940987
0 0.3809889864875353 0.7762556598121332 0.37362778279947445 0.16208055773604418 0.3168609375 0.1627609375 0.32422214118806086 0.776936039576089
0 0.43628421262773703 0.7779749985150064 0.43546579827463716 0.15508784572047601 0.37626875000000004 0.15516562500000003 0.37708716435309986 0.7780527777945304
0 0.497318406947342 0.16111884718790523 0.44055937500000014 0.16059062500000007 0.43483592728469683 0.7755919618619952 0.49159495923203866 0.7761201840499005
0 0.5648663205508709 0.15601802262391118 0.506478125 0.15516562500000006 0.4974175648184751 0.7758029248224984 0.555805760369346 0.7766553224464094
0 0.6031409315773741 0.14937547725719713 0.5772781250000001 0.14865468750000008 0.5600125764329836 0.7681634118990093 0.5858753830103576 0.7688842016562064
0 0.626802513442266 0.1580142203333757 0.6041343750000001 0.15733437500000008 0.5861912365577343 0.7556139046666245 0.6088593750000002 0.7562937500000001
0 0.6789274068825899 0.14183358528513768 0.632453125 0.13997343750000005 0.6078363298489224 0.7550040743332509 0.6543106117315124 0.7568642221183886
0 0.7252179244223816 0.14618641637577817 0.6830718750000001 0.14431406250000012 0.6560804313630959 0.7518822856969475 0.6982264807854774 0.7537546395727256
0 0.7692589146842387 0.170232599407611 0.7300859375 0.16818593750000005 0.699715649644252 0.749471292363854 0.7388886268284908 0.751517954271465
0 0.8393834052635272 0.15702010190182258 0.7872390625000001 0.15299531250000012 0.7413109767914076 0.7480301340926699 0.7934553195549346 0.7520549234944924
0 0.8708390625000002 0.1454000000000001 0.8524584786562193 0.14406946268086393 0.8090046875000001 0.7443578125 0.827385271343781 0.7456883498191361
0 0.9001281250000002 0.1454000000000001 0.8776145460683267 0.14373654317404644 0.8335653176184122 0.7399081817243423 0.8560788965500856 0.7415716385502958
0 0.930245479862174 0.14630572216893895 0.905240625 0.14431406250000015 0.8578885911992515 0.7388085693086651 0.8828934460614255 0.7408002289776039
0 0.9627750000000003 0.1475687500000001 0.9361656250000001 0.14540000000000014 0.8879727514424225 0.7367001705227296 0.9145821264424226 0.7388689205227297
0 0.9757921875000003 0.18771718750000016 0.9599360997920009 0.1863046287103621 0.9109219989113795 0.7364919116701152 0.9267780866193789 0.7379044704597533
0 0.9921393067787243 0.18902898476865812 0.9768546875000002 0.1877171875000001 0.9301988967573604 0.7313347232939171 0.9454835160360846 0.7326465205625752