0 0.10341033985539202 0.9406686804702316 0.050705348715881594 0.23464908640844423 0.009878124999999998 0.237696875 0.06258311613951043 0.9437164690617873
0 0.13588593750000005 0.9422578125 0.0925702019518798 0.2481316325350192 0.0513375 0.2507046875 0.09465323554812025 0.9448308674649807
0 0.1692171875 0.9455109374999999 0.12512221467754286 0.25076873051433424 0.09097690217754287 0.25293591801433435 0.135071875 0.947678125
0 0.21311562500000006 0.9465937500000001 0.17144701188916137 0.01623761017339872 0.11556093750000003 0.018740625 0.15722955061083874 0.9490967648266013
0 0.24726093750000003 0.9465937499999999 0.21230312500000004 0.27021562499999996 0.17338520825357354 0.2722270520202221 0.20834302075357353 0.948605177020222
0 0.3041671875 0.9487624999999997 0.275550919196203 0.028671686812660684 0.21149062500000002 0.030664062500000006 0.24010689330379703 0.9507548756873391
0 0.33923656360767607 0.9526444264633683 0.32933154464878234 0.2230328617747675 0.2870953125 0.22360625 0.2970003314588937 0.9532178146886009
0 0.378146875 0.9520140624999998 0.37570781249999996 0.198675 0.32367515958502 0.19884346450531754 0.32611422208502006 0.9521825270053175
0 0.4204203125 0.2051796875000001 0.37489374999999997 0.2051796875000001 0.37489375 0.9509296875000001 0.4204203125000001 0.9509296875000001
0 0.4602934308658665 0.20777435726274468 0.41716875 0.2073468750000001 0.4097877287289472 0.9519489661714374 0.4529124095948137 0.952376448434182
0 0.49605388218800284 0.2676149958431686 0.4618812500000001 0.2669640625 0.44884455531199724 0.9513631291568313 0.48301718750000006 0.9520140625
0 0.5334819826589668 0.17658390834230303 0.49358593749999996 0.17591250000000008 0.4804903627252921 0.9540703060265481 0.5203864078842589 0.9547417143688509
0 0.5684607562256272 0.18102390542689462 0.5350468750000001 0.18024843750000008 0.5170395872047642 0.9561585102676163 0.5504534684303913 0.9569339781945109
0 0.5904177577414875 0.18072221942384953 0.5660921295078606 0.1801576712838307 0.5480531250000003 0.9574343750000003 0.5723787532336271 0.9579989231400189
0 0.6017237687992283 0.18052337813612881 0.5789684644529183 0.1801187310186432 0.5651265625 0.9585171875 0.5878818668463099 0.9589218346174857
0 0.6220478666964329 0.18728937157385528 0.6025218749999999 0.18675156250000008 0.5813265348238754 0.9562812272105493 0.6008525265203085 0.9568190362844045
0 0.6691935775809739 0.21905138732965299 0.6228453125 0.2171031250000001 0.5917486263319296 0.956878991792205 0.6380968914129035 0.9588272541218579
0 0.70983125 0.2236062500000001 0.6708979816446494 0.2217489007398437 0.6359417316446495 0.9544926507398437 0.6748750000000001 0.9563499999999999
0 0.7610857695456513 0.1460230263578322 0.7171484375000001 0.1433937500000001 0.668332980454349 0.9591394736421682 0.7122703125000001 0.9617687500000004
0 0.804134375 0.15098281250000006 0.7523926266183015 0.1471334454187045 0.6920423970337541 0.9583385936921689 0.7437841454154526 0.9621879607734645
0 0.8555332157184017 0.1488818303349702 0.8171421875 0.1455625000000001 0.7467810541963601 0.9593520242544746 0.7851720824147618 0.9626713545894449
0 0.8764875000000003 0.23336093750000014 0.8392425487984772 0.23039191514527638 0.7811554977981462 0.9590659099724407 0.8184004489996693 0.9620349323271645
0 0.919575 0.23119375000000014 0.8760485169264877 0.22716164407648623 0.8082606947525178 0.9589294970088333 0.8517871778260302 0.9629616029323473
0 0.9717478254224974 0.05698303186167255 0.9366468749999999 0.05342812500000014 0.8453297619326182 0.9550881637093726 0.8804307123551156 0.958643070571045
0 1.0002348365324374 0.12379481971467224 0.9625043697666639 0.12005107113166262 0.8797390625000002 0.9541812500000002 0.9174695292657737 0.95792499858301
0 1.0319678223583495 0.23242215499036875 0.9943656250000001 0.22794218750000014 0.907986865141651 0.9529544075096317 0.9455890625000002 0.9574343750000003