0 0.20746381147262477 0.10559556369598962 0.18579331793749593 0.09717871739646497 -0.021670493535128732 0.6313269037004753 8.881784197001253e-17 0.6397437499999999
0 0.22755560552209847 0.11369419314593296 0.2084189153564148 0.10630722414968194 -0.019136690165683624 0.6958130310037489 4.4408920985006264e-17 0.7032
0 0.2817188976622532 0.10053738229862834 0.2409269310582364 0.08496861567731209 -0.03206404521064092 0.8002365015682325 0.008727921393375882 0.8158052681895487
0 0.3123700976909533 0.09795626847309852 0.2871341929739662 0.08838655629504871 0.011156282783012995 0.8161568503219503 0.03639218750000013 0.8257265625000002
0 0.33910089530879717 0.10755285178979931 0.31515599604446 0.09858920547936142 0.04225041323566288 0.8276113536895622 0.06619531250000006 0.8365750000000001
0 0.421876949418455 0.11956341854743202 0.3518636131219994 0.09351176333421604 0.07386232883633385 0.8406350170484336 0.1438756651327895 0.8666866722616495
0 0.4960375000000001 0.14831093750000007 0.42234823056539045 0.12243396966642035 0.15877574842649067 0.8730035022636017 0.2324650178611003 0.8988804700971814
0 0.5325109375000002 0.21712343750000013 0.4823566662033924 0.19991666804551658 0.24170766766188936 0.9013600849538872 0.29186193895849716 0.9185668544083706
0 0.5854437500000003 0.23639062500000016 0.5361269427861406 0.21950772662037532 0.296221875 0.920296875 0.34553868221385964 0.9371797733796248
0 0.6612529628813217 0.20660395003381735 0.6115047510284288 0.18949002058263448 0.3497046875000001 0.9505125 0.39945289935289297 0.9676264294511828
0 0.717437544103027 0.22801241908206035 0.6673035393517531 0.21069964200399585 0.40543750000000023 0.9690062500000002 0.45557150475127395 0.9863190270780647
0 0.7574208544849607 0.2899865843571395 0.7076726804728721 0.2728712407672234 0.4625625000000001 0.98531875 0.5123106740120886 1.002434093589916
0 0.814983414137318 0.3076084535721969 0.7680495881083861 0.29122242546839067 0.5205937500000001 1.0000000000000002 0.567527576028932 1.0163860281038064
0 0.8424354319792737 0.31807953259360044 0.8223627109964591 0.3109857578993548 0.5788625 1.0000000000000002 0.5989352209828146 1.0070937746942459
0 0.8680797933426699 0.32651055026879916 0.8484799458596568 0.31959619980680976 0.60845 1 0.6280498474830132 1.0069143504619895
0 0.9199000000000002 0.3599140625000002 0.8663642165216633 0.34107659689186304 0.6345109375000001 1.0000000000000002 0.6880467209783372 1.0188374656081374