0 0.06600985772166776 0.9700509977704745 0.04963201346149374 0.21448650127842667 0.009877406249999998 0.2160184708333333 0.026255250510174032 0.9715829673253811
0 0.104242301111482 0.9742369393835386 0.08705158386541012 0.22330270775587208 0.047154692128928116 0.22492641837233363 0.06434540937500001 0.97586065
0 0.13346983170307872 0.9717823176014583 0.1179447517636039 0.07514086745767166 0.083856334375 0.07619016666666667 0.0993814143144748 0.9728316168104532
0 0.16515510199902916 0.9771330010203235 0.149705709375 0.0794419875 0.11714867886914777 0.08043809633553337 0.13259807149317693 0.9781291098558569
0 0.19767006874999998 0.9791124708333333 0.182223921875 0.08594562916666666 0.1407852384851607 0.08721963374868817 0.15623138536016065 0.9803864754153548
0 0.22532892689840006 0.9797049102386879 0.2155133673290182 0.08430798768766895 0.187101653125 0.08486168749999999 0.1969172126943818 0.9802586100510189
0 0.2513429396318393 0.9764070113408011 0.24319556562499994 0.23119363333333337 0.21553726349316066 0.23173120949253226 0.22368463749999998 0.9769445875
0 0.2733373807177083 0.9805210717837487 0.26026762500000006 0.23227757499999996 0.2358164942822918 0.2330368532162511 0.24888624999999998 0.9812803499999999
0 0.3057931187500002 0.23336151666666674 0.26515152235321005 0.23304369373764552 0.2618649549214366 0.9801898274072406 0.30250655131822674 0.9805076503362619
0 0.3375290004221518 0.9805639424508575 0.32855586562500005 0.2376972791666667 0.29354240766612627 0.23844915443522977 0.302515542463278 0.9813158177194207
0 0.38464977812499995 0.9791124708333333 0.3781092429424722 0.09832020683229106 0.33014958503173253 0.09895333749123723 0.3366901202142603 0.9797456014922794
0 0.4309911714193566 0.1055453185267687 0.37733318125 0.10545655416666673 0.3765172817056436 0.9822755273065648 0.4301752718750002 0.9823642916666667
0 0.4789563933766245 0.983292391508354 0.4773266781250001 0.12171566250000002 0.42691967310350776 0.12188516891431922 0.4285493883551322 0.9834618979226732
0 0.5358738246615606 0.9853115631434483 0.5334350274575269 0.11709970850885713 0.4724490152959663 0.11740425786540894 0.4748878125 0.9856161125000001
0 0.563499934375 0.3135731000000001 0.530981725 0.3135731000000001 0.5309817250000001 0.9747767083333333 0.5634999343750001 0.9747767083333333
0 0.6017088312500001 0.9834482291666669 0.5943851956564901 0.24891466339737256 0.5545574281250001 0.24962062083333333 0.56188106371851 0.9841541866026275
0 0.6391047750000001 0.9801964083333332 0.6301622656249999 0.1466462875 0.5927739719992455 0.1473593716827442 0.6017164813742457 0.9809094925160775
0 0.67406185 0.9823642916666667 0.666745253125 0.14989810833333336 0.6277192325772132 0.15050788986776753 0.6350358294522132 0.9829740732011009
0 0.7114625632636955 0.9884830695129573 0.7057565378987325 0.15268631693374451 0.6675582062500001 0.15314992916666667 0.6732642316149631 0.9889466817458794
0 0.7691776156250001 0.9910358125 0.7683635523789244 0.11401941852503773 0.7025152843750001 0.11412807916666666 0.7033293476210758 0.9911444731416289
0 0.8309646582840651 0.1157722342754108 0.7634869281250001 0.11521202083333344 0.759419707340935 0.9861398365579227 0.8268974375000001 0.98670005
0 0.8651208643851662 0.984061881558931 0.8586026937500002 0.2225221125 0.827695863739834 0.22299240177440235 0.834214034375 0.9845321708333333
0 0.8911209031249999 0.22360605416666682 0.85697916315222 0.2235412997204067 0.8561592108827693 0.9921089522537355 0.8903009508555492 0.9921737066999956
0 0.9285282835069367 0.988477025675209 0.9236365370614609 0.22862570269153978 0.8886820375000003 0.22902575416666665 0.8935737839454762 0.9888770771503359
0 0.9594142896354381 0.9871817048416486 0.9512795906250002 0.22577393333333334 0.9195691916145622 0.22637622015835143 0.927703890625 0.9877839916666669
0 1.0016931892369718 0.983187135038666 0.9992355879177056 0.26234216838535335 0.9520812864493976 0.2626279724165385 0.9545388877686637 0.9834729390698512