0 0.1182570206248863 0.9267067936451705 0.06819420814443677 0.1541528126602192 0.020445825 0.15965357083333334 0.07050863748044954 0.9322075518182847
0 0.159461171875 0.9227475708333334 0.1129253521289159 0.021422169748841337 0.05946767812499999 0.026328912499999992 0.1060034978710841 0.927654313584492
0 0.18143889923425194 0.9271360480616961 0.15933164418152443 0.027561896880866202 0.11312272499999998 0.029580733333333335 0.1352299800527275 0.9291548845141633
0 0.22856236874999994 0.9292512125000001 0.21140666552316426 0.1858383292540016 0.1585645748981643 0.18800621258733496 0.17572027812499996 0.9314190958333335
0 0.28790810312500004 0.9270833333333335 0.26915560429761465 0.07479589799811671 0.205799621875 0.07727410833333333 0.22455212070238542 0.92956154366855
0 0.352944525 0.9303351541666668 0.34310455750035757 0.025058093766442763 0.27728078696647807 0.026330050614110933 0.28712075446612056 0.9316071110143349
0 0.4196183285177355 0.04172855773086721 0.350505659375 0.041504075000000064 0.3488797692973122 0.9314085337637384 0.41799243844004774 0.9316330164946056
0 0.44322356069305674 0.1588257265455638 0.4098513906250001 0.15856963333333338 0.40652963341618564 0.9281105917948912 0.4399018034842423 0.9283666850071216
0 0.49114691875000027 0.08919745000000011 0.44487877251211916 0.08792053692342908 0.43183726099729336 0.9280112184652182 0.4781054072351744 0.9292881315417891
0 0.5317946812500002 0.17266085833333342 0.49198389815082944 0.1713568441168284 0.47816204225983505 0.9215312243783683 0.5179728253590057 0.9228352385948733
0 0.5708336746577642 0.046238042817050753 0.537485365625 0.04475589583333342 0.5154011350658563 0.9281251685053248 0.5487494440986205 0.9296073154890421
0 0.6025965579510807 0.05303863292038538 0.568377665625 0.0512595375000001 0.542937647696757 0.9211440360157571 0.5771565400228377 0.9229231314361424
0 0.6342270406250001 0.20517906666666677 0.5983495326241643 0.20316791509106527 0.5755867857491643 0.925072181757732 0.6114642937500001 0.9270833333333335
0 0.6903976471003547 0.1768125512914344 0.6374788624999999 0.1737447958333334 0.6130135122746453 0.9240155778752325 0.6659322968750001 0.9270833333333335
0 0.7480407781250002 0.1824163208333335 0.6972656304987341 0.17825929105626587 0.6626804750000002 0.9292512125000002 0.7134556226262663 0.9334082422770678
0 0.7773071656250001 0.20626300833333344 0.7441029825803377 0.20352520740625124 0.7106448375000002 0.9249154541666669 0.7438490205446626 0.927653255093749
0 0.8212067500000002 0.18024843750000016 0.7800846215977688 0.17624043282477983 0.738765209630881 0.9299065150635817 0.7798873380331124 0.933914519738802
0 0.875674753125 0.18675208333333349 0.82702855644352 0.1805793107868597 0.7738799975370607 0.9252042600560323 0.8225261942185407 0.931377032602506
0 0.9212193778332634 0.06618313205885958 0.88299135 0.06101500000000014 0.8172868023674056 0.9250298242049968 0.8555148302006689 0.9301979562638562
0 0.9618480093749999 0.06968652500000014 0.9189458610401171 0.06318619959567345 0.8453466725464402 0.9267500246670953 0.8882488208813231 0.933250350071422
0 0.9981135352235017 0.0711882688324038 0.9577832343749998 0.06535076250000009 0.887760448914584 0.9253953220347066 0.9280907497630858 0.9312328283671103
0 1.0449178681522553 0.09174954747380833 0.9927403093749998 0.08269380833333351 0.9101893501624939 0.9282830511060218 0.9623669089397495 0.9373387902464967