0 0.066784275 0.8815578375000002 0.026492330705452483 0.24565779567352328 -0.009831402065078826 0.24974943473932937 0.0304605422294687 0.8856494765658062
0 0.10987090312499999 0.8869775416666666 0.0698654001231532 0.054209965050938114 0.015568093750000001 0.05884712083333334 0.05557359675184679 0.891614697449062
0 0.15261832881891624 0.88470874014926 0.11590359042635254 0.05250794052606021 0.062719496875 0.056679241666666665 0.09943423526756368 0.8888800412898664
0 0.1726245400381103 0.8882492827379821 0.1431472953899972 0.2386581157053244 0.114748634375 0.2409491 0.1442258790231131 0.8905402670326577
0 0.19200888177226016 0.8857441358790189 0.1716335956691966 0.24025507179978708 0.139950246875 0.2420330375 0.16032553297806357 0.8875221015792317
0 0.217993953125 0.8848096583333332 0.19360529375 0.2420330375 0.1643315732752509 0.2440076562238512 0.18872023265025087 0.8867842770571845
0 0.24843475626667066 0.886619305985407 0.2234575427387986 0.2372125223590401 0.1846627875 0.23986515833333336 0.2096400010278721 0.8892719419597002
0 0.26842303863351 0.8921681333848568 0.24860294064219027 0.23700385277927763 0.21555508437499998 0.23878121666666668 0.23537518236631977 0.8939454972722458
0 0.3123540088390885 0.8903692220715645 0.3032834472645654 0.18121635341935946 0.2505121625 0.18241632083333334 0.2595827240745231 0.8915691894855385
0 0.3570093 0.8891454208333334 0.3520967404938503 0.18392017256172244 0.29847652187499996 0.18458419999999995 0.3033890813811497 0.8898094482716109
0 0.385462734375 0.8923972416666667 0.3772275918352345 0.1797829591412766 0.34960619777284496 0.18035042490552258 0.3578413403126104 0.8929647074309127
0 0.4131032125 0.8956490625 0.4106643468750001 0.17808055833333333 0.37814312128066924 0.17827706119598521 0.38058198690566925 0.8958455653626518
0 0.44155664687499996 0.8956490625 0.439113522315085 0.17791331949708486 0.41147730312499997 0.17808055833333336 0.41392042768491494 0.8958163013362485
0 0.4708230343750002 0.18024843750000008 0.44074869434188557 0.1801875892226275 0.4399356831866649 0.8945552660768381 0.4700100232197796 0.8946161143542107
0 0.5171737734750328 0.18907173128377516 0.47491315361677977 0.1888964670414723 0.47326190312499994 0.8967330041666668 0.5155225229832531 0.8969082684089696
0 0.553744471875 0.19217178333333346 0.5155661062424598 0.1916260996311602 0.5098754187424598 0.8994391412978268 0.548053784375 0.8999848250000001
0 0.6049606531250001 0.16615721666666677 0.5603246155903269 0.16417639401481304 0.5422558861136569 0.8880206447252552 0.5868919236483302 0.890001467377109
0 0.6610545656250002 0.16832509583333347 0.609960680594959 0.1644063906227135 0.5781733436026709 0.9012205300566046 0.6292672286327121 0.9051392352672246
0 0.7082059687500001 0.16507327500000013 0.6596851051636957 0.16036996689550198 0.619342634567469 0.9002563878451191 0.6678634981537733 0.9049596959496173
0 0.7433351542679667 0.19461287802275315 0.7090189249999999 0.19108784166666679 0.6679114420198672 0.9025213541886654 0.7022276712878339 0.9060463905447517
0 0.7529840851839451 0.2656153360157604 0.7303691527078782 0.26366000622038316 0.6992634625 0.9032366458333334 0.721878394976067 0.9051919756287107
0 0.7732423906250001 0.2702154875000001 0.7496450242796608 0.2686156661431932 0.7252563680296608 0.9081404661431932 0.7488537343750001 0.9097402875000001
0 0.7993462606466298 0.27908516080061213 0.7699905687500002 0.2767191291666668 0.7412269478775053 0.9111624110833652 0.770582639774135 0.9135284427173105
0 0.8344172640360427 0.3244844286161129 0.7951921812500001 0.3211606833333335 0.7672560437703957 0.9072718117975158 0.8064811265564383 0.9105955570802953
0 0.874959750957013 0.32341060004742433 0.8341665048977209 0.3200049024667327 0.806428072690708 0.9106703524193086 0.8472213187500002 0.9140760500000003
0 0.9187613812500004 0.32658038333333356 0.8733966418658943 0.32239721743965444 0.8429675504819615 0.9090481832550612 0.8883322898660676 0.9132313491487403
0 0.9488407250000002 0.20517906666666677 0.9237585582958523 0.2022664667261022 0.8779243411987695 0.9039665117062523 0.9030065079029173 0.9068791116468168
0 0.973229384375 0.2040951250000002 0.9467901697391714 0.20077149360243388 0.8968832141160885 0.9065594592759131 0.9233224287519171 0.9098830906734794
0 1.0118316205455002 0.2617133786072826 0.9725597087910136 0.2564069843636588 0.9229273658547665 0.9094244245720792 0.9621992776092532 0.9147308188157031