0 0.12044660069233967 0.9094615166851131 0.10842177480823098 0.31918820507746914 0.06463798661589129 0.320773888392356 0.0766628125 0.9110472
0 0.16619317812500004 0.9031539958333333 0.1572985299846832 0.25971570454357296 0.11143903749999995 0.26084271666666664 0.12033368564031681 0.9042810079564271
0 0.20984846874999996 0.9061139125000001 0.20539835181268162 0.26028994239848846 0.16027378125 0.2608427166666667 0.16472389818731833 0.9066666867681783
0 0.2594423540401775 0.9103047683088481 0.25416700343622417 0.3025278605705964 0.20605295564604664 0.3032702922617483 0.21132830625 0.9110472000000001
0 0.30973956253950746 0.305464922923298 0.25868321250000004 0.30524211250000005 0.2571985706322615 0.9100444174119195 0.3082549206717689 0.9102672278352176
0 0.3583730924094697 0.3074934546411695 0.31195746562500004 0.30721541250000006 0.30992951324217843 0.9090661841808884 0.3563451400266481 0.9093442263220578
0 0.40297077767275447 0.3224084647514305 0.3607922093750001 0.3220152166666667 0.3576941910772458 0.9127420102485698 0.39987275937500016 0.9131352583333336
0 0.4324248437500001 0.3478140791666668 0.4050489865546031 0.3475737721431718 0.4022277718750001 0.9189404 0.4296036290703971 0.919180707023495
0 0.4617217187500001 0.3488991500000001 0.4347870823929276 0.3487483120373849 0.43299093522573157 0.9189386446557266 0.45992557158280406 0.9190894826183418
0 0.519138550804812 0.3234440674919186 0.46660453124999995 0.3228574833333334 0.46287942500092 0.9159554550963682 0.515413444555732 0.9165420392549534
0 0.5820323181421923 0.3037087036550751 0.5228514992531025 0.3029439292461186 0.5183704713497457 0.9194008670882872 0.5775512902388354 0.9201656414972437
0 0.6187855218750002 0.34672900833333353 0.5850597589734753 0.34596824453968644 0.5778994027234753 0.9102864362063533 0.6116251656250002 0.9110472000000003
0 0.653800671875 0.34964150833333346 0.6210469207958289 0.3490517433646612 0.6153248312499999 0.9140071833333334 0.648078582329171 0.9145969483020057
0 0.73445201875 0.29340227500000005 0.6692679165063813 0.2921593834610207 0.6623766300386781 0.9346787668512184 0.7275607322822968 0.9359216583901978
0 0.792905671875 0.25492280000000006 0.7456002157161257 0.2528844818808738 0.7291715401477269 0.9307121560745684 0.7764769963066012 0.9327504741936946
0 0.8173442660661623 0.3448616648173313 0.792165778125 0.34372160416666675 0.7774406083972226 0.9218701956766203 0.8026190963383847 0.9230102563272848
0 0.8450225000000001 0.34347380000000016 0.8180722201703821 0.3423419738508697 0.8044055655648987 0.9208684610157571 0.8313558453945168 0.9220002871648876
0 0.86699515625 0.35649463333333353 0.844729367574859 0.35544445677925457 0.829833530074859 0.9169036067792546 0.85209931875 0.9179537833333336
0 0.8868755937500001 0.3555614416666668 0.8668991760705262 0.3547709268844877 0.8543190968750002 0.9199270833333336 0.8742955145544741 0.9207175981155126