0 0.74212643266132 0.6057577832508538 0.659728125 0.3431859375000001 0.6307298173386799 0.3522859667491462 0.7131281249999999 0.6148578125
0 0.7029237210428246 0.6035467391157077 0.626240625 0.34556875 0.5905637789571754 0.3561735733842924 0.6672468750000001 0.6141515625000001
0 0.6656553479310996 0.612582693616813 0.584696875 0.34391562500000006 0.5692752390429042 0.3485626854068209 0.6502337119740038 0.6172297540236339
0 0.6460398597380875 0.6105379175704743 0.5643343749999999 0.3397421874999999 0.5389710777619127 0.3473948949295255 0.6206765625000001 0.6181906249999999
0 0.6168897980706693 0.6166792426710692 0.5276843750000001 0.31868750000000007 0.5103383269293309 0.3238801323289308 0.5995437500000002 0.6218718749999999
0 0.5759183672621971 0.609595303048284 0.493178125 0.351153125 0.46478319523780287 0.360243759451716 0.5475234375 0.6186859375
0 0.5853423655018914 0.621496046983666 0.4922734375 0.31550312499999994 0.48341074070359136 0.3181987484304386 0.5764796687054828 0.6241916704141046
0 0.5454132126761418 0.615058418994126 0.45266875000000006 0.304396875 0.42954772482385817 0.31129939350587393 0.5222921875 0.6219609375
0 0.5234160743284582 0.6188503963868688 0.4308245328597817 0.32126080443880056 0.4173772085313236 0.3254447830519318 0.50996875 0.623034375
0 0.4600176598255029 0.6188992245618244 0.3948728735557449 0.35422884533536275 0.36916615123024205 0.36055618327353833 0.43431093749999994 0.6252265625000001
0 0.4812893427152304 0.6206023641589138 0.40291918626334444 0.34353601184670196 0.3929235935481141 0.34636333518778817 0.47129374999999996 0.6234296874999999
0 0.5052823901111922 0.6161407349126925 0.4187947027018267 0.3264113186970321 0.40473575009063445 0.33060808378433965 0.49122343749999997 0.6203375
0 0.4901206471236826 0.620601497917052 0.40809026670336584 0.33824351804102215 0.40312586957968327 0.3396857701239702 0.48515625 0.6220437500000001
0 0.4240300352307876 0.6186229465998635 0.3635106950090038 0.33373734495146046 0.3184327061015876 0.34331343490271266 0.3789520463233713 0.6281990365511156
0 0.34371146276220654 0.6258286606958754 0.31157031250000006 0.34308906250000004 0.27689634973779353 0.3470307143041246 0.3090375 0.6297703125
0 0.30967801332616435 0.6246977186094594 0.280708291560883 0.33405458443109015 0.25461620863824486 0.33665530088937606 0.2835859304035262 0.6272984350677453
0 0.28715097055997224 0.6239333262810479 0.25628281249999996 0.356040625 0.2273630919400277 0.35937292371895213 0.25823124999999997 0.6272656249999999
0 0.25621669239883105 0.623974182814742 0.23091077170407898 0.3604580622426384 0.20634039166512713 0.36281759944042247 0.23164631235987915 0.6263337200125261
0 0.5956654228880855 0.6138702422379857 0.5085043615350908 0.3248749140609112 0.496184375 0.328590625 0.5833454363529949 0.6175859531770744
0 0.23127271411431866 0.6255651034004044 0.21285616809033842 0.35558259743177806 0.18616314147601973 0.35740343153137355 0.20457968750000002 0.6273859374999999
0 0.19030264986001216 0.6356587233299933 0.1721003754688965 0.3350482411080351 0.16037428810888432 0.3357582677780417 0.17857656249999998 0.6363687499999999
0 0.17847500000000005 0.6335546875000001 0.16059404315014328 0.3378045462427754 0.14703890472451317 0.33862408548036355 0.16491986157436994 0.6343742267375883
0 0.16511425650714293 0.6294871750346233 0.14908472343208234 0.35754514466900034 0.12752827942493944 0.3588157821343771 0.14355781250000002 0.6307578125
0 0.1443846984519342 0.6297770863542065 0.12858437499999997 0.36142031249999995 0.1132543640480658 0.36232291364579344 0.1290546875 0.6306796875
0 0.1285921875 0.6301328125000001 0.11548125000000001 0.3611484375 0.1055322163239539 0.3616333770386332 0.11864315382395393 0.6306177520386332
0 0.10523593750000002 0.6328515625000001 0.09795575824913119 0.3441927870252598 0.07886730943071027 0.34467421125631115 0.08614748868157912 0.6333329867310513
0 0.9336626712166339 0.1706835080323194 0.9102203124999999 0.1693296875000001 0.8839562116427178 0.624111144102286 0.9073985703593518 0.6254649646346053
0 0.9550566601836961 0.1899670150507108 0.9340110676663318 0.18888932163118763 0.9117309699826359 0.623983244080477 0.9327765625000002 0.6250609375000002
0 0.08631562500000002 0.6322984375 0.0749765203296465 0.35928273754676016 0.034497892674085366 0.3609639280276639 0.04583699734443889 0.6339796279809039
0 0.022306250000000017 0.6353093750000001 0.017150835776476525 0.36200801774583213 -0.004118367382368251 0.36240922889820176 0.0010370468411552425 0.6357105861523696