0 0.09281806249999999 0.9930655749999999 0.003382034375000001 0.21043770833333333 -0.03313095309733625 0.21785562649475868 0.056305075027663756 1.0004834931614253
0 0.134154040625 0.9890572375000001 0.06267659867852822 0.05934357841572926 0.0056367249999999995 0.06713965000000001 0.0771141669464718 0.9968533090842708
0 0.17624158125 0.9970739125000001 0.10072176126748163 0.14474244950005755 0.058997715625 0.15131473333333337 0.1345175356075184 1.003646196333276
0 0.21381974375000007 0.9880551541666667 0.1441186235250677 0.3092268515672502 0.11987433750000001 0.3136523958333334 0.1895754577249323 0.9924806984327499
0 0.25741041249999996 0.9870530708333334 0.1886719842959015 0.28305071139023713 0.1567009375 0.2886002875000001 0.22543936570409845 0.9926026469430963
0 0.29348545000000004 0.9900593250000002 0.23629718520984908 0.2847373821588055 0.20254629687499998 0.2896023750000001 0.2597345616651509 0.9949243178411947
0 0.3169327368101424 0.9940499912286227 0.24688852812499995 0.05912297500000001 0.22419272406329033 0.062145831773737024 0.2942369327484327 0.9970728480023596
0 0.364883959375 0.9960718291666667 0.3165774623677449 0.14265708218156156 0.26041666562499993 0.14830848333333335 0.308723162632255 1.0017232303184385
0 0.429518396875 0.9920634916666665 0.403213684375 0.04108545833333334 0.32796568343197074 0.04478574622245747 0.35427039593197074 0.9957637795557907
0 0.4918981468750001 0.9950697458333335 0.49114658437500014 0.03908128750000001 0.4129809409296238 0.03919053357279945 0.41373250342962375 0.9951789919061329
0 0.56404821875 0.18037517916666673 0.5032457802793178 0.1783734505880228 0.48833401620748 0.9836078217568951 0.5491364546781623 0.9856095503355391
0 0.6407076718750001 0.17837101250000012 0.5771424543752005 0.17329847624292502 0.540808775280228 0.9827320734957617 0.6043739927800276 0.9878046097528369
0 0.6752795812500001 0.26655443333333345 0.6463004914129449 0.26365789058517314 0.606142736075111 0.977910279355234 0.6351218259121663 0.9808068221033944
0 0.7113546187500001 0.26455026250000013 0.6832374758497008 0.26172789773239147 0.6430440351925626 0.9735815272885746 0.6711611780928618 0.9764038920561832
0 0.7857593781250001 0.17235850416666681 0.730741394019576 0.16519721490483513 0.671344579911349 0.9764460414562862 0.726362564016773 0.983607330718118
0 0.8556547625000002 0.17336059166666684 0.8007100299422518 0.1636235505515182 0.720574514054463 0.9675227021201073 0.7755192466122114 0.977259743235256
0 0.9090157531250002 0.1312730500000002 0.8698523220992133 0.12337082419832512 0.7748564087110716 0.9603481507455965 0.8140198397368584 0.9682503765472715
0 0.9518548593750001 0.13427930000000018 0.9186250510015224 0.12728636031027402 0.8190070356949016 0.9688431192538215 0.8522368440683794 0.9758360589435476
0 1.0022141927627384 0.12393704548857722 0.9644953850695561 0.11540985626306763 0.8555284397270835 0.9722983385238919 0.8932472474202658 0.9808255277494015