0 0.04546957812500005 0.15432098749999998 0.02668049687500005 0.15432098749999998 0.026680496875000088 0.9960718291666667 0.04546957812500009 0.9960718291666667
0 0.06350709375000001 0.9980759999999999 0.06275551534875766 0.1543031356873752 0.051482084375 0.15432098749999998 0.05223366277624235 0.9980938518126247
0 0.11988013864891023 0.9977812343145557 0.11686808437500007 0.11022927499999999 0.06801067385108983 0.11052404068544412 0.07102272812499999 0.9980759999999999
0 0.17624357352071532 0.9983124161657515 0.16872594999999996 0.1062209375 0.11761765772928463 0.10698660466758204 0.12513528124999998 0.9990780833333336
0 0.209310365625 0.9960718291666667 0.20179228574109564 0.0026827079527365085 0.177744709375 0.0030062541666666664 0.18526278925890435 0.996395375380597
0 0.24613696562499995 0.9970739125 0.23937289687499996 0.0040083375 0.20932649477227216 0.004372168779857037 0.21609056352227216 0.9974377437798571
0 0.28521825312499993 0.998076 0.27394480624999995 0.02605419166666667 0.24236345788657268 0.02670535337694225 0.25363690476157263 0.9987271617102756
0 0.3250557282554919 0.9934388019286506 0.31302609375000007 0.022045854166666667 0.2814070095748561 0.0227419743825355 0.29343664408034786 0.9941349221445195
0 0.3483586037366742 0.9966701459963073 0.33707002773602834 0.2491156395634833 0.3220297271243542 0.24951940606717604 0.33331830312500005 0.9970739125000001
0 0.37089646562500006 0.998076 0.35734223882965177 0.25108761655642947 0.3423379386832422 0.2515716263134098 0.3558921654785904 0.9985600097569803
0 0.41298400625 0.9990780833333334 0.39569805312500006 0.13728555416666666 0.36257256201710353 0.1384667731149594 0.3798585151421035 1.0002593022816262
0 0.4573262374999999 0.9960718291666666 0.442294975 0.1443001458333333 0.40470225742910226 0.1454795250119522 0.4197335199291022 0.9972512083452856
0 0.510687228125 0.9980760000000001 0.4911307516820561 0.115527282288308 0.4430726563433546 0.11742047990364884 0.46262913278629847 0.999969197615341
0 0.56329665625 0.9950697458333334 0.5429857156607906 0.11342440334131011 0.49866221875 0.11523969999999999 0.5189731593392095 0.9968850424920233
0 0.597868565625 0.9950697458333336 0.57983105 0.006012504166666669 0.5513067875751732 0.006937302822292239 0.5693443032001732 0.9959945444889591
0 0.6593602388662807 0.9949854403900288 0.6399561093749999 0.1282667958333333 0.587326273738466 0.1303615135797 0.6067304032297468 0.9970801581363954
0 0.706093675 0.9960718291666667 0.6858014656250001 0.209435625 0.6452908244012445 0.21129343798879952 0.6655830337762444 0.9979296421554662
0 0.751939034375 0.9960718291666666 0.7323598195807606 0.21491145576583667 0.6970757509356795 0.21648366809642755 0.7166549657299188 0.9976440414972575
0 0.810582261589086 0.9959794253558805 0.7902666189012765 0.1281753632451257 0.7398905854371904 0.13027193788924527 0.760206228125 0.9980759999999999
0 0.8751954062499999 0.9970739125 0.8510480271813045 0.13078672292469803 0.7985948514876605 0.13338602867625912 0.8227422305563559 0.9996732182515611
0 0.9751533187499998 0.9960718291666666 0.9434391354804305 -0.0006596545884237415 0.8571328115405844 0.004222319244134927 0.8888469948101537 1.000953802999225