0 0.12062590312500003 0.9950697458333333 0.022922678125000002 0.09118967500000003 -0.0034230385674832316 0.09625241446703531 0.0942801864325168 1.0001324853003686
0 0.14918530625000007 0.9950697458333336 0.06023030484361121 0.08340664458248533 0.03269299999999999 0.08818342083333335 0.12164800140638884 0.9998465220841816
0 0.17549001875 0.9960718291666667 0.0897289402216605 0.08529919343862145 0.066513346875 0.08918550416666668 0.15227442540333952 0.9999581398947119
0 0.20855880312500003 0.9930655749999999 0.13681924971098972 0.0888954901574591 0.10634619999999999 0.09319384166666668 0.1780857534140103 0.9973639265092075
0 0.24087602187500004 0.9930655749999999 0.1746725238384839 0.08928751434777189 0.144675925 0.09319384166666665 0.21087942303651616 0.9969719023188948
0 0.26797567282212775 0.9937728255127963 0.21231661875000002 0.08617925416666665 0.18370271298806598 0.08929885498712074 0.23936176706019366 0.9968924263332504
0 0.297994828125 0.9970739125 0.2506102884085399 0.08347992108181401 0.22133537812499998 0.08617925416666666 0.2687199178414601 0.9997732455848527
0 0.3296184201328371 0.9964802884231286 0.291982321875 0.08016674583333333 0.25888931454538583 0.0825831757126314 0.296525412803223 0.9988967183024268
0 0.36262926875000007 0.9970739125000001 0.3287377334432951 0.08124933041331257 0.2994979562500001 0.083173 0.33338949155670505 0.9989975820866875
0 0.38743085624999996 0.9970739125 0.36037457812499996 0.07816257916666665 0.3355227773265322 0.07946343684208583 0.36257905545153213 0.9983747701754191
0 0.4137355687500001 0.9960718291666668 0.39344336250000006 0.07816257916666665 0.3671172138297568 0.07919723122057865 0.38740942007975687 0.9971064812205789
0 0.4430526697616398 0.9966448025592148 0.43324803775298104 0.08054017513469149 0.40020743124999997 0.08116882916666666 0.4100120632586587 0.99727345659119
0 0.47161545456936144 0.9969503875327018 0.4685991053842035 0.08299661892031582 0.43853715625000006 0.08317299999999998 0.4415535054351579 0.9971267686123861
0 0.5001653437500002 0.08016674583333343 0.47688547406745857 0.07992954187715441 0.4716235208943039 0.9980149163178742 0.4949033905768455 0.9982521202740532
0 0.5294763093750002 0.08417508333333343 0.5114424660504694 0.08383195862958587 0.5016470265550079 0.9990776752994531 0.5196808698795387 0.9994208000032007
0 0.5663029093750002 0.34371492500000006 0.5362823689840056 0.3429156070108358 0.52650156170667 0.9959726134560292 0.5565221020976645 0.9967719314451934
0 0.6038810718750001 0.3437149250000001 0.5738989173955065 0.34241739746539035 0.5580420430651902 0.9938077352711522 0.5880241975446838 0.9951052628057618
0 0.6497264312500002 0.07916466250000012 0.6211800479562393 0.07770874502679476 0.5948081972114492 0.9969561591987435 0.6233545805052101 0.9984120766719488
0 0.6842983406250001 0.07615840833333345 0.6588758454085417 0.07453196001436752 0.625801607246602 0.9935948466791146 0.6512241024630603 0.9952212949980805
0 0.7188702500000002 0.07916466250000015 0.6905040126995037 0.0768887426992772 0.6491029557033182 0.9942358160771197 0.6774691930038148 0.9965117358778426
0 0.7534421593750003 0.08217091666666682 0.7317235552816813 0.07987720273842659 0.6774628125816495 0.9932663856233036 0.6991814166749684 0.9955600995515438
0 0.7812500000000002 0.08317300000000015 0.7611785718934936 0.08082288769968436 0.7010097300193505 0.9943864811530084 0.721081158125857 0.9967365934533242
0 0.8218344156250001 0.1663460000000002 0.7852077841498225 0.16159892753268595 0.7244042910793969 0.9956201848409086 0.7610309225545745 1.0003672573082227
0 0.8669282093750004 0.07215007083333351 0.8418771767540134 0.06831831124144885 0.7620232259882989 0.9964321753011072 0.7870742586092858 1.0002639348929918
0 0.8977423031250004 0.08016674583333351 0.8731070665820416 0.07628548318258542 0.7914319001978805 0.9979040271646262 0.8160671367408391 1.0017852898153743
0 0.9255501437499998 0.17536475833333345 0.8997149115869055 0.17072117092703562 0.8164493368933744 0.9942934137469199 0.8422845690564686 0.9989370011532178
0 0.9556126750000005 0.1733605916666669 0.9343364574438271 0.169402225515692 0.8481391281250004 0.9930655750000003 0.8694153456811737 0.9970239411509751
0 1.0076364289295618 0.17966415648827205 0.9632509218634084 0.17013225477509658 0.8638930609376402 0.9926425381304854 0.9082785680037937 1.002174439843661