0 0.18568450030466993 0.789992038422614 0.1589642465824619 0.26782358027096864 0.14373671190279194 0.2692088585150213 0.17045696562499998 0.7913773166666668
0 0.23358674587346423 0.7901457779291075 0.21536103062668327 0.2708659859177583 0.18574185 0.2727141208333333 0.2039675652467809 0.7919939128446826
0 0.25507675641917693 0.7972849131704881 0.23601504941924145 0.2786835940271366 0.21547952544284604 0.2800254670885723 0.23454123244278152 0.7986267862319238
0 0.28387813419424257 0.782060506265964 0.26745394956250224 0.3498195209208876 0.24592474836760836 0.35127385192763794 0.2623489329993487 0.7835148372727143
0 0.31046694896076443 0.7845301964224712 0.29412145516167476 0.3514535925837435 0.27308449786581807 0.35286513431196115 0.2894299916649077 0.7859417381506889
0 0.3375792709295006 0.7858724241183457 0.32226171609427884 0.35323131718659717 0.298423355344178 0.3547317464425576 0.31374091017939976 0.7873728533743062
0 0.36355355312500004 0.7776331 0.3504729028028437 0.3713099228366539 0.3261327605598479 0.37270294595986186 0.33921341088200424 0.779026123123208
0 0.38524980000000003 0.8195891208333335 0.3705404225762104 0.25577762026019957 0.348502265625 0.2567997666666667 0.3632116430487896 0.8206112672398006
0 0.40911566875 0.8232060166666667 0.39606028316228115 0.2580639814510959 0.37400139687500006 0.25896990833333333 0.3870567824627189 0.8241119435489043
0 0.43143900147128295 0.7970627541659312 0.4297979315709319 0.376119816455036 0.40763618212149194 0.37627341438620926 0.409277252021843 0.7972163520971044
0 0.458003196875 0.37977430416666674 0.43576454687500005 0.37977430416666674 0.43576454687500005 0.8029513875000001 0.458003196875 0.8029513875000001
0 0.4840386937500001 0.3551794 0.4667187626694445 0.3546125970583968 0.4585115570434158 0.8004606268036284 0.47583148812397136 0.8010274297452316
0 0.5843838281250002 0.3161169000000001 0.5618239931257704 0.3096727606351816 0.4796221172444147 0.8212723608369196 0.5021819522436445 0.8277165002017381
0 0.5903502968750001 0.3971354166666668 0.5765335289604989 0.39426321536827824 0.5327495407508069 0.7687050632701664 0.5465663086653081 0.7715772645685549
0 0.5735357062500002 0.40002893333333345 0.5701129449460094 0.39907913138142026 0.51170140625 0.7732928250000002 0.5151241675539908 0.7742426269519134