0 0.13160660871781685 0.8057977294938552 0.08337169231579333 0.18416765454803705 0.0540660625 0.18821022916666666 0.1023009789020235 0.8098403041124846
0 0.15560116789488956 0.80644057234662 0.11436175836770286 0.18360708991833566 0.08800837812499998 0.18670917916666666 0.12924778765218667 0.809542661594951
0 0.1829723125 0.8040956458333334 0.14642979566308342 0.194357001097851 0.11819715625000002 0.19736504166666666 0.1547396730869166 0.807103686402149
0 0.2082664253322691 0.8010656563568301 0.17315119615030336 0.19245679953592235 0.14838587499999997 0.1949970625 0.18350110418196572 0.803605919320908
0 0.22888531216913305 0.8004747600206442 0.1979420277333347 0.19410182649165042 0.17502304374999997 0.19618104166666667 0.20596632818579833 0.8025539751956604
0 0.258494729911368 0.7954795063095934 0.2356640015927814 0.2627350065717903 0.20724234355641338 0.2649003544288636 0.230073071875 0.7976448541666666
0 0.2903941875 0.7962831458333334 0.27177171778519094 0.25916777539142877 0.23717634375 0.26130015833333325 0.2557988134648091 0.7984155287752378
0 0.3304167237396502 0.7920661790241124 0.3138316875 0.24940814583333334 0.2762326105616001 0.2514510351848353 0.29281764680125033 0.7941090683756143
0 0.3704723125 0.7962831458333333 0.3570289578196757 0.24650146874827178 0.31619980624999994 0.2482763333333333 0.32964316093032425 0.7980580104183947
0 0.40858025165195294 0.8038265255805072 0.399662865625 0.1926291 0.3577623408552234 0.19371590840000918 0.3666797268821763 0.8049133339805163
0 0.4495879336840022 0.8028333671896816 0.44317014062500004 0.19026112083333332 0.40389989444099783 0.19099254531031823 0.4103176875 0.8035647916666665
0 0.4818004375 0.25538023750000005 0.45027341249999997 0.25538023750000005 0.45027341249999997 0.7881730083333333 0.4818004375 0.7881730083333333
0 0.5177541812500002 0.25893219583333343 0.48579107221829093 0.258642961829647 0.48311988005950157 0.7834289989887735 0.5150829890912109 0.78371823299246
0 0.5470549093750002 0.1855251958333334 0.5195318313934004 0.18521977862732802 0.5157904226227742 0.7846189441269689 0.543313500604374 0.7849243613329743
0 0.5833645137100558 0.17893692695442331 0.554158240625 0.17842129583333347 0.5480096039794182 0.797567653682086 0.5772158770644741 0.798083284803176
0 0.62341475625 0.2719560208333334 0.5852601527354576 0.27064546116456817 0.5754005956109369 0.7809448249565831 0.6135551991254793 0.7822553846253484
0 0.6686978906250002 0.2672200791666668 0.6324089912460883 0.2654323323670196 0.6180581537086843 0.7833044252664081 0.6543470530875963 0.7850921720660552
0 0.684680184375 0.3666747416666667 0.6634448552285769 0.36600859972571 0.6562672093749999 0.7727812249999999 0.6775025385214231 0.7734473669409567
0 0.7530488250000001 0.2613001583333335 0.691877556340559 0.2586378903902591 0.6792947273524539 0.7726241300160986 0.7404659960118949 0.7752863979591731
0 0.8226207500000001 0.2559185625000001 0.7577866725351694 0.25089814396860527 0.7349857797900478 0.7743692759328586 0.7998198572548785 0.7793896944642535
0 0.8498303218750001 0.1760533166666668 0.8269322276061739 0.17423215294658034 0.8005829878857356 0.7632058645241694 0.8234810821545617 0.7650270282442558
0 0.8773082500000001 0.17388731250000014 0.8517762616974196 0.17155680999767686 0.8214665198704557 0.7618867003749645 0.8469985081730362 0.7642172028772879
0 0.9119836187500001 0.2163087666666668 0.8793679958587589 0.21314807836365052 0.8496470515039152 0.7583835292756524 0.8822626743951563 0.7615442175786687
0 0.9476207499999999 0.21425189583333346 0.9150201793693254 0.21051951097014207 0.879974392944874 0.7547114013880564 0.9125749635755485 0.7584437862512476
0 0.9803522593750001 0.2151247833333335 0.9489977445041241 0.21140427892617245 0.9128716093750002 0.7526534416666669 0.9442261242458763 0.756373946073828