0 0.10586653379662173 0.16921683711435123 0.06353245312500001 0.14556235000000003 -0.04233408067162168 0.48239390038564883 4.4408920985006264e-17 0.5060483875
0 0.16282302037602775 0.1698981973227286 0.11637454375 0.14231052916666667 -0.04644847662602771 0.6296703943439381 2.2204460492503132e-17 0.6572580625000001
0 0.22035177033303 0.16027229524086412 0.17246845625 0.13147112500000005 -0.0436965953330299 0.770377204759136 0.004186718750000073 0.7991783750000001
0 0.33147188588096643 0.04450212475527525 0.28059150625000007 0.012237687500000078 -0.05088037963096639 0.9415258835780583 4.4408920985006264e-17 0.9737903208333335
0 0.40497365937500013 0.04692377916666685 0.3550455923303664 0.013209723680558571 -0.015321425908410857 0.9882970996790381 0.034606641136222874 1.0220111551651465
0 0.43533364708625377 0.19928687739748235 0.3903404656250001 0.16615721666666677 0.0457624392123801 0.9981025062655472 0.09075562067363388 1.0312321669963629
0 0.5244780812500001 0.20409512500000007 0.4716359906250001 0.16182145416666668 0.10458670405118808 0.9774865675999246 0.1574287946761881 1.0197602384332578
0 0.6147161156250001 0.16940903750000008 0.580393071377967 0.13887967177567276 0.16271299374999998 0.9736927666666669 0.19703603799703306 1.0042221323909941
0 0.6886950437499999 0.1889199625000001 0.6468003657616359 0.14877089612183567 0.2103418083924638 0.9584331480249162 0.25223648638082785 0.9985822144030806
0 0.7626739718749999 0.20843088750000008 0.7223191728788899 0.16757374670857056 0.2700230875000001 0.9617694250000001 0.31037788649611003 1.0026265657914297
0 0.8203937968750001 0.20951482916666683 0.786306204070596 0.17480746167663105 0.338668151321769 0.956397706405006 0.37275574412617296 0.9911050738950418
0 0.9106318281250001 0.15314992916666698 0.8799169461374916 0.12034364674267456 0.39046545371595454 0.9350084659335439 0.4211803357034629 0.9678147483575363
0 0.88834771026984 0.2622199540098319 0.8659192906250001 0.23769727916666686 0.43701324285516 0.9350788668235019 0.45944166250000007 0.9596015416666669
0 0.9144503571782501 0.24778640679135164 0.8946609615146229 0.22699624240069743 0.4943987375000001 0.9043205875000002 0.5141881331636272 0.9251107518906544
0 0.9488407249999999 0.2442009208333337 0.9264362144665235 0.22113960048693126 0.5410954238415234 0.8866789671535978 0.563499934375 0.9097402875000002
0 0.9785122898536583 0.29010731213133284 0.946401859375 0.2572082041666667 0.5899222820213416 0.8757572378686672 0.6220327125 0.9086563458333333
0 1.0261711137471663 0.31551120345808514 0.99436621875 0.28105489166666675 0.6340390546178265 0.8723436937738289 0.6658439496149928 0.9068000055652473
0 1.0143957221903173 0.3906686884162759 0.9919224668874383 0.3674086982337126 0.6976375531250002 0.872886316666667 0.7201108084278792 0.8961463068492304
0 1.0222517174464976 0.45741697689131927 0.9943662187499998 0.4306386583333334 0.759990085678502 0.8645349814420141 0.7878755843749998 0.8913133