0 0.1743693306474235 0.21883855887537093 0.11666615937500002 0.21809895833333337 0.11257483522167847 0.7855701567717592 0.1702780064941019 0.7863097573137968
0 0.23618712851848325 0.18687336784733433 0.18665313750000007 0.18663194583333334 0.18502362460651686 0.781008577985999 0.23455761562500008 0.78125
0 0.29557895465294565 0.18783944454090412 0.24106494800103637 0.18770683999136378 0.24025003084809082 0.7832875329504597 0.29476403750000013 0.7834201375000001
0 0.3379010068216901 0.7823020554623842 0.3338053600452133 0.24044995857698218 0.3012482510895648 0.24088744546599225 0.30534389786604166 0.7827395423513942
0 0.372869665625 0.7866753458333332 0.3687904016552138 0.2415503140220068 0.3370712697145875 0.24197228681569652 0.34115053368437365 0.787097318627023
0 0.42819862244936246 0.789423420828943 0.4241138485237121 0.21850300900640135 0.37057240937499997 0.21918402916666668 0.37465718330065034 0.7901044409892085
0 0.508760108010103 0.8103540441703997 0.5021990918850822 0.13440153076513592 0.42572294069236244 0.13572117970813233 0.4322839568173832 0.8116736931133962
0 0.594168946875 0.810546875 0.5888085075810945 0.13887259463495458 0.5123300794560945 0.13995766546828783 0.51769051875 0.8116319458333333
0 0.6235910336377336 0.8114867402425758 0.6121473032696685 0.23588796766112913 0.591864692035777 0.23660485200696912 0.6033084224038421 0.8122036245884158
0 0.6488016048178816 0.8074780002035415 0.635754778125 0.23980034583333332 0.6137583483071183 0.24069908312979169 0.626805175 0.8083767374999998
0 0.6910796000000001 0.8072916666666666 0.6755765887383252 0.21639885114188653 0.6358157673627405 0.21825340808912555 0.6513187786244155 0.8091462236139058
0 0.74803161875 0.8040364583333334 0.73494744824427 0.2140120633857942 0.6837113599114062 0.21603196243941347 0.6967955304171362 0.8060563573869526
0 0.804994408758491 0.8081525218251389 0.8017098553709788 0.21459581921560458 0.7520709300153081 0.2150841498343984 0.7553554834028204 0.8086408524439326
0 0.8749532656250001 0.21592882083333348 0.8195837864374118 0.2143184718060053 0.8097850419283107 0.8132791757184346 0.865154521115899 0.8148895247457626
0 0.9424820906250002 0.21592882083333348 0.8866119520018854 0.2129552255257866 0.8685584952465512 0.8159807976633384 0.9244286338696659 0.8189543929708855