0 0.07291406249999999 0.8319796875 0.02658483204288587 0.2320080823319067 -0.004219712935206526 0.23438677967545307 0.04210951752190759 0.8343583848435463
0 0.10487181289917198 0.8343637964538149 0.057729734825569 0.2293547373955808 0.027546984426397032 0.23170656594176603 0.0746890625 0.8367156250000001
0 0.1405562575546874 0.8318902068061892 0.10271296442818631 0.2963290086677838 0.06225937499999999 0.29918750000000005 0.10010266812650107 0.8347486981384055
0 0.1771929712839238 0.8274176180201893 0.14120825431770478 0.29690393235877965 0.1075421875 0.2991875 0.14352690446621902 0.8297011856614096
0 0.21409124575827723 0.8272528598979629 0.1760107818394986 0.26840547369607143 0.14128281250000002 0.270771875 0.17936327641877867 0.8296192612018916
0 0.24937812500000006 0.82623125 0.21409062500000003 0.26958750000000004 0.17768364629132039 0.2718954595543515 0.2129711462913204 0.8285392095543515
0 0.2996436097158621 0.8182033030105009 0.277034315377411 0.27555000192051493 0.22119374999999994 0.27787656250000003 0.24380304433845104 0.820529863589986
0 0.34829891673077984 0.8125210610741347 0.3312790403876987 0.27978332564741126 0.27979531249999995 0.28142812500000003 0.2968151888430811 0.8141658604267235
0 0.39433593750000007 0.8177718750000003 0.3765658672135608 0.29176778849906576 0.33218281250000004 0.2932671875 0.3499528827864394 0.8192712740009345
0 0.4280825932391674 0.8239149771500183 0.41298124999999997 0.2660359375 0.3747974812578519 0.26706954184244297 0.3898988244970193 0.8249485814924611
0 0.46536718749999995 0.828428125 0.4502471233004515 0.2662419118794568 0.41386874999999995 0.2672203125 0.42898881419954843 0.8294065256205432
0 0.5355343687961954 0.8261086393812942 0.5248578125 0.22459687499999997 0.45345467503203885 0.22586424774654268 0.4641312313282343 0.8273760121278368
0 0.6058285851897633 0.8244574104422663 0.6021046875 0.2234125 0.5310688262981069 0.2238526173270487 0.5347927239878703 0.824897527769315
0 0.6819953125000002 0.2129500000000001 0.6083690597919504 0.21209780469591286 0.6012862472919503 0.824024367195913 0.6749125000000001 0.8248765625000001
0 0.7264109375000002 0.2376203125000001 0.6855993331299483 0.23717653187461601 0.6792604704160754 0.82012031634191 0.7200720747861273 0.8205640969672942
0 0.7982919128417139 0.2263192409837937 0.7382007635297182 0.22403726911759722 0.7148197218278344 0.8397300779512575 0.77491087113983 0.842012049817454
0 0.8285203125000002 0.2518281250000001 0.7957499245996267 0.25068514416448334 0.7760534720520776 0.8154018657293427 0.8088238599524512 0.8165448465648595
0 0.8711406250000001 0.25064375000000017 0.8313313649873406 0.24913474296881347 0.810004642883183 0.8117570554669182 0.8498139028958425 0.813266062498105
0 0.9251593750000003 0.2481062500000002 0.8802383489136 0.24557058844623425 0.8483590326715774 0.8103350754092716 0.8932800587579777 0.8128707369630377
0 0.968809375 0.24827656250000008 0.9281127266261135 0.24582982116647636 0.894231398414265 0.8093779501761202 0.9349280467881516 0.8118246915096441