0 0.10853739140468063 0.8167171327285484 0.08714246950292301 0.19225502271683365 0.04554882809824237 0.19368007748828514 0.06694375 0.8181421875
0 0.15074375 0.8138015624999999 0.12863210651697637 0.19233682857593232 0.08959132930631204 0.19372589492171122 0.11170297278933568 0.8151906288457788
0 0.19061349075532946 0.8051981228025025 0.17189843750000003 0.24631093750000002 0.14179275924467055 0.24731906469749756 0.16050781249999996 0.80620625
0 0.2272634116293181 0.7997675005027826 0.208509375 0.2571609375 0.17917877587068193 0.2581746869972177 0.19793281250000003 0.8007812500000002
0 0.27115781250000004 0.8181421875 0.2516188606057334 0.24811980625110794 0.2086218977325384 0.24959363537925244 0.22816084962680497 0.8196160166281447
0 0.3436964155518205 0.8109115561456349 0.32234897044507954 0.21302067722794843 0.2712890625 0.21484375 0.292636507606741 0.8127346289176864
0 0.39655636043184733 0.8071288440657121 0.3817186649034675 0.21569320296323524 0.32906875 0.21701406249999997 0.3439064455283799 0.8084497036024768
0 0.42416634745562104 0.7981354571746413 0.4127136505044858 0.1893672721863156 0.3850609374999999 0.18988750000000001 0.39651363445113524 0.7986556849883256
0 0.45503125000000005 0.7964406249999999 0.4420021960959688 0.18824764172250819 0.41516607439812303 0.1888225402921894 0.4281951283021542 0.7970155235696812
0 0.4802743779859859 0.792922755429405 0.4745547023685992 0.2796693507760002 0.4495109375000001 0.27994843750000004 0.4552306131173868 0.793201842153405
0 0.5111687500000002 0.7986109375 0.504657484439994 0.21779041625680282 0.4770106152876159 0.21810035039371756 0.48352188084762204 0.7989208716369147
0 0.5437140625 0.8018656249999999 0.5347640625000001 0.21592812499999997 0.5062941424719689 0.21636299353845478 0.5152441424719687 0.8023004935384547
0 0.5681218750000001 0.7910156250000001 0.5632390625 0.24739531250000005 0.5382078905149315 0.24762014317068687 0.5430907030149316 0.7912404556706869
0 0.59499307914088 0.7940635134192686 0.5909015625000001 0.24631093750000002 0.5632162958591201 0.24651773658073145 0.5673078125 0.7942703124999999
0 0.6340385557991761 0.8136919820268597 0.6307682849915263 0.13336732533392368 0.60797191669235 0.1334769058070637 0.6112421874999999 0.8138015624999998
0 0.697484375 0.2267796875000001 0.63343125 0.2267796875000001 0.6334312500000001 0.799696875 0.6974843750000002 0.799696875
0 0.7609453125000003 0.22895000000000004 0.7066877618670062 0.22863702565701818 0.7034187690795771 0.795352942345097 0.7576763197125712 0.7956659166880788
0 0.8277374999999999 0.24739531250000008 0.7669088896461079 0.24703185295521474 0.7636068943304903 0.7996539792023285 0.8244355046843825 0.800017438747114
0 0.8871296875000001 0.23762968750000008 0.835253125 0.23762968750000008 0.835253125 0.7910156250000002 0.8871296875000001 0.7910156250000002
0 0.9441860521589293 0.7806479057023293 0.9359414125463743 0.2221748885675509 0.8845986699025227 0.22293285250999967 0.8928433095150776 0.7814058696447781