0 0.13102051160327624 0.8529451347860452 0.11626419871354583 0.09764064475632571 0.04145954336026957 0.10023878080361373 0.05621585624999999 0.8555432708333331
0 0.20336075625 0.8566272125 0.20091701213434435 0.10069565764052432 0.12206532187202894 0.10114882824918725 0.12450906598768459 0.857080383108663
0 0.272581562811609 0.8586893964444536 0.25862461158312156 0.11212923882394099 0.19021676127151255 0.11440281321282081 0.20417371250000005 0.8609629708333334
0 0.3334418332280929 0.11317505628811679 0.266771265625 0.11304413750000004 0.26594874486255315 0.8577015529728482 0.3326193124656461 0.8578324717609649
0 0.4070171407298874 0.8504775368710072 0.39587557712017435 0.11799117954666585 0.3287956770152869 0.11980509267565868 0.33993724062499997 0.85229145
0 0.47001008125 0.12605142083333343 0.38708864375 0.1260514208333334 0.38708864375000007 0.8447038666666666 0.47001008125 0.8447038666666666
0 0.5431813697655954 0.8514981513457359 0.5299986377832563 0.130842153202672 0.47227349926766093 0.13271939352360262 0.48545623125000004 0.8533753916666666
0 0.600895878125 0.1314711250000001 0.53992423125 0.1314711250000001 0.53992423125 0.85229145 0.600895878125 0.85229145
0 0.6683927340673925 0.8465327791032531 0.6659081593868464 0.1364965085561425 0.6025217875000001 0.13689082500000002 0.6050063621805462 0.8469270955471107
0 0.7302672563347598 0.8547074004821703 0.7237139770182568 0.13930758379656089 0.6594305963268429 0.14035443760211008 0.6659838756433458 0.8557542542877196
0 0.7879007439858686 0.8423307196084835 0.7862465522934039 0.1431585434250945 0.7301557625 0.1433944666666667 0.7318099541924646 0.8425666428500557
0 0.8570516863613561 0.8365132903103815 0.8528958595545294 0.14830815639587308 0.7967270419431735 0.1489111494188252 0.8008828687499999 0.8371162833333334
0 0.920387290625 0.1444784083333335 0.85697678125 0.14447840833333345 0.85697678125 0.8251929416666669 0.920387290625 0.8251929416666669
0 0.9772992302538205 0.8294051627190879 0.9764862813178748 0.1541138091028168 0.9187613885640543 0.15423735055039559 0.9195743375 0.8295287041666667