0 0.16278491815917606 0.9920161155664907 0.096509134122604 0.088701718279319 0.05416353783842792 0.09422505687949503 0.12043932187499999 0.9975394541666668
0 0.5304171822694073 0.25290854173234123 0.5017617519622288 0.230701308327206 0.17409436874999998 0.9823642916666666 0.2027497990571784 1.004571525071802
0 0.07084905000000016 0.0024822250000000254 0.02105696137819494 -0.0017260679634132484 -0.026443852549290568 0.9974290161095037 0.023348236072514662 1.001637309072917
0 0.5622706837846431 0.2432461923393638 0.536220091294948 0.22400498714701872 0.21799395312500008 0.9899518749999999 0.2440445456146952 1.0091930801923452
0 0.592766325 0.24094910000000017 0.5730030017033175 0.22612897045185865 0.24807329687500004 0.996455516666667 0.2678366201716825 1.0112756462148085
0 0.6137280314953157 0.24263123742394005 0.5897933906856986 0.22534127600218623 0.27733968437500006 0.9942876333333334 0.30127432518461716 1.0115775947550871
0 0.6651193406250001 0.2463688000000002 0.629234457455509 0.2197641899283405 0.31081242606364634 0.9833102145917572 0.34669730923313746 1.0099148246634166
0 0.7244650750000005 0.22577393333333368 0.6747318630444371 0.19503992586964192 0.3976570625000001 0.992119754166667 0.4473902744555634 1.0228537616303588
0 0.7951921812500001 0.1433944666666668 0.7456019125 0.13363900416666674 0.6498717247023403 0.9987562750288169 0.6994619934523405 1.0085117375288168
0 0.8507011756150448 0.0327942105507331 0.8049783427133429 0.024392596451417812 0.7049541500000001 0.992119754166667 0.7506769829017019 1.0005213682659821
0 0.8684312758482898 0.05753401474113105 0.8192929559842781 0.05266958699765319 0.7667387500000001 0.9964555166666668 0.8158770698640117 1.0013199444101446
0 0.9520925468750002 0.1152120208333335 0.8813730897924954 0.1146335387468875 0.877305775265002 0.9985968378938709 0.9480252323475069 0.9991753199803168