0 0.101740625 0.846871875 0.05371700706897178 0.13383918573022055 0.018918609080216326 0.13618290011354747 0.06694222701124455 0.8492155893833269
0 0.1310078125 0.846871875 0.08629531250000005 0.13038749999999996 0.05268910950170065 0.132484708821283 0.0974016095017006 0.8489690838212832
0 0.16679555271471297 0.8471762741709767 0.12570890863207593 0.12954113938638134 0.0919859375 0.13147187500000002 0.13307258158263702 0.8491070097845954
0 0.18872812499999997 0.8436203124999999 0.16027106192245227 0.1346642542986412 0.13182031249999998 0.13580625 0.1602773755775477 0.8447623082013587
0 0.2123031250000001 0.8457875000000001 0.17784253946094347 0.13031244528845315 0.1537703125 0.131471875 0.18823089803905663 0.8469469297115471
0 0.2352672883415215 0.8481912007533647 0.20982379822834812 0.13467711540281263 0.178159375 0.13580625 0.20360286511317333 0.8493203353505521
0 0.26060158209321443 0.8480667662620206 0.23344062499999993 0.1347234375 0.20790466790678552 0.13569573373797933 0.235065625 0.8490390624999999
0 0.2938279270207646 0.8434228945567431 0.2681602061372656 0.1379735390477512 0.23297446661650095 0.13925376949100798 0.25864218749999995 0.8447031249999999
0 0.3106703125000001 0.8490390625000002 0.2951630291330456 0.13838662292181533 0.26433281250000007 0.139059375 0.2798400958669546 0.8497118145781848
0 0.3431890625 0.8436203125 0.33098533184627443 0.13848268786555162 0.29613176765094357 0.13908589423960188 0.3083354983046691 0.8442235188740502
0 0.36763324395180874 0.8475946855296339 0.35781671623019146 0.1397702124366067 0.33099531249999997 0.14014218750000002 0.34081184022161726 0.8479666605930273
0 0.3976578125 0.8457874999999999 0.3911106732306523 0.13771981382606652 0.36351249999999996 0.137975 0.37005963926934765 0.8460426861739336
0 0.4301750000000001 0.846871875 0.42692343750000006 0.14339375000000001 0.39276538090922736 0.1435516327428123 0.39601694340922744 0.8470297577428123
0 0.4659453125 0.8479562500000002 0.45778306887855297 0.20587021016070867 0.42447098665562394 0.20629367573038415 0.43263323027707096 0.8483797155696756
0 0.4984682044570354 0.20847854365757304 0.46188124999999997 0.20843125 0.4610587867659575 0.8446989110503237 0.49764574122299293 0.8447462047078969
0 0.53016875 0.8457875000000001 0.5269171874999999 0.20409531250000007 0.49033531428340404 0.20428067901910052 0.49358687678340407 0.8459728665191006
0 0.568380828456201 0.8479149228491478 0.5675640624999999 0.20517968749999996 0.534228734356987 0.20522204889497037 0.5350455003131881 0.8479572842441181
0 0.6220328125 0.11196093750000007 0.5732546874999999 0.11087656250000007 0.5568215541913398 0.8500834149924336 0.60559967919134 0.8511677899924335
0 0.6643062500000002 0.11521250000000009 0.613127334122349 0.1145261006551759 0.6033343750000002 0.8447031250000002 0.6545132908776514 0.8453895243448244
0 0.7041406250000002 0.043671875000000096 0.6740542996136379 0.042822673369732216 0.6512917996136378 0.849274235869732 0.6813781250000002 0.8501234375000001
0 0.7350328125000001 0.04367187500000009 0.708508773672183 0.04273099843713206 0.6797531250000001 0.8533750000000001 0.7062771638278171 0.8543158765628682
0 0.757796875 0.049092187500000085 0.7393495815463563 0.04834126759740942 0.7067612741433299 0.8489140953346519 0.7252085675969736 0.8496650152372427
0 0.7846744563288715 0.047898495861088006 0.7578952499681948 0.04675394252579843 0.7236515625000001 0.84795625 0.7504307688606768 0.8491008033352896
0 0.8049468750000001 0.2095140625000001 0.7791943149687643 0.2082946008224944 0.748853125 0.8490390624999999 0.7746056850312357 0.8502585241775057
0 0.8367398567516415 0.21206057801424275 0.8065734375 0.21059843750000007 0.7755945182483582 0.8497456719857575 0.8057609374999999 0.8512078125
0 0.8634796874999999 0.21710312500000012 0.839289392948692 0.21600642411622833 0.8106390625000002 0.8479562500000002 0.834829357051308 0.8490529508837721
0 0.8960937308872696 0.21873963288465276 0.8683578125 0.21710312500000004 0.8313515195550659 0.8442944331273805 0.8590874379423354 0.8459309410120334
0 0.9212000000000001 0.14556250000000012 0.898499844798384 0.14437286282870693 0.8618546875000002 0.8436203125000002 0.8845548427016163 0.8448099496712933
0 0.9586230919273631 0.15490354586013017 0.9309562499999998 0.1531500000000001 0.887030033072637 0.8462027041398701 0.9146968750000001 0.84795625
0 0.982984375 0.15098281250000012 0.9564408342569737 0.14941531354108384 0.9155093749999998 0.8425359374999999 0.9420529157430263 0.8441034364589163
0 0.9998481916053779 0.14959236051362007 0.9776792486480135 0.14846000135307544 0.9421185570426356 0.8446551408394554 0.9642875 0.8457874999999999