0 0.19148543125 0.8344184041666666 0.10862453540224071 0.38133316789612404 0.08004506562500001 0.39062500000000006 0.16290596147275932 0.8437102362705426
0 0.21914784062499998 0.830078125 0.14005251702778473 0.3795624905097127 0.115038553125 0.38736979166666674 0.19413387672221527 0.8378854261569539
0 0.24925105312500007 0.8279079875 0.1733737148352899 0.37913071539018317 0.14596303437500002 0.38736979166666674 0.22184037266471018 0.8361470637764835
0 0.2752862625 0.8224826375000001 0.2045310809642739 0.3769984958791529 0.17932891875 0.38411458333333337 0.25008410028572614 0.8295987249541805
0 0.30538947187500004 0.8213975708333334 0.240383408104049 0.37694210885110574 0.20862579375 0.3851996541666667 0.2736318575209511 0.8296551161488943
0 0.335492684375 0.8235677083333334 0.27879237540104007 0.3742364676319253 0.244433084375 0.3819444458333334 0.3011333933489599 0.8312756865347414
0 0.36640949375 0.8224826375 0.31472834207940215 0.3750152648626705 0.28098146250000006 0.3819444458333333 0.3326626141705979 0.8294118184706628
0 0.3974309125520298 0.8235065387882655 0.3514701696812447 0.3736362831549344 0.31767527187499994 0.3797743041666666 0.363636014745785 0.8296445597999977
0 0.42661591562499995 0.8224826375000001 0.3865722606415921 0.37235659631194024 0.353391890625 0.3776041666666667 0.3934355456084078 0.8277302078547265
0 0.45595001523029016 0.8197706360856725 0.4191144339664928 0.3699921558360543 0.389190303125 0.3743489583333333 0.4260258843887974 0.8241274385829515
0 0.48682233750000004 0.8181423624999999 0.45834632812500004 0.3667534708333334 0.4242507692785722 0.3705773445953299 0.4527267786535722 0.8219662362619965
0 0.5185527500000001 0.8105468749999999 0.4957719406250001 0.361328125 0.4608440242705102 0.3644770435439292 0.48362483364551023 0.8136957935439291
0 0.5358389035417577 0.8061908627141058 0.5160983519984241 0.358849842923661 0.49833933437500005 0.3602430541666666 0.5180798859183335 0.8075840739571114
0 0.5486559625 0.8083767375 0.5364519562500001 0.35915798750000005 0.5178654934515822 0.3600556617475481 0.5300694997015822 0.8092744117475481
0 0.5959300799874575 0.8975342736389996 0.589335975 0.5479600708333335 0.550365448755481 0.5492669343231211 0.5569595537429385 0.8988411371287872
0 0.6365336292679327 0.8927273911619574 0.63489759375 0.5436197916666666 0.5943543091855629 0.5439575684751513 0.5959903447034955 0.8930651679704421
0 0.63408399375 0.5078125 0.6324171005240288 0.3999935033640047 0.617968240625 0.40039062500000006 0.6196351338509712 0.5082096216359954
0 0.654429848553712 0.8006373801907045 0.6519832 0.4069010416666667 0.6358527671510872 0.40707923423458764 0.6382994157047992 0.8008155727586257
0 0.6731368062499999 0.8083767374999998 0.6715091783604128 0.3981126325415031 0.656216940625 0.39822048749999994 0.6578445685145871 0.8084845924584968
0 0.6902224125 0.4003906250000001 0.675748190625 0.4003906250000001 0.675748190625 0.8072916666666666 0.6902224125 0.8072916666666666
0 0.7544968375000003 0.3396267375000002 0.7004163447541688 0.3363988519148657 0.6830757330309024 0.8528917981620489 0.7371562257767338 0.8561196837471834
0 0.815516859375 0.3352864583333334 0.7608611189636102 0.32823585356510676 0.7231823369326049 0.8474945043935117 0.7778380773439947 0.8545451091617385
0 0.8448064687500001 0.3450520833333334 0.8154595888861371 0.34066568978683426 0.7751201664364644 0.8204670662159388 0.8044670463003275 0.8248534597624381
0 0.8846728843749998 0.3428819458333335 0.8523319941653897 0.33708805226879635 0.8036242181734398 0.820433052399174 0.8359651083830499 0.826226945963711