0 0.17324724062500002 0.7775171458333332 0.10221486562500001 0.23762049166666666 0.07004089569382906 0.24514586109020625 0.14107327069382905 0.7850425152568729
0 0.2297234140649084 0.7746349323362218 0.17039131220706794 0.30001973865079995 0.115533421875 0.31221145 0.17486552373284042 0.7868266436854218
0 0.274468334375 0.7585733833333332 0.22233667521247305 0.26357591493236837 0.18390206250000002 0.2707720374999999 0.23603372166252695 0.7657695059009647
0 0.3138316875 0.7624289791666666 0.2680481043149481 0.2661832731680915 0.22563359374999997 0.27314 0.27141717693505185 0.7693857059985753
0 0.35615553124999993 0.7668612833333334 0.31828010585730837 0.2960922177049362 0.2718046 0.3027396083333333 0.3096800253926917 0.7735086739617304
0 0.42408388942945024 0.7731760388503658 0.3950291377662937 0.2864627862953093 0.3197514125 0.29445170416666666 0.3488061641631566 0.781164956721723
0 0.46625564374999995 0.7692292458333332 0.446571679090908 0.30498972667354907 0.3978870031249999 0.3086595083333333 0.41757096778409186 0.7728990274931175
0 0.500355125 0.7585227291666666 0.48401373750000004 0.3003716458333333 0.4546947410725082 0.30223076309995645 0.47103612857250815 0.76038184643329
0 0.52574526875 0.7621253625000002 0.5088204543513469 0.2988757670991474 0.48494698581349144 0.3004263745300414 0.5018718002121446 0.7636759699308941
0 0.5754788503354343 0.765033146291647 0.5647980420218803 0.23924903698201438 0.5115388406250001 0.24117243333333335 0.5222196489385541 0.766956542642966
0 0.6243785625000002 0.23508522916666677 0.5674776604441784 0.23507091204790828 0.5674017260691782 0.7715828870479082 0.624302628125 0.7715972041666669
0 0.6829043187500001 0.23170057083333342 0.6293054012761332 0.230444161690141 0.6222021887761331 0.7691568575234743 0.67580110625 0.7704132666666667
0 0.710429421875 0.2636681375000001 0.6838565475613472 0.26274449542039735 0.6739337667043671 0.7702557718285288 0.70050664101802 0.7711794139081316
0 0.738636375 0.26242897916666674 0.7114248269904447 0.26068510417437174 0.6929803349621508 0.7723458164079856 0.7201918829717061 0.7740896914002806
0 0.7770222000000002 0.2897157833333335 0.7408206433801972 0.28710048184795567 0.7212333594596267 0.7691117336839299 0.7574349160794298 0.7717270351693076
0 0.8107625250000001 0.2328845500000001 0.7808218601537278 0.23024685645655213 0.7539637128972816 0.7722360499368156 0.783904377743554 0.7748737434802636
0 0.858709396875 0.2222286875000001 0.8262116082278246 0.21770206280878554 0.7825715422645351 0.7746853878019702 0.8150693309117105 0.7792120124931847
0 0.8995530562500005 0.2210447083333335 0.864597147277841 0.2151440259689547 0.8114425308349988 0.7749490922945594 0.8463984398071582 0.7808497746589382
0 0.9446910625000001 0.21555397916666688 0.9051391350492904 0.2080016028893037 0.8442827478023951 0.7745899954173578 0.8838346752531047 0.7821423716947211
0 0.9936709343750001 0.21512478333333354 0.9582028695471726 0.20682718180684873 0.8837297649899218 0.7727560532197617 0.9191978298177494 0.7810536547462464