0 0.13188299178767698 0.8671474371330484 0.09021348921628872 -0.00431104486070163 -0.00574475653415071 0.003845972523959592 0.035924746037237554 0.8753044545177097
0 0.21625889179570912 0.8647591822401284 0.18958490094399252 0.0010299136163182288 0.09883056874999999 0.006012504166666667 0.12550455960171658 0.8697417727904768
0 0.2598060820364305 0.8683430238940506 0.23786976875000004 0.005010420833333333 0.19728101525870778 0.006843869205290246 0.21921732854513828 0.8701764722660076
0 0.2988818272532973 0.8735566916645399 0.28371512812500005 0.0050104208333333344 0.24462003350838574 0.006224083109878974 0.25978673263668295 0.8747703539410855
0 0.33637943871907067 0.8736582065271966 0.3303086605837323 0.004525169422549328 0.291230759375 0.005010420833333333 0.29730153751033833 0.8741434579379807
0 0.3987099995832789 0.0033916164695156205 0.33707611875000004 0.0030062541666667215 0.33402884713023895 0.8694471165413529 0.3956627279635178 0.8698324788442018
0 0.4610857149669493 0.003092942127046482 0.4047168124999999 0.003006254166666732 0.4039652519996566 0.8718110592277956 0.460334154466606 0.8718977471881754
0 0.5159481718750002 0.0070145916666667545 0.47013588675067475 0.005373341735296363 0.452819570378636 0.8646642546761102 0.4986318555029615 0.8663055046074805
0 0.5715638531250002 0.006012504166666773 0.5272552246294511 0.003809122405373951 0.5031467374125829 0.865687509082442 0.547455365908132 0.8678908908437347
0 0.6256764062500002 0.006012504166666788 0.578414906245865 0.002762006507957045 0.5450857612346194 0.8642699573104149 0.5923472612387546 0.8675204549691247
0 0.6797889625000001 0.007014591666666788 0.6325298471555876 0.0030948214602216566 0.5924939796959899 0.8612220771291946 0.6397530950404023 0.8651418473356397
0 0.784256253125 0.007014591666666818 0.6885826121585616 -0.003503123196844804 0.6355177728801351 0.8546311256625889 0.7311914138465736 0.8651488405261004
0 0.8391203687500001 0.005010420833333503 0.7999063150877291 -0.00022427801575071923 0.7354046406250002 0.8587862750000002 0.7746186942872711 0.8640209738490844
0 0.9157798218750001 0.004008337500000166 0.849220292365829 -0.0058986822183577795 0.7766858936897147 0.8604419909360411 0.8432454231988858 0.8703490106543991
0 1.0055227204109143 0.00549365156099831 0.9330870599413297 -0.008260217302961663 0.8410977365440798 0.8530159758208486 0.9135333970136644 0.8667698446848087
0 0.996948653125 0.15231682083333353 0.9247985812499999 0.15231682083333353 0.9247985812499999 0.8527737708333336 0.996948653125 0.8527737708333336