0 0.22070222853945207 0.1564405550228503 0.17688751250000004 0.15625000000000006 0.17525236508553294 0.8246462209237866 0.21906708112498494 0.8248367759466367
0 0.267075133022606 0.826612352243974 0.26530907388061514 0.15931126278212135 0.2205558721080092 0.15952182720481392 0.22232193125000005 0.8268229166666666
0 0.3443996839621158 0.21094847778877107 0.271986976161685 0.21042765242107203 0.2695084671995693 0.8230468829656344 0.3419211750000001 0.8235677083333336
0 0.39481665020548756 0.17207556615782327 0.34697214687500005 0.1714409708333334 0.34207442115698333 0.82789922876217 0.38991892448747084 0.8285338240866599
0 0.4452517493191267 0.1754469290920217 0.3990561692839017 0.17462724401915547 0.39253682623218333 0.8278099925694605 0.43873240626740834 0.8286296776423269
0 0.5258036057726543 0.227058277414287 0.455207825 0.2256944458333334 0.4486521610589347 0.8289650429961568 0.519247941831589 0.8303288745771105
0 0.6071548718750002 0.23003472083333346 0.5365992931895732 0.22884635337985412 0.5308705285567501 0.8335172442645169 0.601426107242177 0.8347056117179963
0 0.698370540241312 0.22826720898689187 0.615526834375 0.22569444583333348 0.6048574267145648 0.8364641589879199 0.6877011325808767 0.8390369221414784
0 0.7821669610122375 0.2329219652923178 0.7017022848260579 0.23000201117173885 0.689409015625 0.8322482625000002 0.7698736918111796 0.835168216620579
0 0.8635817454117891 0.24009162505731446 0.7946522702048868 0.23603049028327092 0.7749304131118351 0.8311207616442982 0.8438598883187373 0.8351818964183416
0 0.9473203093750001 0.24088541666666685 0.8750948697047948 0.23543910649297986 0.8496882716988281 0.8344184041533823 0.9219137113690336 0.8398647143270692