0 0.15073281249999998 0.874565625 0.13110419390006778 0.3619173737226312 0.0898109375 0.36349843750000005 0.10943955609993221 0.8761466887773688
0 0.19386283060885837 0.8748851497722144 0.17832270998859417 0.3632785546750411 0.135384375 0.3645828125 0.1509244956202642 0.8761894075971733
0 0.23698745930539208 0.874964299629888 0.21906800825219724 0.365469957306079 0.17758737634639546 0.3669288746901295 0.1955068273995903 0.8764232170139385
0 0.2752552280493531 0.8772236718576648 0.26135182350640407 0.3656704248382576 0.22151562500000002 0.36675312500000007 0.23541902954294902 0.8783063720194072
0 0.32445951731648076 0.881047476877775 0.3117725790195728 0.3384706344393672 0.2623375 0.3396265625 0.2750244382969079 0.8822034049384078
0 0.3983242593091457 0.8793236147397716 0.38907664387035545 0.35686724606618164 0.319826844476228 0.35809298576887894 0.32907445991501827 0.8805493544424687
0 0.49569843750000003 0.3135843750000001 0.3925453125 0.3135843750000001 0.3925453125000001 0.8821609374999999 0.4956984375000001 0.8821609374999999
0 0.5819442972382494 0.3163499835089747 0.5006463357522893 0.3157415036123633 0.49649841074161233 0.869938691790033 0.5777963722275723 0.8705471716866444
0 0.6576765625000001 0.3580734375000001 0.5853681619510736 0.35535051940918405 0.5663327746821389 0.8608443908144597 0.6386411752310654 0.8635673089052759
0 0.7130884684576166 0.37581236239578136 0.6620158100956303 0.37333595994372787 0.6388956948688563 0.8501590002729118 0.6899683532308427 0.8526354027249654
0 0.7902921875000001 0.3461375000000001 0.7278312500000002 0.34288125000000014 0.6998744971580322 0.8791438195094393 0.7623354346580321 0.8824000695094394
0 0.85538125 0.34396718750000016 0.7970925432734659 0.3395525068319992 0.7562839420164776 0.8783639791611609 0.8145726487430117 0.8827786598291617
0 0.9261640625000002 0.38737031250000015 0.8550069917485225 0.38144200765019226 0.8135132417485224 0.8794888826501923 0.8846703125000002 0.8854171875000002
0 0.9743100799333563 0.36737628574753745 0.9346180749428277 0.3637103963680028 0.8860875095139724 0.8891696357954141 0.925779514504501 0.8928355251749487