0 0.7022459889286977 0.3050889169966025 0.6959049471921323 0.24323902010633286 0.302654501047702 0.28355626584643245 0.30899554278426744 0.3454061627367021
0 0.5019531250000001 0.40625 0.447265625 0.40625 0.4472656250000001 0.8020828124999999 0.5019531250000002 0.8020828124999999
0 0.6101285533149301 0.7915321499741753 0.604450632465468 0.39029392405774926 0.5540479985405927 0.39100717156894094 0.5597259193900548 0.7922453974853669
0 0.11229478885263681 0.8823170920211553 0.08573211049863023 0.35923665674225713 0.038054332551746436 0.3616577939036223 0.06461701090575303 0.8847382291825203
0 0.4464362365308682 0.40908702017936527 0.3885456658764384 0.4077302014495349 0.3790657006707373 0.8122061889020573 0.43695627132516723 0.8135630076318876
0 0.588139980399608 0.3923104173993179 0.5835187700590709 0.33686698199995174 0.28136421575843584 0.36205156410090933 0.2859854260989729 0.41749499950027547
0 0.5881385566954991 0.39559426122449376 0.5833200303710286 0.3305571632637335 0.2610631793043816 0.3544328152960931 0.2658817056288521 0.4194699132568534
0 0.8726623783642911 0.31259311719316785 0.799066139256453 0.3099005587255227 0.7813672724187197 0.7936672257746522 0.8549635115265577 0.7963597842422974
0 0.7542706853138158 0.3751347753853212 0.7285625539926606 0.37447446288863057 0.7180538940909846 0.783611061265349 0.74376202541214 0.7842713737620396
0 0.25788675822559914 0.41668726692808 0.2171348093268969 0.41590856528364206 0.20916737694858228 0.8328697974244568 0.24991932584728455 0.8336484990688948
0 0.5566406250000001 0.4010421875 0.51171875 0.4010421875 0.5117187500000001 0.7916671875 0.5566406250000002 0.7916671875
0 0.1640810199277223 0.4218797234985157 0.10364676075941877 0.421592851651993 0.10164352801909012 0.8436066814191493 0.16207778718739366 0.8438935532656722
0 0.3045188580849537 0.8330044902574114 0.2971259966727765 0.41900425117548606 0.2607722709794389 0.41965342484858137 0.2681651323916161 0.8336536639305067
0 0.3696553742790997 0.4219143831781338 0.3343174533666999 0.42098116475012104 0.32357473351311716 0.8277727294841783 0.35891265442551706 0.8287059479121911
0 0.3888625885873419 0.4220272045649837 0.3695049932695169 0.4214464813512347 0.3576977299733269 0.8150250731611146 0.3770553252911518 0.8156057963748637
0 0.23208229879186842 0.8228133851714292 0.21641810828829122 0.43195513314656936 0.199880379269789 0.4326179057412386 0.21554456977336617 0.8234761577660983
0 0.6513117130480148 0.794035634563514 0.6458662460425064 0.3874400387566159 0.6014406129812877 0.3880350238512124 0.6068860799867961 0.7946306196581105
0 0.5906899282050688 0.39711153348427786 0.5858728953196716 0.33207508588665613 0.2636148163968234 0.35594366759887525 0.2684318492822205 0.42098011519649703
0 0.26439721108490566 0.3487139799528302 0.2621112175707547 0.2961361291273585 -0.0021932959905660355 0.3076276297169811 0.00009269752358490591 0.3602054805424528
0 0.07940385314554187 0.8755763207739493 0.039801356704800686 0.3739394188583699 -0.017101388585289628 0.3784316935678538 0.022501107855451546 0.8800685954834332
0 0.21710014486479898 0.8357500926230174 0.21482203066389519 0.41657707965671786 0.1402941198921198 0.4169821226500427 0.14257223409302358 0.8361551356163421
0 0.7265625 0.3229171875000001 0.65234375 0.3229171875000001 0.6523437500000001 0.8046875 0.7265625000000001 0.8046875
0 0.3378906250000001 0.4166671875 0.2968750000000001 0.4166671875 0.2968750000000001 0.8307296875000001 0.3378906250000001 0.8307296875000001
0 0.5175781250000001 0.4114578125 0.501953125 0.4114578125 0.5019531250000001 0.7864578125 0.5175781250000002 0.7864578125
0 0.7663141895185217 0.38810382491810075 0.7504572557775091 0.3877378962408907 0.7417986728998496 0.7629437315116598 0.7576556066408622 0.7633096601888698