0 0.06127517285177013 0.0018704455845307674 0.015407046875 0.001002083333333336 0.004854060891882432 0.9919775326020961 0.05072218686865256 0.9928458948532934
0 0.11461339687500023 0.0030062541666666894 0.06653365048631701 0.002097864723039846 0.05598126442491892 0.9950269544057433 0.10406101081360213 0.9959353438493701
0 0.17323532812500012 0.00400833750000003 0.12214375020095991 0.003249124773327258 0.11387655645095987 0.992306362273327 0.16496813437500008 0.9930655749999998
0 0.23336039062500014 0.0030062541666667068 0.1815089653857597 0.0022357499384212777 0.17321020297803796 0.9950693724775023 0.22506162821727843 0.9958398767057477
0 0.2874757787548267 0.003634494800356893 0.2386215617388021 0.0029758603715178003 0.23110309548397545 0.9944111114044942 0.27995731250000006 0.9950697458333334
0 0.3430886250000002 0.005010420833333392 0.293520037406654 0.004540257990683248 0.2882245062500001 0.9970739125000001 0.3377930938433463 0.9975440753426503
0 0.38893398125000017 0.0020041666666667335 0.35286338209501855 0.001470864928512757 0.3445837898945974 0.9970293475303958 0.38065438904957904 0.99756264926855
0 0.4385371562500002 0.0030062541666667423 0.3964818626225445 0.0018757357084161522 0.38145060012254434 0.9959433940417494 0.4235058937500001 0.9970739125
0 0.46784812500000006 0.004008337500000079 0.44305301392989554 0.003474032054948391 0.4310215250000001 0.9960718291666669 0.4558166360701047 0.9966061346117187
0 0.500181531421304 0.005494492082259147 0.47313070688843817 0.004982373755831356 0.4625871812500001 0.9950697458333335 0.4896380057828658 0.9955818641597614
0 0.5497685187500003 0.004008337500000098 0.5084644822633524 0.0028980138966454333 0.49343321663835216 0.9969656763966454 0.5347372531250001 0.998076
0 0.5963654406250002 0.005010420833333436 0.5550431227683005 0.00400866774890354 0.5414879130545304 0.9980574552421178 0.5828102309112301 0.9990592083265477
0 0.6610087079579539 0.052557918936839615 0.6084231357131336 0.051064540895453696 0.5933591875000002 0.9940676625000001 0.6459447597448204 0.9955610405413859
0 0.7181300978462049 0.059290984377775656 0.667819516700513 0.05806740804343415 0.6549873750000001 0.9960718291666669 0.705297956145692 0.9972954055010084
0 0.8098260927736826 0.058135371652868674 0.7294834826950638 0.05572164519238266 0.7136093062500002 0.9950697458333336 0.793951916328619 0.9974834722938195
0 0.8970441177545252 0.06528257550186864 0.8188551545686158 0.06268755966610513 0.8014692862630852 0.9939654677315714 0.8796582494489946 0.9965604835673347
0 0.94960016875 0.004008337500000155 0.9045352842636877 0.002486389358712393 0.8856045900947871 0.9989981309134072 0.9306694745810994 1.0005200790546949
0 0.9977288432351081 0.0029195448558706075 0.9511611610529856 0.0017860516631125422 0.93757515625 0.9940676625000002 0.9841428384321225 0.9952011556927582