0 0.5830744403154345 0.02801593379873706 0.5701006442008147 -0.0145761542217415 0.0502340163853802 0.14377822447952152 0.06320781250000002 0.18637031250000008
0 0.5927674489219843 0.07749960396781304 0.5797031249999998 0.03260625000000004 0.05960755107801554 0.18395820853218708 0.07267187500000002 0.2288515625000001
0 0.5993477007973819 0.12104643479704143 0.5878593749999999 0.08077031250000007 0.06973942165149107 0.22855839354446655 0.08122774744887298 0.2688345158415079
0 0.5727139144903854 0.18211028202766366 0.5599859375 0.13593750000000004 0.07904077300961464 0.2685147179723364 0.09176875000000001 0.3146875
0 0.5839968779194528 0.23248049360626694 0.5723062500000001 0.18690937500000002 0.0905359345805473 0.31050075639373304 0.10222656249999999 0.3560718749999999
0 0.6292233372561388 0.27956722456471256 0.617846875 0.23504218750000003 0.11559694772138637 0.36337060040011987 0.1269734099775251 0.4078956374648324
0 0.6190734375 0.3406328125 0.6060749999999999 0.2861749999999999 0.11487704778989846 0.4034181573877668 0.1278754852898985 0.4578759698877669
0 0.6094765625 0.4401859374999999 0.5912734375 0.3522953125 0.12385565542172632 0.4491027286993223 0.14205878042172626 0.5369933536993222
0 0.6790609375 0.4755046875000001 0.6714395600466527 0.4344862463920892 0.1403724357266018 0.5331604743291958 0.14799381317994903 0.5741789154371066
0 0.6892031249999999 0.5214734375000001 0.6809244457394649 0.4760678466745366 0.15275427231574873 0.5723676939238312 0.16103295157628378 0.6177732847492947
0 0.6695125 0.5877125000000001 0.6596625 0.5308328124999999 0.16248140063721137 0.6169309266769359 0.17233140063721136 0.6738106141769361
0 0.6865296875 0.6504359375 0.6778045910626066 0.5926894548184403 0.17529713946445816 0.6686148752441377 0.1840222359018516 0.7263613579256973
0 0.698896875 0.7140609375000001 0.6921028626846158 0.6597989298529758 0.18262140795594903 0.7235898478080034 0.1894154202713332 0.7778518554550277
0 0.67008125 0.7395624999999998 0.667415818430197 0.7184668359308132 0.2116147503843199 0.7760571801994227 0.21428018195412285 0.7971528442686093
0 0.676665625 0.7672265625 0.6736584867173573 0.7408431059366134 0.21517122409115458 0.7931006483187084 0.21817836237379734 0.8194841048820951