0 0.14259499513896884 0.34666809346103455 0.08318820742838876 0.3450259699979459 0.0700926609884947 0.8187810589396349 0.12949944869907476 0.8204231824027236
0 0.20530717301752838 0.3449130793069418 0.14596250000000005 0.3428812500000001 0.12956115712854668 0.8219236215365218 0.18890583014607504 0.8239554508434634
0 0.23778127640649838 0.3424800304693434 0.20439094234890803 0.3416976256271006 0.19299091594240975 0.8282113451577573 0.22638125000000006 0.8289937499999999
0 0.2768250000000002 0.34396718750000005 0.2450577160885262 0.3430633171862395 0.2312264660885261 0.8291742546862395 0.2629937500000001 0.830078125
0 0.31431418993415566 0.33189519902193704 0.28007981206594645 0.3309423993083988 0.26614283657569704 0.8317020852043848 0.30037721444390625 0.8326548849179229
0 0.3476078125000003 0.3320312500000001 0.31017503722667333 0.33154307385085124 0.30362237330466735 0.8339936676821674 0.34105514857799424 0.8344818438313162
0 0.38096562500000014 0.3504781250000001 0.35431204661420984 0.34984221792457204 0.34286411657876525 0.8296738039300917 0.3695176949645556 0.8303097110055198
0 0.4053734375000002 0.3504781250000001 0.3825555152247638 0.3499760592087744 0.37197895272476367 0.8306604342087743 0.3947968750000001 0.8311624999999999
0 0.47127500000000017 0.3450515625 0.403769059419255 0.3438278059522997 0.39477735155964006 0.8398363442773864 0.46228329214038516 0.8410601008250869
0 0.49649687500000017 0.3450515625000001 0.4788359659668693 0.3447045700818472 0.4690656245628042 0.8419866481121423 0.4867265335959351 0.8423336405302951
0 0.5135828125000002 0.3472218750000001 0.49567166148600056 0.34698726897111115 0.4891622864860006 0.8439497689711111 0.5070734375000001 0.844184375
0 0.5623984375000002 0.3461375000000001 0.5257907454834019 0.3457179655251435 0.5200906250000001 0.8430984374999999 0.5566983170165984 0.8435179719748567
0 0.6307406249999999 0.8474390624999998 0.6282989540565194 0.3437514218148162 0.5837890625 0.3439671875 0.5862307334434805 0.8476548281851836
0 0.6820950021286978 0.8506569232562189 0.6788106406334597 0.3414989007128705 0.6324445748412297 0.3417979884507264 0.6357289363364678 0.8509560109940747
0 0.7244012920304399 0.8538577318460717 0.7219462600451557 0.2906573628430035 0.6895828125000001 0.29079843749999995 0.6920378444852842 0.8539988065030684
0 0.8179530702947535 0.3462774880534036 0.7284477594790688 0.3461345851484644 0.7276268136449957 0.8603229571262083 0.8171321244606805 0.8604658600311476
0 0.9147703124999997 0.8658859374999999 0.9139542644243972 0.33732846028574104 0.8277188723563578 0.3374616004432067 0.8285349204319603 0.8660190776574656