0 0.05138496474688954 0.9267338407581318 0.04316496101290145 0.23626616597107475 0.013851871266011917 0.23661513771294299 0.022071875 0.9270828125000001
0 0.07816911491354026 0.9269848531539177 0.07572656250000004 0.237696875 0.03670133496239354 0.2378351643169938 0.03914388737593375 0.9271231424709114
0 0.10174062500000017 0.24853593750000003 0.07087235760858342 0.2484243382992431 0.06841498532880252 0.9281319356479809 0.09928325272021929 0.9282435348487377
0 0.12694218750000003 0.93141875 0.12531186260160773 0.24956201078903684 0.09606195384468028 0.24963194755401963 0.09769227874307258 0.9314886867649828
0 0.15214531250000002 0.9259999999999999 0.14807875362765344 0.24729726306919853 0.12043912089156181 0.24746287046639223 0.1245056797639084 0.9261656073971937
0 0.1871015625 0.922746875 0.17978037951361972 0.24599941962731814 0.145640625 0.24636874999999997 0.1529618079863803 0.9231162053726818
0 0.22288087872949758 0.9276581087513389 0.21227799584418644 0.2501834268416983 0.178971875 0.25070468749999997 0.18957475788531108 0.9281793694096405
0 0.2521425068148377 0.9324130400316024 0.25050305277973733 0.2517655856838531 0.2131027334648996 0.2518556706522506 0.21474218749999996 0.9325031249999999
0 0.27491476635570977 0.9237711218527249 0.273275 0.2582921875 0.2391234453725238 0.25837633827830786 0.2407632117282336 0.9238552726310327
0 0.29847656250000004 0.9238312500000001 0.29683976436426246 0.2213806979080278 0.26595532110050235 0.22145266254526366 0.26759211923623993 0.9239032146372359
0 0.32531427025952775 0.9226168063535954 0.3220000182112464 0.21806762993232348 0.2943498104517187 0.2181976985787278 0.29766406250000005 0.922746875
0 0.40585174173695915 0.9246818116921078 0.39594289008716077 0.3069808558431125 0.31376927335020155 0.3082990441510046 0.3236781249999999 0.9259999999999998
0 0.45948173200733045 0.9218853663100534 0.44721695029949765 0.18060698837057015 0.39514771829216716 0.18146849706051676 0.40741250000000007 0.922746875
0 0.4927734375 0.9140765624999998 0.4813214041234405 0.2956588990775239 0.4504984375 0.29622968749999995 0.46195047087655955 0.9146473509224758
0 0.514721875 0.9216640625 0.5082074895063029 0.1648496147694836 0.47978445868572334 0.16509426995573134 0.48629884417942054 0.9219087176862477
0 0.5432042875242596 0.9224148412646163 0.5317411911440113 0.16365826527837424 0.5097634661197517 0.163990299013758 0.5212265625 0.922746875
0 0.5700059498808508 0.9129121499943176 0.5683717464584996 0.3318994074673517 0.5326078125 0.33199999999999996 0.5342420159223512 0.913012742526966
0 0.6025218750000001 0.9184125000000002 0.5919531250000001 0.3298328125 0.5626580308412421 0.33035884581879404 0.5732267808412421 0.918938533318794
0 0.6309750000000001 0.9162437499999999 0.6219441157983053 0.32292112774164106 0.5919043742191963 0.3233783586266142 0.6009352584208909 0.9167009808849731
0 0.654565791761258 0.9148660803396098 0.6439358471157133 0.3250581641285713 0.6195937500000002 0.325496875 0.6302236946455448 0.9153047912110385
0 0.6748749999999999 0.9086562500000002 0.6625803141744311 0.3283199815707957 0.6382021931444302 0.32883644306973464 0.6504968789699991 0.909172711498939
0 0.70739375 0.917328125 0.6911203640105368 0.2273481315103656 0.6586963394880703 0.2281128618958327 0.6749697254775336 0.918092855385467
0 0.7618821848229309 0.9139475547147 0.7472244984026286 0.2548775582343267 0.6911343750000001 0.256125 0.7057920614203024 0.9151949964803734
0 0.8148115836157694 0.9111811314057222 0.7950461587685662 0.25343268297279414 0.7347783251527968 0.255243739067072 0.7545437500000001 0.9129921874999999
0 0.8496942930313729 0.9103336655575494 0.8414986770196753 0.23174831605623392 0.79763125 0.23227812499999997 0.8058268660116976 0.9108634745013153
0 0.8667476688142918 0.9169122573749929 0.853716171862507 0.3305183747193605 0.8350028780482152 0.33093424234436786 0.8480343749999999 0.917328125
0 0.88786875 0.9075718750000001 0.8732359375 0.17374531249999997 0.8512514643403023 0.17418369220727195 0.8658842768403023 0.9080102547072721
0 0.9098655823339012 0.9122341104886089 0.8852300069560106 0.1709888048171215 0.8624206746221095 0.1717468818285127 0.88705625 0.9129921875000002
0 0.9277555410764773 0.9103435669659795 0.9049225995632458 0.17533224624391766 0.88624375 0.17591250000000003 0.9090766915132316 0.910923820722062
0 0.9626609374999999 0.9162437499999999 0.9406811242171444 0.1727368243024187 0.9050380851668782 0.1737905163610681 0.9270178984497337 0.9172974420586494
0 0.9806584557180148 0.9080919839995378 0.9585968750000001 0.1726609375 0.9333205175332348 0.17341918180198407 0.9553820982512494 0.9088502283015218
0 0.99761875 0.9054046874999999 0.9691640625000002 0.17049375 0.9504936143595579 0.17121664272102613 0.9789483018595577 0.9061275802210259