0 0.12369114062500002 0.9530978999999999 0.11633960599329589 0.0012102530902560547 0.023697646875000006 0.002482225 0.031049181506704125 0.9543698719097439
0 0.19118921105120779 0.9549964774633981 0.17975644753873654 0.002266044543845721 0.11632315523752876 0.0036192879137809026 0.12775591875 0.9563497208333334
0 0.257015803125 0.9661051874999999 0.23256690463387245 0.0011886019060764789 0.16600800471535618 0.004186750369356075 0.1904569032064837 0.9691033359632795
0 0.30498016250000004 0.9628533666666665 0.27652673125000005 0.06209894166666666 0.2261785799278977 0.06492635462421531 0.2546320111778977 0.9656807796242153
0 0.34644088124999994 0.9650212458333333 0.322052225 0.06318288333333334 0.2758324944440632 0.06540498563728656 0.3002211506940632 0.9672433481372865
0 0.38871455625000007 0.9693570083333332 0.36918477185448617 0.062307114414281294 0.317987446875 0.06426682083333334 0.337517231270514 0.9713167147523852
0 0.4350833034423173 0.9702188193810027 0.4203295598942251 0.022700770360599618 0.36757771875 0.024161029166666664 0.38233146229809234 0.9716790781870698
0 0.4781547819084597 0.9707926575198316 0.4682488997931813 0.03193540804023149 0.42041980937499995 0.03283255416666667 0.4303256914902784 0.9716898036462668
0 0.5179744406250001 0.9574336625000001 0.5122546437035462 0.009581720288807709 0.466758259375 0.010069804166666666 0.4724780562964539 0.9579217463778591
0 0.5594495349408056 0.9670838533804013 0.54561491875 0.025244970833333335 0.5000750494341943 0.026434184119598848 0.513909665625 0.9682730666666668
0 0.5903313874385921 0.9787931922562173 0.5854497281250001 0.028496791666666667 0.5480388348782859 0.02883844364029758 0.5529204941918779 0.9791348442298482
0 0.6317881750000001 0.025244970833333432 0.5911404124999999 0.02524497083333343 0.5911404125 0.9769445875 0.6317881750000002 0.9769445875
0 0.6748748062500001 0.9747767083333333 0.6707938293430914 0.06716785921736507 0.6244570448030582 0.06753825734467381 0.6285380217099669 0.9751471064606421
0 0.7228749056151907 0.9753790198452414 0.7163079007519776 0.068038086673304 0.6715759903319454 0.06861364819727345 0.6781429951951585 0.9759545813692109
0 0.7756838892930988 0.9815066566691428 0.765053210680583 0.06781349736428481 0.7235898588874842 0.06867113236180865 0.7342205374999999 0.9823642916666666
0 0.8269733518936926 0.9854977633682365 0.8138893754844562 0.07180009893664387 0.7666620548407634 0.07300238556840731 0.77974603125 0.9867000499999999
0 0.8659216864660048 0.9847474279238907 0.8552344402072107 0.02453949623087914 0.811332459991206 0.02540818080698828 0.8220197062500001 0.9856161124999999
0 0.8944161573170885 0.9841448282993764 0.8862297277893763 0.03561059121781003 0.855350871875 0.03608437500000001 0.8635373014027122 0.9846186120815664
0 0.94965368125 0.03283255416666682 0.8984375 0.03283255416666682 0.8984375 0.992119754166667 0.94965368125 0.992119754166667
0 0.995179175 0.98670005 0.9894791645826435 0.03344128659148871 0.9447759500000001 0.033916491666666666 0.9504759604173566 0.987175255075178