0 0.1574525 0.9930655749999999 0.09156339623474304 -0.004611576170070662 0.026680496874999998 0.003006254166666666 0.09256960064025696 1.0006834053367375
0 0.21156505625 0.9950697458333334 0.16171146236484712 0.000012161096900559221 0.1055946375 0.005010420833333333 0.15544823138515287 1.0000680055697662
0 0.24973924596053637 0.9965555966572504 0.21069686897740766 0.11159418590170424 0.176993146875 0.1142376125 0.2160355238581287 0.9991990232555461
0 0.27695105937500003 0.9970739125 0.2535333947079291 0.10972074791595889 0.22133537812499998 0.1112313625 0.24475304279207086 0.9985845270840412
0 0.3017601062515153 0.9964644907466264 0.282929121273273 0.005201440990843211 0.25891354062499994 0.006012504166666666 0.2777445256032422 0.9972755539224497
0 0.32657052220559246 0.9947127336121278 0.316779468157178 0.004561288572146259 0.291230759375 0.005010420833333334 0.3010218134234145 0.9951618658733149
0 0.35736832500000004 0.9960718291666668 0.3551136375 0.001002083333333333 0.32504683951116364 0.0011231982090592761 0.3273015270111636 0.9961929440423928
0 0.38743085625 0.005010420833333394 0.36187770625 0.0050104208333333925 0.36187770625000004 0.9970739125 0.38743085625000007 0.9970739125
0 0.42502671461709857 0.2291918106946907 0.39569805312500006 0.22847522916666677 0.38515140894234917 0.9958692334651124 0.4144800704344477 0.9965858149931363
0 0.46859968750000014 0.3657607833333334 0.4310522734824291 0.3643281317123933 0.417524135982429 0.9946391775457268 0.4550715500000001 0.9960718291666669
0 0.4903950218750002 0.2675565166666668 0.47762721582400214 0.2671103771964385 0.46334080703224423 0.9939626885005863 0.47610861308324226 0.9944088279708148
0 0.5106872281250002 0.2675565166666668 0.4994270966633863 0.26704023370343316 0.4806380154133863 0.9955555462034332 0.4918981468750002 0.9960718291666668
0 0.5491521149558779 0.36573366819742886 0.5159481718750001 0.3637566125000001 0.49470791239322603 0.9979300499880772 0.5279118554741038 0.9999071056855059
0 0.5903529343750001 0.36976912083333346 0.5580822516189698 0.3675590365362274 0.5339471885117645 0.9940650256510523 0.5662178712677948 0.9962751099481584
0 0.6519811218750002 0.28258778333333345 0.6074719592874385 0.2781577633132938 0.5673667483096761 0.9945023990055643 0.6118759108972379 0.9989324190256039
0 0.6985780437500002 0.006012504166666795 0.6746344183474675 0.0033251195757577918 0.6121383296862143 0.9932230075507571 0.636081955088747 0.995910392141666
0 0.7173710731295019 0.08612235096920884 0.701584296875 0.08417508333333344 0.6382971876157519 0.9963130649058282 0.6540839638702538 0.9982603325417034
0 0.7489327812500001 0.003006254166666785 0.7267444361071401 0.00011633199257388149 0.6537947571565799 0.9958418188440493 0.6759831022994398 0.9987317410181422
0 0.7729828031249999 0.28058361250000013 0.7406000787366022 0.2756249135300811 0.6786098950077335 0.9953158545632153 0.7109926193961312 1.0002745535331343
0 0.8165734718750002 0.2845919500000002 0.7834221022764263 0.27879396727622124 0.7129467315012101 0.9951672839882252 0.746098101099784 1.0009652667120041
0 0.8624188312500001 0.2926086250000003 0.8277998548100488 0.28602394097072964 0.7522690982222506 0.9919847490604599 0.7868880746622019 0.9985694330897306
0 0.9210407656250001 0.10321468750000022 0.8839239785017365 0.09599286917620281 0.7857168381085764 0.9933066875771036 0.8228336252318401 1.000528505900901
0 0.9653829968750001 0.11022927500000021 0.9298599445763495 0.10263366236995315 0.8234173268661017 0.9876279896989715 0.8589403791647523 0.9952236023290185
0 0.9924392750000004 0.10722302500000026 0.9738072211889964 0.10298846731167949 0.8610034149221635 0.9853649066095028 0.8796354687331676 0.9895994642978235
0 1.0827416305954394 0.1501701287513023 0.9961970906250001 0.12325637500000013 0.8474352004616668 0.9736785193082488 0.9339797404321061 1.000592273059551