0 0.19494999999999996 0.8309499999999999 0 0.36993125 -0.04481224266880914 0.38888090597014074 0.1501377573311908 0.8498996559701407
0 0.24044815740935932 0.8150755394446396 0.028888265718348627 0.3043125012001251 -0.01315321981279407 0.32172623606251316 0.19840667187821662 0.8324892743070278
0 0.26459062499999997 0.8083218750000001 0.07418282820369439 0.34378540214702485 0.05473995632909993 0.3517547966152308 0.24514775312540554 0.816291269468206
0 0.287365625 0.8020625000000001 0.0956484375 0.33839687500000004 0.07765867754035724 0.3458353090725341 0.26937586504035727 0.8095009340725342
0 0.33092968749999996 0.79133125 0.1426421875 0.32769062499999996 0.10193425476150045 0.34422238359104285 0.2902217547615004 0.807863008591043
0 0.3737187500000001 0.7808500000000002 0.1845296532874466 0.31220195676263746 0.14619687500000003 0.3276765625 0.33538597171255347 0.7963246057373625
0 0.4072234375 0.7733859375 0.20860051227787615 0.2731242725287272 0.17628125 0.28595625 0.3749041752221239 0.7862179149712728
0 0.4460421875000001 0.766478125 0.248546875 0.261334375 0.21452845828795156 0.27463450558520713 0.4120237707879516 0.7797782555852072
0 0.468584375 0.7568718750000002 0.27593786366383694 0.25349464829692614 0.2547875 0.2615890625 0.447434011336163 0.7649662892030742
0 0.4924823317134255 0.7514294418728792 0.29928124999999994 0.24370937499999998 0.27888061926019914 0.2514723613062957 0.4720817009736247 0.7591924281791748
0 0.5163681850537817 0.745955225358556 0.32249531249999996 0.23616718749999993 0.30269743994621834 0.24369633714144417 0.4965703125 0.7534843750000001
0 0.5702401823027682 0.7273211696825188 0.378691387988236 0.20640034070308938 0.32307812500000005 0.22685000000000005 0.5146269193145322 0.7477708289794295
0 0.6233671875 0.7145671874999999 0.4372984375000001 0.1840328125 0.3836830396777177 0.20283677794247446 0.5697517896777177 0.7333711529424745
0 0.6693157108186043 0.7346575799245821 0.4696242896433656 0.14117478263625877 0.4341546875000001 0.15310937499999994 0.6338461086752387 0.7465921722883232
0 0.7106950527793228 0.7251639886621772 0.5182656250000002 0.12235624999999999 0.47967950029585815 0.13467378579261988 0.6721089280751806 0.7374815244547971
0 0.7552484375 0.6911109375000001 0.569928125 0.11812031250000002 0.5211562746805561 0.133894417953126 0.7064765871805561 0.7068850429531259
0 0.8150425606910862 0.6776850514649506 0.6332750000000001 0.09982031249999997 0.5781922663655922 0.11714660610091554 0.7599598270566782 0.6950113450658661
0 0.8686249337356671 0.6611534365851557 0.6883671875000001 0.061382812499999925 0.6333490929741663 0.07791819673382265 0.813606839209833 0.6776888208189784
0 0.92429375 0.6453124999999998 0.7550156250000001 0.03744531250000003 0.699026852756396 0.05303699861391668 0.8683049777563958 0.6609041861139164
0 0.9598738883600328 0.6362129593319225 0.7918921875 0.032309374999999994 0.7608413728244857 0.040946463432009896 0.9288230736845187 0.6448500477639323
0 1.0089874432125565 0.6187659688476705 0.8321296874999999 0.08769062499999994 0.8112656817874433 0.0946387186523295 0.9881234375 0.6257140625
0 1.0209543703016506 0.5796131423800495 0.8562187500000003 0.07758124999999993 0.8337926372325004 0.08494010439507509 0.9985282575341508 0.5869719967751246