0 0.144675925 0.9309363458333332 0.001878909375 0.009018758333333333 -0.025128313792164087 0.016455529825717744 0.11766870183283593 0.9383731173257176
0 0.17774470937500003 0.9279300958333334 0.08154965070147698 0.26918633011191984 0.04922739375 0.2775773625 0.14542245242352309 0.9363211282214136
0 0.21231661875000002 0.9219175875 0.10971970292184 0.09303585456169962 0.06801647499999999 0.10221260416666665 0.17061339082816002 0.9310943371049671
0 0.25665885 0.9259259249999999 0.16858637110659186 0.10594077885926323 0.12513528125 0.1142376125 0.2132077601434082 0.9342227586407367
0 0.28747294375 0.9269280083333336 0.22808156028084028 0.11198801459261952 0.18751503125 0.11724386666666667 0.2469064147191597 0.9321838604073807
0 0.32354798125000006 0.9289321791666668 0.28186697775601377 0.1044061956080023 0.23937289687500005 0.1082251083333333 0.28105390036898636 0.9327510918919978
0 0.36037457812499996 0.9269280083333334 0.33546566267830313 0.10971430525179707 0.28897606875000004 0.11223344583333333 0.3138849841966969 0.9294471489148697
0 0.397952740625 0.9319384333333333 0.3934128892763902 0.11476493889411397 0.34534331250000005 0.11523970000000001 0.3498831638486099 0.9324131944392193
0 0.46033249062500003 0.17837101250000006 0.40321368437499994 0.17736892916666672 0.3957456742895651 0.9341280297391372 0.45286448053956513 0.9351301130724706
0 0.5294763093750001 0.1813772625000001 0.4724741539694432 0.1761217448425545 0.4333928664694432 0.9296891656758878 0.4903950218750001 0.9349446833333334
0 0.591104496875 0.26956068750000006 0.534737253125 0.2635481791666667 0.4939329684794238 0.9436193260042595 0.5503002122294238 0.9496318343375928
0 0.6700186375000002 0.032066700000000156 0.6210705028024142 0.02286552058629942 0.5239924685771074 0.9409678602564978 0.5729406032746934 0.9501690396701985
0 0.7090999281250003 0.16935225416666683 0.6636806239007478 0.15901098947920703 0.5644132939253326 0.9340983177180192 0.6098325981495851 0.944439582405479
0 0.7602062281250002 0.1733605916666668 0.7182795499458938 0.16222381797396113 0.6025455728954356 0.9368094036816159 0.644472251074542 0.9479461773743215
0 0.7970328281250001 0.1924001916666668 0.769284532295377 0.18439540631481935 0.6453977996239264 0.9478599938211633 0.6731460954535494 0.9558647791730107
0 0.8421266218750001 0.19941478333333348 0.8091928714664617 0.18856807686343288 0.6687147794661258 0.9468476822627724 0.7016485298746642 0.957694388732673
0 0.9300595250000001 0.005010420833333503 0.8963632773223044 -0.007438470668598996 0.6953338044756147 0.9599213987633629 0.7290300521533104 0.9723702902652954
0 0.9683892500000002 0.007014591666666921 0.9407147273727624 -0.0038245963853086686 0.7276878545200685 0.9631058882724991 0.7553623771473061 0.9739450763244747
0 0.9360720312499999 0.25452942083333346 0.9219351348589979 0.24868154640297846 0.759359213462831 0.9473799223140548 0.773496109853833 0.9532277967444098
0 0.969892375 0.25753567500000024 0.9432418660014209 0.24581257722291003 0.7724433764952271 0.9360915109739133 0.7990938854938062 0.9478146087510034
0 1.031880905196994 0.1848535931906214 0.996948653125 0.16835016666666694 0.7921393829860113 0.9390398484102132 0.8270716350580051 0.9555432749341677
0 1.0296428446648744 0.3547312208053653 0.9954455281250001 0.3367003375000003 0.8172238206431581 0.9376154123564103 0.8514211371830326 0.9556462956617754