0 0.6374011761859496 0.4270986945220672 0.57540625 0.40302187500000014 0.43971132381405037 0.752420055477933 0.50170625 0.7764968750000001
0 0.720251048310273 0.45843948661923084 0.6917328125000001 0.448196875 0.5855848891897272 0.7437417633807694 0.6141031250000001 0.7539843750000002
0 0.6380572180252156 0.42660200204001175 0.5756531250000001 0.40246875000000004 0.43950840697478455 0.7545136229599884 0.5019125000000001 0.7786468750000001
0 0.6926202928954269 0.44198033332911846 0.6563953125 0.4287437500000001 0.5420312696045732 0.7417274791708817 0.57825625 0.7549640625
0 0.5492122462798381 0.46116563341957073 0.5274046875 0.4526609375 0.40837463291819437 0.7578752492647298 0.4301821916980325 0.7663799451843005
0 0.5206053932711578 0.46966638185780385 0.49023125 0.45817812500000005 0.3747333761177845 0.7635463816672002 0.40510751938894246 0.775034638525004
0 0.47809225374681424 0.4647599170213674 0.4559421875000001 0.45654062500000003 0.33988118375318593 0.7693119579786328 0.3620312500000001 0.7775312500000002
0 0.43855061124206474 0.47797540659912957 0.42450937499999997 0.47306718750000004 0.31828063875793544 0.7769620934008706 0.3323218750000002 0.7818703125000002
0 0.42577762551085085 0.4705322565796856 0.4016671875 0.4615859375000001 0.2882114369891493 0.7673505559203144 0.31232187500000014 0.776296875
0 0.3959196241374262 0.4771079054721564 0.37165781249999996 0.4683968750000001 0.2552932178347532 0.7924935345235459 0.2795550294721795 0.801204564995702
0 0.3561583538346891 0.48440140017536787 0.3223421875 0.47320156250000006 0.222142746734656 0.775738175420369 0.25595891306934504 0.7869380130957369
0 0.3145074928704079 0.473964447681997 0.287871875 0.46568593750000015 0.19793341042399382 0.755057638643438 0.22456902829440167 0.7633361488254349
0 0.29105208738371613 0.40531161293155915 0.2571125 0.3957234375 0.14949649459384767 0.7766554349837651 0.18343608197756375 0.7862436104153241
0 0.23974413128192645 0.43085397843518985 0.18636875000000006 0.41693281249999997 0.08825680713423538 0.7931054968247593 0.14163218841616176 0.807026662759949
0 0.11297240592861295 0.7727027932802752 0.10541193994877282 0.4230426969641532 0.05501187859736565 0.4241324637211945 0.06257234457720576 0.7737925600373166
0 0.06368425441881911 0.7756635664593456 0.04274214448355772 0.4288663634303408 -0.005005646533427432 0.4317497185436747 0.015936463401833956 0.7785469215726797
0 0.6420898040967731 0.46550571007063446 0.6288003126647859 0.46017671801296556 0.5170245710680129 0.7389241329423313 0.5303140625000001 0.7442531250000002
0 0.8177896512733718 0.447893373428517 0.7776358343900245 0.44027415290176125 0.7160044387411222 0.7650758522961849 0.7561582556244695 0.7726950728229407
0 0.7811119660507951 0.38272195245297613 0.7406453125000001 0.37508437500000014 0.6681860381052271 0.7589998732752743 0.7086526916560223 0.7666374507282503
0 0.8484406250000001 0.38163437500000014 0.818581128401806 0.3778789238548853 0.7708057170281772 0.7577400053241161 0.8006652136263714 0.761495456469231
0 0.9184687500000001 0.44485468750000007 0.8883930940327573 0.44228146790738576 0.8577294594536665 0.8006764245418525 0.8878051154209092 0.803249644134467