0 0.11085557812500005 0.14129389166666667 0.07252585312500005 0.14129389166666667 0.07252585312500008 0.9950697458333334 0.11085557812500009 0.9950697458333334
0 0.14768217812500006 0.9980760000000001 0.14542749062500002 0.0551146375 0.11311060034215972 0.05525200990326259 0.11536528784215976 0.9982133724032628
0 0.18826659375 0.9990780833333334 0.18526034062500005 0.004008337499999999 0.15293456406596176 0.004181956984718896 0.1559408171909617 0.9992517028180522
0 0.23937588482994965 0.9926889699931625 0.23486351562500007 0.04810005 0.19051829329505043 0.04847665500683739 0.1950306625 0.9930655749999998
0 0.29123318175011315 0.9928225025052161 0.28822450625 0.050104216666666666 0.24538298074988693 0.050347289161450565 0.24839165625000006 0.9930655749999999
0 0.3310636125 0.998076 0.32655423437500003 0.052108387500000006 0.29423832111839643 0.05238225108762886 0.29874769924339634 0.9983498635876289
0 0.37540584375 0.9970739125 0.36864177500000006 0.045093795833333346 0.33256997809327427 0.045549439550052896 0.33933404684327423 0.9975295562167196
0 0.416741821875 0.998076 0.4062114367790305 0.1426074758754786 0.3739029211479179 0.14331450075652805 0.38443330624388744 0.9987830248810495
0 0.4550889520486895 0.9963830202970283 0.4437761480110334 0.14264350258105368 0.4144477772123438 0.14333439478402532 0.42576058124999994 0.9970739125
0 0.4926497125 0.9960718291666667 0.4798731375000001 0.12526054166666664 0.4505586847828673 0.12602516872518743 0.4633352597828672 0.9968364562251875
0 0.528724746875 0.9950697458333333 0.5144450468749999 0.12526054166666664 0.4851481187486626 0.12611559783313345 0.49942781874866266 0.9959248019998002
0 0.564799784375 0.9940676625000001 0.55052008125 0.16534391666666667 0.5212590911876009 0.16624026308063786 0.535538794312601 0.9949640089139712
0 0.6008781340263621 0.9942969691064321 0.5888498062499999 0.16233766250000004 0.5587839628486377 0.16311043922690135 0.5708122906249999 0.9950697458333334
0 0.6384699426195051 0.9929848136799263 0.621167028125 0.05311047083333333 0.588081285505495 0.054193319653406936 0.6053842000000001 0.9940676624999999
0 0.6767827093750002 0.9950697458333335 0.6594966549307385 0.05510929800957053 0.6272356868277836 0.0561640276867009 0.6445217412720454 0.9961244755104638
0 0.704590546875 0.9930655749999998 0.6887635116802067 0.05751192929165308 0.6684816246669817 0.058121910849603955 0.684308659861775 0.9936755565579508
0 0.7339015156250001 0.9920634916666666 0.7158511580804459 0.05344493687654076 0.6963233531249999 0.05411255416666665 0.7143737106695541 0.9927311089567926
0 0.7677218625 0.9960718291666666 0.7489184684806005 0.052392160645899244 0.7211302416493972 0.053376511577941654 0.7399336356687967 0.9970561800987091
0 0.796281265625 0.9980760000000001 0.7820015625000001 0.05611672083333333 0.7594942435045302 0.056723301116231556 0.77377394662953 0.9986825802828982
0 0.8398720044921557 0.9930697998368971 0.82408910625 0.042087541666666665 0.7902686892578444 0.043085404329769476 0.8060515875 0.9940676624999999
0 0.878953221875 0.9980759999999999 0.866167485193673 0.04641604596693562 0.8361146009432788 0.04713385280850105 0.8489003376246058 0.9987938068415653
0 0.9187860750000001 0.9950697458333333 0.9037548093749999 0.16333974583333333 0.8722074706405202 0.16435331498738265 0.8872387362655203 0.9960833149873826
0 0.9623767437500002 0.9960718291666668 0.949168627624055 0.168362413122865 0.913845155749055 0.1693644964561983 0.9270532718750001 0.9970739125000001
0 0.9984517812499998 0.062129229166666834 0.9601237137088502 0.062074278358747376 0.9593688851333972 0.9980587574825037 0.9976969526745469 0.9981137082904232