0 0.11800045625000004 0.7016237416666667 0.0790105918460975 0.0014653254720805946 0.035891975 0.0057340458333333365 0.07488183940390254 0.7058924620279196
0 0.14889275625000004 0.7048755624999999 0.11618058130850997 0.015739129040787666 0.0806045125 0.018741329166666664 0.11331668744149008 0.707877762625879
0 0.19160767080422186 0.7059568551971395 0.1621533832937695 0.01869105239707542 0.118813409375 0.021993149999999996 0.14826769688545238 0.709258952800064
0 0.20338452842270488 0.036496142983536935 0.16515185937500002 0.03608437500000003 0.16106331220229514 0.7109674361831299 0.19929598125000006 0.7113792041666667
0 0.2646323313899351 0.08412126285285616 0.20498666875 0.0816098666666667 0.19005354361006493 0.7121196288138106 0.24969920625000003 0.7146310250000002
0 0.3255832972587559 0.1091281677186978 0.266771265625 0.10328867500000004 0.23234789336624412 0.7196309364479687 0.29115992500000004 0.7254704291666665
0 0.37779888607464224 0.07661674187250679 0.32692995625 0.06968652500000004 0.2767108068490945 0.7250052856548851 0.32757973667373674 0.7319355025273919
0 0.4293644567662159 0.09784706971127996 0.37326840624999996 0.08811350833333338 0.3113655212844012 0.7223465687577495 0.36746157180061706 0.7320801301356961
0 0.4892905745658112 0.0290300719611072 0.440743690625 0.01874132916666674 0.3560294139683469 0.7293542974298606 0.4045762979091581 0.739643040224301
0 0.543176053125 0.05017560000000006 0.48626918437499994 0.03716831250000006 0.39608334912796683 0.738613524417572 0.45299021787796684 0.751620811917572
0 0.5545574281250001 0.12605142083333346 0.5320351767284034 0.12009817078037671 0.4398064094976827 0.7403978466708458 0.46232866089427943 0.7463510967238027
0 0.5782320603968883 0.13411354483264903 0.557809246875 0.12821930416666674 0.45860118918275605 0.7393190846499905 0.4790240027046443 0.7452133253159728
0 0.6065865625000001 0.1412265875000001 0.5842641238539676 0.1343498795873438 0.4790934938983823 0.7412720585309038 0.5014159325444147 0.7481487664435601
0 0.6326011312500002 0.1379747666666668 0.6133154780018228 0.1314419688154028 0.49784771792223453 0.7374429796979963 0.5171333711704118 0.7439757775492603
0 0.6626804749999999 0.18783602083333342 0.6247722219578384 0.1734229873217453 0.5050741439023817 0.7331071590358424 0.5429823969445432 0.7475201925474306
0 0.70007641875 0.17049297500000024 0.670810028125 0.1585696333333335 0.5372845931317023 0.7412262070258797 0.5665509837567023 0.7531495486925465
0 0.7073930156249999 0.2810548916666668 0.6763829807201678 0.26812224364192827 0.5625448983364327 0.7533882191057979 0.5935549332412648 0.7663208671305365
0 0.7486253481286664 0.29611341107311534 0.7155225687499999 0.2810548916666668 0.5955776008395093 0.749805336001338 0.6286803802181758 0.7648638554077867
0 0.7895014968750002 0.3005658166666668 0.749795781806877 0.28018479217329817 0.6135534499960702 0.7520484740107684 0.6532591650641933 0.7724294985041369
0 0.865106334375 0.1347229458333335 0.8412332998317064 0.12171625792219173 0.6474272062807719 0.7541074431546079 0.6713002408240655 0.7671141310657497
0 0.8791819518442093 0.1425533964970859 0.86266746875 0.1336390041666668 0.6719848695465481 0.761642089351799 0.6884993526407575 0.7705564816822181
0 0.8537249593750001 0.3135731000000002 0.8319833660024146 0.30160398126427396 0.690052664960618 0.7599389729515491 0.7117942583332035 0.7719080916872755
0 0.8781136187499999 0.3309161458333335 0.8502552051156332 0.31469420773897616 0.7037724090161219 0.7619106240728836 0.7316308226504886 0.7781325621672408
0 0.9041281875000001 0.3287482666666669 0.878527366536978 0.31284096042175624 0.7203487994210388 0.7654074158969617 0.7459496203840608 0.7813147221418724
0 0.94965368125 0.3168249208333335 0.9146225568453861 0.29473470597927104 0.748412177227616 0.7633211838841851 0.78344330163223 0.7854113987382476
0 0.9699775625000001 0.31357310000000027 0.9536445596362138 0.3028621020283438 0.7805589875000001 0.7720798625000003 0.7968919903637864 0.7827908604716567
0 1.0224385425624885 0.2708939167954527 0.9894204365900343 0.24782459839453494 0.7856724832135411 0.766252207594244 0.8186905891859952 0.7893215259951617
0 1.0234801479117561 0.3473619863227591 0.999747984375 0.3306451625000001 0.8226231017414891 0.7776792243827423 0.8463552652782453 0.7943960482055011
0 1.0165300081356332 0.42351954647090145 0.997618040625 0.41004379166666677 0.8502339164513607 0.7777591683656456 0.8691458839619939 0.7912349231698802