0 0.06028063125000001 0.91407605 0.051228994388013774 0.1175299184701986 -0.0024260524869862445 0.11861385597019858 0.006625584374999998 0.9151599874999999
0 0.100115440625 0.9162439291666667 0.09930248437500006 0.1227996 0.052961899665266696 0.12288400918289727 0.05377485591526664 0.916328338349564
0 0.14809927540085546 0.9181922296753959 0.14563682552189988 0.12364169332948906 0.10174135 0.12388354166666668 0.10420379987895559 0.9184340780125735
0 0.17490732187500005 0.9173278708333333 0.17246501613030235 0.052208853920764894 0.14403340811878004 0.05235154705206575 0.14647571386347774 0.9174705639646343
0 0.20417371250000013 0.057763179166666706 0.17735583574875208 0.057627392457087666 0.1749073335982812 0.9173237546587617 0.20172521034952928 0.9174595413683407
0 0.23018828125000002 0.9162439291666665 0.22693645937499998 0.058847120833333336 0.20174782408103473 0.05901695575577497 0.20499964595603476 0.9164137640891082
0 0.2619054084557706 0.9150039058210565 0.2594666128155724 0.0565477946392624 0.2285624387348018 0.05670387631820599 0.23100123437500003 0.9151599875000002
0 0.3277429125 0.13580688333333338 0.26433239999999997 0.13580688333333338 0.2643324 0.9184118125 0.32774291250000004 0.9184118125
0 0.39037299273722204 0.164542680057019 0.33268585894428077 0.16398206668907286 0.32855586562500005 0.91949575 0.3862429994179413 0.9200563633679462
0 0.4415596780608177 0.9157161092295426 0.437491871875 0.1694090375 0.38302083756418226 0.16993685743712394 0.38708864375 0.9162439291666666
0 0.497677358447684 0.9179159928151697 0.49358578437500017 0.16615721666666666 0.4423428040523163 0.16665303635149703 0.4464343781250001 0.9184118125
0 0.527729903125 0.07510622500000008 0.49765055937499997 0.07510622500000008 0.49765055937499997 0.9119081666666666 0.527729903125 0.9119081666666666
0 0.5578092468750001 0.06860258333333343 0.5293622347518262 0.06835819327157104 0.5252806660907999 0.9129710667846651 0.5537276782139738 0.9132154568464274
0 0.6049817344377924 0.9088495730781208 0.598457009375 0.1780805583333333 0.5423420155622077 0.17897127275521243 0.5488667406250001 0.9097402874999999
0 0.6342270406250001 0.9162439291666667 0.6317773433610955 0.14649456648907583 0.5887190872949077 0.14673817754180007 0.5911687845588123 0.9164875402193909
0 0.6659322968750001 0.14773022916666678 0.6334792366035327 0.1474229086168118 0.6294144616035326 0.9105169086168118 0.6618675218750001 0.9108242291666667
0 0.6919468656250001 0.9097402875000001 0.6895039456173889 0.1551493961862388 0.6602416093750001 0.1553178125 0.6626845293826112 0.9099087038137613
0 0.73096871875 0.07944198750000012 0.696824596875 0.07944198750000012 0.696824596875 0.9086563458333335 0.73096871875 0.9086563458333337
0 0.7634869281250001 0.04583983750000012 0.7301557625 0.04583983750000012 0.7301557625 0.9086563458333337 0.7634869281250001 0.9086563458333337
0 0.8009284382426543 0.9089133761290102 0.79100312588233 0.1446642819919256 0.7521055531249999 0.14556234999999998 0.7620308654853241 0.9098114441370846
0 0.823645615625 0.9043205874999999 0.8154753041172865 0.17770760057927398 0.7902793550417658 0.17821126776175247 0.7984496665494791 0.9048242546824785
0 0.8862860560157886 0.9048646151961787 0.8747861948950822 0.17763539624392444 0.8170234857542938 0.17925924771441246 0.8285233468750002 0.9064884666666667
0 0.952905503125 0.9097402875000001 0.9364787552437578 0.0774511388353891 0.8746941552437578 0.07961901800205569 0.8911209031249999 0.9119081666666666
0 0.9997538961354829 0.25414611218070726 0.947214815625 0.2539563833333335 0.9458919163645174 0.9052147961526266 0.9984309968750003 0.9054045250000002