0 0.12389816501386666 0.32117257383916875 0.09709844310721796 0.3200299608888081 0.07340937500000011 0.8756515625000001 0.10020909690664881 0.8767941754503609
0 0.1524257768250858 0.32106858175165065 0.12720369674620585 0.31998899796470504 0.10351229492112016 0.8734860412130546 0.12873437500000012 0.8745656250000001
0 0.18416071686292818 0.3263775893018436 0.16142004855943698 0.3254169359306948 0.1384968750000001 0.8680562500000001 0.16123754330349133 0.8690169033711488
0 0.21254230331824098 0.2775552589083966 0.18340595289385092 0.2765187519329386 0.1620921875000001 0.8756515625000002 0.19122853792439015 0.8766880694754582
0 0.2402413199060906 0.2818694577371438 0.21427192310107995 0.2810040189321512 0.19463593750000013 0.8702250000000001 0.2206053343050108 0.8710904388049927
0 0.2670453125000001 0.2918843750000001 0.24266764994490328 0.29102706223157393 0.2222222063089531 0.8723926316041885 0.2465998688640499 0.8732499443726145
0 0.31344718155060336 0.287843112715412 0.2671552468129067 0.2863507931530819 0.24833281250000003 0.8702249999999999 0.2946247472376967 0.87171731956233
0 0.36229857871083737 0.29014122012204413 0.31853203413482595 0.2886076764568717 0.2979625000000001 0.8756515625000001 0.3417290445760115 0.8771851061651723
0 0.40541955970270954 0.29097729355672186 0.36156101985376793 0.28961741337469254 0.3435250000000001 0.8713109375 0.38738353984894164 0.8726708176820294
0 0.4608151297958908 0.2956827601017742 0.4087275624927697 0.29399744537940725 0.389962432696879 0.8739662477776333 0.44205000000000005 0.8756515625000002
0 0.5096088467287668 0.25503441968842766 0.46886861769313004 0.25383342280736726 0.4501253959643634 0.8896411906189396 0.4908656250000002 0.8908421875
0 0.5548279739324746 0.25729390576538125 0.51255750637449 0.2560640518901772 0.4941203125000002 0.8897562499999999 0.5363907800579848 0.8909861038752039
0 0.5958534241583228 0.25375837773927384 0.557612793058481 0.25273081553534754 0.5404937439001584 0.8898146252960739 0.5787343750000001 0.8908421875000002
0 0.6381903280745075 0.25589005038305984 0.6032609026378035 0.254945009812724 0.5860562500000002 0.8908421875000002 0.6209856754367041 0.8917872280703361
0 0.6560439104127601 0.3064955019774009 0.6391265625000001 0.3059890625 0.6219762748760903 0.8788855199930465 0.6388936227888504 0.8793919594704475
0 0.6796675691939494 0.30877210946039135 0.6586654707090436 0.3081349088096661 0.64138125 0.8778218750000002 0.6623833484849059 0.8784590756507255
0 0.7008255263914447 0.332706442557277 0.6814453125000001 0.3320312500000001 0.6625825179357792 0.8734545659194151 0.6819627318272238 0.874129758476692
0 0.7276757061553077 0.33385110707547866 0.7074859375 0.3331156250000001 0.6878022719528857 0.8734532714696224 0.7079920406081934 0.874188753545101
0 0.7586186969838427 0.3078192651434045 0.7325745685067232 0.3069931050660172 0.7145964965228807 0.8737394649226127 0.7406406250000002 0.8745656250000001
0 0.7870927956135041 0.3099662632807433 0.7618628128806669 0.30919782777937965 0.7446853787229654 0.873183180387632 0.7699153614558025 0.8739516158889955
0 0.8416385730985005 0.3528311121429466 0.7937302917891296 0.3515400306926234 0.7796160985773519 0.8752767311737586 0.827524379886723 0.8765678126240818