0 0.08530655678047426 0.9960159951338758 0.08455400585340188 0.2755731858352363 0.05448734907292763 0.27562901986802735 0.05523990000000001 0.9960718291666668
0 0.1176246742159949 0.002267880784310902 0.09432813242089957 0.0019860676692645737 0.08755711875000008 0.9970739124999999 0.1108536605450954 0.9973557256150462
0 0.16121031875000028 0.002004166666666696 0.12439361006256448 0.001557452132273951 0.1176196500000001 0.9940676625000001 0.15443635868743588 0.9945143770343928
0 0.1882665937500001 0.06413339583333337 0.16045726254075973 0.0640534840422464 0.15895413754075974 0.993987750708913 0.1867634687500001 0.9940676625000001
0 0.23110914155521703 0.005261480106132475 0.19580994450857292 0.004973910362051653 0.19127284687500007 0.9950697458333334 0.22657204392164415 0.9953573155774141
0 0.27094922398768667 0.07152485183833876 0.23862133124999999 0.07114798750000005 0.2325695166227794 0.9940496814544504 0.2648974093604661 0.9944265457927891
0 0.3055104625000002 0.07315215833333338 0.2739482464990855 0.07306007299365755 0.27244167812500003 0.9910614083333333 0.3040038941259148 0.9911534936730091
0 0.35813266361177415 0.20877279796810008 0.31603724101315667 0.2084143862985728 0.31226664927638265 0.9957134174971394 0.35436207187500013 0.9960718291666667
0 0.4107321605589864 0.2191302517117109 0.36713864687500003 0.21845438333333342 0.360366043379699 0.9950463092014481 0.40395955706368536 0.9957221775798255
0 0.4550751592671071 0.19075726315492822 0.4160073624113787 0.19036609607639637 0.41148088125000004 0.9940676625000001 0.4505486781057285 0.9944588295785319
0 0.48814462910119116 0.07841560813133784 0.46333874374999995 0.0781625791666667 0.45807350527380875 0.9958188002019954 0.48287939062499996 0.9960718291666666
0 0.5399981968750002 0.11724386666666674 0.49565292181125387 0.11663639719234108 0.4888888530612537 0.9944622763590076 0.5332341281249999 0.9950697458333334
0 0.5745701062500002 0.006012504166666764 0.5482675776217981 0.0056927166097085055 0.541503508871798 0.9947499582763754 0.5678060375000001 0.9950697458333336
0 0.6091451408053239 0.005194123471850501 0.579854064900667 0.004995270309126448 0.5760732312500001 0.9950697458333335 0.6053643071546569 0.9952685989960575
0 0.658745190625 0.011022929166666777 0.621170940481201 0.010511714751024494 0.6136207991311573 0.9970632708613655 0.6511950492749563 0.9975744852770078
0 0.7068547521680515 0.22587468111714754 0.6670721231652024 0.2254537010434057 0.66250300625 0.993065575 0.7022856352528491 0.993486555073742
0 0.7421736147195845 0.016331243812954022 0.7174160457397183 0.016024648554711994 0.710603053125 0.9940676625000001 0.7353606221048664 0.9943742577582421
0 0.7723182068620893 0.9929358996019756 0.7699739066514317 0.023959525438192044 0.7398244091643426 0.024089200836216428 0.742168709375 0.9930655749999999
0 0.8008051392352747 0.023356575400227373 0.7790383342890038 0.023025750120680245 0.770728115625 0.9950697458333334 0.7924949205712709 0.9954005711128804
0 0.8293845664101248 0.029386698454423387 0.809095527195552 0.02904854790483484 0.8000390812499999 0.9950697458333334 0.8203281204645727 0.9954078963829219
0 0.8601706070273794 0.09772359744330726 0.8383688062500001 0.09720217916666682 0.8263310422872886 0.9920092628551191 0.8481328430646679 0.9925306811317597
0 0.8879840735409456 0.23778680740499206 0.8609656000918922 0.2374474097390013 0.8556547625000002 0.9890572375000002 0.8826732359490537 0.9893966351659909
0 0.9255817137236126 0.13893105413845774 0.8984938687500001 0.13828763750000014 0.8871408293105013 0.9879997080935746 0.9142286742841138 0.9886431247320322
0 0.9668861218750002 0.0370771208333335 0.9353784599702774 0.03623336395816785 0.921040765625 0.9880551541666668 0.9525484275297229 0.9888989110418325
0 0.99845178125 0.21645021666666683 0.96387986875 0.21645021666666683 0.96387986875 0.9910614083333336 0.99845178125 0.9910614083333336