0 0.09456881218629862 0.8877667895580907 0.038315743106087305 0.15511522251727333 -0.02651093945108677 0.1600926224385738 0.029742129629124547 0.8927441894793914
0 0.12938125 0.8858937499999999 0.077353125 0.1791640625 0.03846219480185137 0.18202714043984608 0.09049031980185138 0.888756827939846
0 0.16197561523262943 0.8857380498423859 0.10417968750000003 0.17591250000000003 0.0682080804140669 0.17884140612915636 0.1260040081466963 0.8886669559715423
0 0.24393629711257292 0.8827645771041152 0.20035792560575513 0.17433214849097084 0.10417968749999999 0.1802484375 0.14775805900681777 0.8886808661131443
0 0.2726211360399528 0.8907675376786992 0.22449687500000004 0.06968593749999999 0.18697632131218828 0.07188504769762569 0.23510058235214104 0.8929666478763248
0 0.30134937431806647 0.8915692903301812 0.2556309103295516 0.06475783486889207 0.2210534110114851 0.06666979453871057 0.266771875 0.8934812499999998
0 0.357821875 0.8858937499999999 0.32828965379470504 0.02178064218633709 0.2586421875 0.0241609375 0.288174408705295 0.8882740453136628
0 0.41487268314934117 0.8862466870776945 0.38852454372497 0.022282491762965255 0.32692968750000007 0.0241609375 0.35327782692437126 0.8881251328147293
0 0.4432114994351991 0.8854817518363189 0.4317391610189194 0.18293017427165711 0.39684374999999994 0.1835 0.4083160884162796 0.8860515775646618
0 0.4724554193192527 0.8834999639982124 0.46675781250000004 0.18349999999999997 0.43098104402359666 0.18379120281503686 0.43667865084284935 0.8837911668132493
0 0.5049731578142269 0.8891092475160178 0.5041546875 0.1509828125 0.4667566578076469 0.15102428124527412 0.4675751281218739 0.8891507162612919
0 0.5391109375000003 0.15098281250000006 0.5058231898776466 0.15079653294853146 0.5017156250000001 0.8848093750000002 0.5350033726223538 0.8849956545514688
0 0.5789725412841944 0.03017114221261554 0.5448015624999999 0.029581250000000066 0.5300766875042132 0.882556387356038 0.5642476662884077 0.8831462795686535
0 0.6139031250000001 0.03174843750000008 0.57822931828468 0.030683720168291316 0.5529744390125237 0.876859183779592 0.5886482457278439 0.8779239011113008
0 0.6440446448793657 0.18447188684171242 0.6082125 0.1835000000000001 0.5893977396629608 0.8771746021579364 0.6252298845423268 0.8781464889996489
0 0.7065796875000003 0.0675187500000001 0.6474761512799853 0.06532897602902346 0.6173217998483581 0.8792160829414148 0.6764253360683732 0.8814058569123915
0 0.7537312500000002 0.06535000000000009 0.7025978791882352 0.06329916263252083 0.6698796660532155 0.8790598616818324 0.7210130368649804 0.8811106990493117