0 0.2399437437500001 0.004650104166666713 0.1903237760621902 0.0010399524198670314 0.15292783543719018 0.9148016607532004 0.20254780312500004 0.9184118125000001
0 0.3643258968750002 0.0013982833333334018 0.25103315694545325 -0.00831776060159709 0.20622447938462768 0.9205464081180925 0.31951721931417465 0.930262452053023
0 0.41472912187500005 0.0035661625000000734 0.37023107302415925 -0.0005530232638220944 0.3234011837872467 0.89879999062352 0.36789923263808744 0.9029191763873423
0 0.46648185625000016 8.881784197001253e-17 0.4171902982838203 -0.004602916323277051 0.370016584375 0.8934811833333334 0.4193081423411799 0.8980840996566105
0 0.513096709375 0.006817983333333433 0.4485944353367334 0.0012456598030386346 0.40497365937499996 0.8989008833333333 0.4694759334132666 0.9044732068636281
0 0.5610765043376403 0.019937762141219093 0.509031934375 0.015489508333333412 0.46703479138393644 0.889030089435434 0.5190793613465768 0.8934783432433198
0 0.5999449679556771 0.038808138542393976 0.5549427763934478 0.03481837442511208 0.512283753125 0.8902293625 0.5572859446872294 0.8942191266172819
0 0.6553638781250001 0.0003143416666667953 0.6033862908305705 -0.004033107290140784 0.561874025 0.8783060166666667 0.6138516122944295 0.8826534656234742
0 0.6870691343750001 0.006817983333333447 0.6485271767016515 0.0034776802090445685 0.6057736093750001 0.8804739000000001 0.6443155670483487 0.8838142031242889
0 0.7206594162572764 0.006296790448141339 0.6824850680965355 0.00333679026020921 0.6447954593749999 0.8674666125 0.6829698075357408 0.8704266126879322
0 0.7520884592387218 0.003321283543211025 0.7147096125 0.0003143416666667879 0.6754862241488826 0.8671234088596201 0.7128650708876043 0.8701303507361645
0 0.7731854843750001 1.3322676295501878e-16 0.7470735120904548 -0.001745848113405768 0.7146122089654547 0.8613850060532611 0.7407241812500001 0.8631308541666669
0 0.7943792281250002 0.00356616250000014 0.7709866755246213 0.001988914845791845 0.7382074488076744 0.8662677975409836 0.7616000014080534 0.8678450451951919
0 0.8181573100885238 0.08076548547211918 0.7865245677756116 0.07921661313599065 0.7651128375 0.8566272125000001 0.7967455798129122 0.8581760848361287
0 0.8549452293855199 0.0914051000461862 0.8220197062500002 0.08919745000000014 0.7929586994134997 0.8597292788021993 0.8258842225490193 0.8619369288483854
0 0.8854302156250002 0.0924492708333335 0.8522651373271748 0.09054869339209529 0.8277103937500001 0.8522914500000003 0.8608754720478256 0.8541920274412385
0 0.9098442349098335 0.1058406648257231 0.8839686295884425 0.10417371504766611 0.8569767812500002 0.8490396291666668 0.8828523865713912 0.8507065789447238
0 0.9328942438598211 0.11244225157856347 0.9098188750000002 0.1108762583333335 0.8817656832398146 0.8457598000325729 0.9048410520996356 0.8473257932778029
0 0.9457135842893951 0.2085724608113043 0.9285168437499998 0.2073469458333335 0.9030350946081815 0.8430206178759189 0.9202318351475769 0.8442461328538897
0 0.9670658856339086 0.2228710951816965 0.94477595 0.22143817083333345 0.922440764126258 0.8391026070498702 0.9447306997601667 0.8405355313982332
0 0.9864072968006236 0.23110378279643976 0.9683516531249999 0.2301096958333335 0.9494204815128657 0.8413944477744181 0.9674761251884894 0.8423885347375244
0 1.0008567733237064 0.24036029621184327 0.9790099585598162 0.23940877320458118 0.9642868750000002 0.8403681041666669 0.9861336897638904 0.8413196271739289