0 0.21430652187901483 0.9001382139386399 0.19949450073528122 0.2032019583054229 0.16223906249999998 0.20399375000000003 0.17705108364373362 0.9009300056332169
0 0.2508685366789319 0.8926071806208219 0.2402140625 0.20616249999999997 0.20359352961552202 0.20673089616221296 0.2142480037944539 0.8931755767830347
0 0.29801183596573594 0.8840971050090275 0.29061775591020134 0.18937862897602153 0.24280624999999997 0.18988750000000001 0.25020033005553455 0.8846059760330058
0 0.34435468750000003 0.19205781250000004 0.29326093750000004 0.19205781250000004 0.29326093750000004 0.8930125 0.3443546875000001 0.8930125
0 0.3956109375 0.18988750000000004 0.3477859375 0.18988750000000004 0.34778593750000003 0.8897562499999999 0.39561093750000004 0.8897562499999999
0 0.449315506243331 0.1946665721905419 0.40298588244563127 0.19422680447537652 0.3964250000000001 0.8854171875000001 0.44275462379769975 0.8858569552151655
0 0.49487031250000024 0.19748281250000005 0.45847413543528354 0.19683205497003717 0.44612482246237384 0.887516005435048 0.4825209995270906 0.888166762965011
0 0.5347700685936984 0.20264289455192067 0.5007812500000002 0.2018234375000001 0.48435472846691363 0.8831502492041896 0.5183435470606118 0.8839697062561103
0 0.5901955796616108 0.2702368795301532 0.5357317335149024 0.2690638380693442 0.5226203125000001 0.8778218750000001 0.5770841586467085 0.8789949164608091
0 0.6382428914333856 0.8806842929649236 0.6169737679959608 0.21407056204159428 0.5868666938959086 0.21503116492999674 0.6081358173333334 0.8816448958533261
0 0.7739869653978927 0.8803850790102915 0.689409375 0.224609375 0.6423899044741226 0.23067363370086982 0.7269674948720153 0.8864493377111613
0 0.8363719347518497 0.8806846335225383 0.7536828124999999 0.22569374999999994 0.7076061902481502 0.23151067897746164 0.7902953125 0.8865015625
0 0.8799968683090965 0.8769547526477008 0.8049406250000001 0.2213546875 0.7689375066909033 0.22547649735229913 0.8439937499999999 0.8810765625
0 0.919846145707892 0.8746594097903996 0.8537562500000002 0.224609375 0.8226507292921083 0.22777184020960045 0.8887406250000002 0.8778218750000001