0 0.0919858875 0.7926747291666667 0.05902453297615432 0.17519867233770406 0.0037919241028569603 0.18044020092554638 0.03675327862670264 0.797916257754509
0 0.12775591875000006 0.7980944333333333 0.10003885668510167 0.19049294320615504 0.06283001061640726 0.19351047628073184 0.09054707268130566 0.80111196640791
0 0.14895430598211312 0.8002051788228562 0.12836689950277475 0.09419438275035136 0.099302484375 0.09570109166666667 0.11988989085433836 0.8017118877391716
0 0.17086974719036258 0.8020616090644934 0.16428122616430596 0.10367822623428917 0.12287818749999999 0.10437261666666668 0.12946670852605663 0.8027559994968709
0 0.1944507406672613 0.8075213158509305 0.18952850099579782 0.20044505606627122 0.16190003749999998 0.20084330416666665 0.1668222771714635 0.8079195639513258
0 0.22051892216437544 0.8082226063574787 0.21149030937500007 0.20084330416666668 0.18457668096062457 0.20155453530918793 0.19360529375 0.8089338374999999
0 0.2514453316625116 0.8069944123069017 0.24060700571255006 0.20004800527815472 0.2136592678000385 0.20090348880458625 0.22449759375000006 0.8078498958333333
0 0.273274909375 0.8056820166666667 0.27164252732042937 0.22128883326309584 0.24156965312500006 0.22143817083333334 0.24320203517957067 0.8058313542369042
0 0.314735628125 0.05234347916666671 0.26758422187500003 0.05234347916666671 0.2675842218750001 0.8111017166666666 0.31473562812500006 0.8111017166666666
0 0.3529445250000002 0.19542360416666676 0.3107063061339076 0.19424623227791704 0.30095084363390756 0.8164279864445837 0.34318906250000014 0.8176053583333334
0 0.3871090704732757 0.21616959216161807 0.355383390625 0.21493452916666678 0.342312575773419 0.8118350583542197 0.3740382556216947 0.8130701213491709
0 0.4131545668370489 0.19444616475794285 0.38627569062500006 0.1932557250000001 0.37077818628795123 0.815330976908724 0.3976570625000001 0.8165214166666669
0 0.44253835372544537 0.19627096641042338 0.4131032125000001 0.19433966250000007 0.39011476344379276 0.8172171710832914 0.41954990466923797 0.8191484749937147
0 0.4644097440307894 0.19772758842212657 0.4407436906249999 0.19650754583333338 0.42264140396934424 0.8207621585746057 0.44630745737513366 0.8219822011633988
0 0.4953886993301032 0.20320206526159995 0.46431939375000014 0.20084330416666676 0.4380107460891419 0.8169041226702952 0.469080051669245 0.8192628837652285
0 0.5293558156250001 0.0371683125000001 0.4977896914172558 0.03437407737838029 0.45867508359741843 0.8199257674594601 0.4902412078051627 0.8227200025810799
0 0.5587804145925911 0.037251513464384024 0.5329884059876265 0.03496207020228882 0.4935857843750001 0.8241090000000002 0.5193777929799646 0.8263984432620953
0 0.5882189923794703 0.21223380234819986 0.549679696875 0.20843088750000008 0.5155506709922213 0.8233082954434845 0.5540899664966916 0.8271112102916844
0 0.6245812152088916 0.21867462299733725 0.5830108625 0.21385059166666676 0.5430203940288127 0.8264937029339925 0.5845907467377043 0.8313177342646629
0 0.6529250125000001 0.21927029166666678 0.6247089101955622 0.21631958814759678 0.5887015468749999 0.8284447625 0.6169176491794378 0.83139546601907
0 0.6951986874999999 0.2279418125000001 0.6561768343749999 0.2225221125000001 0.6083123207684187 0.835188092734439 0.6473341738934187 0.840607792734439
0 0.7399697888800598 0.16010370425895654 0.6972313831405434 0.1530832089788295 0.634227040625 0.8349484041666667 0.6769654463645163 0.8419688994467938
0 0.7699905687500002 0.1618214541666668 0.7375648371348965 0.15648645143369241 0.6740965032451933 0.8422741782707699 0.7065222348602971 0.8476091810037442
0 0.8065735562500003 0.15856963333333346 0.7685149089957861 0.15167538640588435 0.6984652395887421 0.8391395702017268 0.7365238868429561 0.8460338171291759
0 0.8431565437500004 0.17049297500000016 0.8026081635949692 0.16238329878463398 0.7260969472447244 0.8424829842147651 0.7666453273997555 0.8505926604301313
0 0.8732358874999999 0.16940903750000022 0.8414873248798493 0.16281811064671894 0.7621577688221401 0.8421626254974443 0.7939063314422908 0.8487535523507255
0 0.9146966062500003 0.17482873750000014 0.8750917111947155 0.16550495269535143 0.7850602313793802 0.8453790375875767 0.8246651264346649 0.8547028223922255
0 0.9407111718750002 0.1769966166666669 0.916483920081494 0.17103781057001774 0.8231649589708407 0.8455538293879697 0.8473922107643471 0.8515126354846189
0 0.9725098651567681 0.18500297832682308 0.931768665625 0.17482873750000014 0.8371015071013813 0.8487491536942802 0.8778427066331493 0.858923394521103
0 0.9997479843750001 0.18850806250000016 0.9658781363766143 0.18009664849404391 0.8726972051266143 0.8471318568273773 0.9065670531250001 0.8555432708333335
0 1.0166364840631086 0.21647431880771703 0.998430996875 0.21168270833333352 0.9034865368378313 0.8529925458427314 0.9216920240259399 0.8577841563171149