0 1.0173265392654813 0.9106432601047421 0.8334010781250001 0.006817983333333366 0.7861711361349051 0.023904449703267824 0.9700965972753866 0.9277297264746766
0 0.9659127875 0.9032366458333336 0.7895014968749999 0.025244970833333397 0.7495979483445228 0.0394985840831984 0.9260092389695227 0.9174902590831986
0 0.9146966062499999 0.9021527041666666 0.7577962406250001 0.04800771666666665 0.714455901754083 0.06216116079758051 0.8713562673790829 0.9163061482975804
0 0.859415646875 0.8967330041666667 0.721213253125 0.06426682083333332 0.6801512691943767 0.0763858091490454 0.8183536629443768 0.9088519924823788
0 0.8138901531249999 0.9010687666666667 0.6813784468749999 0.08269380833333335 0.645312523316423 0.09307569886638492 0.7778242295664229 0.9114506571997183
0 0.7748683 0.8989008833333334 0.6569897906250001 0.10003685416666667 0.6209874302594985 0.10948116379505274 0.7388659396344985 0.9083451929617196
0 0.7358464500000002 0.8880614791666667 0.6212197593750001 0.09244927083333335 0.570922623329714 0.10533191601571774 0.6855493139547141 0.9009441243490511
0 0.6813784468749999 0.8858936 0.5917717320038908 0.2074036047467759 0.5570329112590755 0.2155598382842341 0.6466396261301848 0.8940498335374583
0 0.65211205625 0.8707184374999998 0.564312890625 0.13472294583333333 0.5042151431678532 0.14746827048073957 0.5920143087928531 0.8834637621474061
0 0.585449728125 0.8718023750000001 0.5244780812500001 0.22252211250000004 0.4887590789573061 0.22848521833765295 0.549730725832306 0.877765480837653
0 0.5479918856234128 0.8769971946318077 0.49114691875 0.23769727916666664 0.4554387862515871 0.2433418637015254 0.512283753125 0.8826417791666665
0 0.5062112673605635 0.8805505028332163 0.46025461875000007 0.17916449999999998 0.43299593888943655 0.1823397180001171 0.47895258749999997 0.8837257208333335
0 0.4807975579568325 0.8741737668261229 0.437491871875 0.19108784166666665 0.4104452889181675 0.1941361540072103 0.453750975 0.8772220791666665
0 0.4545639312499999 0.871802375 0.41879389999999994 0.20734694583333332 0.38736726172888647 0.21035460670018455 0.4231372929788864 0.8748100358668512
0 0.42375225473251976 0.8692552592984676 0.394405240625 0.21818635 0.3626193608924802 0.22073346570153235 0.3919663749999999 0.8718023749999999
0 0.3952264574136882 0.8677155300671592 0.3748943156250001 0.25504032083333333 0.34236784571131185 0.2569592865995075 0.3626999875 0.8696344958333334
0 0.3643735146966104 0.8684890636321454 0.3505056593750001 0.25504032083333333 0.3177966282422707 0.2563548680041056 0.331664483563881 0.8698036108029178
0 0.33184959807703035 0.8640690978006007 0.318800403125 0.23444545416666668 0.28542732692296957 0.23567508969939938 0.29847652187499996 0.8652987333333334
0 0.29766356562500007 0.2496206208333334 0.26108058125 0.2496206208333334 0.26108058125000005 0.8620469125 0.29766356562500007 0.8620469125
0 0.26758422187500003 0.8620469125000001 0.2643323999999999 0.26046002500000004 0.2269442606050962 0.2608193105187982 0.2301960824800963 0.8624061980187981
0 0.2342530562500001 0.2723833666666667 0.2009250250015599 0.27230092245666593 0.20010893750000008 0.8587950916666668 0.23343696874844025 0.8588775358766676
0 0.21149030937500007 0.3070694583333334 0.18959691160506342 0.3066115573044556 0.1830368750000001 0.8642147916666668 0.20493027276993675 0.8646726926955445
0 0.19441825000000015 0.31790886250000006 0.17337282246248037 0.31722722926009694 0.16352595000000011 0.8577111500000001 0.1845713775375199 0.8583927832399032
0 0.1757202781250001 0.3970365083333334 0.15304370299002462 0.3959643298984143 0.14076320312500007 0.8577111500000001 0.16343977825997558 0.8587833284349192
0 0.1513316218750001 0.33633585 0.13353001708286807 0.3358861250783241 0.12613000937500007 0.8566272125 0.1439316141671321 0.8570769374216758
0 0.12613000937500013 0.37644164166666677 0.10669117342076699 0.37531475261592917 0.09117293125000007 0.8512075083333335 0.11061176720423323 0.8523343973840711
0 0.1082758349631833 0.39214753769560656 0.09198588750000003 0.3905328666666667 0.0664549316573358 0.8484429197929196 0.08274487912051906 0.8500575908218596
0 0.09279884375000017 0.38402922500000003 0.07114216939946022 0.3819230070189643 0.045647437500000075 0.8479556875000002 0.06730411185054001 0.8500619054810359
0 0.07084905000000015 0.3916168041666667 0.04758339086103145 0.3895985784320438 0.025323556250000084 0.8457878083333333 0.04858921538896878 0.8478060340679562
0 0.050525168750000106 0.4403941208333333 0.03565288484645223 0.43875048164183883 0.010451272346452222 0.8441441691418387 0.02532355625000009 0.8457878083333331
0 0.03182719687500012 0.44798170416666666 0.01672057506902655 0.446432307074724 -0.00631929378781243 0.845790038143992 0.008787328018161145 0.8473394352359347