0 0.19304543750000008 0.3081597208333334 0.1321164194994189 0.30551607899772176 0.11738060937500006 0.9092881958333333 0.17830962737558126 0.9119318376689449
0 0.26059716181682313 0.312475451181662 0.20131640159180875 0.310300549525971 0.18897743437500006 0.908203125 0.24825819460001447 0.9103780266556909
0 0.29881799226891 0.3718508192640331 0.25974846636756055 0.37089425172859447 0.25239508892940365 0.904827339940457 0.2914646148307531 0.9057839074758957
0 0.3394934906250001 0.36566840416666674 0.29883245841272055 0.36492006306741176 0.29311827500000004 0.9168836791666666 0.3337793072122796 0.9176320202659216
0 0.4037870614237706 0.3570462134348365 0.34356822312566987 0.35656745490673014 0.34109175030479905 0.9103342221495304 0.4013105886028997 0.9108129806776369
0 0.45992075215573314 0.3590412745837079 0.41360945673774613 0.3580535451460657 0.4070128394599335 0.9079079303558344 0.4533241348779205 0.9088956597934764
0 0.5054717058816817 0.3606982324247346 0.45909942133074233 0.36020666694292447 0.455838334375 0.9071180541666667 0.5022106189259393 0.9076096196484769
0 0.5645728332877901 0.2669967891880169 0.513331929309594 0.2657927313866401 0.5046543500000003 0.9223090291666669 0.5558952539781962 0.9235130869680436
0 0.6169347092343613 0.26853316497215135 0.5648475876718435 0.26795552562464625 0.5607661491065257 0.9222365521505534 0.6128532706690434 0.9228141914980587
0 0.68861983125 0.3884548625000001 0.613768603125 0.3884548625000001 0.613768603125 0.8995225708333333 0.68861983125 0.8995225708333333
0 0.79520146875 0.3873697916666668 0.698383034375 0.3873697916666668 0.698383034375 0.8962673625 0.79520146875 0.8962673625000002
0 0.8423960575668975 0.9034229042099432 0.837504892080652 0.3565638465801383 0.8098367095137547 0.3570037882035285 0.8147278750000002 0.9038628458333334
0 0.8798213213597649 0.9031794609477612 0.8724552614859713 0.35741010084276265 0.8439738307512066 0.3580934857283348 0.8513398906250002 0.9038628458333334