0 0.21674882019654435 0.8273597151619011 0.18720254909968273 0.164033713321113 0.14270781250000003 0.16601562500000003 0.17225408359686165 0.8293416268407882
0 0.2558005060340701 0.8255278525503776 0.23196865130736527 0.16572480435351516 0.1898738353542864 0.1672452543442855 0.21370569008099127 0.8270483025411479
0 0.31760338279367495 0.8180648340779422 0.2914478006487097 0.17380270725101837 0.2354051839741193 0.17607791046879934 0.26156076611908463 0.8203400372957231
0 0.3682121598695277 0.8397632219971894 0.3499257859412598 0.17239278647069498 0.30546874999999996 0.17361093749999998 0.32375512392826794 0.8409813730264946
0 0.4088706752110303 0.8160052207240451 0.38749836930533915 0.18452920046429827 0.35182440758672134 0.18573658569866489 0.37319671349241257 0.8172126059584117
0 0.45849071564380345 0.8108134421098414 0.4274 0.185546875 0.4109530343561965 0.18636468289015876 0.44204374999999996 0.8116312500000001
0 0.5213940600732128 0.8072021799349732 0.4964496402112693 0.1829178551197261 0.4306531250000001 0.18554687500000003 0.4555975448619436 0.8098311998152472
0 0.5503562006875595 0.8055589003213036 0.5258453125 0.18554687500000003 0.5072767763608101 0.1862809435253298 0.5317876645483697 0.8062929688466335
0 0.6125101477752226 0.800835222050958 0.5906648237186889 0.1833974209231714 0.5299124999999999 0.185546875 0.5517578240565336 0.8029846761277867
0 0.667579309804385 0.7951552804480322 0.6511390625 0.17903593749999996 0.5992306102866098 0.1804210389439713 0.6156708575909948 0.7965403818920035
0 0.7245080296932109 0.7978687080294219 0.7146 0.17686562500000003 0.6651640083343656 0.17765437031660455 0.6750720380275765 0.7986574533460264
0 0.7675490760254321 0.7970703111528389 0.7593429597263677 0.16667919926004324 0.7242938837009356 0.1671354506072043 0.7324999999999999 0.7975265624999999
0 0.8163 0.15950468750000008 0.779915625 0.15950468750000008 0.7799156250000001 0.80078125 0.8163 0.80078125
0 0.8529125000000001 0.16167500000000007 0.8179281250000001 0.16167500000000007 0.8179281250000001 0.7931859375000002 0.8529125000000001 0.7931859375000002
0 0.8968468749999999 0.14540000000000008 0.8634890625 0.14540000000000008 0.8634890625 0.7942703125000002 0.8968468749999999 0.7942703125000002
0 0.9367371536723231 0.788766567695004 0.9350997272455459 0.14539168153570753 0.9000990082425855 0.1454807603970131 0.9017364346693627 0.7888556465563096