0 0.049724862911940546 0.16852408706812472 0.018001016256215727 0.1683249671495501 0.013110528344275304 0.9474790050814257 0.04483437500000012 0.9476781250000001
0 0.07979218750000018 0.16724062499999998 0.04321001773780857 0.16708728634336295 0.0399562500000001 0.9433421875000001 0.07653841976219171 0.9434955261566371
0 0.11394132322084398 0.16963330260376813 0.07816562500000004 0.16940937500000003 0.07328071293518792 0.949845270018337 0.10905641115603186 0.9500691976221051
0 0.13913750000000016 0.06426718750000002 0.11149771161159835 0.06411512248909432 0.10661278430652518 0.9520140296787195 0.134252572694927 0.9521660946896253
0 0.167590625 0.059931250000000026 0.13425937500000001 0.059931250000000026 0.13425937500000007 0.9606859375000001 0.16759062500000005 0.9606859375000001
0 0.21555468750000034 0.06101562500000003 0.16680055438848668 0.060708354242230735 0.16110992938848645 0.9636302292422305 0.20986406250000011 0.9639374999999998
0 0.2651453125000002 0.07727343750000003 0.21151338067344055 0.07658501620278405 0.20009721933187846 0.9659688706357237 0.253729151158438 0.9666572919329397
0 0.29766406250000005 0.9704406250000002 0.2968499663273522 0.10325319389144678 0.25214361071557817 0.1032951632185968 0.25295770688822594 0.9704825943271501
0 0.3342488873203485 0.10874230714815007 0.29766406250000005 0.10870781250000003 0.2968495176561923 0.9726093745452138 0.33343434247654075 0.9726438691933639
0 0.3716421875000001 0.04692343750000005 0.33588523738654097 0.0468282190161728 0.33343437500000017 0.9671890625000001 0.36919132511345937 0.9672842809838273
0 0.4066000000000002 0.9726093749999999 0.40334413713939465 0.05655256740260993 0.367578125 0.0566796875 0.37083398786060545 0.97273649509739
0 0.4407437500000001 0.05993125000000005 0.4090390625000001 0.05993125000000005 0.4090390625000002 0.9682734375000001 0.4407437500000002 0.9682734375000001
0 0.48465813772193256 0.9745975748785431 0.48056209734609345 0.09986627138780044 0.4423383346241609 0.10004525900925713 0.44643437500000005 0.9747765624999998
0 0.523665625 0.9758609374999999 0.5212265624999999 0.1000375 0.48138948095652945 0.10014844146096327 0.4838285434565296 0.9759718789609633
0 0.5691906250000001 0.9823640625000001 0.5618734375 0.19325625000000002 0.5164025938792192 0.19367788907553057 0.5237197813792193 0.9827857015755306
0 0.6122765625000002 0.9867000000000001 0.6049370691063795 0.19719185567068262 0.5618734374999999 0.19759218750000002 0.5692129308936206 0.9871003318293174
0 0.6391046875000002 0.9791125000000003 0.63419709191133 0.04892507155107408 0.602521875 0.04909218750000001 0.6074294705886701 0.9792796159489262
0 0.6724359374999999 0.9888671875 0.6610103902543292 0.05305149738918448 0.6268849473949812 0.053468141247359956 0.6383104946406519 0.9892838313581753
0 0.7179609375 0.9910359375000001 0.7114545450590289 0.19610860846372913 0.6626812499999999 0.19650781250000002 0.669187642440971 0.991435141536271
0 0.7667591615793675 0.9894078037783312 0.7569828125000001 0.19975937500000002 0.7114379624626646 0.20032324917046002 0.721214311542032 0.989971677948791
0 0.7992562500000001 0.9899515624999999 0.7919276745161508 0.19075960565072278 0.7561703125000001 0.19108750000000002 0.7634988879838495 0.9902794568492771
0 0.8334085199445089 0.9863700597963977 0.8260843749999998 0.192171875 0.7862433881600995 0.19253929105298745 0.7935675331046086 0.9867374758493852
0 0.8699843750000001 0.9942875000000001 0.8585703801612331 0.09202875834447269 0.825271875 0.09245 0.836685869838767 0.9947087416555276
0 0.9041281250000001 0.9986234375 0.8903078125 0.09244999999999999 0.8569512688903529 0.09295873026898363 0.8707715813903529 0.9991321677689836
0 0.9657265625000001 0.9996640624999997 0.9439292140273785 0.09866161049734637 0.8808187550692537 0.10018839953451235 0.9026161035418753 1.0011908515371657
0 0.9997484375000001 0.09028125000000012 0.9504671874999999 0.09028125000000012 0.9504671874999999 0.9909281249999999 0.9997484375000001 0.9909281249999999