0 0.10114237469372322 0.3172357394130546 0.06946562500000003 0.3157546875 0.04739858838024398 0.7877246362403734 0.07907533807396717 0.7892056881534281
0 0.1368578125000002 0.31901093750000004 0.10431973499814011 0.31777698452726966 0.0864140625000001 0.7899312500000001 0.11895214000186019 0.7911652029727304
0 0.19789497415531596 0.2988782571674796 0.1376751859320013 0.29719119133458055 0.12382708677668544 0.7914988716671011 0.1840468750000001 0.7931859375000001
0 0.26382818083158044 0.3010034062961945 0.20601674849664953 0.2993838108920802 0.19213700516506924 0.7948210295958857 0.24994843750000015 0.796440625
0 0.3158703596778908 0.3064931619258488 0.2704750000000001 0.30490468750000005 0.25335491544827704 0.7941617906013662 0.2987502751261678 0.795750265027215
0 0.36222500000000013 0.30924531250000004 0.31914344435852476 0.30795314155271186 0.30445937500000014 0.7975265625000001 0.3475409306414755 0.7988187334472883
0 0.39318192540916275 0.3013065755832995 0.36466704721973237 0.300512961560194 0.3507960593105697 0.7989032609768945 0.3793109375 0.799696875
0 0.4216848973446029 0.30233099006141445 0.39404153019146654 0.30160373748456626 0.3809375000000002 0.7996968750000001 0.4085808671531366 0.8004241275768482
0 0.47043437500000007 0.333115625 0.42812738384285415 0.3319985799411884 0.4159218750000001 0.7942703125000001 0.458228866157146 0.7953873575588117
0 0.5159953125000003 0.3331156250000001 0.4745085745800825 0.3318073305728414 0.4598562500000002 0.796440625 0.5013429879199179 0.7977489194271589
0 0.5379625000000001 0.3200953125 0.5178932067914727 0.31941746867701126 0.5016213317914726 0.8011877811770113 0.5216906250000001 0.8018656250000001
0 0.5599296875000002 0.32226562500000006 0.5388007744362027 0.32155038245712875 0.5225056174901629 0.8029240897475779 0.5436345305539604 0.8036393322904491
0 0.6014234375 0.3200953125 0.5607480002287605 0.31886986282595015 0.5460984375 0.805121875 0.5867738747712397 0.80634732467405
0 0.6829343750000001 0.3276906250000001 0.6432024275449587 0.32722092996645324 0.6375071150449586 0.8089928049664531 0.6772390625000001 0.8094624999999999
0 0.7301234375000002 0.3266062500000001 0.6894538384748279 0.32591788928460286 0.6813179009748278 0.8066038267846029 0.7219875000000001 0.8072921875000001
0 0.7618660226163672 0.28152286773930263 0.7382598609752006 0.2810119224790954 0.7268563383588336 0.8078656172397928 0.7504625 0.8083765625
0 0.7887137563608423 0.28273916595178294 0.7651078124999999 0.2821187500000001 0.7512643686391576 0.8088420840482172 0.7748703125 0.8094625000000002
0 0.8391540109616125 0.25788929767310836 0.8092124999999999 0.2571609375000001 0.7953725515383875 0.8260950773268917 0.8253140625000001 0.8268234374999999
0 0.8896537649590772 0.2530208954291739 0.8505359375000001 0.25173593750000006 0.8317175172239037 0.8246229563660871 0.870835344682981 0.825907914295261
0 0.9303001394994682 0.25616387975105304 0.8928780909714268 0.2549857540370654 0.8749437500000005 0.8246531250000002 0.9123657985280419 0.8258312507139879