0 0.16111612893368563 0.9064703369312787 0.146875 0.390625 0.09683645058623316 0.39200643234577887 0.11107757951991877 0.9078517692770575
0 0.21098991613418527 0.9013104033546325 0.19062500000000004 0.3921874999999999 0.14526008386581474 0.39400209664536734 0.16562499999999997 0.9031249999999998
0 0.24376043682765453 0.9127482474006394 0.221875 0.3921875 0.19061456317234549 0.3935017525993609 0.2125 0.9140625000000002
0 0.295628283068797 0.945580331466277 0.2686951969907237 0.2564101877038108 0.21702841709583467 0.2584293492169444 0.24396150317390802 0.9475994929794105
0 0.3453899095071958 0.909883204317488 0.3265625 0.40625 0.29836009049280426 0.407304295682512 0.31718750000000007 0.9109375
0 0.37499999999999994 0.9125 0.35625 0.4078124999999999 0.32810579647373006 0.4088581050845672 0.34685579647373 0.9135456050845672
0 0.4205050938863793 0.921277287822525 0.39375 0.35312499999999997 0.35321489070515266 0.3550338555623612 0.379969984591532 0.9231861433848861
0 0.46564084289933627 0.9206311183088726 0.4375 0.35468750000000004 0.3967426903812191 0.35671410655563 0.42488353328055534 0.9226577248645025
0 0.5017124673613635 0.9094792971813608 0.47812343083478404 0.4015287106423474 0.44375 0.4031249999999999 0.4673390365265795 0.9110755865390132
0 0.5328934240918568 0.9095550654446505 0.509375 0.403125 0.4796065759081432 0.4045074345553494 0.503125 0.9109374999999998
0 0.5829253076572469 0.9621575888787601 0.5546105856882406 0.2637277803099362 0.5076227780309936 0.26563269143117596 0.5359375 0.9640624999999998
0 0.6109375000000001 0.9328124999999998 0.590625 0.384375 0.5624229452054794 0.38541952054794526 0.5827354452054795 0.9338570205479451
0 0.6562878270288285 0.9352899412597899 0.6312499999999999 0.3296875 0.5875101649725045 0.3314958652724546 0.612547992001333 0.9370983065322447
0 0.6984512580494857 0.9520740492945127 0.6812500000000001 0.3125 0.6421737419505144 0.3135509507054874 0.659375 0.953125
0 0.7689262535658572 0.9570677679908763 0.7530637239669112 0.3209803310731444 0.6920083331520623 0.3225029093977042 0.7078708627510083 0.9585903463154363
0 0.8422022371915204 0.9733925730277916 0.8390535932992993 0.31532599955359186 0.7656028226729544 0.3156774386474978 0.7687514665651756 0.9737440121216976
0 0.2890625000000001 0.840625 0.2468750000000001 0.840625 0.2468750000000001 0.9203125 0.2890625000000001 0.9203125
0 0.6515625000000002 0.834375 0.6156250000000002 0.834375 0.6156250000000002 0.9078125 0.6515625000000002 0.9078125
0 0.4578125000000002 0.815625 0.42187500000000017 0.815625 0.42187500000000017 0.8890625 0.4578125000000002 0.8890625
0 0.2015625000000001 0.8078125 0.16562500000000008 0.8078125 0.16562500000000008 0.878125 0.2015625000000001 0.878125
0 0.3656250000000001 0.821875 0.3468750000000001 0.821875 0.3468750000000001 0.89375 0.3656250000000001 0.89375
0 0.41406250000000017 0.809375 0.3781250000000001 0.809375 0.3781250000000001 0.8890625 0.41406250000000017 0.8890625
0 0.1515625000000001 0.803125 0.10937500000000008 0.803125 0.10937500000000008 0.8828125 0.1515625000000001 0.8828125
0 0.5265625000000002 0.803125 0.5031250000000002 0.803125 0.5031250000000002 0.8765625 0.5265625000000002 0.8765625
0 0.2375 0.8875 0.2328040464382327 0.8139300608656448 0.20625 0.8156250000000002 0.21094595356176735 0.8891949391343553
0 0.5765625000000002 0.846875 0.5343750000000002 0.846875 0.5343750000000002 0.9265625 0.5765625000000002 0.9265625
0 0.49218750000000017 0.8015625 0.46406250000000016 0.8015625 0.46406250000000016 0.875 0.49218750000000017 0.875
0 0.6078125000000002 0.834375 0.5843750000000002 0.834375 0.5843750000000002 0.9078125 0.6078125000000002 0.9078125
0 0.3390625000000001 0.8203125 0.3156250000000001 0.8203125 0.3156250000000001 0.8875 0.3390625000000001 0.8875
0 0.540625 0.009375000000000064 0.509375 0.00937500000000006 0.509375 0.07031250000000007 0.540625 0.07031250000000007
0 0.6906250000000002 0.834375 0.6593750000000002 0.834375 0.6593750000000002 0.9015625 0.6906250000000002 0.9015625
0 0.7578125000000002 0.840625 0.7218750000000002 0.840625 0.7218750000000002 0.9078125 0.7578125000000002 0.9078125
0 0.8328125 0.859375 0.7906250000000001 0.859375 0.7906250000000001 0.9140625 0.8328125 0.9140625
0 0.5875 0.009375000000000069 0.553125 0.009375000000000067 0.553125 0.06406250000000006 0.5875 0.06406250000000006
0 0.778125 0.028125000000000094 0.746875 0.028125000000000087 0.746875 0.07812500000000008 0.778125 0.07812500000000008