0 0.1605240666013379 0.2433821571193545 0.11428400764160247 0.2415825278174777 0.0911365035402647 0.8363394331981231 0.13737656250000013 0.8381390625
0 0.21107187500000016 0.2485156250000001 0.16338283180107913 0.24647467762445668 0.13821251930107908 0.8346074901244569 0.18590156250000014 0.8366484375000003
0 0.24062794290188805 0.26164780563136353 0.21462343750000007 0.26035468750000007 0.18595377741520824 0.8368993298360893 0.21195828281709622 0.8381924479674527
0 0.264124600237723 0.2612627176312984 0.23841671128737052 0.260241729085116 0.21551250000000008 0.8369562500000001 0.24122038895035258 0.8379772385461823
0 0.29706061470294115 0.32555030220387315 0.2671836162954606 0.3241761053111019 0.24391518909251958 0.8300648656072287 0.2737921875000001 0.8314390625
0 0.32827656250000015 0.32429062500000005 0.3006387708928845 0.322796396879524 0.27311377089288447 0.8319088968795241 0.30075156250000007 0.833403125
0 0.37977500000000014 0.25088281250000005 0.3416926844947708 0.2482759694310795 0.3015397888877622 0.8348533730289901 0.33962210439299156 0.8374602160979107
0 0.42618033407916683 0.251409553684864 0.3853834731375537 0.24840556971303376 0.3422460988050241 0.8342507268555595 0.38304295974663727 0.8372547108273898
0 0.45271282588248213 0.32147056824726356 0.42684384290640187 0.3194143528664534 0.3858700795239199 0.83490003461919 0.41173906250000014 0.8369562500000001
0 0.492629562242579 0.24616027834275922 0.46165136507048 0.2437247605528295 0.41528535274464573 0.8334701846480895 0.4462635499167448 0.8359057024380192
0 0.5263797892742015 0.24487560067012698 0.497864072429094 0.24259518834033558 0.45037723314751804 0.8364006353343949 0.47889294999262555 0.8386810476641864
0 0.5649801229791875 0.24469073727568408 0.5334376074795465 0.24211967108027385 0.4849039667985844 0.8375431246522241 0.5164464822982254 0.8401141908476344
0 0.6018265280639084 0.3007725490883107 0.566154692698455 0.29810341127464846 0.5261234771345468 0.8331027371863378 0.5617953125 0.8357718750000002
0 0.6454069203297153 0.3011481014994131 0.6078814765636251 0.2980905792996894 0.56422455623391 0.8338987278002763 0.60175 0.8369562500000001
0 0.6723457759552901 0.3559662001235866 0.6418819364635492 0.3536319534932575 0.6050267855082592 0.8346220033696712 0.6354906250000002 0.8369562500000003
0 0.7049408974035539 0.3560199103468801 0.673684991027973 0.3536934219149724 0.6379753436244193 0.8334453865680924 0.6692312500000002 0.8357718750000002
0 0.7457714609559214 0.17495801843045844 0.7297875755774981 0.17381034695363312 0.6816598646215769 0.8440960785231748 0.6976437500000002 0.8452437500000002
0 0.7652192195696499 0.2907260899016332 0.7384875 0.28877031250000007 0.6984370304303501 0.836183285098367 0.7251687500000001 0.8381390625000001
0 0.8033461651019976 0.2885581098664543 0.7648626793817714 0.28596695442676473 0.7284165142797737 0.8272604070603105 0.7668999999999999 0.8298515625
0 0.8354547498206871 0.298890724553165 0.8005890191708167 0.29665804309620897 0.7666639568501298 0.8264345060430441 0.8015296875000002 0.8286671875000001
0 0.8711333209033698 0.297905364137797 0.8407623662271627 0.29582555673397914 0.8040102953237929 0.8325076925961824 0.8343812500000001 0.8345875000000003
0 0.897451143541212 0.28203078482089083 0.8708020289240046 0.281641493279355 0.8627821353827926 0.8306466459584643 0.88943125 0.8310359375