0 0.2529906537291917 0.15156739260426233 0.18953397691657664 0.1510474223528194 0.1846234375000001 0.7503250000000001 0.24808011431261517 0.7508449702514431
0 0.31032500000000013 0.20670625000000004 0.2615116565744643 0.2063725266447062 0.25781602629906675 0.7469282502558482 0.3066293697246026 0.747261973611142
0 0.36651743921662183 0.24632422216572078 0.32010777270767987 0.24575176993724052 0.3139442162763327 0.745441672878602 0.36035388278527464 0.7460141251070823
0 0.4128485780364871 0.23630977740258308 0.364022201925714 0.23595777678957522 0.36035174888922705 0.7450901868869922 0.4091781250000001 0.7454421875000001
0 0.4628750000000001 0.23762968750000008 0.4128390625000001 0.23762968750000008 0.41283906250000013 0.743815625 0.4628750000000002 0.743815625
0 0.5202478124364162 0.7419075949204369 0.5152982950258209 0.24530707062108884 0.46770614769049884 0.2457814119685454 0.4726556651010941 0.7423819362678935
0 0.575179721139788 0.7384933278437098 0.5702490761397672 0.24527099669564603 0.5165412924413887 0.24580790266772196 0.5214719374414096 0.7390302338157857
0 0.6117640625 0.7389328125 0.6043839049286643 0.3107466537917399 0.5726059980036697 0.3112943734123395 0.5799861555750054 0.7394805321205996
0 0.6484624129865781 0.7400628741871503 0.6349421121430633 0.3056854433857594 0.6031403675413206 0.3066752948924801 0.6166606683848355 0.7410527256938708
0 0.6935461807550658 0.7394076396256253 0.6775821838064507 0.23172140733727026 0.6409547530513848 0.2328731427116449 0.6569187499999998 0.7405593749999999
0 0.8058706345178657 0.7456368242913732 0.7821581867419505 0.058217117739574144 0.6982186854184385 0.06111259923726693 0.7219311331943536 0.7485323057890659
0 0.8489288480802454 0.23824785205066362 0.8195535559371029 0.2362191037467023 0.7848281482605959 0.7390261761150809 0.8142034404037384 0.7410549244190422
0 0.8704890625000002 0.2750656250000001 0.8289593642983691 0.2745135450970984 0.8228526264662795 0.7338872296492794 0.8643823246679107 0.7344393095521811