0 0.09703812520581052 0.8793860167273733 0.0318265625 0.068603125 -0.0000058329197595373415 0.07116341613486746 0.06520572978605096 0.8819463078622409
0 0.12302763108081202 0.8823608740218525 0.058296536857392466 0.06516447188796118 0.028574999999999996 0.06751875 0.09330609422341955 0.8847151521338914
0 0.14645312500000002 0.8880609375 0.08466875000000003 0.05342812500000001 0.05458325261115604 0.05565522849377004 0.11636762761115604 0.8902880409937701
0 0.16840312500000004 0.8967328125000001 0.10011562499999997 0.07185468750000001 0.08289260490765099 0.07328049447549265 0.15118010490765105 0.8981586194754929
0 0.19604375000000002 0.8978171875 0.14076249999999998 0.2431171875 0.10883903296977193 0.24581272616162333 0.164120282969772 0.9005127261616233
0 0.22124531249999996 0.8999843750000001 0.16954915981926424 0.23914168958753565 0.14079866531128832 0.24139077244271365 0.1924948179920241 0.902233457855178
0 0.2423828125000001 0.8989015625000002 0.19513813990415063 0.06261903667455423 0.1659640625 0.06426718749999999 0.21320873509584945 0.900549713325446
0 0.2596391667581441 0.898919394022297 0.21307696128417808 0.07333633812872167 0.194194044526034 0.07440131910642458 0.24075625 0.8999843750000001
0 0.27164843750000006 0.9032359374999999 0.23425312500000003 0.07077031250000002 0.21448993997355115 0.07165809748218396 0.2518852524735512 0.9041237224821839
0 0.2960507209869512 0.9037181931463467 0.27316268250352504 0.06884211065679377 0.24238281250000004 0.0696859375 0.2652708509834262 0.9045620199895529
0 0.3220515625 0.9064890625 0.3080948932284822 0.06909206204144178 0.2724625 0.06968593749999999 0.2864191692715178 0.9070829379585582
0 0.34563750589217 0.9040332487318972 0.3358681618932539 0.07370628649731112 0.30904531249999995 0.07402187499999999 0.31881465649891605 0.904348837234586
0 0.3765203125000001 0.9086562499999997 0.37487869242649935 0.07395315575926018 0.33993749999999995 0.07402187499999999 0.3415791200735007 0.9087249692407398
0 0.4057869640848274 0.07730189103704548 0.3765203125 0.07727343750000006 0.37570678591517265 0.9140481089629546 0.4049734375000001 0.9140765625
0 0.4318015625000002 0.08052656250000005 0.40904167506283706 0.08028271493266995 0.40009948756283703 0.9149155274326699 0.42285937500000015 0.915159375
0 0.4513125000000002 0.08052656250000005 0.4326161975020929 0.08032677099627303 0.4236492757404416 0.9194429426226257 0.4423455782383489 0.9196427341263528
0 0.4692232780317518 0.08076002153287017 0.452125 0.08052656250000005 0.44071416484586357 0.9162433460457855 0.4578124428776153 0.9164768050786556
0 0.49195937500000014 0.08486093750000007 0.47164302313660356 0.08448152441849835 0.45619771063660347 0.9115283994184983 0.47651406250000006 0.9119078125000002
0 0.5065937500000002 0.08377812500000006 0.48790035192148584 0.08352318289398437 0.47651406250000006 0.9184125 0.49520746057851445 0.9186674421060157
0 0.5417013595706014 0.08455580057080916 0.5122843750000001 0.08377812500000006 0.4901631440887978 0.9205536813165296 0.5195801286593991 0.9213313568873387
0 0.584733935048482 0.08402955214138953 0.5431765625 0.08269375000000008 0.5162192786990356 0.9213463102111751 0.5577766512475176 0.9226821123525646
0 0.6326616869931182 0.08431034047746797 0.5880493369142383 0.08266976504355919 0.5569968750000003 0.9270828124999999 0.6016092250788801 0.9287233879339087
0 0.685522584962374 0.08879437235978431 0.6317875000000001 0.0859453125000001 0.586840917838643 0.933666501268483 0.6405760028010168 0.9365155611282674
0 0.7049546875000002 0.0859453125000001 0.6847053989452906 0.08470712717357261 0.6326757114452906 0.9356008771735725 0.6529250000000002 0.9368390625
0 0.7147093750000002 0.08811406250000009 0.7009887201179443 0.0873668693127348 0.6546175627880435 0.9388771039465785 0.6683382176700994 0.9396242971338438
0 0.7335310538141974 0.0914343551742289 0.7138968750000001 0.09028125000000009 0.664132711371564 0.9376267559059525 0.6837668901857612 0.9387798610801811
0 0.7539135014787297 0.08404535305904519 0.73178125 0.0826937500000001 0.6794489650919724 0.9396252893968485 0.701581216570702 0.9409768924558936
0 0.7789424185061147 0.08797966432737288 0.7504796875 0.0859453125000001 0.6894844182955502 0.9393335596321869 0.7179471493016648 0.9413679114595597
0 0.7976954705297389 0.09043323843068132 0.7797453125 0.08919687500000009 0.7211482794702612 0.9399386365693188 0.7390984375 0.941175
0 0.8197778879627823 0.0909342042432846 0.7968187499999999 0.08919687500000009 0.7319752426458173 0.9461162166216395 0.7549343806085995 0.947853545864924
0 0.8293359375000001 0.26913125000000016 0.8026395290080302 0.2672672101492354 0.7553578125 0.9444265625000001 0.78205422099197 0.9462906023507649
0 0.8577890625000002 0.2691312500000001 0.8304559225811918 0.2671273093010047 0.7806575036501525 0.9463625546652501 0.807990643568961 0.9483664953642454
0 0.9138843750000001 0.09570156250000014 0.8822202941092222 0.09303253762506795 0.8101217588287216 0.9483763280370591 0.8417858397194996 0.9510453529119912
0 0.9334691835067147 0.09478846507631367 0.9165954756100696 0.09342335577143755 0.847221875 0.9509296875000001 0.8640955828966451 0.9522947968048762
0 0.9610343750000002 0.09353281250000015 0.9363619733698085 0.0911964183147434 0.8548420552335505 0.9520495114314276 0.8795144568637422 0.9543859056166843
0 0.9821718750000004 0.10003750000000014 0.9596937252338866 0.09799402812017291 0.8813656249999999 0.9596015625 0.9038437747661137 0.9616450343798272
0 0.9943656250000001 0.30598593750000014 0.9661319404626916 0.30349683870759475 0.9083575771460686 0.9588276569147267 0.9365912616833771 0.9613167557071319
0 1.0263628414676929 0.3147049196697164 0.9889392672037941 0.3118199686723167 0.9390576757361014 0.9588837990026002 0.9764812500000002 0.9617687499999998