0 0.21832912500000004 0.9139009125 0.08019843067507818 0.0479766456826918 0.016158609375 0.06613756666666666 0.15428930369992186 0.9320618334839749
0 0.27319324062500006 0.9078884083333334 0.1606595424550367 0.0481714924156553 0.092066496875 0.06413339583333336 0.20460019504496332 0.9238503117510114
0 0.33406986562499996 0.9078884083333332 0.25405560842659874 0.2281482351768629 0.19503066249999998 0.24050024166666664 0.27504491969840117 0.920240414823137
0 0.36563552187500004 0.9018759000000001 0.2994983349222177 0.24506522173774598 0.26342291875 0.2515231666666667 0.32956010570278227 0.9083338449289208
0 0.40095899375000005 0.9038800708333333 0.33998094905223597 0.25043631465956834 0.309268278125 0.25553150416666665 0.3702463228227641 0.9089752603404316
0 0.4340277781250001 0.9098925750000001 0.36262926875 0.10421677083333335 0.33228002842612947 0.10899816031162475 0.4036785378011295 0.9146739644782914
0 0.46183561875 0.9139009125 0.4081137951144077 0.10075931481344916 0.37014489999999994 0.1052188541666667 0.4238667236355922 0.9183604518532176
0 0.52571849375 0.9058842375 0.48964345937500003 0.0060125041666666545 0.41359130558346335 0.011432701953516618 0.4496663399584633 0.9113044352868499
0 0.559538840625 0.9098925750000001 0.5445075750000001 0.10421677083333333 0.5106334069264229 0.10534029220895715 0.5256646725514229 0.9110160963756239
0 0.591856059375 0.9209155041666668 0.5865951187500001 0.107223025 0.5542543843517245 0.10759475742891186 0.5595153249767243 0.9212872365955787
0 0.6271856017297885 0.9157372978317636 0.6249248437499999 0.23148148333333335 0.5963593732702114 0.2316492688349029 0.5986201312499999 0.9159050833333333
0 0.6963233531250002 0.022045854166666778 0.642210796875 0.019039604166666776 0.6144329437636469 0.9079318277334015 0.6685455000136469 0.9109380777334015
0 0.7511874687500002 0.02004168750000014 0.7049438650283145 0.015949640134949594 0.6604963926299375 0.9089169514568033 0.7067399963516233 0.9130089988218538
0 0.7872625062500002 0.02004168750000016 0.7580221916203982 0.016877008630245445 0.7037817284931225 0.9078268530546331 0.7330220431227245 0.9109915319243878
0 0.8225859781250001 0.13628347083333348 0.7897901425800469 0.13176188092306798 0.7297777586762513 0.9055924482840934 0.7625735942212046 0.910114038194359
0 0.8518969468750001 0.11624178333333347 0.8324477341043763 0.11319870909725181 0.7626953859393527 0.9057470952006786 0.7821445987099764 0.9087901694367602
0 0.916531384375 0.018037516666666864 0.8745528838567063 0.010023439388757271 0.7789655953794159 0.9001484641949179 0.8209440958977096 0.9081625414728275
0 0.958618928125 0.1082251083333335 0.9150408961337394 0.09834447168099021 0.8136343835669834 0.8934522552504719 0.857212415558244 0.9033328919028153
0 1.0342205994766533 0.11864928039450952 0.9643098063369984 0.09881675094618017 0.8385673047272574 0.8868157954725504 0.9084780978669125 0.9066483249208797
0 1.021264086034972 0.37731334350911644 0.9961970906249998 0.3697691208333335 0.9080737382048418 0.8903117083198656 0.9331407336148141 0.8978559309956485