0 0.12547097693566278 0.9588219245898717 0.094425 0.02199375 0.03341237548904863 0.02401567524171308 0.06445835242471142 0.9608438498315849
0 0.19197968750000005 0.9444265625 0.1764813998840166 0.04284824823724494 0.12771768466250377 0.04368650496078305 0.14321597227848723 0.9452648192235381
0 0.2399446767646279 0.9541369966756859 0.23912540158565845 0.03603359818457093 0.18222343750000003 0.03608437500000001 0.18304271267896952 0.954187773491115
0 0.30416718750000005 0.18783593750000005 0.2431953125 0.18783593750000005 0.24319531250000007 0.9606859375000001 0.3041671875000001 0.9606859375000001
0 0.37165593139057435 0.19555498733676055 0.3090718127414775 0.1954199894349296 0.30741875000000013 0.9617687500000001 0.3700028686490969 0.961903747901831
0 0.4391636833408767 0.1990694101742264 0.378146875 0.19867500000000007 0.37322133708580163 0.9606751270907571 0.4342381454266784 0.9610695372649835
0 0.48141399069454727 0.17285784548734545 0.43424062500000005 0.17266093750000006 0.4309243285921407 0.9671480749113928 0.47809769428668786 0.9673449828987382
0 0.5228756225750266 0.1719045888677071 0.4765218512395414 0.17152310727636816 0.469994666164515 0.9646403934086611 0.5163484375000003 0.9650218750000003
0 0.5627005601095358 0.9681628344771234 0.5602480103344151 0.1746899242085727 0.5155359374999999 0.17482812500000003 0.5179884872751207 0.9683010352685507
0 0.6163950353781975 0.06248043024359497 0.5643125000000001 0.06209843750000008 0.5577299252528441 0.959595020607817 0.6098124606310416 0.9599770133514118
0 0.6651187500000002 0.07185468750000008 0.6179910134910597 0.07120656734486112 0.6057585275457007 0.960685732452132 0.6528862640546411 0.961333852607271
0 0.7171484375000001 0.06535000000000009 0.6700210405034039 0.0642828274401296 0.6496268526568587 0.9649103578031072 0.6967542496534549 0.9659775303629777
0 0.756251318338421 0.07518697997011634 0.7106453124999998 0.07402187500000008 0.6877790060273392 0.9690836361658117 0.7333850118657603 0.9702487411359281
0 0.7855038956435376 0.17529785895490893 0.7465035581216163 0.17477479837030208 0.7358468750000002 0.96935625 0.7748472125219216 0.969879310584607
0 0.8237155067596525 0.17993344280409201 0.7846234375 0.1791640625000001 0.7690727775964469 0.969290181858525 0.8081648468560994 0.9700595621626169
0 0.8708545596236515 0.10993816550838616 0.8277109375 0.10870781250000008 0.8032002623443288 0.9682004131634656 0.8463438844679804 0.9694307661718516
0 0.9091502162099607 0.11724758565690332 0.86609166409442 0.11613113861757648 0.8439687500000002 0.96935625 0.8870273021155409 0.9704726970393269
0 0.9375602137566068 0.22005890683044704 0.9091300622864678 0.2192507354787187 0.8878687500000002 0.9671890624999999 0.9162989014701391 0.9679972338517283
0 0.9675390625000004 0.19759218750000013 0.9423267245940614 0.19690068787874063 0.9211892245940613 0.9675819378787407 0.9464015625000002 0.9682734375000003
0 0.9935978046443882 0.20279213160547052 0.9659154171759898 0.20184303909414675 0.9398566750316018 0.9619040324886765 0.9675390625000002 0.9628531250000002