0 0.05974927812500017 0.07615840833333334 0.03344568370831759 0.07592943260890395 0.028935184375000096 0.9970739125000001 0.05523877879168269 0.9973028882244296
0 0.08830868125000015 0.07515632500000001 0.06502115727200078 0.07481845746197376 0.05750552602200072 0.9957339616286404 0.08079305000000007 0.9960718291666666
0 0.12964466250000012 0.24450857916666668 0.09133179796860584 0.24382655203647277 0.08379943394486872 0.996058452542428 0.12211229847626297 0.9967404796726219
0 0.17473995355164026 0.24539563901558822 0.13640873125000003 0.2445085791666667 0.12663691207335986 0.9951847693177452 0.1649681343750001 0.9960718291666668
0 0.23487204258563957 0.005624772486361784 0.19279863944274092 0.003979839968857642 0.17098064062500007 0.9960718291666667 0.21305404376789872 0.9977167616841708
0 0.2521494718750002 0.1753647583333334 0.22810550481531428 0.174855891326283 0.21832912500000012 0.9960718291666668 0.24237309205968605 0.9965806961737173
0 0.2837353201457022 0.17599250648161557 0.25966510312499996 0.1753647583333334 0.2476112756904095 0.9970339596230441 0.27168149271111175 0.9976617077713262
0 0.3746818336541199 0.008683359631875854 0.2965575519271554 0.005822246351565126 0.27619949375 0.9940676624999999 0.35432377547696453 0.9969287757803106
0 0.4137521052750657 0.08828050519622699 0.37689245240046026 0.0870831448188946 0.36034152525039476 0.9928703021226678 0.39720117812500016 0.9940676625000002
0 0.4400402843750001 0.07415424166666673 0.41299023267779333 0.07360718381917601 0.4024621218750001 0.9990780833333335 0.4295121735722069 0.9996251411808241
0 0.4685996875 0.07114798750000008 0.4452951847797637 0.07067514256825463 0.43477330040476375 0.9925927300682545 0.458077803125 0.9930655749999999
0 0.5031715968750002 0.006012504166666755 0.4783801682984599 0.0053433697667867605 0.46330832851743065 0.9980751790760131 0.48809975709397097 0.9987443134758931
0 0.5347372531250001 0.005010420833333427 0.5099628326595155 0.004308311759476592 0.49416914417850083 0.9950489086240596 0.5189435646439854 0.9957510176979163
0 0.5670597389194258 0.005648431225736881 0.5415016014112749 0.004991098498950643 0.5272166343668491 0.9924082422732138 0.552774771875 0.9930655749999999
0 0.602377946875 0.0070145916666667675 0.5760874787995823 0.006198558173398814 0.5587706026605017 0.9980288267021129 0.5850610707359194 0.9988448601953809
0 0.6264279687500001 0.07415424166666677 0.6068965353196807 0.07358872794432501 0.5918397495505141 0.998075527764842 0.6113711829808336 0.9986410414871838
0 0.6572446748754457 0.07503320842916648 0.6339436031250001 0.07415424166666679 0.6143853199504544 0.9959010602852215 0.6376863917009 0.9967800270477212
0 0.733091308992111 0.08341258227385806 0.6609831058112683 0.08109585035910817 0.6444654875 0.9950697458333334 0.7165736906808426 0.9973864777480833
0 0.7541937218750002 0.08517716666666679 0.7324028640807047 0.08476072985852441 0.7226280656250001 0.9940676625000002 0.7444189234192957 0.9944840993081425
0 0.7827531250000003 0.0861792541666668 0.7624892692954084 0.0855523061492566 0.7467064411704083 0.9924386269825899 0.7669702968750002 0.993065575
0 0.8120640937500003 0.08718133750000015 0.7902793752447741 0.08654013899065367 0.77523749375 0.9950697458333336 0.797022212255226 0.99571094434268
0 0.8421266218750004 0.08918550416666683 0.8173485994326601 0.08816673096435422 0.7962869807316059 0.9988311081010275 0.8210650031739462 0.9998498813033402
0 0.8797047875000004 0.08818342083333348 0.8451323216976585 0.08721671456135806 0.8308526185726584 0.9951051228946913 0.8654250843750002 0.9960718291666668
0 0.9203741527435051 0.08709478141142336 0.8888407699250603 0.08616045892301095 0.8736922812500001 0.9950697458333334 0.905225664068445 0.9960040683217458
0 0.9518704483986289 0.16578351244528905 0.9240675147666095 0.1652910288524713 0.9157798218750001 0.9970739125 0.9435827555070194 0.9975663960928178
0 0.987207992728027 0.16372279128822315 0.9601631320274422 0.1633294115272759 0.953357984375 0.9950697458333336 0.9804028450755847 0.9954631255942809