0 0.0432153863013889 0.9453477028576089 0.0415895019311883 0.20828102168443546 0.00012196875479939837 0.20844363966015983 0.0017478531249999999 0.9455103208333333
0 0.07004696304606813 0.9430972161523332 0.0651444448724425 0.07589617201209199 0.035891975 0.07619016666666667 0.040794493173625615 0.9433912108069079
0 0.09612361442020834 0.9471079809468446 0.08547656485800273 0.0811479834687988 0.05938904418779439 0.08171820252195432 0.07003609375 0.9476782
0 0.13023191287815075 0.9394512031362223 0.12286088681825869 0.20562456675256338 0.08705372706510794 0.20626398028300796 0.09442475312500001 0.9400906166666668
0 0.1846627875 0.9379227375000002 0.17893940256672505 0.08105035690799821 0.12772728316638862 0.0816584737534329 0.13345066809966358 0.9385308543454348
0 0.23018828125000007 0.9411745583333334 0.2188369106911207 0.07847144308932179 0.17249846069112065 0.07955538475598853 0.18384983125 0.9422585000000001
0 0.2643624822000784 0.9418233969533496 0.2577830988891798 0.08869650989215216 0.22124577187500005 0.08919745000000003 0.2278251551858987 0.9423243370611976
0 0.29359879062499994 0.9390066749999999 0.2878541279310133 0.089890928318115 0.25538989375 0.09028139166666665 0.2611345564439866 0.9393971383485515
0 0.3496944993330683 0.9381300332282642 0.34237610625000003 0.09353321249999999 0.28546744129193174 0.09440985427173601 0.292785834375 0.9390066750000001
0 0.40990470350660135 0.9320946575056699 0.40004893819075926 0.2060532371435566 0.33821102843415785 0.20754555463788682 0.34806679374999994 0.9335869750000001
0 0.4561898406250001 0.9140760500000001 0.44562003389726107 0.21267454522460097 0.40172184062499994 0.21385059166666667 0.412291647352739 0.9152520964420657
0 0.4813950493976865 0.9262148683334991 0.4683556251352024 0.14493604928613815 0.4390856413625158 0.14580451428597227 0.45212506562499993 0.9270833333333333
0 0.5082653469986824 0.9280255709284622 0.49031278886898705 0.1435531848234972 0.46018707624530475 0.14477882639503487 0.47813963437500007 0.9292512124999999
0 0.543176053125 0.9314190958333332 0.530981725 0.21276665 0.4936232995186887 0.213893600929572 0.5058176276436886 0.9325460467629052
0 0.5805719937500001 0.9281672750000001 0.5716073187408338 0.13384259656576922 0.527729903125 0.13472294583333333 0.5366945781341663 0.9290476242675642
0 0.6122957188339331 0.9312561332877572 0.5960181437500001 0.11954777916666667 0.561042599916067 0.12079467921224264 0.577320175 0.9325030333333333
0 0.6521126810804707 0.9314615843117522 0.640730684375 0.15748569166666665 0.5951430160772986 0.15867752595230283 0.6065250127827693 0.9326534185973884
0 0.6781266250000001 0.9249154541666667 0.6625796409509747 0.12301839011057698 0.6358120366540767 0.12394099235398887 0.6513590207031021 0.9258380564100785
0 0.6984570606014306 0.9287091014157254 0.688674534851228 0.12002026010515503 0.660241609375 0.12063172083333332 0.6700241351252026 0.9293205621439037
0 0.7456019125000001 0.9292512125 0.727639916860279 0.22274605276327003 0.6846302687500001 0.2246899916666667 0.7025922643897212 0.9311951514033967
0 0.77161648125 0.9216636333333335 0.7535047342315441 0.2235381103603011 0.7275493435521766 0.22473521433030338 0.7456610905706327 0.9228607373033358
0 0.7968440009450395 0.9262240213865242 0.7829978531249998 0.22685787500000001 0.7537304000889982 0.2278879924904895 0.767576547909038 0.9272541388770136
0 0.8805779055625264 0.9162976776850009 0.8616393886414722 0.06873047425934437 0.7811313987039459 0.07192854657434336 0.8000699156250001 0.9194957499999998
0 0.9106318281249999 0.9335869750000001 0.8984028627241754 0.23137256720663435 0.8684529267803136 0.23229980975401862 0.8806818921811381 0.9345142175473844
0 0.9610828321073874 0.9140680801497016 0.9439213049335657 0.1382580465344835 0.8885925697011784 0.14043389555144875 0.9057540968750001 0.9162439291666667
0 0.9903014437500002 0.9119081666666667 0.9748020211150585 0.2582132282879159 0.947214815625 0.25937608333333334 0.9627142382599416 0.9130710217120842
0 1.0006328291575932 0.9129686966957578 0.9997479843750001 0.10954301250000001 0.9772939332252711 0.10958697613200728 0.9781787780078641 0.913012660327765