0 0.15176939712287676 0.9501434799910718 0.06741701779348139 0.37317391110801684 0.02226562500000001 0.37977500000000003 0.10661800432939539 0.9567445688830551
0 0.20125997154387756 0.935036128633541 0.12518679945837777 0.346151488258753 0.07891008132310132 0.3521295975536678 0.1549832534086011 0.9410142379284558
0 0.2404179614363536 0.9404975783351759 0.1704206460137884 0.29362021874761257 0.12630624999999998 0.29839375 0.19630356542256522 0.9452711095875633
0 0.28375329819651196 0.9434039564380676 0.2306014688012623 0.3364363814790515 0.17892741425336187 0.34096145109529297 0.2320792436486115 0.947929026054309
0 0.3373104301239374 0.9532775881914745 0.28856722709698823 0.28997273207890434 0.23272969284671025 0.29407597396444785 0.2814728958736594 0.957380830077018
0 0.3630640625 0.961371875 0.32390941922593386 0.290144047804447 0.294075 0.29188437500000003 0.3332296432740661 0.9631122021955532
0 0.3961659934558971 0.9513691567354758 0.3621673108510425 0.2881009092035511 0.330696875 0.28971406250000004 0.3646955576048546 0.9529823100319248
0 0.4346609375 0.9592015625000002 0.4151267388678078 0.22106614227986313 0.36219330328232135 0.22246698583334396 0.3817275019145135 0.960602406053481
0 0.49893437500000004 0.22135468750000004 0.42429834273137573 0.22110224007651264 0.42183903345222584 0.9481965561186592 0.49647506572085015 0.9484490035421465
0 0.6055171875 0.35915781250000006 0.5081058713174893 0.3590603655387449 0.5074968777050624 0.9678312145127504 0.604908193887573 0.9679286614740057
0 0.6738593750000003 0.3222656250000001 0.6206269237958705 0.31886258875854023 0.5812340234846102 0.9350713196737219 0.6344664746887398 0.9384743559151817
0 0.8098562500000004 0.34830781250000015 0.6793099327859439 0.3325254301362302 0.6049973216976868 0.9472132178559463 0.7355436389117431 0.9629956002197162
0 0.9237609375000002 0.3472218750000001 0.8155100335817138 0.3293678737213228 0.7161612050284502 0.931731474252573 0.8244121089467364 0.9495854755312504