0 0.10743203750000001 0.9400906166666668 0.061093587500000046 0.1878360208333333 0.017554477621399535 0.19260399256897584 0.0638929276213995 0.9448585884023093
0 0.15051866562500002 0.939006675 0.11093595962903982 0.18033816190193294 0.0651583625 0.18458420000000003 0.10474106849596024 0.943252713098067
0 0.19848302499999998 0.9292512124999999 0.16086298480169137 0.12014771847348599 0.10255430624999999 0.12496748333333331 0.1401743464483086 0.9340709773598471
0 0.24400851875000001 0.9357548541666667 0.21286657475640353 0.11950812044048037 0.16433890625000003 0.12279960000000001 0.1954808502435965 0.9390463337261863
0 0.29034696875000005 0.9422585 0.2658796799273263 0.08427218845703358 0.21149030937500002 0.08702957083333333 0.23595759819767376 0.9450158823762997
0 0.345627928125 0.9433424375000002 0.3219908184059012 0.09349327763927999 0.26600404974147995 0.0962615919472619 0.2896411594605787 0.9461107518079821
0 0.3903404656250001 0.9487621416666667 0.37245545 0.2767191291666667 0.3293653832392148 0.2787577989884609 0.3472503988642149 0.950800811488461
0 0.4350530062500001 0.9422585000000001 0.4244845875000001 0.28430671250000006 0.37892775390290073 0.2856076215832091 0.3894961726529007 0.9435594090832091
0 0.472448946875 0.9509300208333333 0.46757121562500004 0.28972641250000003 0.42528563909631406 0.2902809774054642 0.430163370346314 0.9514845857387976
0 0.51472261875 0.9541818416666668 0.50488843889948 0.2898283220290423 0.46511726073242404 0.2908749319234591 0.4749514405829441 0.9552284515610835
0 0.5667593950488526 0.9523372043008287 0.551216528876181 0.29462855814054695 0.5073093057023281 0.2964731955063849 0.5228521718749998 0.9541818416666666
0 0.6000943944465236 0.9496332152267427 0.59764405625 0.3005658166666667 0.5553591764404813 0.30084960779046477 0.5578095146370048 0.9499170063505408
0 0.647234325 0.9585176041666666 0.6390941520747555 0.30079142570461254 0.59605948776809 0.30173828270838604 0.6041996606933344 0.95946446117044
0 0.693572775 0.9585176041666666 0.689508 0.30056581666666665 0.6439588108477392 0.3010660821777847 0.6480235858477392 0.9590178696777846
0 0.7383054199178373 0.9601097674065172 0.733394956313001 0.30647246454265653 0.68869504375 0.3070694583333333 0.6936055073548364 0.9607067611971939
0 0.778120121875 0.31248916250000014 0.736659403125 0.31248916250000014 0.736659403125 0.958517604166667 0.778120121875 0.958517604166667
0 0.8196297865882143 0.2093128221726793 0.7846237656249999 0.20843088750000013 0.7739956653891946 0.9583932119802595 0.809001686352409 0.9592751466529387
0 0.859415646875 0.21927029166666678 0.8270104770710445 0.21787036287824543 0.8089895195143664 0.9594600710075302 0.841394689318322 0.9608599997959515
0 0.900885974373361 0.2232446584445903 0.8620282340470184 0.2214079559007298 0.8423435874999999 0.9617694250000001 0.8812013278263425 0.9636061275438605
0 0.9415241281250001 0.22577393333333348 0.9018748125206792 0.22265960327501672 0.8691599367888404 0.9631063102692762 0.9088092523931615 0.9662206403275929
0 0.97079051875 0.2647957875000001 0.939149090949192 0.26228298859773813 0.9081929625 0.9552657833333333 0.9398343903008082 0.9577785822355954
0 1.0000340133098085 0.262221740222311 0.9748552937500001 0.26046002500000015 0.9472377085651915 0.962175588944356 0.972416428125 0.9639373041666667