0 0.07572897366944217 0.12288321778917079 0.031014243750000003 0.1227996 0.03020129382325658 0.895646022016051 0.07491602374269876 0.8957296398052219
0 0.12531705312500016 0.09461715416666669 0.08224172177953862 0.09368705259824701 0.07248625927953854 0.8968868442649137 0.11556159062500009 0.8978169458333334
0 0.17167197740404555 0.10027222596109864 0.1327603726995129 0.09892922778136207 0.11718750000000008 0.9010687666666668 0.15609910470453275 0.9024117648464034
0 0.21974766883338637 0.09169374463046874 0.17572027812500002 0.08919745000000005 0.15001278920401145 0.8952516321848589 0.19404017991239786 0.8977479268153276
0 0.25873325959300786 0.09973432785080133 0.21799395312499997 0.09786897500000004 0.1975094676813231 0.8932132671914369 0.23824877414933096 0.8950786200422383
0 0.3018808568399816 0.10194625807118607 0.2581828876505487 0.09985966992658253 0.23669192187500004 0.899984825 0.28038989106443296 0.9020714131446035
0 0.3415631500000002 0.1108762583333334 0.3034435536341126 0.10955338647874689 0.2879081031250001 0.905404525 0.3260276994908878 0.9067273968545866
0 0.39125179557676676 0.11331195611731885 0.349692703125 0.11087625833333338 0.3235797606732333 0.9029688272160147 0.36513885312500005 0.9054045250000001
0 0.4269667398935644 0.11564121497280021 0.3856325290366631 0.1138117614708419 0.36595180937500005 0.9043205875000002 0.40728602023190125 0.9061500410019584
0 0.46594530312500015 0.12279960000000008 0.42465120734073264 0.12085268366308989 0.40416070625000006 0.8934811833333334 0.44545480203426757 0.8954280996702436
0 0.5114708000000002 0.12388354166666678 0.45724505084812667 0.12172683546532186 0.4399307375000001 0.8956490625000001 0.4941564866518736 0.897805768701345
0 0.549679696875 0.12605142083333346 0.51065784375 0.12496748333333343 0.49861732051621416 0.8955630067869026 0.537639173641214 0.8966469442869026
0 0.592766325 0.1325550625000001 0.5561833375 0.1325550625000001 0.5561833375 0.8934811833333334 0.592766325 0.8934811833333334
0 0.6374868693655881 0.8942681787692041 0.6342270406249999 0.1325550625 0.5911371766666632 0.13288289797496763 0.5943970054072514 0.8945960142441717
0 0.674068080543496 0.1360502209061851 0.6317881750000002 0.13580688333333343 0.6293430788315042 0.8910699624271484 0.6716229843750001 0.8913133000000001
0 0.7098388684996281 0.8932897740947089 0.7082059687500001 0.1780805583333333 0.6610475752503719 0.1782719675719577 0.6626804749999999 0.8934811833333334
0 0.7472278218749999 0.2008433041666668 0.7163355218749999 0.2008433041666668 0.7163355218749999 0.8999848250000001 0.7472278218749999 0.8999848250000002
0 0.773242390625 0.11304413750000013 0.743976 0.11304413750000013 0.743976 0.8891454208333336 0.773242390625 0.8891454208333336
0 0.803321734375 0.11304413750000013 0.7716321567389702 0.11269349212481125 0.7667544254889702 0.8963823587914779 0.798444003125 0.8967330041666668
0 0.8415634539564001 0.0736125528804366 0.7992569593750001 0.07293834583333349 0.7919017338926093 0.8934546568331119 0.8342082284740094 0.894128863880215
0 0.8781136187499999 0.18783602083333348 0.8415487552578644 0.18738599176992637 0.8366532463184102 0.8945151012267788 0.8732181098105457 0.894965130290186
0 0.923690804248273 0.8939275356746703 0.9163076913742797 0.05608090113739193 0.8756082371260065 0.056718490462721545 0.8829913499999998 0.894565125
0 0.967538696875 0.8934811833333334 0.9634721440757534 0.05739766352603718 0.921200246875 0.057763179166666664 0.9252667996742467 0.8938466989739628