0 0.1556010154057805 0.14449225600661736 0.10922691040277444 0.14428852902123473 0.10677187500000011 0.703125 0.1531459800030062 0.7033287269853826
0 0.20685938896881106 0.1487489734445367 0.16049497535622897 0.14854246575533991 0.15802968750000007 0.702040625 0.20439410111258213 0.7022471326891967
0 0.27274687500000006 0.15190937500000004 0.21091250000000006 0.15190937500000004 0.2109125000000001 0.703125 0.27274687500000006 0.703125
0 0.34108906250000004 0.15299531250000004 0.28169687500000007 0.15299531250000004 0.28169687500000007 0.698784375 0.3410890625000001 0.698784375
0 0.37851406249999997 0.698784375 0.3760680034990241 0.15504205845909685 0.34352979010618234 0.15518843365801746 0.3459758491071583 0.6989307501989207
0 0.41514067944972444 0.15421509848854514 0.38503326354227474 0.15407884097013244 0.38257852159255046 0.6964778049815873 0.4126859375000002 0.6966140625
0 0.430584375 0.23437500000000008 0.41431250000000003 0.23437500000000008 0.41431250000000003 0.6911890625 0.430584375 0.6911890625
0 0.45255540842008335 0.23657900190969872 0.4338390625 0.23654531250000005 0.4330207040837345 0.6911890519548549 0.45173705000381786 0.6912227413645535
0 0.4916063350197824 0.6933046998639683 0.49078688641757084 0.18114932348173188 0.45520781250000003 0.18120624999999999 0.4560272611022116 0.6933616263822364
0 0.531471875 0.18446250000000003 0.4956734375 0.18446250000000003 0.4956734375 0.69444375 0.531471875 0.69444375
0 0.5510091888608148 0.21493957985941953 0.53251875 0.21484375 0.5300669365451305 0.6879228827462466 0.5485573754059453 0.6880187126056662
0 0.5745972835232303 0.21494031211808093 0.5542571998582987 0.21483537975613715 0.5518109375000001 0.68901875 0.5721510211649317 0.689123682361944
0 0.6716422165014359 0.1694966108553953 0.6395583379206781 0.16567959778430352 0.5774926839192424 0.6873720494289082 0.6095765625000001 0.6911890625000001
0 0.7236902315499374 0.16392300890095565 0.6912109375 0.1627609375000001 0.6723847684500627 0.6889426160990444 0.7048640625000001 0.6901046875000001
0 0.7577864548513825 0.1671277847120603 0.7252067843988045 0.1659572611415165 0.706456267047422 0.6878482264294562 0.7390359375000001 0.68901875
0 0.7822056556226922 0.16099659856489573 0.7635381584289961 0.16047386491967217 0.7487453615908397 0.6887438471304275 0.7674128587845357 0.6892665807756511
0 0.8073781250000002 0.1627609375000001 0.7894936191412729 0.1622345298059336 0.7740203125 0.6879343750000001 0.7919048183587271 0.6884607826940666
0 0.8489677778446465 0.1664972837561911 0.8141577918830734 0.16529340994735855 0.796161889038427 0.6856445636911677 0.830971875 0.6868484375000001
0 0.8929571802564051 0.16712222262710558 0.8612953125 0.1660156250000001 0.8432443822435951 0.6824871523728947 0.8749062500000002 0.6835937500000002