0 0.08060451250000003 0.8978169458333334 0.03257092458905851 0.2519415720716432 -0.016021047933944328 0.25836605684590014 0.032012539976997184 0.9042414306075902
0 0.11398576234263705 0.8929149749889203 0.04483448125 0.17808055833333333 0.013828866260430247 0.18341283407318634 0.08298014735306727 0.8982472507287732
0 0.16352595 0.8945651250000001 0.10692409804739389 0.22190543055845252 0.04483448125 0.23119363333333334 0.1014363332026061 0.9038533277748808
0 0.20536768682995846 0.8931409280683809 0.16145494681487962 0.18280407292375175 0.10580612499999997 0.18891996250000004 0.14971886501507883 0.8992568176446292
0 0.2432166475519789 0.8916045698314946 0.1954658977923286 0.23187584341383333 0.15561000649034967 0.2370042777490055 0.20336075625 0.8967330041666668
0 0.27733968437499995 0.8913132999999999 0.23659637013332063 0.23181485247233197 0.18303687499999996 0.23769727916666666 0.2237801892416793 0.8971957266943345
0 0.35474368604128836 0.890602521114676 0.3092115307824958 0.22279753842446412 0.23994374375 0.23119363333333337 0.28547589900879256 0.8989986160235452
0 0.39619142703485427 0.8975105570653569 0.378959090625 0.2311936333333333 0.3130479232391749 0.2342240322163877 0.3302802596490292 0.9005409559484114
0 0.42960701641829885 0.8884970174956339 0.411477303125 0.294062175 0.3666735576072514 0.29649146002879956 0.38480327090055017 0.8909263025244335
0 0.46275832847526227 0.885249952567934 0.4480129929578537 0.2921598837144012 0.40497365937499996 0.29406217500000004 0.4197189948924086 0.8871522438535329
0 0.4855583126104328 0.8837134037814283 0.4716359906250001 0.294062175 0.44234744448974095 0.2952915708790158 0.45626976647517364 0.884942799660444
0 0.5270263413866273 0.8868720794044347 0.5147226187500001 0.16724115416666668 0.4650284478192462 0.16875161558508117 0.47733217045587334 0.8883825408228492
0 0.5676596334246523 0.8903596370564217 0.5578092468750001 0.20192724583333335 0.5195832440380699 0.2028996086396612 0.529433630587722 0.8913319998627495
0 0.610651340625 0.8848096583333332 0.6025217875 0.2073469458333333 0.5586464424658375 0.20828295326026555 0.5667759955908375 0.8857456657602655
0 0.6415436406249999 0.2030111875000001 0.604960653125 0.2030111875000001 0.604960653125 0.8837257208333333 0.6415436406249999 0.8837257208333333
0 0.6781287880134738 0.8802940985944876 0.676500715625 0.19975936666666666 0.6342248807365264 0.19993916807217904 0.6358529531250001 0.8804739
0 0.71389665625 0.2712994291666668 0.678126625 0.2712994291666668 0.678126625 0.8826417791666666 0.71389665625 0.8826417791666666
0 0.73584645 0.29731399583333346 0.712270746875 0.29731399583333346 0.712270746875 0.8793899583333336 0.73584645 0.8793899583333337
0 0.7610480625000002 0.17049297500000016 0.7351012613296227 0.16996720391735165 0.7269717082046225 0.883199949750685 0.752918509375 0.8837257208333337
0 0.7797726903024376 0.17220212524119172 0.75942215 0.1715769166666668 0.7471185110348383 0.8835475334908547 0.7674690513372759 0.8841727420653795
0 0.7895105588790129 0.17503869955094348 0.775715436068887 0.174784411477781 0.7683646593750001 0.8837257208333335 0.7821597821851258 0.8839800089064961
0 0.8294554201279931 0.160096831048063 0.7935662718750001 0.15856963333333346 0.7762959598272786 0.8800849315564121 0.8121851080802717 0.8816121292711415
0 0.8455954093750003 0.29514611666666685 0.8154812286674794 0.29440255659626674 0.8073516755424792 0.8797303399295999 0.8374658562500003 0.8804739000000001
0 0.8805524843750001 0.2929782333333335 0.844929119017942 0.2920142552616668 0.835923409440845 0.883661982978243 0.8715467747979032 0.8846259610499098
0 0.92282615625 0.17482873750000014 0.8773006625 0.1737447958333335 0.8678942635864804 0.8760883802471281 0.9134197573364803 0.8771723219137948
0 0.9659127875000001 0.17374479583333352 0.9206930988048772 0.17106716231946198 0.897117395679877 0.8788802039861285 0.942337084375 0.8815578375000002
0 0.9998524833303264 0.1763432620343598 0.9616958635394182 0.17446013611234512 0.9423370843750002 0.8718023750000002 0.9804937041659084 0.8736855009220149