0 0.114853125 0.73828125 0.08936487744499015 0.3297146512351966 0.062675 0.3313796875 0.08816324755500984 0.7399462862648034
0 0.14267968749999999 0.7376296875 0.11572175708137189 0.32909404923781066 0.09093437500000001 0.3307296875 0.11789230541862812 0.7392653257621894
0 0.17196874999999998 0.7350265625 0.15139163542775336 0.35867330100486255 0.126640625 0.3600265625 0.14721773957224663 0.7363798239951374
0 0.19881718750000002 0.734375 0.18007469642829788 0.3567987397114391 0.15439531250000005 0.35807343750000004 0.1731378035717022 0.7356496977885609
0 0.22469062500000003 0.7363281250000001 0.20648157457360422 0.34122165911728775 0.17986249999999998 0.3424484375 0.19807155042639582 0.7375549033827123
0 0.25104999999999994 0.7343749999999999 0.2314323516272912 0.3432354791483773 0.20656690984162532 0.3444826082866479 0.22618455821433409 0.7356221291382705
0 0.2764514864918965 0.7362058327620948 0.2637421875 0.3430984375 0.23746502325812407 0.34394798737119114 0.2501743222500206 0.737055382633286
0 0.30387605610721763 0.7333932989657617 0.29250293429394525 0.34300052618637633 0.2667765624999999 0.34375 0.27814968431327236 0.7341427727793853
0 0.34626902726235115 0.7215818190472209 0.336478125 0.4010421875 0.29899833736303705 0.40218700986032985 0.3087892396253882 0.7227266414075507
0 0.3853484374999999 0.7167968750000001 0.375571730872718 0.3999301829346037 0.3389755290403094 0.40105933389286985 0.34875223566759134 0.7179260259582663
0 0.41566665154688487 0.7316166922920901 0.40731521827035505 0.33071016263940345 0.37456895171776794 0.33139231231754984 0.38292038499429765 0.7322988419702365
0 0.447376662512618 0.7290880325305784 0.4424591873213344 0.332940071914457 0.4108203125 0.3333328125 0.4157377876912836 0.7294807731161213
0 0.48153410173336786 0.7264764167280544 0.4795640624999999 0.357421875 0.4459740415609178 0.3576011809063568 0.44794408079428577 0.7266557226344112
0 0.5152008141379184 0.35616339219000526 0.4830859375000002 0.35612031250000004 0.482589051270375 0.7265370904660172 0.5147039279082932 0.7265801701560225
0 0.5411265625000002 0.3938796875000001 0.5202025133121688 0.39369871084837343 0.5172743883121688 0.7322408983483732 0.5381984375000002 0.732421875
0 0.5626062500000002 0.3938796875 0.5421118155445008 0.39367202175616833 0.5386859375 0.7317703125 0.5591803719554994 0.7319779782438317
0 0.5938484375 0.34049531250000004 0.5695278570120176 0.33985383580218437 0.5592762945120177 0.7285257108021843 0.5835968750000001 0.7291671875
0 0.6206968750000001 0.3411453125000001 0.5965061484681773 0.3403553576392242 0.5838139609681773 0.7290272326392242 0.6080046875 0.7298171875
0 0.6446171875000001 0.3691406250000001 0.6227682848772644 0.36827987323189315 0.6085802137741818 0.728422942838893 0.6304291163969175 0.7292836946069999
0 0.6704890625000001 0.36914062500000006 0.6490169407696194 0.3682978623842681 0.634853125 0.7291671875 0.6563252467303808 0.730009950115732
0 0.6998044791029345 0.34387171786830606 0.6838979053288877 0.3430805359679906 0.6641437500000001 0.7402343750000001 0.680050323774047 0.7410255569003156
0 0.7105187500000002 0.3424484375000001 0.6990122243365371 0.3418174572049445 0.6779951576883405 0.7250836521292565 0.6895016833518037 0.7257146324243122
0 0.7354140625000002 0.3873703125000001 0.7132316044851879 0.3859949276174113 0.6920894502999845 0.7269794429286551 0.7142719083147968 0.7283548278112439
0 0.7583578125000001 0.3860671875 0.73852582998805 0.3848924921751651 0.7183265049613198 0.7259108415412696 0.7381584874732697 0.7270855368661047
0 0.7905765625000002 0.3691406250000001 0.7693039701828612 0.3674295684596526 0.740432102856493 0.7263770658600661 0.7617046951736318 0.7280881224004137
0 0.8140078125000001 0.36783906250000015 0.793176845759693 0.36613206153148836 0.7637046270081879 0.7257890388271302 0.784535593748495 0.7274960397956419