0 0.2885250824191686 0.675379940531178 0.27778534569861424 0.30306906755196306 0.21210981105658194 0.30496355412817555 0.22284954777713625 0.6772744271073904
0 0.22432962572920215 0.6764993095539596 0.214244279234946 0.326874636776178 0.16688283149375485 0.32824083501140133 0.176968177988011 0.677865507789183
0 0.12146718750000007 0.283353125 0.08191562500000005 0.283353125 0.08191562500000008 0.685165625 0.1214671875000001 0.685165625
0 0.18036485727390048 0.6742155490560378 0.16916581195605035 0.3556639312109398 0.1317365246683624 0.3569798004800561 0.1429355699862125 0.6755314183251541
0 0.44416996269810305 0.6661889531024312 0.4395911340298714 0.2937763337319402 0.3892337412517559 0.29439547997381454 0.39381256991998764 0.6668080993443056
0 0.5326103416857968 0.6587700167626038 0.5252557375038776 0.2861328157564681 0.48888008659799 0.2868507486776851 0.4962346907799092 0.6594879496838209
0 0.61694375 0.3340890625000001 0.5605156250000001 0.3340890625000001 0.5605156250000001 0.6544765625 0.61694375 0.6544765625
0 0.6695399084744916 0.6504790343659903 0.6564898383030908 0.31987899669986064 0.6088666303532768 0.32175887006563414 0.6219167005246776 0.6523589077317639
0 0.3995375301175791 0.6685073342328451 0.38910931837895146 0.29309171164225134 0.33583735904973017 0.2945714882902853 0.3462655707883578 0.669987110880879
0 0.3477175795154084 0.673288584388447 0.3361954273796238 0.2853768972938424 0.28555554110929243 0.28688105531010577 0.29707769324507705 0.6747927424047103
0 0.8315211795051859 0.6480216656763181 0.8198468979580813 0.2510960930747623 0.7357055301966293 0.25357083918539325 0.7473798117437338 0.6504964117869491
0 0.8864798846694038 0.6533363912597234 0.874972146445549 0.26207329164866033 0.8184952665838375 0.26373437635047536 0.8300030048076923 0.6549974759615386
0 0.9697042490120923 0.6579965749003782 0.958517545477409 0.22543807198407412 0.872368258241127 0.22766604006131486 0.8835549617758103 0.6602245429776189
0 0.7265947004982669 0.6505118744584054 0.7111423120667244 0.27965455210138646 0.6114888891897747 0.2838067780545927 0.6269412776213171 0.6546641004116116
0 0.7630247181638119 0.6481284659263398 0.7516116698636017 0.27530526493235863 0.7108335750693995 0.27655358414703185 0.7222466233696095 0.649376785141013
0 0.49610549440149815 0.6660217489839018 0.4894087100533949 0.291001825490118 0.43678411250796945 0.2919415504462863 0.4434808968560727 0.66696147394007