0 0.08495974550602774 0.7968022926017985 0.0686553125 0.2262863 0.05310274541305217 0.22707646435469847 0.06940717841907991 0.797592456956497
0 0.11085132499999999 0.8133784916666666 0.09453434095241381 0.21997780136661094 0.065716146875 0.2213865583333333 0.08203313092258618 0.8147872486333889
0 0.17004492187500003 0.8192983916666668 0.15370287480103004 0.16852658228597595 0.09679280625 0.1710672291666667 0.11313485332397 0.8218390385473575
0 0.22479906249999998 0.8202850749999999 0.2134487190510778 0.16839352792184653 0.15894612812500003 0.17008057916666666 0.17029647157392222 0.8219721262448202
0 0.28473260312500004 0.8232450583333333 0.2735714415096166 0.16641041260450443 0.21590399665285726 0.16815246625848562 0.22706515826824072 0.8249871119873144
0 0.345406034375 0.8232450583333333 0.3380238031250001 0.16769254999999997 0.28106277587068235 0.16883289286114672 0.2884450071206823 0.82438540119448
0 0.36686970150218523 0.8268517615603383 0.36168428125 0.26479930000000007 0.3394809476591235 0.2651634688230345 0.3446663679113087 0.8272159303833728
0 0.4076489634377099 0.8294221103163568 0.39570303151135955 0.137486270765736 0.35943212360939697 0.13859951411560795 0.37137805553574726 0.8305353536662288
0 0.45270733886782083 0.8038920117685963 0.44751503125000014 0.2519728 0.4112461142571794 0.2525793923980705 0.41643842187500013 0.8044986041666669
0 0.48747075625000014 0.25197280000000005 0.4541753108507264 0.2517362630907535 0.4519545875000001 0.8074585875 0.4852500328992739 0.8076951244092466
0 0.55184385625 0.2638126375000001 0.492650209375 0.26381263750000006 0.492650209375 0.8104185083333333 0.55184385625 0.8104185083333333
0 0.6162168531250002 0.2638126375000001 0.5555650174864739 0.26270224401807896 0.5499551602320827 0.8074511031706493 0.6106069958706091 0.8085614966525705
0 0.6431995843750002 0.30224116250000005 0.6169884718522868 0.3014398162888574 0.6084913265230568 0.7955408771717529 0.6347024390457703 0.7963422233828956
0 0.6754105 0.3013054791666667 0.6487733499999999 0.30031882916666675 0.6384747534509028 0.7946069282994916 0.6651119034509028 0.7955935782994916
0 0.7026173565887178 0.29970819771208496 0.6754105000000001 0.29834549583333353 0.6614888565778536 0.7924803540674245 0.6886957131665713 0.793843055946176
0 0.7309045812500001 0.2993321458333334 0.7072376628182844 0.2980095659874607 0.6916603848772636 0.7935611352346819 0.7153273033089793 0.7948837150805547
0 0.7516222906250003 0.30821202916666685 0.7252767274903843 0.307312423360865 0.7161061218750001 0.7847655333333334 0.7424516850096161 0.7856651391391353
0 0.7844075164490807 0.30824514754521315 0.7533702916279047 0.30718395081154964 0.7442231593749999 0.7827922333333336 0.775260384196176 0.7838534300669971
0 0.8411526531250001 0.32202516666666686 0.7937747359986758 0.3200471531822746 0.7826759391236756 0.7926540906822745 0.8300538562499999 0.7946321041666666
0 0.8959067406250002 0.2795990875000001 0.8493698711451463 0.2770572754828834 0.8330087871378 0.8095863013180119 0.8795456566176538 0.8121281133351287
0 0.9521407156250001 0.26381263750000017 0.9103236892360295 0.2606772643834433 0.8865902329780078 0.8234102568102324 0.9284072593669783 0.8265456299267891