0 1.0089265950609787 0.19979289652701482 0.9772414747168195 0.19002764631644833 0.8591679451727184 0.8711137264737698 0.8908530655168777 0.8808789766843363
0 0.9683892500000002 0.19340227500000015 0.9445228078002776 0.18708468727305225 0.8422922993602956 0.8736698210466607 0.8661587415600183 0.8799874087736085
0 0.9360720312500002 0.1954064458333335 0.9112459965512946 0.18921835395230924 0.8155669119165481 0.8716278938670982 0.8403929466152537 0.8778159857481225
0 0.9022516843750001 0.19139810833333357 0.8861951537777337 0.18770479321107406 0.7974149680921341 0.8738702790282236 0.8134714986894005 0.8775635941504831
0 0.8775249009316666 0.18676685706604199 0.86166726875 0.18338143333333348 0.7786574956928713 0.8746264374336642 0.7945151278745379 0.8780118611663726
0 0.8534000718750002 0.18638768750000018 0.8422609871166351 0.1841802305586186 0.7647643372749798 0.8793928859645377 0.775903422033345 0.8816003429059192
0 0.8316047375000002 0.1853856041666668 0.8088877538158681 0.1810148521266959 0.733731428815868 0.8754592937933626 0.7564484125000001 0.8798300458333336
0 0.7985359562500001 0.1773689291666668 0.7790032603149999 0.17416011945348325 0.7142352643919697 0.875060278017262 0.7337679603269699 0.8782690877304457
0 0.770728115625 0.18237935000000016 0.7306572462255998 0.17633091677968923 0.6718038988785777 0.8694925514591235 0.7118747682779779 0.8755409846794345
0 0.71887025 0.1793730958333334 0.70030615118828 0.17710355945746978 0.6520187168512638 0.8792833522058128 0.6705828156629838 0.8815528885816765
0 0.6880561562500002 0.18738977083333347 0.6723664367816783 0.18577822984362277 0.6324670774838712 0.876363351201558 0.6481567969521931 0.8779748921912687
0 0.6640061312500002 0.18538560416666675 0.6512961035454946 0.18415935933383815 0.6137179410454945 0.876599634333838 0.6264279687500001 0.8778258791666667
0 0.6422107968750002 0.18438351666666677 0.6272519251274371 0.18299602717911354 0.5911768907524371 0.8744342188457803 0.6061357625000001 0.8758217083333336
0 0.6159060843750002 0.19240019166666675 0.588968821105678 0.1900128418574119 0.555148474230678 0.8684239376907452 0.5820857375000001 0.8708112875000001
0 0.5813605124671926 0.18868850649754604 0.56179353125 0.18738977083333347 0.536167597917264 0.87376282666895 0.5557345791344565 0.8750615623331626
0 0.547513828125 0.18738977083333344 0.5302470602938906 0.1866223590037204 0.5129611071688907 0.878060550670387 0.5302278750000001 0.8788279625000001
0 0.5219606781250002 0.1913981083333334 0.5054352250092019 0.19088569116077803 0.4934012750000001 0.8808321291666668 0.5099267281157984 0.8813445463392221
0 0.5016684718750002 0.18237935000000013 0.4710472734606668 0.1809653840665465 0.4528886605207651 0.8800719518416287 0.48350985893509846 0.8814859177750823
0 0.46258718125 0.18237935000000008 0.442294975 0.18237935000000008 0.442294975 0.8798300458333334 0.46258718125 0.8798300458333334
0 0.43628246875 0.4018358166666668 0.41373556875000006 0.4018358166666668 0.41373556875000006 0.8868446375 0.43628246875 0.8868446375
0 0.41749338750000015 0.1944043625000001 0.4032647744983587 0.19366307435443525 0.38293407780519867 0.887416669588726 0.39716269080684014 0.888157957734291
0 0.3934526849773071 0.19454343392673892 0.3693933374999999 0.1944043625 0.3671387316249498 0.8878206555255173 0.39119807910225696 0.887959726952256
0 0.36262926875 0.8888488041666667 0.358119890625 0.20041686666666664 0.3483700040216757 0.2005304024293835 0.35287938214667575 0.8889623399293834
0 0.34534919555783405 0.8877414772585653 0.340833934375 0.19941478333333332 0.32203314449895953 0.19963403445989053 0.3265484056817936 0.8879607283851225
0 0.328808921875 0.8898508916666668 0.31302609375000007 0.20141894999999999 0.2979629557234944 0.20203287701389042 0.3137457838484944 0.8904648186805573
0 0.3077784317129574 0.891306192992138 0.2874511752758538 0.1976698843574609 0.273193240625 0.19841269999999997 0.2935204970621036 0.8920490086346771
0 0.2934854500000001 0.8888488041666668 0.2686565780807163 0.1946435845022257 0.25665885 0.1954064458333334 0.2814877219192838 0.8896116654977744
0 0.28296356562499997 0.8868446375 0.24833844823072693 0.19434228544145923 0.23636664375 0.19540644583333336 0.27099176114427304 0.8879087978918742
0 0.269435425 0.8818342166666666 0.2317629312176866 0.1645499323780585 0.201794734375 0.16734808333333334 0.23946722815731336 0.8846323676219414
0 0.23636664374999997 0.8838383833333334 0.1841248587628323 0.16204369034183436 0.15068843125 0.16634600000000002 0.20293021623716764 0.8881406929914991
0 0.20404942187500005 0.8868446375 0.146709789085931 0.24504312154238653 0.1311477875 0.2475148291666667 0.18848742028906906 0.8893163451242803
0 0.18150252500000003 0.8878467208333334 0.12114127288401862 0.2409370978199673 0.093569625 0.24551066250000003 0.15393087711598138 0.892420285513366
0 0.16196188124999997 0.8898508916666668 0.07852265883384442 0.18491589827450203 0.06200396874999999 0.18839185416666668 0.14544319116615556 0.8933268475588314
0 0.144675925 0.8878467208333335 0.05800153722485644 0.1954565213752904 0.0447180125 0.19841270000000003 0.1313924002751436 0.890802899458043
0 0.12970557323051848 0.8883073790241991 0.037886347270733804 0.19389314105211042 0.02279417091521534 0.19744082036124466 0.11461339687500001 0.8918550583333332
0 0.11010401562499998 0.8878467208333333 0.01648455261297909 0.19526403279890897 0.0033820343750000036 0.1984127 0.09700149738702088 0.8909953880344242
0 0.09432118750000003 0.8948613125000001 0.0011273437500000593 0.2455106625 -0.018157153068263977 0.2504309868155226 0.07503669068173599 0.8997816368155227