0 0.20610366562500002 0.8486832375 0.15642837052625586 0.3034577094629388 0.1235285375 0.3087865833333333 0.17320383259874417 0.8540121113703946
0 0.23895611875000006 0.8474992166666669 0.19251633437429222 0.3027985056396521 0.160820528125 0.30760260000000006 0.20726031250070784 0.8523033110270147
0 0.27029917187499997 0.8509722124999999 0.22631990004614005 0.3017511229792979 0.19408738437499998 0.3063396416666666 0.2380666562038599 0.8555607311873686
0 0.31099479062499996 0.8282792208333334 0.27013733484099306 0.2963393819809218 0.24280895937500002 0.300071025 0.2836664151590069 0.8320108638524116
0 0.3432779037971855 0.8260553748479572 0.304957365430915 0.2968155972974341 0.27647828354723336 0.3004815139029413 0.3147988219135039 0.8297212914534644
0 0.37393949475158145 0.8281796096232623 0.3428802479148271 0.29310635854163686 0.3102549 0.29647310416666667 0.3413141468367543 0.831546355248292
0 0.4049646625000001 0.8253192375000001 0.37459417216828184 0.29158409457977835 0.3450551460108925 0.2945722257038511 0.37542563634261067 0.8283073686240728
0 0.4390009968750001 0.8154527333333335 0.42168395856353136 0.31493565620325226 0.3849868500000001 0.317192825 0.4023038883114688 0.8177099021300812
0 0.4700776562500001 0.8223592541666667 0.4535836968750001 0.32719775833333326 0.4219512668890252 0.3290709753010824 0.43844522626402516 0.8242324711344157
0 0.514472840625 0.8233459375 0.499970415625 0.29139046666666674 0.4559925281347441 0.2935219266601942 0.4704949531347441 0.8254773974935276
0 0.547769328125 0.8193993375 0.5374053125 0.2870501916666667 0.5040874984899151 0.28820334078216 0.5144515141149151 0.8205524866154934
0 0.5912863733181465 0.8144136778956531 0.58379203125 0.28488005000000005 0.5411007575677627 0.2859541792721496 0.548595099635909 0.8154878071678028
0 0.62398111875 0.8174260375000002 0.621021446875 0.29351315416666673 0.5855017195637633 0.2938698775542544 0.5884613914387633 0.817782760887588
0 0.6580177135195959 0.2925469932554978 0.62250123125 0.29252650416666687 0.6223315396054042 0.8154585192445026 0.6578480218750002 0.8154790083333336
0 0.7042347406250002 0.2794547041666668 0.6624984013342213 0.2784890443181362 0.6554968950842212 0.8164603776514696 0.6972332343750001 0.8174260375000002
0 0.7530628656250001 0.27294428750000016 0.7047086468640609 0.2711390112126221 0.6932741999890608 0.8156207612126223 0.74162841875 0.8174260375000002
0 0.7964161000000002 0.2687024625000002 0.7594667376020225 0.26690430672494697 0.7445382112784973 0.8122527124868278 0.7814875736764748 0.8140508682618811
0 0.8142155272728336 0.36360065620364623 0.7956850756245812 0.36280157674315056 0.7852088235348685 0.7946978438311842 0.8037392751831207 0.7954969232916799
0 0.840953490625 0.3630050500000001 0.8179459215209259 0.3615599625831379 0.8028628805404198 0.788476521228521 0.8258704496444939 0.7899216086453832
0 0.893850625 0.29898595416666685 0.8489906443352784 0.2967743617409255 0.8350729325499453 0.7986536807693556 0.8799329132146669 0.8008652731950969
0 0.9467477593750001 0.2989859541666668 0.9016914567477962 0.29564565329631576 0.8806412896866285 0.8004266345571094 0.9256975923138324 0.8037669354274605