0 0.22208125 0.8343484374999999 0.15827461569201992 0.4005389192367156 0.1146125 0.40696093750000006 0.1784191343079801 0.8407704557632844
0 0.25914375 0.8327421874999998 0.20410024372183014 0.40163002501753897 0.16259218749999998 0.4069296875 0.21763569377816988 0.8380418499824609
0 0.3144234375 0.8355328125 0.27052833145203603 0.4010485699068725 0.212315625 0.4069296875 0.256210731047964 0.8414139300931274
0 0.3694953125 0.8340437500000002 0.3408663780456687 0.40281629515459094 0.27890781249999996 0.4069296875 0.30753674695433125 0.8381571423454093
0 0.41830937500000004 0.8378999999999998 0.38363683542416854 0.40637691822284044 0.34727656249999994 0.40929843750000006 0.3819491020758314 0.8408215192771593
0 0.49341781530114626 0.835225097470133 0.46129218749999995 0.4095640625 0.40461862459402154 0.4138413480359196 0.4367442523951678 0.8395023830060525
0 0.5491830888080569 0.4105287727603814 0.49289218750000013 0.41048281250000007 0.492539348529527 0.8426305744962577 0.5488302498375838 0.842676534756639
0 0.6216390625000001 0.4104828125000002 0.5569945487268286 0.4081219312145012 0.5410519037743191 0.8446557533695878 0.6056964175474906 0.8470166346550867
0 0.6917828125000002 0.4092984375000001 0.6291599749279857 0.4047414774707935 0.597015058464408 0.8464846285106941 0.6596378960364225 0.8510415885399005
0 0.7484015625000002 0.4121687500000001 0.6946897827009344 0.40761665719470735 0.6573821381597482 0.8478229697918682 0.711093917958814 0.852375062597161
0 0.8143140625 0.4211375000000001 0.7614892488852142 0.41518555442167787 0.7111513865335265 0.8619450486918151 0.7639762001483124 0.8678969942701376
0 0.8729156250000001 0.4531062500000001 0.8389589729210896 0.44937030449038584 0.7949295127820081 0.8495616497114244 0.8288861648609187 0.8532975952210389
0 0.9048796875000003 0.4495531250000001 0.8753610289038104 0.446139017076829 0.8284553336285272 0.8516895257912533 0.8579739922247172 0.8551036337144244
0 0.9417609375000003 0.45383593750000006 0.9130691799587327 0.4499113757149932 0.8580836175277395 0.8519008237005876 0.8867753750690073 0.8558253854855945