0 0.17897187500000003 0.8913140625000002 0.06726803093076307 0.0009444729582831713 0.0204453125 0.006818750000000001 0.13214915656923695 0.897188339541717
0 0.20580000000000004 0.8869781250000003 0.1472671875 0.2257734375 0.10071709464371677 0.22989426106420746 0.15924990714371678 0.8910989485642077
0 0.24075625000000006 0.892396875 0.20573261503215692 0.33852185245606414 0.1545828125 0.34175624999999993 0.1896064474678431 0.8956312725439359
0 0.2672758453677251 0.8862157838168068 0.22750399471559102 0.262018771778052 0.19854533684786588 0.26386392546124504 0.23831718749999994 0.8880609374999999
0 0.2879078125 0.8837249999999999 0.24726093749999997 0.06751875 0.2170402690977818 0.06902373202012227 0.2576871440977818 0.8852299820201222
0 0.3123030864553034 0.885001933845232 0.28624985509597545 0.07733611317980991 0.25457656250000005 0.07835781250000001 0.28062979385932796 0.8860236331654221
0 0.34807514171500387 0.8815218396440608 0.34725077369965573 0.09888804842800285 0.28546875000000005 0.098953125 0.2862931180153482 0.8815869162160579
0 0.39603125000000017 0.10870781250000006 0.3448452990792382 0.10838199207196561 0.33993776348723076 0.8793492315105087 0.39112371440799276 0.8796750519385432
0 0.4531000441630747 0.24181667361943776 0.41147656250000014 0.2398656250000001 0.38192103693767615 0.8704003354268881 0.42354451860075076 0.8723513840463258
0 0.5067072609924755 0.2750354347411604 0.45131249999999995 0.2713 0.41083002841974325 0.8716362374030927 0.46622478941221884 0.8753716721442532
0 0.5569968750000003 0.2832234375000001 0.5083756814370214 0.27917156137680654 0.4594513041173018 0.8662481518959215 0.5080724976802806 0.870300028019115
0 0.6090250000000001 0.2864750000000001 0.5611374846958109 0.280944333654526 0.49507589667542273 0.8529414692138259 0.542963411979612 0.8584721355592999
0 0.6317875000000001 0.28972656250000006 0.6059885792731963 0.2867668570917167 0.5404853034721694 0.8577405137965517 0.5662842241989732 0.860700219204835
0 0.6602421875000001 0.2929781250000001 0.6318477700310811 0.2892656005707291 0.557868082531081 0.855082788070729 0.5862625 0.8587953125000001
0 0.6782347310494277 0.2932715464786961 0.6602421875000001 0.2908109375000001 0.5819215919789029 0.8635092971057823 0.5999141355283305 0.8659699060844783
0 0.7594686693351556 0.07076349087389355 0.7252781250000001 0.06535000000000009 0.6007242854026666 0.8520075697769014 0.6349148297378221 0.857421060650795
0 0.8496609374999998 0.08811406250000006 0.769178125 0.07293906250000008 0.6228106922702589 0.849219961642941 0.7032935047702586 0.8643949616429409
0 0.9358328125000002 0.09678437500000019 0.8569633471668521 0.07806872801745575 0.6764629610840336 0.8387140295694794 0.7553324264171817 0.8574296765520237
0 0.914696875 0.3265796875000001 0.8795631543515983 0.3182790192926478 0.7561418613973885 0.8406766287859382 0.7912755820457902 0.8489772969932904
0 0.9512796875000001 0.2897265625000001 0.9269955314137203 0.28379922253151707 0.791282607558475 0.8398115051658861 0.8155667636447548 0.8457388451343693
0 0.9959921875000001 0.29514687500000014 0.957898729055888 0.2852813801573152 0.8149585737997065 0.8372136401273949 0.8530520322438185 0.8470791349700798