0 0.072474959375 0.8598790333333334 0.04480864402824329 0.10800621048646594 0.0009348968750000006 0.11087625833333335 0.028601212221756704 0.8627490811802009
0 0.10828213610636413 0.8542986315494008 0.0763617861845468 0.06092783552266687 0.04380643132818267 0.06325641647326594 0.07572678124999999 0.8566272124999998
0 0.13263365 0.8609629708333333 0.1066011503975969 0.07456456384640009 0.07897860312499999 0.07619016666666666 0.10501110272740308 0.8625885736535999
0 0.18061222043473776 0.8624509126317549 0.15742562705864563 0.2032891786205169 0.109870903125 0.20626300833333336 0.13305749650109217 0.8654247423445713
0 0.20092189062500002 0.866382675 0.1821969316490804 0.11629872619005464 0.15783526250000002 0.11737990000000001 0.17656022147591965 0.8674638488099453
0 0.22449759375 0.8631308541666667 0.21047924776261978 0.11218736860927053 0.18466278749999998 0.11304413749999999 0.19868113348738017 0.8639876230573961
0 0.26274582455470546 0.8679209221338464 0.25532392129447873 0.1686126657971974 0.21311621875000006 0.1694090375 0.2205381220102268 0.8687172938366491
0 0.3033542531250001 0.16724115416666674 0.25376398437500003 0.16724115416666674 0.25376398437500003 0.8674666125 0.3033542531250001 0.8674666125
0 0.3472611339861612 0.1804600536439513 0.29766356562500007 0.18024843750000008 0.2960091071295056 0.8696066251765416 0.34560667549066676 0.8698182413204929
0 0.3789590906250001 0.21059876666666671 0.34808841723013073 0.2099239980619 0.3399588672301307 0.8711276063952335 0.37082954062500006 0.8718023750000001
0 0.4181381971112228 0.21247757647726842 0.379772046875 0.21059876666666677 0.36147396118487907 0.8748747242186549 0.3998401114211019 0.8767535340292566
0 0.45700734531275716 0.11612833323947945 0.415542078125 0.11412807916666674 0.39495914611233723 0.8726777383328161 0.4364244133000944 0.8746779924056288
0 0.49846351562500013 0.11954777916666674 0.46443679614381883 0.11688284028610249 0.43104420226042184 0.8748675701381277 0.4650709217416031 0.877532509018692
0 0.5367190615483153 0.12093761295033696 0.503341246875 0.11737990000000006 0.4582489437553954 0.8694648278318782 0.4916267584287106 0.873022540782215
0 0.563499934375 0.1271353625000001 0.531982687313196 0.12438676553120605 0.49517606589105095 0.874696602581396 0.5266933129528549 0.87744519955019
0 0.5839211176037447 0.2577769464122432 0.558622203125 0.25504032083333344 0.5209411749536871 0.8743198478368022 0.5462400894324316 0.8770564734157119
0 0.60622136308889 0.25422416723867053 0.5828673210060611 0.2516844840307932 0.544801965625 0.8739702583333332 0.5681560077078289 0.8765099415412105
0 0.6254656015327815 0.24513320545322342 0.6041476968749999 0.24311697916666683 0.5704270976286596 0.8769545814281103 0.5917450022864412 0.878970807714667
0 0.6480472812500001 0.24528485833333344 0.6229128052591536 0.2429280521203682 0.589514503125 0.8761381375 0.6146489791158466 0.8784949437129653
0 0.6781266250000001 0.2463688000000001 0.6530291502781433 0.243604190206374 0.6135139371704356 0.8813358605401085 0.6386114118922923 0.8841004703337346
0 0.7098318812500001 0.28322277083333347 0.6752085635951077 0.2786902637362117 0.6311474189121914 0.8770514800807528 0.6657707365670837 0.8815839871778746
0 0.7342205375 0.2832227708333335 0.707672600456607 0.280091967293221 0.6675582062500001 0.8848096583333335 0.6941061432933933 0.8879404618734461
0 0.7629881156578276 0.27323669331306316 0.738285315625 0.27021548750000013 0.6960919051728369 0.8835366847494962 0.7207947052056646 0.8865578905625592
0 0.7870626312499999 0.27888700833333346 0.7619328035027308 0.2753378523562944 0.7136307196753668 0.8833437140408444 0.7387605474226359 0.8868928700178835
0 0.8199040669738137 0.29685811973770587 0.787875584375 0.29189429583333343 0.7359568715513218 0.8874486273366019 0.7679853541501356 0.8924124512409742
0 0.8512860937500001 0.2940621750000002 0.8166510335335111 0.2883953888017461 0.7616367426983269 0.8861626308585772 0.7962718029148159 0.8918294170568313
0 0.8911209031250003 0.1607375125000002 0.862479379391871 0.15607758202665065 0.7955211965779575 0.8877182098704868 0.8241627203110866 0.8923781403438363
0 0.9130706937499999 0.17157691666666683 0.8897286842682804 0.1678740677328211 0.8252715281250002 0.8902293625000001 0.8486135376067196 0.8939322114338458
0 0.9325816218750003 0.29514611666666696 0.9099790234978776 0.29130353764148365 0.8529120062499999 0.8880614791666669 0.8755146046271225 0.8919040581918501
0 0.9553443687500002 0.29839793750000015 0.9319775222069178 0.2941753570445616 0.8713440491786983 0.890677614194379 0.8947108957217808 0.8949001946498175
0 0.99436621875 0.21059876666666677 0.9593004651047788 0.20397275395755052 0.8860474991155766 0.8931542362756525 0.9211132527607976 0.8997802489847688
0 1.0248380348131563 0.21338389434375538 0.9959921312500002 0.20734694583333352 0.9149700240279918 0.8955992639999995 0.943815927591148 0.9016362125104214