0 0.08629520000000002 0.9281672750000001 0.042222342911322173 0.22191334993692574 0.013897362384630999 0.22505572068927948 0.05797021947330884 0.9313096457523538
0 0.11312272500000001 0.9335869750000002 0.07955431568362124 0.2174609137802441 0.044834481249999995 0.22035423333333337 0.07840289056637875 0.9364802945530895
0 0.14157615624999997 0.9314190958333335 0.10160978124391909 0.24519369710513036 0.07158523302992707 0.24830241938153302 0.11155160803600798 0.9345278181097361
0 0.16433890625000003 0.9325030333333334 0.13494894121971174 0.24456018537334137 0.09686361875000002 0.24745274166666667 0.1262535837802883 0.9353955896266587
0 0.20661257812499997 0.9314190958333332 0.1797251431277736 0.11556193000395125 0.130194784375 0.11846384166666667 0.15708221937222638 0.9343210074960486
0 0.25132511562500004 0.9346709166666667 0.23004561547749044 0.2460880439354612 0.185475740625 0.24853667916666666 0.20675524077250965 0.9371195518978721
0 0.283988194476586 0.9364425348396718 0.2666568424963404 0.20577483345602704 0.229375325 0.20734694583333327 0.2467066769802456 0.9380146472169779
0 0.31798744687499997 0.9422584999999999 0.3040176432315391 0.21363726894856916 0.26595831249999996 0.21493452916666664 0.2799281161434608 0.9435557602180975
0 0.3440154858928296 0.9375945076492871 0.338311328125 0.1585696333333333 0.30089514338929235 0.15905668740502235 0.30659930115712203 0.9380815617209761
0 0.37570727187499997 0.9411745583333333 0.365138853125 0.15531781249999999 0.3317746834299328 0.15611548463656363 0.34234310217993286 0.9419722304698969
0 0.40254003499799385 0.9418323350988568 0.3960311531249999 0.12496748333333332 0.36594656812700593 0.1253936482344765 0.37245544999999997 0.9422584999999999
0 0.428604818114792 0.9418919425510335 0.4212327656250001 0.12605142083333334 0.39114799429523417 0.12653471030525004 0.3985200467850261 0.9423752320229503
0 0.4626934843750001 0.9390066750000001 0.45698930843914604 0.259938200705202 0.422045721875 0.26046002500000004 0.42774989781085404 0.9395284992947982
0 0.5228521718750001 0.26479578750000005 0.4626831783891364 0.2644113211084104 0.4602443127641364 0.9429579711084105 0.52041330625 0.9433424375
0 0.57650721875 0.25829214166666675 0.518787396875 0.2582921416666667 0.518787396875 0.9411745583333333 0.57650721875 0.9411745583333333
0 0.6277234000000002 0.08160986666666677 0.582143519904499 0.08061358509588955 0.5715751011544989 0.9401782767625562 0.6171549812500002 0.9411745583333335
0 0.6676517752728912 0.08399698224924852 0.6269104437500002 0.08269380833333344 0.611370724727109 0.9463750260840852 0.6521120562500001 0.9476782000000002
0 0.7083649707827507 0.2616211983466883 0.665932296875 0.2593760833333334 0.6454494135922493 0.9476009641533119 0.6878820875 0.9498460791666667
0 0.7537314656250002 0.2322775750000001 0.7066111412876885 0.22924976293304003 0.6805965725376886 0.9489861504330401 0.7277168968750001 0.9520139625000001
0 0.7951923194200907 0.2333566236031809 0.752105553125 0.23119363333333345 0.7317815337049094 0.9509349097301527 0.7748683000000002 0.9530979000000002
0 0.824458571875 0.21601847083333345 0.7984665083566714 0.21432165946096968 0.7715767698237175 0.9465916658958503 0.7975688333420461 0.9482884772682142
0 0.8529120062500002 0.2138505916666668 0.8276983704740168 0.21196916177275227 0.7968060704740167 0.9479646492727523 0.8220197062500002 0.9498460791666669
0 0.8756747531250001 0.26154396666666685 0.8473587774549532 0.2594001702938319 0.8178247269168608 0.95290339627101 0.8461407025869077 0.9550471926438449
0 0.9025022750000001 0.25829214166666686 0.8792790920948335 0.2565311421220299 0.8496601843750003 0.9509300208333336 0.872883367280167 0.9526910203779706
0 0.9309557093750002 0.25720820416666684 0.906769064978738 0.2551519005339078 0.873437899353738 0.9521255380339079 0.8976245437500001 0.954181841666667
0 0.9586740687806037 0.26218561418159353 0.9277038906250002 0.2593760833333335 0.8923325817798492 0.9525440783209823 0.9233027599354526 0.9553536091692423
0 0.9959921312500004 0.1314711250000002 0.9635237256907322 0.1283748001791775 0.9195164879932051 0.9487566248924159 0.9519848935524733 0.9518529497132384