0 0.2861096103889945 0.18317649844949482 0.23750468749999992 0.168325 0.010862264611005524 0.9100641265505052 0.05946718750000009 0.924915625
0 0.3289184440727898 0.21938123017162098 0.2892331903052328 0.20699940463547498 0.07181162123244311 0.9038619244638539 0.11149687500000009 0.9162437499999999
0 0.3880306085800745 0.22730957064709462 0.3415625 0.21168281250000004 0.11461939141992557 0.8865263668529056 0.16108750000000005 0.9021531250000002
0 0.4629844765896639 0.1628400992488404 0.4193357519739358 0.1475823530688801 0.16052471288427203 0.8879781913200396 0.2041734375000001 0.9032359375000001
0 0.46146840903528263 0.2875548471451993 0.4204203125 0.2734671875000001 0.2053987784647175 0.8999889028548008 0.2464468750000001 0.9140765625
0 0.5535082536992606 0.19578523800684017 0.5082187499999999 0.17916406250000005 0.23996783058181964 0.910096179925754 0.28525733428108024 0.9267173554325939
0 0.6890586942674647 0.06112012619331626 0.6041484374999999 0.02958125000000007 0.2647819307325353 0.9432376863066837 0.34969218750000014 0.9747765625
0 0.7889366178637502 0.04980733790041407 0.70820625 0.018740625000000045 0.3530020348456492 0.9417789602138701 0.43373240270939933 0.9728456731142842
0 0.7673274753646392 0.18568757706391958 0.7374718749999999 0.17374531250000008 0.4279504273983303 0.9475473493263502 0.4578060277629696 0.9594896138902698
0 0.7973959797154784 0.18359822896451622 0.7683640625 0.1715765625000001 0.44748214528452157 0.9464955210354841 0.47651406250000006 0.9585171875000004
0 0.7781203125000002 0.29297812500000014 0.7528815331411876 0.2824480326629829 0.47919405256170594 0.9384287890075663 0.5044328319205187 0.9489588813445836
0 0.8550200338744544 0.2384747330609271 0.8114515625 0.22035468750000012 0.5142409036255456 0.9349783919390731 0.557809375 0.9530984374999999
0 0.9031727592121334 0.24087464116914284 0.8618546874999998 0.22360625000000006 0.5615348808759582 0.9421813149915484 0.6028529525880917 0.9594497061606913
0 0.9656154642981718 0.24408886333865346 0.9203875 0.22469062500000012 0.6125751607018282 0.9423705116613469 0.657803125 0.9617687500000003
0 1.0190703258691596 0.2476537377559783 0.9748546875 0.22794218750000014 0.6535500309639245 0.9486714206265283 0.6977656693330839 0.9683829708825064
0 1.0352076640503403 0.306743837546749 0.9976187500000002 0.28864218750000015 0.6854755728723037 0.9368219405143062 0.7230644869226437 0.9549235905610549
0 1.0378144186064735 0.40349534163461875 0.9984312499999998 0.3840296875000001 0.7241043313935263 0.9390515333653815 0.7634875000000001 0.9585171875
0 1.0370849544341176 0.5017693250905857 0.9968046875000001 0.4815843750000002 0.7662931705658826 0.9415837999094145 0.8065734375000002 0.9617687500000003