0 0.2901744490652023 0.9614548261383097 0.04962496962672258 0.09089474660398893 0.00012194374999999758 0.1152120208333333 0.24067142318847967 0.9857721003676541
0 0.3440020156250001 0.9693570083333334 0.10780831137939184 0.08294240674115126 0.06028063125000001 0.10545655416666667 0.29647433549560825 0.9918711557588489
0 0.3961436866285509 0.9696917377485968 0.16888358410607235 0.08899070991875488 0.118813409375 0.1119601958333333 0.34607351189747854 0.9926612236631752
0 0.46838416875 0.9509300208333333 0.2769780303367182 0.2623079338134881 0.2210356116936225 0.28995147177218733 0.4124417501069043 0.9785735587920326
0 0.635039996875 0.9238315125 0.30004203025038023 0.17395771890067308 0.2716489999999999 0.19650754583333327 0.6066469666246197 0.9463813394326602
0 0.6618675218749999 0.9151599875000003 0.3373544389623498 0.1748135630164513 0.3122967624999999 0.19433966250000007 0.6368098454126501 0.9346860869835489
0 0.6846302687499998 0.8999848250000002 0.37127691718260847 0.1680088508060196 0.34237610625 0.1900039041666667 0.6557294578173913 0.9219798783606473
0 0.717961434375 0.8902293625000002 0.4566647720064177 0.30739942552874333 0.43165317335745845 0.3273341820458473 0.6929498357260407 0.910164119017104
0 0.7463098568133081 0.897080534554872 0.5108681129981083 0.30338182106488704 0.4748878125 0.3287482666666666 0.7103295563151997 0.9224469801566516
0 0.78543671875 0.8891454208333335 0.5342335468749999 0.2875585333333335 0.5054685048966607 0.30891204185249443 0.7566716767716608 0.9104989293524944
0 1.0341333396405163 0.16553619243903955 0.9992439531249999 0.15206599166666684 0.8216010923285504 0.9700494021802257 0.8564904788440668 0.9835196029525984
0 1.0163250199642992 0.31738455601113624 0.9917336298932364 0.30884195301444056 0.86266746875 0.9693570083333334 0.8872588588210629 0.9778996113300292
0 1.03279113059538 0.43834409158132026 0.9968455550451687 0.42493069460816163 0.8846172593749999 0.9596015416666667 0.9205628349252114 0.9730149386398254