0 0.2101845394445792 0.12700708386031026 0.13867274279852793 0.12245975791525451 0.11654481250000004 0.7411024291666666 0.18805660914605132 0.7456497551117224
0 0.29069464070458123 0.1337942510822731 0.21844937944832235 0.12797733828492022 0.19058244062500013 0.7432725708333334 0.262827701881259 0.7490894836306862
0 0.3517410550866288 0.09870780271798128 0.2833821287473283 0.09627786608307089 0.2702788419359643 0.7516047801521125 0.3386377682752647 0.7540347167870229
0 0.420017721875 0.10308159583333339 0.35248889687500007 0.10308159583333339 0.35248889687500007 0.7541232625000001 0.420017721875 0.7541232625000001
0 0.4851078437254837 0.7571170063837352 0.483281851433933 0.03990263594667032 0.4255141327084492 0.040164100396268373 0.4273401249999999 0.7573784708333334
0 0.548566571875 0.04557291666666675 0.488360146875 0.04557291666666674 0.488360146875 0.7573784708333334 0.548566571875 0.7573784708333334
0 0.593396109375 0.7638888875000001 0.5860281739048271 0.11098253380444421 0.5453696079760066 0.11179822250910101 0.5527375434461794 0.7647045762046569
0 0.636516925 0.7638888875000001 0.6267056630581074 0.11618517607983632 0.584415698333449 0.11732401757064292 0.5942269602753416 0.7650277289908066
0 0.7056729500000001 0.7682291666666666 0.6987539754782105 0.048835138278036844 0.6352931504782104 0.04992020911137014 0.6422121249999999 0.7693142374999999
0 0.7723881718750001 0.7725694458333333 0.7568609236620858 0.05105440000763397 0.6934756400936394 0.05347941827491544 0.7090028883065538 0.7749944641006148
0 0.8114409874999999 0.7714843749999999 0.8008064927026423 0.15289417503415306 0.7609796568204956 0.15411138950094772 0.7716141516178533 0.7727015894667946
0 0.851307403125 0.7693142375 0.8415122175705708 0.1596848343462369 0.8016989431115323 0.16082207436295157 0.8114941286659615 0.7704514775167148