0 0.07252585312500007 0.0541125541666667 0.03403309132882413 0.046315467147802304 -0.0343591649211759 0.646563983814469 0.004133596875000057 0.6543610708333334
0 0.1108555781250001 0.062129229166666716 0.07162564966071074 0.05454771490605117 -0.02600473285032534 0.9526463245719132 0.013225195613964047 0.9602278388325287
0 0.13791185625000013 0.06313131250000005 0.10761706040243939 0.05784283043448553 0.01991642500000009 0.9509780333333334 0.050211220847560835 0.9562665153988479
0 0.16496813437500019 0.0641333958333334 0.13383340858375178 0.05924951728932939 0.055239900000000085 0.9499759500000001 0.0863746257912485 0.9548598285440041
0 0.1875150312500002 0.17636684166666677 0.15504031801232304 0.17182374718888088 0.09356962500000009 0.9529822041666668 0.12604433823767724 0.9575252986444528
0 0.2258447562500001 0.17937309583333338 0.18327053795321616 0.1743665298356537 0.1318993500000001 0.9509780333333335 0.17447356829678404 0.9559845993310131
0 0.24538540000000014 0.23348565000000004 0.22660358981247727 0.23136694381096162 0.18056156388124417 0.9569691763125423 0.19934337406876704 0.9590878825015807
0 0.31979016250000025 0.010020841666666733 0.24654343627534098 0.00483155892850031 0.20855880312500008 0.957992625 0.28180552934965936 0.9631819077381665
0 0.36628446538024384 0.1804708265563631 0.3115062632300537 0.1780362423248853 0.2919823218750001 0.9589947083333334 0.3467605240251902 0.9614292925648111
0 0.4122447767633819 0.18813761432350917 0.36415296594858837 0.18729831584796547 0.3566167625 0.9549863708333333 0.4047085733147936 0.955825669308877
0 0.46559343437499995 0.9569905416666666 0.46408801949036754 0.19023339085530824 0.4144871518514238 0.19040651798046923 0.41599256673605617 0.9571636687918276
0 0.503923159375 0.9579926249999999 0.4911243809273995 0.007369608109369504 0.456563608887847 0.00819682825906148 0.46936238733544744 0.958819845149692
0 0.547513828125 0.9599967916666666 0.5335691371438245 0.01176082000260884 0.4952394121438246 0.012762907502608929 0.5091841031250002 0.9609988791666667
0 0.579079484375 0.9519801166666666 0.5482653906250001 0.014029179166666664 0.5220439113219554 0.015560633108476 0.5528580050719553 0.9535115706084759
0 0.609142015625 0.9449655291666667 0.5745204755883642 0.012692747716198586 0.5504921490551736 0.014279117305556888 0.5851136890918095 0.9465518987560251
0 0.6445410516408817 0.956578255404591 0.6068873250000001 0.1633397458333333 0.5782523577341184 0.1657561987620756 0.6159060843749999 0.9589947083333333
0 0.6745280187499999 0.9539842875000003 0.6339436031249999 0.15832932500000002 0.60845722324926 0.16064043249682233 0.6490416388742599 0.9562953949968226
0 0.734653078125 0.9539842875000001 0.6878286537524642 0.18163303612085974 0.63786116610619 0.18701849333136705 0.6846855904787259 0.9593697447105073
0 0.79853595625 0.9469696958333333 0.7449127518389129 0.1796292359127524 0.6894286316294446 0.1865222766017596 0.7430518360405317 0.9538627365223405
0 0.860915703125 0.9449655291666664 0.7939648241442006 0.1790880421997628 0.7447672214702253 0.18673376227338334 0.8117181004510247 0.952611249240287
0 0.8994451548331612 0.9422149776468771 0.8171035941612587 0.010521467814903455 0.7868413393280975 0.015276186001359833 0.8691829 0.9469696958333335
0 0.9405814093750001 0.9459676125 0.8565603185242192 0.006503739120252898 0.8218344156249999 0.01202501249999998 0.9058555064757808 0.9514888858797471
0 0.978765586957621 0.9418016993460071 0.8754459622414963 0.012529304713889407 0.8436219046948086 0.01881962571324586 0.9469415294109332 0.9480920203453637
0 1.0156317199230849 0.943314902094722 0.9020277210680284 0.012193530565726036 0.8677777723755229 0.019622434157598196 0.9813817712305793 0.9507438056865941
0 1.0283774544808897 0.7637201065991024 0.9356033108079951 0.06763115502773613 0.9069778407021054 0.07441369426196708 0.999751984375 0.7705026458333334