0 0.16658623690317959 0.8130254716295547 0.128133581339569 0.16195529644594955 0.07182416804901001 0.16786760392378686 0.11027682361262059 0.8189377791073921
0 0.22747599531837004 0.8180858242060887 0.19439306910734727 0.1661905495421202 0.136197409375 0.17144097083333337 0.16928033558602276 0.8233362454973019
0 0.3036819593750001 0.8148871541666668 0.29468524640701543 0.20514027992961986 0.21432240937499997 0.20724826250000003 0.22331912234298462 0.8169951367370469
0 0.3419211750000001 0.8279079875 0.33214056976722584 0.23657808666811336 0.296359559375 0.23763020833333337 0.3061401646077742 0.82896010916522
0 0.35737958125 0.8539496541666666 0.34270179196907957 0.17642890428301436 0.3305079597671126 0.17689853417895643 0.34518574904803306 0.8544192840626087
0 0.43873960937499995 0.8452690958333335 0.4092975677303592 0.12648693392634705 0.35819318124999994 0.13020833333333334 0.38763522289464075 0.8489904952403198
0 0.48842578847731843 0.8489387443347076 0.461403886725666 0.1325442258696428 0.41533152187500005 0.1356336791666667 0.4423534236266525 0.8520281976317315
0 0.5510821957672541 0.8563578704655774 0.5152180375000002 0.13454861250000003 0.466545106539873 0.13884796611582959 0.502409264807127 0.860657224081407
0 0.6106217288064151 0.8627425117665889 0.5762380593749998 0.14214409583333334 0.5176371594308232 0.14711506052665724 0.5520208288622384 0.8677134764599128
0 0.6521788487238085 0.8457460498085781 0.6151510690458066 0.1993824386742946 0.5774426520568128 0.20322275100272585 0.6144704317348146 0.8495863621370093
0 0.7284767625000002 0.8875868041666667 0.7081367531250001 0.23546007083333334 0.623364341651168 0.24016064766155001 0.643704351026168 0.8922873809948834
0 0.7863606291520279 0.9067767517704483 0.7691567750000001 0.16710069583333334 0.7228418277059196 0.16901575783477304 0.7400456818579474 0.9086918137718879
0 0.8457484579602614 0.905288420317227 0.8341944652346347 0.20637359406291653 0.774902889339254 0.20811611619606102 0.7864568820648805 0.9070309424503715
0 0.8798064156250002 0.15299479166666682 0.8482977618346436 0.15263062022597645 0.8434161618346435 0.9034986743926431 0.8749248156250001 0.9038628458333334
0 0.9147912281250001 0.15190972083333348 0.8830910030326354 0.1512981942456509 0.8749549999076354 0.9010811817456509 0.9066552250000001 0.9016927083333335
0 0.95709844375 0.15625000000000017 0.9223872491487567 0.15483973518064606 0.9053016428987567 0.9024525810139793 0.9400128375 0.9038628458333335