0 0.1074328125 0.9400906250000001 0.06109375000000002 0.1878359375 0.01742624794963637 0.19052586571228605 0.06376531044963635 0.942780553212286
0 0.15051875 0.93900625 0.11103270427947513 0.18219090071865968 0.06515781250000001 0.184584375 0.10464385822052487 0.9413997242813403
0 0.19848281250000005 0.9292515625 0.16096123685016558 0.1222515669646687 0.10255468750000003 0.12496718750000002 0.14007626314983448 0.9319671830353313
0 0.2440230840441991 0.9361549640120312 0.2129208535569765 0.12094648387528709 0.1643390625 0.12279999999999999 0.19544129298722254 0.9380084801367442
0 0.290346875 0.9422578125 0.26591355283054646 0.08547767564551126 0.21149062500000007 0.0870296875 0.23592394716945359 0.9438098243544888
0 0.345628125 0.9433421875000001 0.32922259114254354 0.09469857729448668 0.27317075061999707 0.09578214212241568 0.28957628447745354 0.944425752327929
0 0.390340625 0.9487625000000002 0.3724546875 0.27671874999999996 0.3293415681563066 0.27786617315215534 0.3472275056563066 0.9499099231521555
0 0.43505312500000015 0.9422578125000001 0.42448437500000014 0.2843062499999999 0.37891890175235166 0.2850381733251096 0.38948765175235167 0.9429897358251097
0 0.47244843750000004 0.9509296875000002 0.46757187499999997 0.28972656250000006 0.4252831916578728 0.29003845365653474 0.4301597541578729 0.9512415786565349
0 0.514721875 0.9541812500000002 0.5048948323242171 0.29025850230225547 0.4651172998976033 0.2908472688568722 0.4749443425733862 0.9547700165546169
0 0.5667782455478736 0.9531432372585469 0.551233705432282 0.29532849230016656 0.5073070223844084 0.2963665050416197 0.5228515625 0.9541812500000001
0 0.6000946365965707 0.949725567629657 0.59764375 0.30056562499999995 0.5553586390504135 0.3007252713442291 0.5578095256469842 0.9498852139738861
0 0.647234375 0.9585171874999998 0.6390987111753379 0.30116712146717306 0.5960596090793328 0.3016997929980084 0.6041952729039949 0.9590498590308352
0 0.6935734375 0.9585171875 0.6895078124999999 0.300565625 0.6439577590291046 0.3008470886315156 0.6480233840291046 0.9587986511315156
0 0.7383079334669223 0.9603620508791965 0.7333971421855305 0.3067328999921109 0.6886953124999999 0.30706874999999995 0.6936061037813916 0.9606979008870855
0 0.7781203125 0.3124890625000001 0.736659375 0.3124890625000001 0.7366593750000001 0.9585171875 0.7781203125000001 0.9585171875
0 0.8196356667694294 0.2089274424211751 0.7846234375000001 0.20843125000000007 0.7739942305930205 0.9584471980430382 0.8090064598624501 0.9589433904642133
0 0.8594156249999999 0.2192703125000001 0.826995029965534 0.21848250574434286 0.8089880845107953 0.959521957619567 0.8414086795452611 0.9603097643752243
0 0.9009071925183474 0.22245422084033675 0.8620280436577641 0.22142050651728318 0.8423437500000002 0.9617687499999998 0.8812228988605835 0.9628024643230535
0 0.9415234375000002 0.22577343750000017 0.9018144827080737 0.22401904653246518 0.8691446460772985 0.9634694255171615 0.908853600869225 0.9652238164846965
0 0.970790625 0.2647953125000001 0.9390991744816801 0.2633796352596388 0.9081921875000001 0.9552656250000002 0.93988363801832 0.9566813022403615
0 1.000064767571896 0.2614515624163121 0.9748546875000003 0.2604593750000001 0.9472071074281043 0.962945312583688 0.9724171875 0.9639374999999999