0 0.12971033262117648 0.996945070567666 0.1076033589038333 0.028303877489121672 0.064258659375 0.030062529166666668 0.08636563309234319 0.998703722245211
0 0.16650398547599238 0.9972859347022699 0.1521630792689947 0.026129709467673363 0.116868084375 0.027056279166666673 0.1312089905819977 0.9982125044012632
0 0.20330845290404795 0.0213070067561542 0.164968134375 0.02104377083333336 0.16119511794241226 0.998003654765315 0.19953543647146024 0.9982668906881359
0 0.25368325956722265 0.025259259473450417 0.2104950016502014 0.023949171056739185 0.1938965286898248 0.9967203344850512 0.23708478660684604 0.9980304229017624
0 0.2883682136387931 0.26300191426813496 0.25665885000000005 0.26154401250000003 0.2377215983715016 0.9937844130014637 0.2694309620102947 0.9952423147695986
0 0.32984914291622314 0.26679141575833587 0.30024951875 0.2645502625 0.26906463245558243 0.99676131246159 0.29866425662180557 0.9990024657199259
0 0.38825768773500435 0.0298399829372712 0.35361050937499994 0.026054191666666716 0.29405747108785163 0.9949846380198206 0.32870464944785605 0.9987704292904251
0 0.42734464768829483 0.03195595408068186 0.397201178125 0.028058362500000066 0.32685637885712515 0.9952362935768241 0.35699984842041993 0.9991338851575059
0 0.4773188950700657 0.14464393651085186 0.428766834375 0.1362834708333334 0.34567331367167436 0.9941541665935961 0.39422537436674004 1.0025146322711147
0 0.5309794375 0.15732724166666673 0.484382515625 0.1483084833333334 0.39229984475144775 0.9941049369813946 0.4388967666264477 1.003123695314728
0 0.57983105 0.3136523958333334 0.522712240625 0.3026294708333334 0.44745512484859146 0.9959073399845189 0.5045739342235914 1.0069302649845189
0 0.6497264312500002 0.3096440583333334 0.5904452332197561 0.2953887553776929 0.4961906899238124 0.9922082416670122 0.5554718879540566 1.0064635446226526
0 0.6940686625000001 0.18538560416666688 0.6756776003912944 0.1806395236673723 0.5574974842590754 0.994769220278103 0.5758885463677812 0.9995153007773976
0 0.7211249406250002 0.1843835166666668 0.7042104718052994 0.17988417011433178 0.5820857375000001 0.9960718291666669 0.5990002063197009 1.000571175719002
0 0.7955297031250002 0.3006253000000002 0.7156861846193492 0.2777289962275138 0.600281011872857 0.9931752883368928 0.6801245303785081 1.0160715921093793
0 0.8909782343750001 0.30363155416666676 0.8096615673135329 0.27711439667717824 0.678274535916389 0.9933939848428562 0.7595912029778562 1.0199111423323448
0 0.9405814093749999 0.18137726250000016 0.9098879964492239 0.17540804508135072 0.8204855986035653 0.9926570957586905 0.8511790115293414 0.99862631317734
0 0.9781595718749999 0.18338143333333348 0.9454828564112093 0.17712377395886397 0.8571578875 0.9970739125000001 0.8898346029637907 1.0033315718744695
0 1.0279948245173525 0.09612963820587911 0.988992456819026 0.08866482455545865 0.8909782343750001 0.9990780833333335 0.9299806020733266 1.006542896983754