0 0.12429344355221324 0.8397787552299307 0.10768447799493126 0.2065607476660838 0.0588890625 0.207840625 0.075498028057282 0.8410586325638472
0 0.17159257063353942 0.8360793894752219 0.1574418671556285 0.2144234793629359 0.11159062500000001 0.2154671875 0.12574132847791092 0.837123097612286
0 0.2211 0.8360718750000002 0.20847957386371468 0.21444652325478178 0.15820624999999996 0.2154671875 0.1708266761362853 0.8370925392452184
0 0.26722869343911443 0.8353164415738974 0.25658487445266115 0.21663917164898078 0.21000000000000002 0.21744062500000005 0.2206438189864533 0.8361178949249165
0 0.2965801287075803 0.8394170653197305 0.28322019614838834 0.2149138827516781 0.255094754940808 0.2155155674319477 0.26845468750000007 0.8400187500000001
0 0.3242322472712842 0.841455110211804 0.3113703125000001 0.21447968749999996 0.2851896277287159 0.21501676478819629 0.29805156250000003 0.8419921875000002
0 0.3454397578535543 0.8415993106318336 0.33356718750000003 0.28157187499999997 0.3150352421464457 0.2819647518681664 0.32690781249999995 0.8419921875
0 0.3639176757227808 0.8406593879007863 0.352671875 0.28596562499999995 0.3342844209458094 0.2863384102338042 0.34553022166859015 0.8410321731345907
0 0.38610146545396784 0.8425490788333981 0.374975435066233 0.2861073418447694 0.35351771961226514 0.2865363880113712 0.36464375000000004 0.8429781249999998
0 0.40165391135207357 0.8357708815305793 0.38979629838288327 0.22308737778372736 0.3742439495308097 0.22338837125314828 0.3861015625 0.8360718750000002
0 0.4187007955476278 0.838809886755128 0.4090040791487586 0.22113094234528394 0.3927609375 0.22138593750000007 0.4024576538988692 0.8390648819098441
0 0.46009374999999997 0.84260625 0.45047500000000007 0.22138593750000007 0.4097741551517903 0.22201613461929295 0.4193929051517902 0.843236447119293
0 0.4991627438404181 0.8465642855316687 0.49338709314536056 0.22100340222829334 0.4519546874999999 0.22138593750000002 0.4577303381950574 0.8469468208033755
0 0.5185532957226284 0.865524865804139 0.5133687499999999 0.186853125 0.4926361343280658 0.1870115067145141 0.49782068005069435 0.8656832475186531
0 0.5390682978040355 0.8654857670363075 0.531853249386325 0.18469946862459058 0.5142927640822894 0.184885576588283 0.5215078124999999 0.865671875
0 0.5703534296317042 0.8507061466414209 0.5666421875000001 0.25394687500000007 0.5362890196011609 0.254135641158969 0.5400002617328651 0.8508949128003899
0 0.5984814577677628 0.846823830921972 0.5962390625 0.25591875000000003 0.5695794797322372 0.256019919078028 0.571821875 0.846925
0 0.6539531249999999 0.21546718750000005 0.6016953125 0.21543593750000004 0.6013170950956869 0.8479099918624431 0.6535749075956867 0.8479412418624431
0 0.7131859375000001 0.2165203125000001 0.6591395456575685 0.21588254045485594 0.6516820509891929 0.8478492158188864 0.7057284428316245 0.8484869878640305
0 0.8182156249999999 0.1888265625000001 0.7346046874999999 0.1878406250000001 0.726564013285508 0.8697178324353059 0.810174950785508 0.8707037699353058
0 0.9141953125000004 0.1872234375000001 0.8294513521722997 0.18410716619494882 0.804288322709793 0.8683912229261213 0.8890322830374936 0.8715074942311725