0 0.19383643750000007 0.8572048625 0.05600224569685538 0.2859179368904688 -0.0012119795866071925 0.3104584802320172 0.13662221221653748 0.8817454058415486
0 0.25322925937499996 0.859375 0.11310081473067346 0.28882832985388945 0.058886209374999984 0.31249999999999994 0.19901465401932653 0.8830466701461105
0 0.287400471875 0.8745659708333334 0.14265711874687081 0.2965395827973793 0.11068804505278733 0.31077133882069796 0.25543139818091654 0.888797726856652
0 0.3329620875 0.8778211791666669 0.2024343901088427 0.18588017656738662 0.151659646875 0.20290798750000005 0.2821873442661572 0.8948489900992803
0 0.378523703125 0.8799913208333333 0.2651941946849572 0.18232173831854656 0.212694803125 0.19748263749999997 0.3260243115650428 0.8951522200147867
0 0.428153321875 0.8734809041666668 0.3454425146173445 0.3022798226416052 0.29309567187499996 0.31575520833333326 0.37580647913265547 0.8869562898583948
0 0.4729013375000001 0.8702256958333334 0.40205833275199465 0.3011691147797654 0.35086129375 0.3125 0.4217042984980054 0.8815565810535679
0 0.5021909499999999 0.8723958333333331 0.43188296512642194 0.28253453236739356 0.40312449062500005 0.28862847083333326 0.47343247549857814 0.8784897717992729
0 0.5361170784298428 0.8743957049493674 0.5005331618208396 0.36088670913965865 0.4617182406250001 0.3656684041666666 0.49730215723400334 0.8791773999763755
0 0.5689387202606949 0.9002759479209098 0.5461253656250001 0.37217882083333337 0.507232694678013 0.3751657201896401 0.5300460493137078 0.9032628472772166
0 0.596568584375 0.8930121541666666 0.5786693781250001 0.34613715416666674 0.5487455111475541 0.3478783230239071 0.5666447173975542 0.894753323023907
0 0.62097659375 0.8854166666666666 0.6095861874999999 0.34071180416666663 0.581086952699306 0.3417712740950782 0.5924773589493061 0.8864761365950782
0 0.652848659375 0.8930121541666665 0.6479623061942712 0.3347437619959438 0.613085428125 0.3352864583333333 0.6179717813057288 0.8935548505040561
0 0.695969475 0.31467013750000006 0.6554546134107266 0.3135450037477164 0.6465050102857266 0.8864616704143831 0.6870198718749999 0.8875868041666668
0 0.740717490625 0.31575520833333337 0.7020385909293255 0.31352195263732857 0.6833257846793253 0.8896938276373286 0.722004684375 0.8919270833333335
0 0.8562487343750002 0.30273437500000017 0.7550908110162042 0.28765316141757663 0.6982248543255171 0.9657526828684503 0.799382777684313 0.9808338964508738
0 0.9791023781250002 0.3417968750000003 0.9004025563953567 0.31861972980265046 0.7911069927190596 0.9783916294371837 0.8698068144487031 1.0015687746345336