0 0.11494786957723732 0.974138267355262 0.044021875000000085 0.044756249999999984 0.006348124986197509 0.04763133057965978 0.07727411956343473 0.9770133479349218
0 0.1919796875 0.9791124999999999 0.14145546940090753 0.05337656994585159 0.06109375 0.05776250000000001 0.11161796809909244 0.9834984300541484
0 0.2530293218728224 0.9789998062969418 0.2219616905812535 0.1581565631291348 0.1537703125 0.1607375 0.18483794379156887 0.9815807431678071
0 0.28059218750000003 0.9888671875000004 0.25376406250000005 0.19108750000000002 0.22290521001205493 0.1921252365642105 0.2497333350120549 0.9899049240642107
0 0.3090453125 0.9899515625000002 0.29278593750000004 0.1975921875 0.26019196987250093 0.19826102232307932 0.2764513448725009 0.9906203973230794
0 0.3587073556459329 0.9823543949375255 0.34139367484884614 0.19643180631815957 0.2887203125 0.19759218749999996 0.30603399329708675 0.9835147761193659
0 0.3952265316012469 0.9827583345697626 0.3781468750000001 0.11737968750000001 0.3431812808987533 0.11806979043023758 0.3602609375000001 0.9834484375000001
0 0.42448437500000014 0.987784375 0.4122544047461413 0.12023065474965426 0.3838375 0.12063125 0.3960674702538588 0.9881849702503457
0 0.47000937500000006 0.9921203125 0.46675781250000004 0.12171562499999997 0.4236522279451809 0.1218766541216165 0.42690379044518095 0.9922813416216165
0 0.503340625 0.23552968750000008 0.469196875 0.23552968750000008 0.46919687500000007 0.9910359375000001 0.5033406250000001 0.9910359375000001
0 0.5342436606677284 0.2378692117935016 0.5009075026594862 0.23768806881553056 0.49683259199175805 0.9876032320220292 0.5301687500000003 0.9877843750000002
0 0.5708437013907386 0.23796178377091198 0.5301687499999999 0.23769687500000006 0.5252641111092614 0.9907710287290881 0.5659390625000001 0.9910359375000001
0 0.5985005418638797 0.1284480219972368 0.5700494881373087 0.12820526715873978 0.5626875000000001 0.9910359375000002 0.591138553726571 0.9912786923384971
0 0.6342342662753971 0.1354711354617551 0.6017093749999999 0.1347234375000001 0.5821271992816093 0.9865488653524895 0.6146520905570065 0.9872965633142445
0 0.6887290403134014 0.08179647316882405 0.626096875 0.07944218750000008 0.5919193971865987 0.9886816518311761 0.6545515625000001 0.9910359375000002
0 0.7350328125000003 0.0902812500000001 0.6789874666355675 0.08800505159913838 0.6422458305886358 0.9926703475135161 0.6982911764530686 0.9949465459143779
0 0.7773696805245041 0.13995362468993602 0.736659375 0.13797500000000013 0.6951365694754962 0.9923088753100645 0.7358468750000002 0.9942875000000004
0 0.8131515530751103 0.13987841705025822 0.7789328125 0.1379750000000001 0.7314872501671099 0.9909291062423599 0.7657059907422202 0.9928325232926178
0 0.8441647241109976 0.26063186178045283 0.8073859374999998 0.25829218750000005 0.7607279515360118 0.9917379170211023 0.7975067381470097 0.9940775913015549
0 0.8773000000000003 0.22794218750000014 0.8432809791367797 0.2258822935448752 0.7969434791367795 0.9911432310448751 0.8309625000000003 0.9932031250000002
0 0.9033156250000001 0.23119375000000017 0.8732896583699741 0.2292717128157132 0.8244578125000002 0.9921203125000002 0.8544837791300262 0.9940423496842872
0 0.941144116981317 0.1517842951665828 0.9140729992624695 0.14972758026824784 0.8496609375000002 0.9975390625000002 0.8767320552188476 0.999595777398335
0 0.9626609375000001 0.15640156250000012 0.9382516185540577 0.15454253239995144 0.8740281810540577 0.9978050323999513 0.8984375 0.9996640625
0 0.9998102291124356 0.14878650562348397 0.961034375 0.14556250000000012 0.8906395766529258 0.9922168640922259 0.9294154307653614 0.9954408697157098
0 1.0322426670281009 0.23542257799769395 0.9968046875000003 0.2322781250000001 0.9294016462381866 0.9919102766396378 0.9648396257662872 0.9950547296373315