0 0.11882281044458887 0.930038813264393 0.10905794687499999 0.11196019583333333 0.04397332204907936 0.11334130185063623 0.053738185618668236 0.931419919281696
0 0.18792381438819034 0.926237918764464 0.18221775642322052 0.10673896081195769 0.11068385937500003 0.1076244375 0.11638991733996987 0.9271233954525063
0 0.23506601250000006 0.11087625833333337 0.18384983125 0.11087625833333337 0.18384983125000004 0.9314190958333334 0.2350660125000001 0.9314190958333334
0 0.2814044625 0.928167275 0.2717022663146795 0.11318065716691189 0.22048608506467948 0.11426459466691188 0.23018828125000002 0.9292512125
0 0.31636153750000007 0.17591267916666672 0.27652673125000005 0.17591267916666672 0.27652673125000005 0.9249154541666668 0.31636153750000007 0.9249154541666668
0 0.35294680626149927 0.9248463288403771 0.35212912698511006 0.1725823165544909 0.31148380625 0.17266085833333333 0.3123014855263892 0.9249248706192195
0 0.38383682500000005 0.9281672750000001 0.3789498477034118 0.17231522479004052 0.34887974687500006 0.17266085833333336 0.3537667241715883 0.9285129085432929
0 0.4155420781250001 0.9281672750000001 0.40334775 0.17482873750000003 0.37416513938041307 0.17566852480641473 0.3863594675054131 0.9290070623064147
0 0.437491871875 0.9259993916666666 0.42773640625000003 0.20734694583333327 0.4089857235872699 0.2077994511143482 0.41874118921226994 0.9264518969476815
0 0.47326190312500005 0.9259993916666668 0.4667033198809998 0.2067416204261349 0.4285000701482165 0.20736092352461563 0.4350586533922168 0.9266186947651476
0 0.5155922821955121 0.9265912628430587 0.50090238125 0.2116827083333333 0.45775904592948785 0.21325872049027453 0.472448946875 0.928167275
0 0.5480847088034524 0.9251952866249508 0.539111278125 0.2149345291666667 0.5033103224465476 0.21573863420838268 0.512283753125 0.9259993916666668
0 0.5854676926407613 0.9219950775081233 0.5764834564528815 0.21414629017736062 0.54155014375 0.21493452916666664 0.5505343799378798 0.9227833164974294
0 0.6260974906250002 0.9249154541666669 0.6121854216315151 0.12074338150081816 0.5715592747954179 0.12199285152940072 0.585471343788903 0.9261649241952494
0 0.6643208263997391 0.9278351693693246 0.6488378641674923 0.1216346166613405 0.6073627065177533 0.12305065979201571 0.62284566875 0.9292512125
0 0.6951986875 0.9281672750000001 0.6772659298700804 0.12282343329674068 0.646400836612204 0.12404526335067476 0.6643335942421238 0.9293891050539341
0 0.7415371343749999 0.9325030333333334 0.7277011879900985 0.2922513122891211 0.6798234259677481 0.2940906836949381 0.6936593723526495 0.9343424047391504
0 0.7699917421167729 0.9293073106098164 0.7528315921555707 0.10888866639489235 0.7251899406637978 0.1099165099517427 0.742350090625 0.9303351541666667
0 0.8066121573185443 0.9224788641045047 0.790174543514385 0.1137483222286765 0.7496666875000001 0.11521202083333333 0.7661043013041594 0.9239425627091616
0 0.8448453804996531 0.9233942615121234 0.8268855607308747 0.120100505342049 0.786249675 0.12171566249999999 0.8042094947687783 0.9250094186700744
0 0.8878690812500001 0.9303351541666668 0.8707970218750001 0.11846384166666667 0.8267952682357725 0.12010876694630893 0.8438673276107724 0.9319800794463091
0 0.9342541328521662 0.9202391601713368 0.9161880450348642 0.2118295354243966 0.860860487182698 0.2143379460863931 0.878926575 0.9227475708333334
0 0.9716305404071454 0.9270835766148608 0.9512282614021613 0.10990428934734991 0.926812536620016 0.11098798773248894 0.947214815625 0.9281672749999998
0 0.9919350479347399 0.9274307656519593 0.9740006440976682 0.11766525887911582 0.9537184562500001 0.11846384166666671 0.9716528600870717 0.9282293484395101