0 0.07905627502502469 0.9468911964163134 0.0293890625 0.06968593749999999 0.00402176008474761 0.07112222984713139 0.053688972609772304 0.9483274887634447
0 0.057842187499999996 0.9422578125 0.005812500000000076 0.08702968749999998 -0.02046604514805598 0.08862840069948462 0.03156364235194394 0.9438565256994845
0 0.1019022476684461 0.9475238924313529 0.05370150457775704 0.023806905676356148 0.0261359375 0.025245312499999995 0.07433668059068907 0.9489622992549969
0 0.12708306633028082 0.9489370072875248 0.08909018037927155 0.02497789690755575 0.05621562500000001 0.026329687499999997 0.09420851095100927 0.9502887978799691
0 0.17980101590662873 0.9481270531023098 0.144828125 0.00465 0.09035383361191647 0.006669257854408845 0.12532672451854518 0.9501463109567186
0 0.2139296875 0.9574343749999998 0.1901248737874846 0.1584972455778452 0.15133125 0.15965312499999998 0.1751360637125154 0.9585902544221547
0 0.2450144318031669 0.9543168274419696 0.2220334072231048 0.16200940703703556 0.1893221004199379 0.16295820459506594 0.21230312499999998 0.955265625
0 0.2838894372926514 0.9514971982591527 0.2683110733736381 0.019025120851047683 0.22043281249999996 0.019825 0.2360111764190133 0.9522970774081049
0 0.3261171875 0.9530984374999999 0.30741875 0.16724062500000003 0.2650918716087851 0.16824773656341435 0.2837903091087851 0.9541055490634143
0 0.35944843750000005 0.9530984375000001 0.34725312500000005 0.161821875 0.3049563333798001 0.16247376160450905 0.3171516458798001 0.9537503241045092
0 0.38384445464126554 0.948511388919829 0.37728559437764486 0.16266760428128166 0.3471989522363793 0.16291871536145247 0.3537578125 0.9487625
0 0.414737175769639 0.9484823552452157 0.40739965569849607 0.1604424140235202 0.37570781249999996 0.16073749999999998 0.38304533257114287 0.9487774412216954
0 0.4505028110208852 0.9443553615271142 0.44887101013173425 0.16174051701173048 0.4098515625 0.161821875 0.411483363389151 0.9444367195153838
0 0.4903343750000002 0.1672406250000001 0.4513361804194737 0.16703718444172752 0.44726405808624187 0.947635804773521 0.48626225266676837 0.9478392453317938
0 0.5196718268774164 0.08293682837927532 0.4911468749999999 0.08269375000000007 0.4837594231225836 0.9496022341207248 0.5122843750000001 0.9498453124999999
0 0.5521325766871176 0.06975473474923698 0.514721875 0.06968593750000004 0.5130953235014448 0.9541752676130235 0.5505060251885623 0.9542440648622605
0 0.5830196552695637 0.19773959640126354 0.5464375242795725 0.197581700586194 0.5431765625 0.9530984375000001 0.5797586934899912 0.9532563333150696
0 0.6195937500000003 0.19759218750000013 0.5838814403381589 0.19659588895221425 0.5627439403381589 0.9542693264522144 0.5984562500000002 0.9552656250000002
0 0.6578031250000003 0.19433906250000008 0.603261523621914 0.19363975520193874 0.5935052736219137 0.9545663177019389 0.6480468750000001 0.9552656250000002
0 0.6968250000000004 0.04909218750000009 0.6667616311209087 0.048391764256544345 0.6456241311209084 0.9556495767565444 0.6756875000000002 0.9563500000000001
0 0.7212125000000003 0.048007812500000094 0.6952888819116883 0.04740025296550698 0.6741137094995336 0.9509118454958283 0.7000373275878455 0.9515194050303213
0 0.7610838645063207 0.044610975219092755 0.7229078208466092 0.04350969930731143 0.696825 0.9476781250000001 0.7350010436597116 0.9487794009117815
0 0.7993220041817186 0.1946118653737519 0.760234375 0.19325625000000007 0.7338852883524325 0.9530022281727449 0.7729729175341511 0.9543578435464968
0 0.8399046875000001 0.1954234375000001 0.7953223739148654 0.19349621639525078 0.762602675023859 0.9503994449740863 0.8071849886089938 0.9523266660788356
0 0.8749770034014936 0.16814524562226887 0.8342140625000003 0.1661578125000001 0.7958753758302535 0.9524975395826083 0.8366383167317469 0.9544849727048771
0 0.9017594504417004 0.16662155837135761 0.8605480437399982 0.1649186611053053 0.8277109375000002 0.9596015625 0.8689223442017024 0.9613044597660524
0 0.9797958998357924 0.10641934388951557 0.8992500000000001 0.10220468750000011 0.855111547416022 0.9457304822907598 0.9356574472518142 0.9499451386802754
0 1.0110078656161474 0.061760269121813136 0.9561188925283284 0.06045338881019842 0.9350203125000001 0.9465937500000001 0.9899092855878189 0.9479006303116149