0 0.09711304375000004 0.23980034583333334 0.02714792812500002 0.23980034583333334 0.027147928125000047 0.8344184041666666 0.09711304375000007 0.8344184041666666
0 0.168797609288101 0.22907097557286715 0.10776293378976391 0.22758087684746953 0.09953346369418928 0.8268348764449429 0.16056813919252638 0.8283249751703405
0 0.20370368060154811 0.8256932034511814 0.2020642466005504 0.24081650931262413 0.179316877351601 0.24092986368386918 0.1809563113525987 0.8258065578224265
0 0.2785459093750002 0.22786458333333337 0.2037585216813694 0.22714866408343423 0.20050412168136936 0.8315323432501011 0.27529150937500013 0.8322482625000002
0 0.36238908782296997 0.22721582401873683 0.283495584375 0.22569444583333334 0.2768818802307254 0.8354086241035074 0.3557753836786953 0.8369300022889108
0 0.39652264294270567 0.2773892096313233 0.36406199062500005 0.27669270833333337 0.3575407038278644 0.8170065413518991 0.39000135614557 0.8177030426498889
0 0.4290676387372412 0.2771519762879631 0.3973517069347908 0.2766405560256095 0.39244995000000016 0.8170572916666667 0.4241658818024504 0.8175687119290204
0 0.46160597500000017 0.2549913208333334 0.43233898145781763 0.2545420352128462 0.4274347625 0.8224826375000002 0.45670175604218255 0.8229319231204874
0 0.48452637261450604 0.2294700274797258 0.4674148562500001 0.2289496541666667 0.4574530260099491 0.8113077144120531 0.474564542374455 0.8118280877251123
0 0.5519374255732898 0.25611424661508503 0.49020131562499997 0.25499132083333337 0.4844729425954008 0.8148739226376682 0.5462090525436907 0.8159968484194199
0 0.572255615625 0.27886284583333343 0.5561395574455158 0.27846986868416024 0.54879710791157 0.8137855581268517 0.5649131660910542 0.8141785352760249
0 0.6161900312500002 0.2549913208333334 0.5796023766266238 0.2541631268122318 0.572255615625 0.8311631958333334 0.6088432702483763 0.8319913898544351
0 0.6617544336335321 0.1896880328169853 0.6243266526628826 0.18875785541458864 0.6153742659043505 0.8291479475976036 0.6528020468750001 0.8300781250000002
0 0.7064996656250001 0.18988715416666677 0.6658816971483208 0.18859361489573376 0.6544292468750001 0.8279079874999999 0.6950472153516795 0.8292015267709331
0 0.7732962908764033 0.23404948535938594 0.7099874485177087 0.2303784924886338 0.6906755823048344 0.8224614335438455 0.753984424663529 0.8261324264145976
0 0.8399301156249999 0.2354600708333334 0.781542459375 0.23220486250000008 0.7629653849571784 0.8245803074515528 0.8213530412071783 0.827835515784886
0 0.8765421281249999 0.24739583333333348 0.8410289897521579 0.24516285621380382 0.820613156043067 0.8223934929208856 0.8561262944159089 0.8246264700404152
0 0.9115370328697043 0.2492441625052997 0.8782036738321339 0.24738572891450397 0.8602701218750001 0.8192274291666669 0.8936034809125705 0.8210858627574626
0 0.9758727951821218 0.2284613685892004 0.9270877626468457 0.22452373713664694 0.8999192687041001 0.822927851963052 0.9487043012393762 0.8268654834156055