0 0.17186781630670145 0.8741469858983185 0.13612150851556387 0.4129763766222376 0.11363637499999998 0.4160748124999999 0.1493826827911376 0.8772454217760808
0 0.19313969375 0.8689231041666667 0.16135917281423615 0.41161778837372043 0.139865471875 0.4142732708333333 0.1716459928107639 0.8715785866262795
0 0.21188428008079957 0.8752759799753138 0.1848950968030528 0.4325041406380084 0.16703844172225324 0.4344391689960279 0.19402762499999998 0.8772110083333333
0 0.23082387499999996 0.8744081458333334 0.20902741674261752 0.430105333530066 0.1869244125 0.4320330166666667 0.20872087075738244 0.876335828969934
0 0.25085351562499997 0.8772110083333333 0.2295438125 0.4308490375 0.20726687049071674 0.43273974026997897 0.22857657361571673 0.8791017111033123
0 0.2801632525550854 0.8750438338274121 0.2571507801337272 0.3552691353915868 0.2295438125 0.35744205833333337 0.2525562849213582 0.8772167567691587
0 0.3126782522754323 0.8703730260899655 0.2916561681525544 0.3552547881714631 0.26150833437499993 0.3574420583333333 0.2825304184978778 0.8725602962518357
0 0.3343395 0.8770123125000001 0.314782615625 0.35862603749999994 0.28990909698862144 0.3602942864964837 0.30946598136362147 0.8786805614964838
0 0.36805689999999996 0.8783949500000001 0.3548473124999999 0.4264914791666667 0.3218777549354832 0.42820478215121455 0.33508734243548327 0.8801082529845478
0 0.4008575685397763 0.8775770368058782 0.38490207182830344 0.4254048872441905 0.3529892751635272 0.4274068171049789 0.36894477187499997 0.8795789666666666
0 0.42846357596735196 0.8678746601554643 0.4186666101829936 0.42489130114696166 0.387590796875 0.4261131124999999 0.39738776265935827 0.8690964715085024
0 0.4564098125 0.8757102291666666 0.44352531941799916 0.4236246737312438 0.41646781625876184 0.42499559305030704 0.4293523093407627 0.8770811484857298
0 0.48170861875000004 0.8701070458333334 0.4759410625 0.44602272916666674 0.44707078370578024 0.4467207495067208 0.45283833995578027 0.8708050661733876
0 0.5243761736062135 0.878089288214685 0.5163369343750001 0.3361303333333333 0.47458660943188535 0.33723132970847053 0.4826258486630988 0.8791902845898221
0 0.5660980667062318 0.8805793437895527 0.5638316875 0.33404356249999995 0.5216471010788319 0.3343545516559372 0.5239134802850637 0.8808903329454901
0 0.5989879375 0.36572992083333344 0.5669474218749999 0.36572992083333344 0.5669474218749999 0.8772110083333333 0.5989879375 0.8772110083333333
0 0.622885496875 0.34086625416666677 0.599799875 0.34086625416666677 0.599799875 0.8748429666666666 0.622885496875 0.8748429666666666
0 0.67527185 0.3337623708333334 0.6282189174719052 0.3336248071491846 0.627324986662583 0.8772058168040329 0.6743779191906778 0.8773433804881817
0 0.7241065937500001 0.3325783916666668 0.6744155626638281 0.33139516748122827 0.6671859053030592 0.8711619551036012 0.7168769363892312 0.8723451792890398
0 0.7952770000000002 0.3353456458333335 0.7303740433532206 0.3332547607123047 0.7204342344216854 0.8817714155734685 0.7853371910684649 0.8838623006944973
0 0.8643954812500001 0.3302104291666668 0.8014541751631918 0.32686560698643025 0.7848763913489416 0.8814487455774055 0.8478176974357498 0.8847935677576421