0 0.17893548094337947 0.6999595806909695 0.1584845685173756 0.2621172681686405 0.11546975312500003 0.2656890958333334 0.1359206655510039 0.7035314083556624
0 0.2359905831132588 0.6859958877063019 0.1867025625621957 0.32058197431338503 0.16874400625000002 0.3248882833333333 0.21803202680106315 0.6903021967262503
0 0.2560150226694632 0.6856229100418653 0.20787149801184818 0.32151818853169173 0.19038666562499998 0.32562827083333334 0.238530190282615 0.6897329923435068
0 0.29016015624999997 0.68690405 0.24742366684296413 0.295491191061533 0.21201394375 0.30236446666666666 0.2547504331570359 0.6937773256051336
0 0.32678621250000006 0.6928240000000001 0.29106363545715186 0.2999225295115788 0.25464397499999997 0.3058092375 0.29036655204284817 0.6987107079884214
0 0.3606375593750001 0.6950439375 0.3301903132692761 0.30427183418178994 0.292379909375 0.30950920416666666 0.32282715548072394 0.7002813074848768
0 0.3993118454588886 0.6983967764022789 0.3699440378766853 0.30686224127250455 0.333445475 0.31172916666666667 0.36281328258220336 0.7032637017964412
0 0.4267899855952927 0.7014599966664189 0.404845139285789 0.3228349376248917 0.37617587500000005 0.32578898333333334 0.39812072130950366 0.7044140423748606
0 0.451647746875 0.7009638875 0.43173054264765043 0.3265912488606879 0.40891734375000005 0.3287489333333334 0.42883454797734955 0.7031215719726457
0 0.4749552406250001 0.7009638875 0.457375271875 0.32759232916666664 0.434998445383461 0.32946539410296494 0.4525784141334611 0.7028369524362983
0 0.5077349413320329 0.704651539729467 0.4971494640079378 0.2982790156255879 0.46164773437500006 0.2999230583333333 0.47223321169909516 0.7062955824372126
0 0.54487949276916 0.299704462230387 0.50986550625 0.29910925833333335 0.5059739201005592 0.7060956765612991 0.5409879066197192 0.7066908804583528
0 0.5765092812500002 0.3546485750000001 0.5514035513389891 0.3533097302881788 0.5408215866495224 0.7060754909651382 0.5659273165605335 0.7074143356769595
0 0.6059211562500001 0.35538858750000013 0.5813806764604663 0.3531936958730459 0.5635922842485358 0.7067708022812625 0.5881327640380696 0.7089656939082168
0 0.660860240625 0.3391088125000001 0.6120543594172114 0.33290553463477085 0.5855723663950652 0.7033124305915014 0.6343782476028538 0.7095157084567306
0 0.713579575 0.34132877500000014 0.6657498409550731 0.33435828971057546 0.6352523721616026 0.7063867971146807 0.6830821062065294 0.7133572824041055
0 0.7373106857614483 0.35693091688919293 0.7150171256633793 0.3536499216549803 0.6858895109143105 0.7054988420479062 0.7081830710123795 0.7087798372821189
0 0.7619407031250001 0.35851680833333344 0.7403852549838 0.3550209209656374 0.7083468946409605 0.7062151569410374 0.7299023427821606 0.7097110443087333
0 0.8034446093750003 0.3821170708333334 0.7614515289378893 0.3740507633759838 0.7264473182639873 0.6980177261725494 0.7684403987010985 0.7060840336298991
0 0.8504416781250003 0.3861860791666668 0.8060160650407443 0.3764441196963213 0.7661424496841577 0.6997028031026393 0.8105680627684138 0.7094447625729849
0 0.890050525 0.3220890208333335 0.8703234392342223 0.3175562079427569 0.819558397872858 0.71032534819053 0.8392854836386358 0.7148581610811067
0 0.9161327312499999 0.3235690208333335 0.8949787892134531 0.3184021323637522 0.841216582676752 0.7097083791928558 0.8623705247132989 0.7148752676624371