0 0.19408738437500003 0.7730266083333334 0.0912754462568309 0.25366501540087705 0.05807588437500001 0.26534880000000005 0.16088782249316916 0.7847103929324564
0 0.22453193228113794 0.7722809798894485 0.12731551871973723 0.24806184321316893 0.09419811875 0.25898027916666666 0.1914145323114007 0.7831994158429463
0 0.2466217437500001 0.7690800083333335 0.16072693139867233 0.24619295324437182 0.13045422812500002 0.25503367500000007 0.21634904047632775 0.7779207300889617
0 0.280658075 0.7631601041666666 0.19714474543444496 0.24234319745926675 0.163010725 0.2520737083333334 0.24652405456555507 0.7728906150407332
0 0.30803511875 0.7651334041666668 0.2306861709939377 0.24087271055935114 0.1992668375 0.24911374166666664 0.2766157852560623 0.7733744352739822
0 0.332452490625 0.7641467208333333 0.24758077295588138 0.13718887831567922 0.22002249999999995 0.14382102499999996 0.30489421766911856 0.7707788675176541
0 0.355390028125 0.7631601041666667 0.2786373824514171 0.14013821693591572 0.24958141562499994 0.14650181666666665 0.3263340612985828 0.7695237038974175
0 0.387946521875 0.7661200208333334 0.3310397446681381 0.23597980428946475 0.293236709375 0.243193825 0.35014348658186184 0.7733340415438686
0 0.42050301875 0.7602001208333333 0.36914474276714154 0.23614776238045831 0.33232718750000007 0.24256234166666665 0.38368546348285854 0.7666147001195416
0 0.44714011875 0.7572402041666666 0.4091088903081544 0.35451828309468675 0.384410521875 0.358664775 0.4224417503168455 0.7613866960719798
0 0.47007765625 0.7562535208333335 0.43752115937499997 0.35172568333333337 0.4107947758861249 0.3555495868348706 0.4433512727611249 0.7600774243348707
0 0.5087341496268868 0.7520285963515895 0.47730118894228674 0.2700996296788096 0.434052446875 0.275114425 0.4654854075596001 0.7570433916727798
0 0.5433297718750001 0.7532935374999999 0.5219262329424063 0.2703942357803547 0.4789566718750001 0.27378008333333337 0.5003602108075939 0.7566793850529786
0 0.5699669218750001 0.7542802208333335 0.55294878125 0.2698334625 0.5233475764194444 0.27168210492331074 0.5403657170444445 0.7561288632566441
0 0.5988436518366471 0.7514160430106395 0.5892048437499999 0.22444742083333338 0.5552954928722638 0.2255500653609557 0.5649343009589108 0.7525186875382618
0 0.6277373437500001 0.22303109166666676 0.592164562524774 0.22302429638875265 0.5921076905536189 0.7523053552048786 0.6276804717788449 0.7523121504827928
0 0.6698561875000001 0.2619402458333335 0.6321952174433685 0.2609279459578339 0.6247959893183684 0.7503079376245007 0.662456959375 0.7513202375000001
0 0.7164711531250001 0.25700697916666676 0.6759536473869324 0.2539999930005969 0.6550600947327369 0.7544964844236195 0.6955776004708045 0.7575034705896894
0 0.7416696343750001 0.23496685833333347 0.7195598332074955 0.2332804207229873 0.6972112482614652 0.7541656724384933 0.7193210494289698 0.7558521100488396
0 0.7682655687500002 0.23727390416666683 0.7455036867980699 0.23505629125293565 0.7171730817451907 0.752014871232752 0.7399349636971209 0.7542324841464831
0 0.8503967031249999 0.17906137500000016 0.7829885315392924 0.16813978335914037 0.7299435396297838 0.7501739424783215 0.7973517112154913 0.7610955341191812
0 0.9066306781250002 0.3122595416666669 0.8513950650708477 0.29973562501052103 0.7939377760076743 0.7502426985076934 0.8491733890618269 0.7627666151638394
0 0.9835823593749998 0.3132462250000002 0.9258211639482358 0.29619083121171325 0.8501298216011562 0.7519108453095495 0.9078910170279203 0.7689662390978366