0 0.0803878813756099 0.2759006682955656 0.052448437500000035 0.2725796875 -0.008296372086676228 0.7836263639661053 0.019643071788933642 0.7869473447616708
0 0.10805000000000013 0.28107031250000003 0.0801025370705852 0.2775682677286698 0.01659842553925177 0.7843518523980496 0.044545888468666694 0.7878538971693798
0 0.15981141893000078 0.27194153823088557 0.11072500000000005 0.26535625 0.03949228345588209 0.7963214626398085 0.08857870238588286 0.8029067508706941
0 0.1827245968389454 0.34045221039107043 0.15832400836980595 0.33705340678734963 0.09514843750000013 0.7906015625000001 0.11954902596913956 0.7940003661037209
0 0.20728437500000002 0.3465359375 0.18268437500000004 0.34319062499999997 0.12122322478045648 0.7951496857456781 0.14582322478045648 0.7984949982456782
0 0.25518437500000013 0.3081656250000001 0.21772722065542888 0.30273673654735467 0.1460224736801908 0.7974707503547576 0.1834796280247621 0.8028996388074031
0 0.29825198431717814 0.31524867569168397 0.260975 0.309396875 0.18357499495557533 0.8024483178303716 0.22085197927275352 0.8083001185220556
0 0.3346767369140445 0.32634778390216845 0.29944218750000007 0.32059843750000006 0.2198750401233133 0.8082212714487571 0.25510958953735774 0.8139706178509256
0 0.37182175637366094 0.3315864621957148 0.3384156250000001 0.3258578125000001 0.2552946298229132 0.8105707958880991 0.288700761196574 0.8162994455838138
0 0.4083515625000002 0.36694843750000017 0.3726289781268467 0.36050437276299385 0.29079646426434824 0.8141417895525762 0.32651904863750175 0.8205858542895825
0 0.4446883245747914 0.3736761129518186 0.41052343750000003 0.36741093750000003 0.32790149391179435 0.8179600712471583 0.3620663809865857 0.8242252466989768
0 0.4816206282870035 0.37883322794296037 0.44877343750000004 0.3725140625 0.36262625562078143 0.8203094153027513 0.3954734464077849 0.8266285807457117
0 0.5156499392247613 0.38517455041737786 0.4851671875000001 0.3792406250000001 0.3988024899743613 0.8228986502168943 0.4292852416991225 0.828832575634272
0 0.5443484375000002 0.35384062500000013 0.5268466206607256 0.3503925931173678 0.43159620815398475 0.8338728306277146 0.4490980249932594 0.8373208625103468
0 0.5658406250000001 0.35840937500000014 0.5463962835912668 0.3544663943217807 0.44864515123705956 0.8365145060674847 0.4680894926457929 0.840457486745704
0 0.6082562500000003 0.3663156250000002 0.5683422297771256 0.3580149228294601 0.4677771609975161 0.8415831929006362 0.5076911812203908 0.8498838950711762
0 0.6508953125000001 0.37315937500000007 0.6108214970296024 0.3646173653068522 0.5083926964137866 0.8451498163558171 0.5484665118841843 0.853691826048965
0 0.7118375000000002 0.3840468750000001 0.6633962969102003 0.37315319659756574 0.5524319833261602 0.866581095923429 0.60087318641596 0.8774747743258635
0 0.7714859375000003 0.39168281250000014 0.7247695949321783 0.38052832779998724 0.6066969637626505 0.8750309098505363 0.6534133063304723 0.8861853945505492
0 0.796875 0.4323843750000001 0.7703397459168937 0.42583747857763815 0.659945031883421 0.8732787694317949 0.6864802859665273 0.8798256658541568
0 0.8269734375000004 0.43720937500000023 0.7990012530095301 0.4300455568707678 0.686155419666097 0.8706687570023984 0.7141276041565674 0.8778325751316307
0 0.8700125 0.4085906250000001 0.8405468591133098 0.4008485064956818 0.7164585949551346 0.8731146217583374 0.7459242358418248 0.8808567402626558
0 0.9011640625000004 0.41304531250000026 0.8709477784944516 0.40491542572755784 0.7455028249192535 0.8711556638006783 0.7757191089248022 0.8792855505731207
0 0.947334375 0.4228578125000001 0.9044761787584003 0.41099074258866414 0.7756214726643417 0.8763524807172545 0.8184796689059415 0.8882195506285905
0 0.9933843750000001 0.4293187500000001 0.9522424689687892 0.41755799581043007 0.818227951653413 0.8863725453991809 0.8593698576846238 0.898133299588751