0 0.15157332859062292 0.816042795540792 0.10501068460664804 0.3584717707028119 0.08140909664102514 0.36274147516202 0.127971740625 0.8203125
0 0.17760135937499996 0.8268229166666667 0.13097634683354958 0.35663897413610246 0.10437733125 0.36132812500000006 0.15100234379145042 0.8315120675305643
0 0.220722171875 0.8094618041666667 0.17634743018740323 0.37217999275483654 0.1398529788023613 0.37876382470527487 0.18422772048995806 0.816045636117105
0 0.25328567278614594 0.806411924687589 0.21207319085519044 0.37219942616402407 0.18004215937500004 0.3776041666666667 0.22125464130595546 0.8118166651902315
0 0.2955008892439719 0.8185896368677295 0.252913838750114 0.2940543325145816 0.20781199062499994 0.30056423749999994 0.2503990411188579 0.8250995418531478
0 0.31839908719352783 0.8068555167503235 0.2873745887350925 0.35824979906570836 0.26233673124999995 0.36132812499999994 0.2933612297084353 0.8099338426846151
0 0.34697475608388223 0.7986916237259647 0.3166708703331548 0.3268168057057178 0.2888639236242725 0.3299915028130863 0.31916780937499994 0.8018663208333333
0 0.3868570444385043 0.7939393777182846 0.36225479114603626 0.3455204732656344 0.32255808437499994 0.34939236249999994 0.347160337667468 0.79781126695265
0 0.41925508872113626 0.7728505074768237 0.39716928970449583 0.34302519907671136 0.36310222499999995 0.3461371541666667 0.38518802401664043 0.775962462566779
0 0.44786697028606703 0.7832567692637549 0.42654620282121797 0.344705550273319 0.3974278781250001 0.3472222208333333 0.41874864558984903 0.7857734398237692
0 0.47293826562500013 0.7769097208333334 0.4558526593750001 0.34396701250000006 0.4275313244297389 0.34595398180167614 0.44461693067973895 0.7788966901350095
0 0.5105346178034915 0.7906118707783196 0.49490547499999993 0.3309461791666666 0.4576151912312727 0.3332002431028024 0.47324433403476424 0.7928659347144554
0 0.5438566553622445 0.7909521005249097 0.5347458754544917 0.3415990048235629 0.4991531374999999 0.34288194583333337 0.5082639174077527 0.7922350415346802
0 0.5682147261068977 0.7790619106243365 0.5632479000000001 0.3374565958333333 0.5357682070949725 0.33800605321452876 0.5407350332018701 0.779611368005532
0 0.600674521875 0.7866753458333335 0.5957865388530637 0.33904247778578067 0.564899970745564 0.339642068432658 0.5697879537675005 0.7872749364802109
0 0.62752333125 0.7845052083333333 0.62589613125 0.3374565958333333 0.5992474718914844 0.3376290362338554 0.6008746718914845 0.7846776487338553
0 0.654372140625 0.3363715291666668 0.6293922011303502 0.3356260441775867 0.6220414074716614 0.77351519409606 0.6470213469663111 0.77426067908514
0 0.7121377624999999 0.3331163208333335 0.659572651320011 0.33095032471594993 0.6494419557696374 0.7680260136433976 0.7020070669496262 0.7701920097607811
0 0.7715305843750001 0.3287760416666668 0.7156306082407068 0.3248737692505251 0.6982371428853572 0.7678267496090437 0.7541371190196505 0.7717290220251855
0 0.7837345875 0.3298611125000001 0.7715783396417832 0.32925192792201774 0.7593265781250002 0.7638888875000002 0.7714828259832169 0.7644980720779826
0 0.8236010031250002 0.32660590416666685 0.7898162681606151 0.3242415590989159 0.7726412532626142 0.7605405930750238 0.8064259882269992 0.7629049381427747
0 0.8748578218749999 0.32443576250000017 0.8371086162100086 0.3210324912446907 0.8141722892973373 0.7733179186715493 0.8519214949623286 0.7767211899268588
0 0.9065882343749999 0.3255208333333334 0.8801885674697928 0.3226463347113011 0.8528479742015138 0.769043830718909 0.8792476411067209 0.7719183293409415