0 0.0559964620359971 0.008579688019066422 0.027420824788325547 0.008001233761772709 0.01614237525232855 0.9984996290760397 0.04471801250000009 0.9990780833333334
0 0.08981180937500012 0.004008337500000016 0.06198238902896493 0.0035968809619849403 0.05371519215396492 0.997664543461985 0.0815446125000001 0.998076
0 0.1484337406250001 0.003006254166666694 0.09964705336866135 0.0014324902683133004 0.08160953774366134 0.9955001486016468 0.1303962250000001 0.9970739125000002
0 0.19503066250000006 0.9960718291666667 0.19277597500000002 0.17336059166666667 0.1349091251712523 0.1736425248802793 0.13716381267125238 0.9963537623802793
0 0.24087738803657271 0.9949684192649233 0.23937289687500002 0.003006254166666666 0.20179336821342725 0.00310758073507676 0.20329785937499995 0.9950697458333334
0 0.28296356562500014 0.00501042083333338 0.2506490089895206 0.00461912433663709 0.2438825198045095 0.9980396002889314 0.27619707643998903 0.9984308967856277
0 0.31077616831320903 0.011242727059663253 0.2889700642150926 0.011006586621183527 0.28295279590188355 0.9988419428948537 0.30475890000000005 0.9990780833333335
0 0.33557885088819084 0.014263962744246995 0.3182870375 0.01402917916666672 0.3107655459868093 0.9988432997557533 0.32805735937500013 0.9990780833333336
0 0.37390271875000025 0.00601250416666673 0.34308433920281617 0.005638191720597343 0.33632026732781606 0.9956975167205974 0.3671386468750001 0.9960718291666668
0 0.41298836876871003 0.006494262036835548 0.3806667875 0.006012504166666729 0.3723828864654553 0.9940562113736908 0.40470446773416535 0.9945379692438596
0 0.4731090656250001 0.004008337500000078 0.4167302279342858 0.003552751072485211 0.41222084980928575 0.9956162427391517 0.4685996875 0.9960718291666666
0 0.5121903562500003 0.0030062541666667515 0.47686362901297785 0.0027210736143123203 0.4723542477629777 0.9957866486143124 0.5076809750000001 0.9960718291666668
0 0.548265390625 0.9970739125 0.5467591278042415 0.0029394570625839397 0.5159466812378094 0.0030224534686884835 0.5174529440585679 0.9971569089061046
0 0.5813341750000001 0.004008337500000095 0.5527758208497157 0.0037775629917633762 0.5482664427247157 0.9958410546584299 0.576824796875 0.9960718291666666
0 0.6151565439671638 0.004120700625102708 0.5828373445330828 0.003990117950669488 0.580580631815919 0.9969433298255669 0.6128998312500001 0.9970739125
0 0.6647576968750002 0.08217091666666679 0.6249214173375452 0.08176143941312113 0.6196604735875452 0.9916540144131212 0.6594967531250001 0.9920634916666667
0 0.712121150303503 0.08459240454723262 0.6715217656250001 0.08417508333333346 0.666243440928513 0.9970737338411919 0.7068428256070158 0.9974910550550911
0 0.7429202750000001 0.04709796250000012 0.7143608718750001 0.04709796250000012 0.7143608718750002 0.9980760000000001 0.7429202750000001 0.9980760000000003
0 0.7744874097944578 0.9939931142251895 0.7729842952496436 0.051040271019286355 0.7466781010801858 0.05111481929409676 0.7481812156250001 0.9940676625000001
0 0.8255922312500001 0.998076 0.8218219113275657 0.0017059512656314307 0.777492184375 0.002004166666666668 0.7812625042974344 0.9983742154010353
0 0.88872354375 0.9990780833333335 0.875188232567225 0.00448328795435855 0.8489058106929557 0.0051191529502486064 0.8624411218757306 0.9997139483292234
0 0.9210612921885444 0.9941945359498939 0.9030032468750001 0.0010020833333333331 0.8759264421864558 0.0018772932167728093 0.8939844875 0.9950697458333334
0 0.9624093308269679 0.9948524329803465 0.944337059912511 0.003889618540893388 0.9067263103355432 0.005109014727213438 0.9247985812499999 0.9960718291666666
0 1.027159311040226 0.9927106931663021 0.9825977733236627 0.0034302758095884124 0.9344171272886725 0.007288530108509568 0.9789786650052358 0.9965689474652233