0 0.14162810635900797 0.16780760233533265 0.08636918285300492 0.16602941106952498 0.0651578125000001 0.8251921875000001 0.12041673600600315 0.8269703787658077
0 0.18549767803227596 0.1722156841269435 0.13255463661806 0.1714307588319371 0.12277727108578418 0.8309119497049935 0.17572031250000014 0.8316968749999999
0 0.2473670072000509 0.09811572582406768 0.18579276038778977 0.0965184592297961 0.16677812500000008 0.8295281249999998 0.22835237181226117 0.8311253915942715
0 0.2911593750000002 0.10328906250000003 0.24154709022777396 0.10235882755930215 0.2277267777277739 0.839438515059302 0.2773390625000001 0.84036875
0 0.3294225800595923 0.16990804835744963 0.28384375 0.16940937500000003 0.2764676727777048 0.843584093177955 0.3220465028372971 0.8440827665354046
0 0.37083477769712725 0.17817925525384654 0.3220451803052266 0.17805923263673054 0.3204135276080995 0.8413315398828842 0.36920312500000013 0.8414515625000002
0 0.42705753683868874 0.16218858293664123 0.377492835431225 0.16170427560292944 0.3708296875000001 0.8436203125000004 0.4203943889074638 0.8441046198337121
0 0.47001905986966824 0.1782725658534024 0.42448452357772093 0.17804937521743852 0.4212232762080528 0.8433971218640363 0.46675781250000015 0.8436203125
0 0.49766304123953775 0.09478713486287699 0.4716359375 0.09461718750000006 0.4667463337604623 0.8434503651371232 0.4927734375000001 0.8436203125000002
0 0.5236656250000002 0.08269375000000005 0.4944080553383876 0.08247741138853346 0.48871743033838755 0.8520758488885333 0.5179750000000001 0.8522921875
0 0.5537437500000002 0.08702968750000006 0.5163753585960502 0.08643171477468822 0.5041816085960501 0.8484410897746881 0.5415500000000001 0.8490390624999999
0 0.5773276293697248 0.08834439111439155 0.5431848320978919 0.08805134346400266 0.5366718750000001 0.846871875 0.570814672271833 0.847164922650389
0 0.6082125000000002 0.08486093750000008 0.5724119643905959 0.08459509519072952 0.5667213393905959 0.8509419701907296 0.6025218750000001 0.8512078125000002
0 0.6415718054665256 0.0851799088220772 0.603357133260633 0.08481451199064469 0.5960118902941074 0.8530096031685674 0.6342265625000001 0.853375
0 0.6903203125000001 0.85554375 0.6895065292247993 0.1324988749518215 0.6334177303499259 0.13256200260547843 0.6342315136251268 0.855606877653657
0 0.7423499999999998 0.8577109375 0.7358236569634259 0.13649358112979215 0.6822223932574756 0.13697862247141973 0.6887487362940495 0.8581959788416276
0 0.8033355046732267 0.8616450744799053 0.797611599857065 0.12025481011067869 0.7455682826838385 0.12065661063077363 0.7512921875000002 0.8620468750000002
0 0.8301500000000003 0.8609625000000001 0.8285202362080752 0.2679664471710089 0.7992562500000001 0.268046875 0.8008860137919249 0.8610429278289912
0 0.8691718750000001 0.8566265625 0.8650875493275798 0.09328932569280861 0.81958125 0.09353281249999999 0.8236655756724204 0.8568700493071914
0 0.9187609374999999 0.8663828124999998 0.9121993835979124 0.09424462616706378 0.8683409596720904 0.09461733071366393 0.8749025135741778 0.8667555170466
0 0.9724171875 0.8642140624999998 0.9651 0.19650781250000002 0.9179897279848802 0.197024079486434 0.9253069154848802 0.8647303294864338
0 0.9997484375000001 0.1683250000000001 0.9683515625 0.1683250000000001 0.9683515625 0.8652546875 0.9997484375000001 0.8652546875