0 0.10255430624999999 0.8598790333333333 0.03727096677190943 0.1602592622511449 0.002547949130553298 0.1660194312066092 0.06783128860864386 0.8656392022887975
0 0.12856887500000003 0.8566272125 0.06826821313139494 0.1504032654391108 0.035891975 0.15531781249999999 0.09619263686860509 0.8615417595608892
0 0.1578352625 0.8620469125000001 0.11261489612635978 0.2426649039075211 0.07572678124999999 0.2474527416666667 0.1209471476236402 0.8668347502591457
0 0.186288696875 0.8620469125000001 0.14792415241944784 0.2460374867985976 0.115561590625 0.24962062083333333 0.15392613508055214 0.8656300465347359
0 0.205799621875 0.8674666125 0.164133393247434 0.15505576377024508 0.14076320312499996 0.15748569166666665 0.18242943175256596 0.8698965403964216
0 0.22774941562500003 0.8707184375 0.190353471875 0.15423387083333334 0.1634863426095603 0.1567268370655981 0.20088228635956035 0.8732114037322648
0 0.2545769375 0.8631308541666667 0.22856236874999997 0.17157691666666666 0.1999363009578194 0.173491303687266 0.2259508697078194 0.865045241187266
0 0.2806798204176509 0.8669710660813578 0.25858839802767986 0.17750046428234226 0.229375325 0.1791645 0.251466747389971 0.8686351017990154
0 0.309044940625 0.8674666125 0.29115992500000004 0.1802484375 0.25397801436930856 0.18196873620710374 0.2718630299943085 0.8691869112071038
0 0.34401909521533064 0.8627279273152582 0.32681126366368435 0.17659974751811733 0.2934630184483537 0.17808661186952582 0.31067085 0.8642147916666667
0 0.36595180937500005 0.8652987333333333 0.3577849248701364 0.25223797877815074 0.33099473125 0.25287244166666667 0.3391616157548637 0.8659331962218492
0 0.391153421875 0.8620469125 0.38546273437499995 0.25287244166666667 0.35456510204028874 0.2533855696704751 0.3602557895402888 0.8625600405038084
0 0.42285867499999996 0.8815578375 0.4196053043340725 0.25365686335152837 0.38708864374999996 0.2539563833333333 0.3903420144159275 0.8818573574818048
0 0.44724733437499997 0.8674666124999999 0.4407270379114168 0.24695189634275339 0.41317169814561316 0.24746664888536787 0.4196919946091963 0.8679813650426145
0 0.46513235 0.21818635000000006 0.440743690625 0.21818635000000006 0.440743690625 0.8707184375 0.46513235 0.8707184375
0 0.48870804999999995 0.8620469125 0.48138746802791416 0.22325831752796407 0.46025556758239644 0.2236888485832355 0.46757614955448223 0.8624774435552713
0 0.51472261875 0.25612426250000003 0.484643275 0.25612426250000003 0.484643275 0.8685505541666667 0.51472261875 0.8685505541666667
0 0.5317946812500001 0.2582921416666667 0.507389899692346 0.25806054225519076 0.504138077817346 0.8672350130885241 0.528542859375 0.8674666125
0 0.5521185625000002 0.25720820416666673 0.5285465425040852 0.25681533711549653 0.5228526798929226 0.8641606030953148 0.5464246998888377 0.864553470146485
0 0.5724424437500002 0.25829214166666675 0.5464463157708301 0.2581037639394937 0.543989009375 0.8609629708333334 0.5699851373541701 0.8611513485605066
0 0.5993100487378655 0.16460594654576377 0.5765072187500001 0.16398933333333343 0.5658900266419107 0.8620016271811463 0.5886928566297761 0.8626182403935766
0 0.6180642037071755 0.16480965179936824 0.5953645065146124 0.16396501194913513 0.58057199375 0.8707184375 0.6032716909425632 0.8715630773502331
0 0.6326011312500002 0.4013722666666668 0.6041502202204192 0.4010152355334549 0.600895878125 0.8620469125000002 0.629346789154581 0.8624039436332119
0 0.6676528538765727 0.16848509387212157 0.6447954593749999 0.16724115416666677 0.6234679777271095 0.8639389615721009 0.6463253722286822 0.8651829012775558
0 0.6887230741154285 0.1739428394812418 0.665932296875 0.17266085833333342 0.6439212566386217 0.8683184652952872 0.6667120338790502 0.8696004464431956
0 0.7090189250000002 0.1737447958333335 0.6879381348094329 0.17229549158897756 0.6610804336114194 0.8667977029146895 0.6821612238019867 0.8682470071590453
0 0.7350334937500003 0.34067160833333343 0.7034673618943299 0.33875850943298974 0.6855823462693298 0.8633856344329899 0.7171484781250002 0.8652987333333335
0 0.7765497437068125 0.3381951190923587 0.7350334937499999 0.33525190833333346 0.7136971846709788 0.8703008665586992 0.7552134346277912 0.8732440773177246
0 0.8049476468750001 0.25504032083333344 0.7765744336016892 0.25241504120426245 0.744671172333309 0.865393915993301 0.7730443856066199 0.8680191956223718
0 0.8261112878545113 0.25549319029108347 0.8032836332497915 0.25376933217501146 0.7772422610202803 0.8668266960505948 0.8000699156250001 0.8685505541666669
0 0.8480342750000001 0.25287244166666684 0.819906130001485 0.25046145769564226 0.7903144500000001 0.8642147916666667 0.8184425949985151 0.8666257756376913
0 0.869984065625 0.2572082041666668 0.84722131875 0.25504032083333344 0.8143976941492713 0.8677472230037874 0.8371604410242715 0.8699151063371207
0 0.8911209031250001 0.2550403208333335 0.8668726930818439 0.2525797355736044 0.8317845320315909 0.8673025736087981 0.8560327420747471 0.8697631588685272
0 0.9277587170664731 0.17070646231297223 0.896811590625 0.1672411541666668 0.8526465199832101 0.8684297957881228 0.8835936464246832 0.8718951039344283
0 0.9548252529937654 0.16914492249190274 0.9277963104800844 0.16607538954333692 0.88299135 0.8674666125000001 0.9100202925136811 0.8705361454485661
0 0.98461075625 0.33308402916666685 0.9481546390391109 0.3289345526378951 0.9138836500000002 0.8642147916666669 0.9503397672108893 0.8683642681954387
0 1.0082202567516592 0.3304380093902407 0.9709047018164801 0.3281287481810058 0.9520925468750002 0.8685505541666669 0.9894081018101792 0.8708598153759018