0 0.11198125000000006 0.7384453125 0.09948767306830504 0.18982415839144579 0.05601874999999999 0.19081406249999996 0.06851232693169501 0.7394352166085543
0 0.15855781250000006 0.7415953125000001 0.1483859375 0.19381250000000003 0.101320798364586 0.1946864608129692 0.11149267336458606 0.7424692733129692
0 0.20698750000000002 0.744365625 0.1995337939832093 0.19439993507069905 0.1554890625 0.194996875 0.1629427685167907 0.744962564929301
0 0.254934375 0.7526531249999999 0.24694375000000002 0.1938125 0.19991092570213653 0.19448500240022387 0.2079015507021365 0.7533256274002238
0 0.29666562500000004 0.7514687499999999 0.29039375000000006 0.20123124999999997 0.25402233293076215 0.20164582912525247 0.26029420793076213 0.7518833291252525
0 0.3304328125000001 0.20253281250000005 0.29400290563391207 0.2024725412403409 0.2930888431339121 0.7549616037403408 0.3295187500000001 0.7550218750000001
0 0.36364590816729647 0.22487527579813316 0.33307031249999997 0.22459687500000003 0.3282431543327036 0.7547434742018668 0.3588187500000001 0.755021875
0 0.40321406250000014 0.20565312500000005 0.36414938573174505 0.20533994625858942 0.359727510731745 0.7569071337585894 0.3987921875000001 0.7572203125
0 0.4485968749999999 0.20643906250000005 0.4076546875 0.20565312500000005 0.39698722811479453 0.7613577736491715 0.4379294156147944 0.7621437111491716
0 0.5328852761761318 0.17358380796901962 0.453825 0.17131718750000008 0.43689271065687735 0.7619195799422196 0.5159529868330092 0.7641862004112392
0 0.6180879965681311 0.17722565202359278 0.538440625 0.17388750000000008 0.5135791909318692 0.7670743479764074 0.5932265625000003 0.7704125000000002
0 0.6731374999999999 0.21749218750000007 0.6225265624999999 0.2151250000000001 0.5969456574673317 0.7620498151242014 0.6475565949673318 0.7644170026242014
0 0.735290625 0.16539687500000005 0.6837921875000001 0.16184531250000006 0.6418072556336448 0.7706360601388931 0.6933056931336448 0.7741876226388931
0 0.789453125 0.1689500000000001 0.74150625 0.1653968750000001 0.6964022372242191 0.774043196916277 0.744349112224219 0.7775963219162769
0 0.8333625000000001 0.22987656250000016 0.7880838435648988 0.22627278232151965 0.7450578125 0.7668609375 0.7903364689351013 0.7704647176784805
0 0.8853644755691692 0.2421814440226552 0.8400640625 0.23762031250000012 0.78609547005271 0.7736275551064894 0.8313958831218791 0.7781886866291445
0 0.90758125 0.2533140625000001 0.885426997013802 0.25104562794343155 0.8320149773940673 0.7726843905574918 0.8541692303802652 0.7749528251140603
0 0.9332937500000004 0.2565640625000002 0.9090897798841064 0.25403034859881324 0.8549272798841063 0.7714319110988133 0.8791312500000001 0.7739656250000001
0 0.9661453124999999 0.25774843750000015 0.9396829102345337 0.2549329989528565 0.8839826120048139 0.7784619886218586 0.9104450142702802 0.7812774271690023
0 0.9974461786426356 0.259640063987944 0.9705859374999999 0.25656406250000013 0.9108725713573644 0.7779927485120565 0.9377328125000002 0.7810687500000003