0 0.08136240970310561 0.27894757667839953 0.05760898202137108 0.27742932452254265 0.025770312500000087 0.775553125 0.04952374018173462 0.7770713771558568
0 0.10509687500000012 0.28808593749999994 0.08919030063546492 0.28716541542200646 0.06112155063546489 0.7721919779220066 0.07702812500000009 0.7731125000000001
0 0.14251039784784492 0.20540001600841765 0.10725365045902804 0.2035966709201039 0.07809818920557145 0.7736077792092837 0.1133549365943883 0.7754111242975974
0 0.18093401390986924 0.2073795153201527 0.1405949508421814 0.20572096633258843 0.11714638228532612 0.7760347122359351 0.15748544535301395 0.7776932612234995
0 0.3064910276575802 0.7762087212183615 0.30462175236634226 0.20004092867449957 0.2338212025763562 0.2002706286335066 0.23569047786759417 0.7764384211773685
0 0.3889607322363783 0.16976808758351883 0.3163591997996195 0.16881430469793088 0.3083562500000001 0.7779953125 0.3809577824367589 0.778949095385588
0 0.46339328299004023 0.17190966256260218 0.3907852959507802 0.17153771922178201 0.3876670691120441 0.7802545560205923 0.4602750561513041 0.7806264993614126
0 0.5152140624999999 0.7804359375 0.5139841725437894 0.24485271897619781 0.46578534375325586 0.24496340066557934 0.4670152337094665 0.7805466191893815
0 0.5628109375000001 0.7771812500000002 0.5560816118565161 0.24769954996831384 0.5133744476539468 0.2482423268295569 0.520103773297431 0.7777240268612431
0 0.617728125 0.7779953125 0.6097406100307882 0.20932106131694378 0.5627655025612809 0.20998086677378036 0.5707530175304927 0.7786551179568365
0 0.6769409112478202 0.7831905091805934 0.6646365859387002 0.19895877200301415 0.615233498815994 0.1999992352585182 0.627537824125114 0.7842309724360975
0 0.7707182394400538 0.7676083603297108 0.7255053792293317 0.23070941187629895 0.6891449522892777 0.23377136404658802 0.7343578124999999 0.7706703124999998
0 0.8415108377396343 0.7662117522280761 0.7867444024486833 0.2196709043043727 0.7503741897090489 0.22331540207629658 0.8051406249999999 0.7698562499999999
0 0.9208284961940472 0.772377506327728 0.8601112503682977 0.2097127559472542 0.8231390041742506 0.2137024371195262 0.8838562499999998 0.7763671874999998
0 1.0157009646718116 0.777378105220377 0.9491489867703145 0.18747537179383575 0.9076136470985029 0.19216132907345873 0.974165625 0.7820640624999999