0 0.2328661858053247 0.35082115599097324 0.18630367458030164 0.34786979819793923 0.17206869062500005 0.7471235333333333 0.2186312018500231 0.7500748911263673
0 0.27535551365065636 0.35476204044267584 0.2326655269346653 0.3526020915937128 0.2214583750000001 0.7463835708333335 0.26414836171599115 0.7485435196822966
0 0.33760664234711796 0.7472841993451695 0.3105510619344416 0.3586993392776218 0.2759790070873236 0.3629786482657856 0.3030345875 0.7515635083333333
0 0.3736752255353214 0.7463193248468845 0.34437460436849954 0.3593643205663168 0.3109149819581781 0.3638684915527656 0.340215603125 0.7508234958333334
0 0.40413473772746833 0.7476297438546422 0.3704582608672954 0.3322471525327879 0.3431651825148271 0.3361809170114789 0.37684165937499997 0.7515635083333332
0 0.4335887467222973 0.7487409917223083 0.39688201752048446 0.3341434025321816 0.3695467301731871 0.33844589414320664 0.40625345937499996 0.7530434833333335
0 0.4613628384935714 0.7541079745215208 0.4193211974617199 0.30861161400834697 0.3940506704651169 0.3128512373193107 0.4360923114969683 0.7583475978324845
0 0.48895795187798463 0.7554388553755598 0.44706149122509614 0.3100110592185319 0.4223369655883677 0.31414539229762817 0.4642334262412562 0.7595731884546559
0 0.5145885352551872 0.7492966073360116 0.4785067845794074 0.3245439934510315 0.45175890717463796 0.3285834071900773 0.4878406578504178 0.7533360210750574
0 0.5435796064996605 0.7508370287700876 0.514272833722125 0.32547399762088575 0.4875553098676385 0.3287465147925152 0.5168620826451742 0.7541095459417171
0 0.563910281198849 0.7497758584980337 0.5532747467165695 0.3713414053074477 0.533058865625 0.37235144583333335 0.5436944001072795 0.7507858990239195
0 0.5866483411961835 0.749618392798485 0.5781742842477743 0.37090401341380785 0.557626673508325 0.37172138283479 0.5661007304567341 0.7504357622194671
0 0.60993035612642 0.752919678327475 0.6008019690093873 0.3460458387300823 0.5791455222579672 0.3469096104026075 0.588273909375 0.7537834500000001
0 0.630449315625 0.75378345 0.6226672039276673 0.34611149812404673 0.6021759446816991 0.3468068950208782 0.6099580563790317 0.7544788468968314
0 0.651479135889818 0.752918760102919 0.6420509578609346 0.34527535192681985 0.6210211375961167 0.3461400418239009 0.6304493156250002 0.7537834500000001
0 0.7025915906250001 0.7604433625000001 0.6941698224925579 0.27098357285035185 0.6575630331333434 0.2721033339459771 0.6659848012657855 0.7615631235956253
0 0.744212078125 0.761183375 0.7375052030266065 0.2722792000588411 0.7020212332575186 0.2731445786492461 0.7087281083559122 0.7620487535904049
0 0.755310921875 0.7500835333333333 0.7484734360023958 0.3701547864856465 0.7368529969920669 0.37052657356754104 0.7436904828646712 0.7504553204152279
0 0.781393053125 0.7523034708333333 0.7758185939158279 0.37097077506211246 0.7525524284445222 0.3715754207834036 0.7581268876536943 0.7529081165546244
0 0.8047192744259044 0.752786767461703 0.7985772875291479 0.3507280459709627 0.7814719531249998 0.35119259166666666 0.7876139400217564 0.7532513131574069
0 0.8235718483265588 0.7532250083652603 0.8162488421656084 0.3520999757370252 0.797486328125 0.3527089208333333 0.8048093342859504 0.7538339534615683
0 0.8463210718750002 0.7508234958333335 0.8364035937500003 0.3536339958333334 0.8147849333328292 0.3545936389335735 0.8247024114578292 0.7517831389335736
0 0.867464209375 0.7514896708333333 0.8568944969045015 0.3546241063061829 0.8358530345856107 0.35562036734792096 0.8464227470561092 0.7524859318750714