0 0.08161948437500002 0.8006528833333335 0.0436707298493237 0.3124819778837445 -0.010608181897881777 0.31998323824544245 0.027340572627794553 0.8081541436950314
0 0.1400731875 0.7986795833333333 0.10720836832505279 0.30765291334847705 0.052379271875 0.31417692500000005 0.08524409104994723 0.8052035949848563
0 0.17563704382989234 0.787617913855127 0.14746862142714695 0.32798405027331745 0.12480765625000001 0.33045296666666674 0.15297607865274537 0.7900868302484763
0 0.19704705625000005 0.7848664791666666 0.16886216574841137 0.3259529344714805 0.14969215 0.32804601249999993 0.17787704050158867 0.7869595571951861
0 0.23848261874999993 0.7848664791666666 0.21410126118648817 0.3426549545238525 0.17188979062499998 0.3467924333333333 0.19627114818851177 0.7890039579761474
0 0.2807713686833073 0.7851169526626277 0.25813977604624083 0.3408942148469081 0.214805140625 0.3448191000000001 0.23743673326206646 0.7890418378157196
0 0.30877506250000003 0.7888130791666668 0.28423948970514795 0.30513495711075556 0.25988348960885765 0.30733141660121677 0.28441906240370973 0.7910095386571279
0 0.347250903125 0.7888130791666667 0.3264720916681475 0.30293867343905717 0.29471654375 0.3053529875 0.31549535520685257 0.7912273932276095
0 0.38572674375000005 0.7878263958333335 0.3656462228658207 0.3000180066621056 0.3308934605612419 0.30256127691960494 0.35097398144542125 0.7903696660908327
0 0.4138680108295733 0.771824931440701 0.40048650199509617 0.34655062234652423 0.377900103125 0.3478140791666667 0.3912816119594772 0.7730883882608434
0 0.4368059908161538 0.7925888349837665 0.421845415625 0.2989859541666667 0.39977784610935296 0.30017501091511406 0.41473842130050675 0.7937778917322139
0 0.4627373207199289 0.7894288307337846 0.4446047693250252 0.29607832539170953 0.42346269062499997 0.2974597541666667 0.44159524201990374 0.7908102595087417
0 0.5170804133110196 0.7877440717486952 0.48318165588472467 0.2774565869606137 0.4478870843749999 0.28162484166666674 0.4817858418012949 0.7919123264547482
0 0.5522087874999999 0.7868397791666666 0.5263116312499999 0.319166125 0.4910066431232717 0.32264166839142827 0.5169037993732717 0.7903153225580949
0 0.590684728125 0.7868397791666666 0.5675159906249999 0.31743213333333326 0.5314642368832032 0.320595547672983 0.5546329743832032 0.7900031935063162
0 0.6300777236539478 0.775172900076443 0.60918265625 0.28956652083333334 0.5723947197451221 0.29238063877202614 0.59328978714907 0.7779870180151358
0 0.6721031716780044 0.7758764758746268 0.65703421875 0.2903054 0.613597038216195 0.29270185549584454 0.6286659911441993 0.7782729313704714
0 0.7113026169703963 0.7784411166091101 0.7001929062500002 0.2885798708333333 0.6631859361546039 0.2900719458908901 0.674295646875 0.7799331916666667
0 0.748290607275376 0.778201554751852 0.7424834375 0.2859651208333333 0.7068184808724667 0.2867131352025664 0.7126256506478427 0.7789495691210852
0 0.7897487138410333 0.780180933472959 0.78398734375 0.2772845666666666 0.7475172965370366 0.27802734815972313 0.7532786666280697 0.7809237149660154
0 0.8311781509588488 0.7803968304809058 0.8271188531250001 0.26968907916666673 0.7896949551385071 0.27021789562279214 0.7937542529723558 0.7809256469370313
0 0.868894728125 0.2698334625000001 0.8304188874999999 0.2698334625000001 0.8304188874999999 0.7779598916666669 0.868894728125 0.7779598916666669
0 0.976183225 0.2619402458333335 0.8808398189266102 0.2594957647431565 0.8733634588150846 0.7779037298371887 0.9687068648884744 0.7803482109273657