0 0.08336996146007555 0.8418135657632484 0.0444650624767178 0.15311407250256354 0.0009348968750000006 0.15748569166666665 0.039839795858357764 0.8461851849273515
0 0.12369114062500002 0.8436199291666667 0.08335581912242011 0.1565474910946882 0.043208571875000004 0.16073751249999998 0.0835438933775799 0.8478099505719785
0 0.16759072500000002 0.8436199291666667 0.14216124389628457 0.01128292011380471 0.08466929062499999 0.014405566666666668 0.11009877172871545 0.8467425757195286
0 0.21311621874999997 0.8501235708333331 0.1893342369865517 0.07160528118729517 0.14482797812499998 0.07402228749999999 0.16860995988844826 0.852540577146038
0 0.2578537565128879 0.8466500284077062 0.23893007209244832 0.19392007741954057 0.1887275625 0.19650754583333332 0.2076512469204396 0.8492374968214988
0 0.3264277447080854 0.8507450729347225 0.2717809620654802 0.16959224551400723 0.2350660125 0.17482873750000003 0.2897127951426052 0.8559815649207152
0 0.36026112187500003 0.8501235708333331 0.3143547044741929 0.17136438831026712 0.27652673124999994 0.17591267916666664 0.3224331486508071 0.8546718616897326
0 0.3953762783313147 0.85240881854072 0.348879746875 0.18024843750000002 0.31223360190073796 0.18475508318387088 0.35873013335705267 0.8569154642245909
0 0.4263115131936909 0.8564179349209337 0.3821674400876278 0.18826197266180617 0.348879746875 0.19217178333333335 0.3930238199810631 0.8603277455924607
0 0.453750975 0.8533753916666665 0.4137997200763155 0.1206639154071936 0.38058500312499993 0.12388354166666667 0.42053625804868444 0.8565950179261396
0 0.49055248763762205 0.8618145663622899 0.4510177970456139 0.11944095196413483 0.4142162844079918 0.12292511893517805 0.4537509749999999 0.8652987333333332
0 0.5204447249455754 0.8628156798803556 0.490260196897927 0.12424648948186935 0.450499153125 0.1271353625 0.48068368117264837 0.8657045528984862
0 0.5490301530133874 0.8644681978188792 0.522852171875 0.12930324166666665 0.4911026945585638 0.13131309981440578 0.5172806756969512 0.8664780559666183
0 0.5870756375000001 0.866382675 0.561874025 0.13580688333333335 0.5237830988875378 0.1381428253441318 0.5489847113875379 0.8687186170107984
0 0.6147161156250001 0.8739702583333333 0.599269965625 0.1412265875 0.5675440765496684 0.1424155261541678 0.5829902265496684 0.8751591969875012
0 0.6375200149917197 0.8756663962596191 0.6276327589584241 0.2077272854113577 0.600895878125 0.2084308875 0.6107831341582955 0.8763699983482613
0 0.6594732798655596 0.8734782363793964 0.6488602375 0.2171024125 0.6252779687067822 0.21778028869002702 0.6358910110723418 0.8741561125694234
0 0.6838450047104863 0.8720324599194239 0.669997071875 0.2149345291666667 0.6471609820320927 0.2157900962454698 0.6610089148675791 0.872888026998227
0 0.726143672544763 0.8775931267688655 0.7187283984998472 0.21516194075063744 0.675687759375 0.21601847083333336 0.683103033419916 0.8784496568515615
0 0.7740994438748654 0.8789049285147142 0.7699905687500002 0.21710241250000004 0.7228087500741751 0.21762318336485406 0.7269176251990405 0.8794256993795684
0 0.82120675 0.22143817083333345 0.772429434375 0.22143817083333345 0.772429434375 0.8815578375000003 0.82120675 0.8815578375000003
0 0.8748617968750002 0.22794181250000012 0.8228186970051471 0.2274784347520867 0.8195668751301468 0.8767587014187532 0.8716099749999999 0.8772220791666666
0 0.9147037500510949 0.8802015053337009 0.9122577406249999 0.23119363333333334 0.871602834323905 0.23146602799963253 0.87404884375 0.8804739
0 0.9545314125000004 0.8869775416666666 0.9529055031250003 0.23444545416666668 0.916331021849737 0.2346074672589619 0.9179569312247372 0.8871395547589618
0 0.9789200687500001 0.13689082500000016 0.9537330054127219 0.13674544513310158 0.9512902244600477 0.8891220202903896 0.9764772877973259 0.8892674001572881
0 0.998430996875 0.8858936 0.9959921312500001 0.1412265875 0.9732404682951634 0.14135905714589117 0.9756793339201634 0.8860260696458911