0 0.1694775125 0.9980760000000001 0.12122292563883141 -0.002201401887609311 0.060500840624999996 0.0030062541666666673 0.1087554274861686 1.0032836560542762
0 0.2100835325378229 0.9955642468608189 0.17372382892378907 0.16333099231043022 0.134905603125 0.16634599999999997 0.1712653067390338 0.9985792545503887
0 0.246921693395931 0.9939754088969148 0.21677919372168614 0.16706620021102847 0.18150252499999997 0.16935225416666666 0.21164502467424487 0.996261462852553
0 0.2769510593750001 0.9950697458333335 0.253502653599522 0.0006557074197468852 0.22133537812499998 0.002004166666666668 0.24478378390047806 0.9964182050802532
0 0.30701617881495097 0.9951963043855733 0.28670235050627235 0.003078885303030271 0.26116823125000005 0.0040083375 0.2814820595586787 0.9961257565825431
0 0.3475980031250001 0.9980759999999999 0.33316431252337636 0.1472478164756276 0.297994828125 0.14830848333333338 0.31242851872662375 0.9991366668577056
0 0.37089646562500006 0.9970739125000001 0.3626262133775816 0.0036413225113142303 0.33782768124999996 0.0040083375000000004 0.3460979334974184 0.997440927488686
0 0.41073003635811994 0.005062096475233329 0.372399590625 0.005010420833333393 0.3716473073918802 0.9970222368581003 0.4099777531250002 0.9970739125000001
0 0.45507155000000016 0.00501042083333341 0.4205253996171754 0.004404347851256161 0.41075507461717525 0.9944636728512563 0.445301225 0.9950697458333335
0 0.560290403125 0.16935225416666674 0.46419593659576747 0.16634930511164783 0.4495771223023102 0.9979982446229045 0.5456715888315427 1.0010011936779235
0 0.6008748187500002 0.0020041666666667734 0.5746557784490512 0.0007707441352326372 0.5483510659490511 0.9948384066352326 0.5745701062500002 0.9960718291666668
0 0.6256764062500002 0.16634600000000013 0.6046385084449039 0.165158855483655 0.5782022635144184 0.9980264994299378 0.5992401613195147 0.9992136439462829
0 0.7000811687499999 0.005010420833333451 0.6431198805837796 0.00048420405452429536 0.5987359930263317 0.9934796673575217 0.6556972811925521 0.998005884136331
0 0.7639640437500002 0.004008337500000137 0.7146573473908151 -0.0010895013861208429 0.6566113217813033 0.9970006300145347 0.7059180181404884 1.0020984689006556
0 0.7925234500000002 0.005010420833333488 0.7723237828582024 0.0026188018979308226 0.706068615436437 0.9974501428743073 0.726268282578235 0.9998417618097101
0 0.8233375406250003 0.1913981083333335 0.7929338451577889 0.1871627677056545 0.7294327129731245 0.9975581755054397 0.759836408440336 1.0017935161331188
0 0.9060095 0.004008337500000196 0.8430445350947343 -0.00563951986192109 0.756775637348853 0.9952815095839004 0.8197406022541187 1.0049293669458217
0 0.9811658250000003 0.005010420833333503 0.9181015067504695 -0.006189700326885698 0.8180501951622068 0.995334029643855 0.8811145134117375 1.0065341508040742
0 1.0235073522547662 0.01021105609138336 0.996948653125 0.005010420833333562 0.8876217809589468 0.9975659190101441 0.914180480088713 1.0027665542681938