0 0.040769706250000044 0.9975394541666667 0.03833046484757023 0.005581229670214478 -0.0024308069467206725 0.005759421012588891 0.000008434455709132108 0.9977176455090411
0 0.08442540312500021 1.4513853082339287e-17 0.037646858814499015 -0.00014675618380177626 0.03588274631449888 0.9995172229828649 0.08266129062500008 0.9996639791666666
0 0.13507251562500003 0.9986233958333334 0.13263311924312374 0.004433791240703123 0.08223841245570482 0.0046536154670949285 0.08467780883758111 0.9988432200597253
0 0.1928103954047274 0.997279371862955 0.1903715824437568 0.007663212590317393 0.1310077932890294 0.007923294894029142 0.13344660625000002 0.9975394541666667
0 0.24726509562560578 0.0048969629749367576 0.191166428125 0.004650104166666698 0.18872280749939432 0.9918728953583966 0.2448214750000001 0.9921197541666668
0 0.30174047034195917 0.9994176375225333 0.297663565625 0.003566162499999999 0.23995433516777842 0.003986171645297817 0.2440312398847376 0.9998376466678311
0 0.36595180937499994 0.9986233958333334 0.364325896875 0.11846384166666667 0.2936072259487876 0.11869608717613997 0.2952331384487875 0.9988556413428067
0 0.43505300625 0.9975394541666668 0.43017527187500004 0.11521202083333335 0.3619147060393789 0.11588288673912774 0.36679244041437886 0.9982103200724611
0 0.48689516250000003 0.9996639791666666 0.4805785 0.004650104166666665 0.4295733195478263 0.005225743283110328 0.4358899820478263 1.0002396182831104
0 0.5407371875 0.003566162500000083 0.482204409375 0.0035661625000000786 0.4822044093750001 0.9975394541666667 0.5407371875000001 0.9975394541666667
0 0.6114642937500002 0.006817983333333434 0.5374939285502017 0.006168408264756925 0.5326161973002016 0.9936380582647569 0.6065865625000001 0.9942876333333335
0 0.6789488305393144 0.9971024996377058 0.6756877593749999 0.004650104166666667 0.6008866257106854 0.0050870586956274794 0.6041476968749999 0.9975394541666667
0 0.7195881870411849 0.9963947670507955 0.7187725507155924 0.006757237648896441 0.6773109886744076 0.006817987264767589 0.6781266250000001 0.9964555166666667
0 0.7724543196844167 0.005224036578105948 0.72365211875 0.004650104166666786 0.7171201145657442 0.9920716173031919 0.7659223155001608 0.992645549714631
0 0.8301807999625129 0.007490523715729395 0.7732423906249999 0.00681798333333346 0.7666503000374869 0.9989914387842709 0.823588709375 0.9996639791666667
0 0.89355976875 0.004650104166666815 0.8244527896372535 0.0042477344584674346 0.8212009677622536 0.9971370844584673 0.890307946875 0.9975394541666667
0 0.9309557093749999 0.002482225000000152 0.8829922555295466 0.002203873630007211 0.8797395281250001 0.9986233958333334 0.9277029819704534 0.9989017472033265
0 0.966725740625 0.9964555166666665 0.96572580625 0 0.9301425045125727 0.000063480055702992 0.9311424388875726 0.9965189967223697
0 0.998430996875 0.9986233958333333 0.99773185625 2.312964634635743e-19 0.9634676606871088 0.00004264624673599171 0.9641668013121087 0.9986660420800694