0 0.2196198625 0.1097923166666667 0.182223921875 0.09353321250000003 -0.0278736279143589 0.9525987733458247 0.009522312710641101 0.9688578775124913
0 0.2684645635057726 0.1739250281700769 0.21799395312499997 0.14989810833333336 0.005941820933756237 0.9417802965497202 0.056412431314528846 0.9658072163864637
0 0.311686204922346 0.1686687184749113 0.27083604375000003 0.14881417083333337 0.0584523232026541 0.9256557731917555 0.09930248437500011 0.9455103208333334
0 0.36309882836294494 0.14190097827488465 0.322865178125 0.12279960000000005 0.10996573251548028 0.920016936977282 0.15019938275342523 0.9391183152521667
0 0.410069005308258 0.13979917632752986 0.37245545 0.12063172083333337 0.14346355816207695 0.9195042742631719 0.18107711347033492 0.9386717297573685
0 0.4565180094160171 0.1428172050126685 0.4106643468750001 0.12388354166666676 0.22351500127691706 0.9296425428939207 0.2693686638179341 0.9485762062399223
0 0.5064861122494974 0.14712390697020558 0.461880528125 0.12713536250000013 0.26115715224595365 0.9234477762869543 0.30576273637045104 0.9434363207571598
0 0.5693864818020122 0.09938986851743602 0.523665128125 0.0783580458333334 0.29828066194798775 0.9494091231492306 0.344002015625 0.9704409458333333
0 0.6306999504930817 0.10247256250750712 0.5870756374999999 0.08052592916666669 0.33777364638191826 0.9615015958258264 0.3813979593750001 0.9834482291666667
0 0.693572775 0.07293834583333351 0.6416710978199517 0.045884313268152344 0.37228202457158555 0.9646543705605041 0.4241837017516339 0.9917084031256852
0 0.7545444187500001 0.030664670833333574 0.712597772950246 0.007913947856517882 0.4199338823252458 0.9672011520231845 0.46188052812500013 0.9899518750000001
0 0.8031084073454553 0.029879565217225647 0.7626739718750001 0.006817983333333426 0.4549841970478637 0.9658935504864016 0.49541863251831886 0.9889551323702939
0 0.8520990500000002 0.0035661625000001844 0.8079473687267635 -0.022407353443920818 0.4827770002479655 0.9602564063694313 0.5269286815212022 0.9862299223133524
0 0.9033152312500002 0.0024822250000002674 0.861966098038992 -0.022678768826634926 0.5251489620721423 0.9613556081797789 0.5664980952831505 0.9865166020064142
0 0.8480342750000004 0.2333615166666669 0.8308799116920591 0.222616286058334 0.5780361768473298 0.9402263705505983 0.5951905401552711 0.9509716011589312
0 0.9724164281250003 0.0013982833333336941 0.9394501912227415 -0.020378500295620643 0.5850461086083522 0.9334094436327401 0.6180123455106109 0.9551862272616944
0 1.0092424792106802 0.01173607869513731 0.9773797105087919 -0.009606678417114326 0.617277186379098 0.9461264226658272 0.6491399550809864 0.9674691797780788
0 0.9212462890148665 0.31128096506965336 0.9016893218750003 0.29839793750000015 0.6639874738012459 0.9398934185176309 0.6835444409411121 0.9527764460872841
0 1.0321795707406412 0.14742341874966527 0.9879999243310355 0.11916602457763302 0.694014157770386 0.9363011951399908 0.7381938041799918 0.964558589312023
0 1.0361052598429485 0.2646002750722298 0.999747984375 0.2395833333333335 0.7312063959018781 0.9334022560720479 0.7675636713698266 0.9584191978109441
0 1.017808119404862 0.37091152453382153 0.99371586127331 0.3555220486747887 0.7805589875 0.9487621416666667 0.8046512456315522 0.9641516175256996
0 1.0524239500628012 0.4844799565544156 0.9984309968749999 0.4436459416666667 0.8005993923708434 0.908683624498214 0.8545923455586447 0.9495176393859629