0 0.07962534614202754 0.28100541423395237 0.03715526304938642 0.2770627182763208 0.010130960640378672 0.7945763434324139 0.05260104373301979 0.7985190393900454
0 0.12164103289987009 0.2819433075327382 0.07747271612526871 0.27818676262280345 0.05278798279751631 0.7941611887720561 0.09695629957211768 0.7979177336819909
0 0.16886455706073716 0.2858817033251409 0.12416513797281745 0.28194683782591096 0.09897604993345063 0.7906470334644545 0.14367546902137035 0.7945818989636845
0 0.21355148229720572 0.2856434661149226 0.16705434702755975 0.2819898140686832 0.14460352778972482 0.7899254434327633 0.19110066305937082 0.7935790954790026
0 0.23714724062500006 0.28650567500000007 0.20830877771931555 0.2849225330544939 0.1927520062500001 0.7887121333333335 0.22159046915568462 0.7902952752788396
0 0.26761716021413146 0.28711715373697694 0.23954874111137991 0.28556118475233233 0.22382866562500014 0.7896988166666667 0.2518970847277517 0.7912547856513114
0 0.28025712588739277 0.3174856396820721 0.2550945206154406 0.31691006985853376 0.24898064160304784 0.7920832301764615 0.274143246875 0.7926587999999999
0 0.30221650937500016 0.3163470666666667 0.27780420401008993 0.3158781479265941 0.2726634093750001 0.7916721166666668 0.29707571473991035 0.7921410354067394
0 0.33859129516842795 0.31122384679518017 0.30673909928130233 0.31016197509739185 0.2977850822378745 0.7876502616355452 0.3296372781250001 0.7887121333333336
0 0.3705654125000001 0.31135530416666674 0.33950781231524807 0.3103293071378059 0.3306096875000001 0.7891773958333332 0.3616672876847521 0.7902033928621942
0 0.3952998812500001 0.29190414166666667 0.37122545787693484 0.2911933230544974 0.3629547843750001 0.7891773958333334 0.3870292077480654 0.7898882144455026
0 0.42159857326294575 0.29170858672290484 0.3968750506333291 0.2910135780941881 0.38895768437500006 0.7917144666666667 0.4136812070046167 0.7924094752953834
0 0.4530178778982217 0.32203867384541973 0.42323101612671926 0.3213166384772068 0.41686325000000013 0.7883316666666668 0.44665011177150254 0.7890537020348796
0 0.48220880336925587 0.3218276062835984 0.45240541326745964 0.3213209821379267 0.4479399187500001 0.7883316666666667 0.4777433088517964 0.7888382908123385
0 0.5227979185624592 0.31937502784172983 0.48221718231916777 0.31888228220057596 0.47901658437500005 0.7874859958333336 0.5195973206182914 0.7879787414744873
0 0.562483048760464 0.32088612715955905 0.5231715177488738 0.32063636377117166 0.5215091312500001 0.7857945375 0.5608206622615903 0.7860443008883874
0 0.6052261868994135 0.7874547639217825 0.6050241393612256 0.32062988897970535 0.564433908711812 0.32066112089125615 0.56463595625 0.7874859958333332
0 0.6445473249999999 0.787485995833333 0.6440840898998867 0.31805832635928993 0.6053976945706481 0.31812619490031924 0.6058609296707613 0.7875538643743624
0 0.6806977562500001 0.3155838208333334 0.651523715625 0.3155838208333334 0.651523715625 0.7900230666666667 0.6806977562500001 0.7900230666666667
0 0.7086033250000001 0.7866402666666666 0.7040650557835939 0.32023188254200735 0.6767982733431291 0.32070354930383876 0.6813365425595352 0.7871119334284982
0 0.7618775124999999 0.7891773958333332 0.7566800442133099 0.28335470356098347 0.7103996274046007 0.2842001153002981 0.7155970956912907 0.7900228075726479
0 0.8100780625 0.7832574666666667 0.8009946378676063 0.282887120957478 0.7547238647960647 0.2843804045125074 0.7638072894284587 0.784750750221696
0 0.848765359375 0.7857945375 0.8392123926733591 0.2966363909480873 0.8043705728982461 0.297846061967963 0.8139235395998872 0.7870042085198757
0 0.8912579062500001 0.7857945375 0.8825949711201593 0.33444503425396555 0.84052049375 0.3358806833333333 0.8491834288798408 0.7872301865793677
0 0.9426295093750001 0.7824117375 0.9307132153903617 0.3328767566977139 0.8849157062499999 0.33503498333333326 0.8968320002346385 0.7845699641356194