0 0.9564044461566417 0.9965846549158218 0.9300531861383778 0.003769513330128597 0.8984473212317361 0.005260858414306694 0.9247985812499999 0.9980759999999999
0 0.9157798218750001 0.9930655750000003 0.8939844875 0.004008337500000011 0.8630866558354336 0.005218789540470637 0.8848819902104337 0.9942760270404708
0 0.8751954062500001 0.9950697458333334 0.8564063250000002 0.008016675 0.826382209888901 0.009032719502032287 0.8451712911389009 0.9960857903353657
0 0.835381603473817 0.9942581873244951 0.8195797250000002 0.005010420833333329 0.7910012715261832 0.0058219793421715686 0.80680315 0.9950697458333334
0 0.8007906437500003 0.9960718291666667 0.7872502868874114 0.005118227783352866 0.7496845931244926 0.006030754686517385 0.7632249499870813 0.9969843560698312
0 0.7541937218749999 0.9980759999999999 0.7406260298584619 0.009141927515646898 0.7045768065043858 0.010021176797631292 0.7181444985209239 0.9989552492819843
0 0.708348365625 0.998076 0.697074915625 0.005010420833333331 0.6655619824893863 0.0056464034060153025 0.6768354324893863 0.9987119825726819
0 0.668526390158422 0.9964438256395677 0.6639941569510581 0.006403040256536086 0.586572263667636 0.007033127116968422 0.5911044968749999 0.9970739125
0 0.585091990625 0.007014591666666761 0.552774771875 0.007014591666666758 0.552774771875 0.9950697458333334 0.5850919906250001 0.9950697458333334
0 0.5460107031250001 0.9950697458333335 0.5452591375 0.0060125041666666676 0.5219622218457765 0.006043975952096481 0.5227137874707766 0.9951012176187634
0 0.5189544250000003 0.008016675000000088 0.5001655183941949 0.007940297301501247 0.4979060844392138 0.9960657003154858 0.5166949910450194 0.9961420780139847
0 0.49490439999999997 0.005010420833333413 0.47536375625 0.005010420833333412 0.47536375625000005 0.9950697458333334 0.4949044000000001 0.9950697458333334
0 0.4716059406250001 0.008016675000000075 0.4483074781250001 0.008016675000000074 0.44830747812500016 0.9940676624999999 0.4716059406250002 0.9940676624999999
0 0.44905904375000005 0.005010420833333406 0.4205076683307169 0.004699974333422504 0.4144443344808151 0.9960550199248885 0.44299570990009823 0.9963654664247995
0 0.41525493835793964 0.1187925517956498 0.33707611874999993 0.11724386666666672 0.3272731353053302 0.9969988249546448 0.4054519549132699 0.9985475100836277
0 0.3265689017838104 0.11509509135475068 0.2498952792413788 0.11416465676570775 0.2438681055825685 0.997145565410957 0.32054172812500004 0.998076
0 0.23862133125000023 0.0050104208333333735 0.214571527539391 0.0049131517548859725 0.21231661875000007 0.9960718291666668 0.23636642246060932 0.9961690982451141
0 0.21381974375000024 0.0050104208333333735 0.18904895695135673 0.004476099968898641 0.17699314687500006 0.998076 0.2017639336736436 0.9986103208644347
0 0.18601635763535143 0.008764061696739722 0.16124573486868474 0.007994423911689526 0.1439243625000001 0.9990780833333334 0.16869498526666676 0.9998477211183835
0 0.15444624687500022 0.008016675000000032 0.1304092513241505 0.007270587491700105 0.11312329819915037 0.9973299124917002 0.1371602937500001 0.9980760000000001
0 0.12663840937500012 0.007014591666666692 0.1033368568464337 0.006162961254403415 0.08304464747143367 0.9932160320877367 0.10634620000000009 0.9940676624999999
0 0.09586756706811578 0.006834006210315524 0.072525853125 0.006012504166666679 0.052908525037804535 0.996938958847368 0.07625023898092032 0.9977604608910169
0 0.06729221025649908 0.006457933673259601 0.04921190191059499 0.005895027240788607 0.031898647904096 0.9945068394008624 0.04997895625000008 0.9950697458333334
0 0.04774813801287778 0.006894672649218501 0.024425806249999998 0.00601250416666667 0.003322356537710028 0.9978747471956229 0.026644688300587804 0.9987569156781747
0 0.019164862499999998 0.008016675000000003 0.0033820343750000014 0.008016675 0.003382034375000046 0.9840468166666666 0.019164862500000043 0.9840468166666666