0 0.15560105341588124 0.144631053748689 0.10922742911639596 0.14426884930903863 0.10677212500000008 0.7031250000000001 0.15314574929948538 0.7034872044396505
0 0.20685871567940084 0.14882213335794472 0.16049480199990185 0.1484549851613445 0.15802894375000004 0.7020399291666667 0.20439285742949903 0.7024070773632669
0 0.27274658437500005 0.1519097208333334 0.21091296250000005 0.1519097208333334 0.21091296250000008 0.703125 0.2727465843750001 0.703125
0 0.34108900937500003 0.1529947916666667 0.28169618750000003 0.1529947916666667 0.2816961875000001 0.6987847208333334 0.3410890093750001 0.6987847208333334
0 0.37851462499999994 0.6987847208333332 0.37606795189584147 0.1549452378618881 0.3435299917775 0.1552054772380797 0.3459766648816585 0.6990449602095249
0 0.41514028109847645 0.1543206029805361 0.3850332539582622 0.15407835307276346 0.3825788103597858 0.6963723334255607 0.41268583750000004 0.6966145833333335
0 0.43058504375 0.23437500000000006 0.41431303750000004 0.23437500000000006 0.41431303750000004 0.6911892374999999 0.43058504375 0.6911892374999999
0 0.45255605344370053 0.23660511173731666 0.43383944375000016 0.23654513750000014 0.43301997646866663 0.691189218699281 0.451736586162367 0.6912491929365975
0 0.49160664814318 0.6932620407856704 0.4907860878810292 0.1811052584313767 0.4552078250000001 0.18120659583333337 0.45602838526215095 0.693363378187627
0 0.53147148125 0.18446180416666674 0.495673065625 0.18446180416666674 0.495673065625 0.6944444458333333 0.53147148125 0.6944444458333333
0 0.5510082524078921 0.21501411533804743 0.5325190218750001 0.21484375000000008 0.5300670798835997 0.6879135918341395 0.5485563104164917 0.6880839571721868
0 0.5745970093205742 0.2150154279628795 0.5542579655367248 0.2148288773266789 0.5518114875000001 0.6890190958333335 0.5721505312838496 0.6892056464695341
0 0.6714107312500002 0.17144097083333348 0.639671363578292 0.16472811408229093 0.577837741703292 0.6844763807489574 0.6095771093750001 0.6911892375
0 0.7236586453412139 0.16482438326059973 0.691210428125 0.1627604166666668 0.6724161765337863 0.6880402000727338 0.7048643937500001 0.6901041666666667
0 0.7577554163964189 0.16799082312696498 0.725208125667003 0.1659119285507278 0.7064883155205842 0.6869402012570963 0.7390356062500001 0.6890190958333335
0 0.7821969920324566 0.1613115526257379 0.763540574655018 0.1603828326609838 0.7487517172784501 0.6885307374927121 0.7674081346558886 0.6894594574574663
0 0.8073780312500002 0.16276041666666682 0.7895063524804211 0.16182521635545874 0.7740204187499999 0.6879340291666666 0.791892097519579 0.6888692294778748
0 0.8489546368791249 0.16687107268872434 0.8141764282868793 0.16473290116844097 0.7961937014150959 0.6847261302919249 0.8309719100073414 0.6868643018122083
0 0.8929269861669393 0.16798096309751961 0.8612950656249998 0.1660156250000001 0.8432749357080604 0.6816284119024805 0.87490685625 0.68359375