0 0.13565716562500008 0.9980759999999997 0.11286073017400111 0.09432395230374459 0.071022728125 0.09620009583333332 0.09381916357599898 0.9999521435295886
0 0.15895562812500003 0.9970739125 0.14166967187499996 0.002004166666666667 0.11360214888535018 0.002870971746145826 0.13088810513535026 0.9979407175794791
0 0.18002413615938195 0.9956256479219585 0.164216571875 0 0.14099064337135098 0.0006555705548828608 0.1567982076557329 0.9962812184768414
0 0.2206299417452838 0.9975594880405044 0.21229471909845982 0.004405215358563184 0.16989442857141157 0.005037841006725751 0.17822965121823559 0.9981921136886669
0 0.2701933534708938 0.0023345112721140653 0.22133537812499998 0.0020041666666667027 0.21756255009858455 0.9940065822413102 0.26642052544447836 0.9943369268467576
0 0.31754649413854624 0.005571819484355426 0.27619949374999997 0.005010420833333378 0.26864606391270257 0.9940059221355659 0.30999306430124884 0.994567320786588
0 0.3453433125000001 0.07615840833333337 0.3220470971704649 0.07585355057747344 0.31527340879105736 0.9960717326486729 0.33856962412059255 0.9963765904045327
0 0.3954811339514634 0.07944157253847746 0.35138847991264294 0.07816352586609186 0.33642752240843465 0.9957698318374788 0.3805201764472551 0.9970478785098643
0 0.4776184468750003 0.005010420833333421 0.4025895806199715 0.0013578998145508151 0.37544125202483863 0.9927746006447246 0.4504701182798675 0.9964271216635072
0 0.5371339407429607 0.003950210360239096 0.48964345937500003 0.0010020833333334181 0.4549067233084176 0.9957816626079772 0.5023972046763783 0.9987297896348829
0 0.6023779468750001 0.006012504166666766 0.5497685187500001 0.0020041666666667625 0.507212547743574 0.994976793991988 0.5598219758685741 0.9989851314919881
0 0.6286956104065745 0.010776671862500945 0.609893578125 0.009018758333333432 0.5578967728081488 0.997711668938217 0.5766988050897234 0.9994695824673844
0 0.6609998812500002 0.016033350000000116 0.635526203505503 0.013570113743636755 0.5821132599916222 0.9955657713795756 0.6075869377361193 0.9980290076359388
0 0.7158639968750002 0.024050025000000138 0.6709116902744889 0.018983235724545116 0.6088116128829243 0.9984478559527195 0.6537639194834356 1.0035146452281745
0 0.7737733003560379 0.03351774948687129 0.7301437000000001 0.028058362500000125 0.6618803171392134 0.9979040394204994 0.7055099174952513 1.0033634264073705
0 0.8068031500000001 0.03206670000000014 0.7800017072931211 0.028582141846355064 0.7090999281250001 0.9980760000000004 0.7359013708318792 1.0015605581536453
0 0.8436510754329076 0.04281893417101517 0.8098094031249999 0.03807920416666682 0.7342583920744641 0.9970733732795131 0.7681000643823717 1.0018131032838615
0 0.896990740625 0.04509379583333353 0.8513609987247686 0.03771345774139183 0.7641494092394173 0.9962825685872374 0.8097791511396487 1.0036629066791791
0 0.9563642375000002 0.04910213333333353 0.9065963449508067 0.04082502092231424 0.8171404162415474 0.9970432073438965 0.866908308790741 1.0053203197549159
0 0.9866694033906546 0.06471591257631028 0.9608736156250002 0.06012505833333351 0.8670819380368915 0.9970333183733187 0.8928777258025459 1.0016241726162953
0 1.023642558531558 0.07055325341845761 0.9954455281250001 0.0651354833333335 0.894784349472275 0.9965055720548591 0.9229813798788331 1.0019233421399831