0 0.16055025624999997 0.7389322916666666 0.12919962222752793 0.2724071516919866 0.07516225312500001 0.2788628458333333 0.10651288714747205 0.7453879858080134
0 0.22319748125 0.7356770833333334 0.19682636814292603 0.2696718663816394 0.13782501249999998 0.27560763749999995 0.16419612560707392 0.7416128544516938
0 0.25818229375 0.7378472208333334 0.23196240772048715 0.26358668555570913 0.19797587187500001 0.2669270833333333 0.2241957579045129 0.7411876186109575
0 0.29235350625 0.7378472208333334 0.2653917287015196 0.26821461464572127 0.2354812625000001 0.27126736250000005 0.26244304004848057 0.7408999686876122
0 0.32652471875 0.7411024291666667 0.3003726188307988 0.2691579392249089 0.267945496875 0.2723524291666667 0.2940975967942012 0.7442969191084245
0 0.3616033317965266 0.7429659641035034 0.3377582514957333 0.26923588621309835 0.302930309375 0.27235242916666663 0.3267753896757933 0.7460825070570716
0 0.39649434375 0.7454427083333334 0.3727510472862531 0.2726428514451439 0.33954232187499994 0.2756076375 0.36328561833874684 0.7484074943881895
0 0.4314791562500001 0.7454427083333335 0.4109707467588031 0.271717753328215 0.374527134375 0.27452257083333337 0.395035543866197 0.7482475258384518
0 0.4477511625000001 0.7508680541666668 0.4290383562500001 0.3472222208333334 0.41695499293918303 0.3482180933656314 0.43566779918918314 0.7518639266989648
0 0.47305206641369335 0.7470733401554076 0.447708339259514 0.2258988851603173 0.42497035312499987 0.22786458333333334 0.45031408027917924 0.7490390383284236
0 0.5179073588378751 0.7475998828889469 0.4908582190260039 0.2775386729042334 0.45670076562500006 0.28103298749999994 0.48374990543687113 0.7510941974847135
0 0.5551464000000002 0.751953125 0.5331765269540674 0.26469780072520155 0.49182891875 0.2680121541666666 0.5137987917959327 0.7552674784414651
0 0.5950128156250001 0.7530381958333333 0.578740809375 0.2658420125 0.5357507645978227 0.2683946115053385 0.5520227708478227 0.7555907948386718
0 0.6275788415569894 0.7549591168210686 0.6137142873504725 0.2285192800519812 0.581347146875 0.23003472083333332 0.5952117010815169 0.7564745576024208
0 0.6625476861609401 0.7648033745851783 0.660914440625 0.22460937499999997 0.6244759708883525 0.22480523210345066 0.6261092164242925 0.764999231688629
0 0.7007808531250002 0.2267795125000001 0.6643603294341557 0.22618985291202096 0.6594641713034664 0.7638127174427747 0.6958846949943107 0.7644023770307538
0 0.7365792687499999 0.2799479166666668 0.70566245625 0.2788628458333334 0.6960650879060883 0.7650083331416988 0.7269819004060883 0.7660934039750322
0 0.84234730625 0.27886284583333343 0.7578868191104867 0.2670513623815258 0.7187575691282152 0.7644769628740219 0.8032180562677282 0.7762884463258295