0 0.07738551153397473 0.9263052299702398 0.059367614845214224 0.15321358603137875 0.015568749999999998 0.154234375 0.0335866466887605 0.927326018938861
0 0.09767656250000004 0.9259999999999998 0.0919859375 0.15423437499999998 0.05620958598064775 0.15449817244545477 0.061900210980647775 0.9262637974454545
0 0.1423890625 0.9400906250000001 0.1390912219850972 0.15624100133672042 0.0952056788873876 0.15642563818245847 0.09850351940229038 0.940275261845738
0 0.18715368573253202 0.17196497313699133 0.1415765625 0.17157656250000003 0.13502131426746813 0.9407865893630089 0.18059843750000013 0.9411750000000001
0 0.24581291724517645 0.23665347828049907 0.1846625 0.23552968749999997 0.17147614525482366 0.9530574592195007 0.23262656250000008 0.9541812499999999
0 0.29694208404921213 0.28446077521004226 0.2407562500000001 0.28322343750000006 0.22603135345078815 0.9518610997899577 0.2822171875000002 0.9530984374999999
0 0.3335683962373429 0.18738044690117905 0.2961452259184911 0.1866596857784822 0.28137682968114824 0.9534604888773034 0.3188000000000001 0.9541812500000002
0 0.38873126293908383 0.15371799615912027 0.339125 0.15206562500000004 0.3122812370609164 0.9579491913408799 0.36188750000000014 0.9596015625
0 0.43326084710924284 0.25697935904817515 0.3870890625 0.2550406250000001 0.3571766528907572 0.9674175159518249 0.40334843749999993 0.96935625
0 0.5337171874953729 0.16199156339521265 0.43962081048104995 0.15758086771230403 0.40152101520339717 0.9703897664324236 0.4956173922177201 0.9748004621153322
0 0.5815359111331928 0.1729807264219879 0.5334203125 0.17049375000000005 0.4917439154257556 0.976808106812077 0.5398595140589484 0.9792950832340649
0 0.6160127221664377 0.2881904890107702 0.579306924540756 0.28645359028610007 0.5463051398743185 0.9838787262753298 0.5830109375000002 0.985615625
0 0.6684479473026163 0.1464229559969904 0.6309273749271507 0.14423866922537715 0.5820731776245346 0.9834313382283868 0.6195937500000002 0.985615625
0 0.7041406250000002 0.15206562500000015 0.6668964667866694 0.1496929442023934 0.6132417792866692 0.9919148192023934 0.6504859375000002 0.9942875000000002
0 0.7626734375000002 0.1900031250000001 0.7140008749403641 0.18642230898944506 0.655468062440364 0.9820348089894452 0.7041406250000001 0.9856156250000001
0 0.8415312499999998 0.19217187500000008 0.7626734374999999 0.1856687500000001 0.6961159565996873 0.9927541665203968 0.7749737690996873 0.9992572915203969
0 0.9138843750000003 0.19759218750000013 0.8393781612652997 0.19107149299868104 0.7693138767288848 0.9916341566509932 0.8438200904635854 0.9981548511523123
0 0.9724171875000002 0.3385031250000002 0.906064972386307 0.33130642101897495 0.8336654107237103 0.9988163397594955 0.9000176258374033 1.0060130437405206
0 1.0310268586228042 0.34082471461890423 0.9711464808973422 0.33420252636480496 0.8982852472745384 0.9930418742459006 0.9581656250000001 0.9996640625