0 1.0353506896439755 0.7555066246109541 0.7848487902496153 0.2604576193412031 0.7413591247112155 0.282464014072687 0.9918610241055754 0.777513019342438
0 0.9768007685725261 0.753475148523837 0.6675578124999998 0.12280000000000006 0.6083240314846154 0.1518444765160393 0.9175669875571417 0.7825196250398763
0 0.9200326999388656 0.7456857862005343 0.5935796874999999 0.12605156250000013 0.5455340325061144 0.15136431671438427 0.87198704494498 0.7709985404149184
0 0.8687885825698685 0.7587849953957407 0.5830109375 0.2257734375 0.5509767886286678 0.24294875666645152 0.8367544336985361 0.7759603145621923
0 0.8349510612955011 0.7651126197367022 0.5553703125 0.23336093750000003 0.5240829913951023 0.24981097039038752 0.8036637401906035 0.7815626526270896
0 0.80507872563544 0.7628394631588448 0.5212265625 0.2474531250000001 0.49264158686455983 0.2631964743411555 0.77649375 0.7785828125000002
0 0.7680308312579456 0.7564724348413812 0.45049843749999996 0.18458437500000008 0.4010527850453626 0.21203834280831407 0.7185851788033082 0.7839264026496952
0 0.7056762247505161 0.7581136693218412 0.378146875 0.18350000000000002 0.3238801768385672 0.21443197623178448 0.6514095265890831 0.7890456455536257
0 0.6488839612931887 0.7666061559195207 0.3114843749999999 0.18566875000000005 0.2610431144762774 0.214964264902975 0.5984427007694662 0.7959016708224957
0 0.5952572541468553 0.7659659712148518 0.27083593749999996 0.24094843750000003 0.23989118335314466 0.26006996628514817 0.5643125 0.7850874999999999
0 0.5336703222145402 0.7410539759814158 0.14482812500000003 0.10545625000000003 0.09185459288179873 0.13786408247179002 0.4806967900963389 0.7734618084532057
0 0.48648643003867525 0.7558525054878522 0.1139359375 0.17049375 0.08256739841012067 0.19045819843199369 0.4551178909487959 0.7758169539198458
0 0.44693729045025526 0.7450411681461181 0.07816562500000007 0.17157656249999995 0.04907618825141372 0.19028279115154786 0.4178478537016689 0.763747396797666
0 0.4049589237588876 0.7281252693177083 0.06353281250000001 0.21710312500000004 0.01883482624111237 0.2469669181822916 0.36026093749999993 0.7579890624999999
0 0.34083979864352 0.7371373468980749 0.003373437500000032 0.23444531249999997 -0.04393635949233223 0.26620524491380504 0.2935300016511877 0.7688972793118799
0 0.2574688009821304 0.7455362971155551 0.003373437500000032 0.3612671875000001 -0.062222930025474965 0.4046423442128786 0.19187243345665536 0.7889114538284336