0 0.13775451562500005 0.7703993041666667 0.1050501923630743 0.1434109900671637 0.07190704374999998 0.146484375 0.10461136701192575 0.773472689099503
0 0.17599373125 0.7703993041666666 0.14404790131395984 0.143341060489417 0.109341940625 0.146484375 0.14128777056104017 0.7735426186772495
0 0.21341934375000005 0.7725694458333334 0.1806653644355415 0.14681329344977756 0.14921824062500003 0.14973958333333334 0.18197221993945856 0.7754957357168891
0 0.24759055625000004 0.7736545125000002 0.21816346361566943 0.14899129678281878 0.183316134375 0.15190972083333334 0.21274322700933063 0.7765729365505147
0 0.275252965625 0.7747395833333334 0.24417911994184816 0.15092733437214492 0.21998593604959793 0.15306978886611608 0.2510597817327498 0.7768820378273045
0 0.30256881562796056 0.7735477658293544 0.27352124363177244 0.15402075350065686 0.24677695625 0.15625 0.2758245282461881 0.7757770123286976
0 0.3306798196480158 0.774842725650352 0.3028145895431644 0.15400442688085753 0.27855018094048273 0.15594054262890542 0.3064154110453341 0.7767788413983998
0 0.35594609415892686 0.776401387006264 0.3321376218963055 0.1544903148611455 0.30628204375000007 0.15625000000000003 0.3300905160126214 0.7781610721451186
0 0.38843425527247233 0.7784714881983361 0.36708972273049145 0.15658941433380402 0.337086590625 0.1584201375 0.3584311231669809 0.780302211364532
0 0.4176857094249586 0.7785728167945543 0.3980218000276516 0.15791331060753355 0.36975860625 0.15950520833333334 0.38942251564730695 0.7801647145203542
0 0.4477774322939344 0.7784647591042394 0.4314278869762136 0.16138892186262183 0.40231069062499997 0.1627604166666666 0.4186602359427208 0.7798362539082843
0 0.48516184374999993 0.7769097208333334 0.47213347946390893 0.22632487279725436 0.43553222500000005 0.22786458333333334 0.448560589286091 0.7784494313694125
0 0.5236075507162286 0.780022410499906 0.5119873613381284 0.16043342678302724 0.474739075 0.16167534583333334 0.48635926437810023 0.781264329550212
0 0.554322730722673 0.7860555231928201 0.547802748380634 0.16215591713513217 0.5144402739079611 0.16277573977564544 0.5209602562500001 0.7866753458333335
0 0.5803621295534819 0.7908453440949026 0.577912278125 0.24956597083333332 0.555296482722776 0.2497479441076307 0.5577463341512578 0.7910273173691998
0 0.6055746875 0.2506510416666668 0.58216095 0.2506510416666668 0.58216095 0.7888454874999999 0.6055746875 0.7888454874999999
0 0.6226616890275326 0.7888303951363951 0.6218466500429147 0.16381197041181295 0.6073888156249999 0.16384548749999997 0.6082038546096178 0.7888639122245821
0 0.6405679109311007 0.7899003369111721 0.6389321449056979 0.16270094908400642 0.6259146991914393 0.16276130485560578 0.627550465216842 0.7899606926827715
0 0.6739171125000002 0.19856770833333345 0.644828541115207 0.19806784449422885 0.6391333379902069 0.787260552827562 0.668221909375 0.7877604166666666
0 0.7080883250000003 0.19748263750000014 0.6820804051970708 0.19677773010413363 0.6731035125000002 0.7855902791666666 0.6991114323029297 0.7862951865625332
0 0.75122512330888 0.16628644248076976 0.712369284375 0.16493055416666677 0.7001018408068684 0.7899073808216921 0.7389576797407484 0.7912632691357951
0 0.7927027562500002 0.16493055416666683 0.7555115075665555 0.16338666368682642 0.7408059339378641 0.7931591945453973 0.7779971826213088 0.7947030850252378
0 0.8439595750000002 0.15625000000000014 0.8092838245056575 0.15414186222440487 0.7871380049357762 0.8017258613245707 0.821813755430119 0.803833999100166
0 0.891148390625 0.15733507083333348 0.8549876591095339 0.1546481153368089 0.8279401067076957 0.8017641753408161 0.8641008382231619 0.8044511308373408
0 0.9261332031250001 0.15842013750000017 0.8930815047245527 0.15512887749177534 0.8571206281755662 0.7971352380102996 0.8901723265760136 0.8004264980185244