0 0.21370107837656976 0.8851825778026317 0.037491468996543945 0.11967729274370628 -0.0058093463933624745 0.13739693472162984 0.17040026298666336 0.9029022197805553
0 0.232627146875 0.8804739 0.07856859987056236 0.1258341776886097 0.039143796875 0.14014264583333333 0.1932023438794376 0.8947823681447236
0 0.25864171562500005 0.8793899583333336 0.11835942548536846 0.12681673431626472 0.08141746875000003 0.13905870833333334 0.2216997588896316 0.8916319323504022
0 0.278965596875 0.8750541958333333 0.1555555727885023 0.12472126490518994 0.11393567812500001 0.136890825 0.23734570221149776 0.8872237559281434
0 0.32954131625996763 0.866362239028451 0.21048333387001167 0.13217155738398773 0.160274128125 0.1466462875 0.27933211051495593 0.8808369691444633
0 0.335059509375 0.8663826750000001 0.26279832260878877 0.13501187752168073 0.221245771875 0.14231052916666667 0.29350695864121124 0.8736813266449861
0 0.368390675 0.8609629708333333 0.31512433510711946 0.1420039943005811 0.271649 0.14773022916666667 0.3249153398928806 0.8666892056994189
0 0.38464977812500006 0.8620469125000001 0.35114686577087484 0.14187049351161482 0.319613359375 0.14447840833333336 0.35311627172912524 0.8646548273217186
0 0.39928297499999993 0.8620469124999999 0.379772046875 0.1401426458333333 0.35207964294083627 0.141473211924443 0.37159057106583626 0.8633774785911096
0 0.4635064375000001 0.19108784166666676 0.38627569062500006 0.19000390416666676 0.38099834032434515 0.8584700066709698 0.4582290871993452 0.85955394417097
0 0.5399242312499999 0.19000390416666676 0.4691971249999999 0.18675208333333343 0.45201499791524735 0.8511276932984804 0.5227421041652474 0.8543795141318138
0 0.5895145031250001 0.19433966250000012 0.5431760531250001 0.18891996250000012 0.500171876067226 0.8425836653725468 0.5465103260672259 0.8480033653725467
0 0.6252845343750001 0.19108784166666676 0.583842417740817 0.18326066288981463 0.5149295586419448 0.831916629101958 0.5563716752761279 0.8397438078788101
0 0.6732488937500001 0.19108784166666684 0.6272927267511675 0.1806491893677372 0.544318414774342 0.8300614746786349 0.5902745817731745 0.8405001269775646
0 0.7220262093750001 0.18458420000000014 0.6827127421829718 0.1738522666592927 0.5830004227221286 0.8232184567952946 0.6223138899141569 0.833950390136002
0 0.7634869281250001 0.18891996250000015 0.7212029509320365 0.17540853058168085 0.6058679529593491 0.8170804557826015 0.6481519301523128 0.8305918877009207
0 0.8049476468750001 0.18675208333333349 0.7647096421061835 0.1716743938375667 0.6311005110993182 0.8055663707064887 0.6713385158681348 0.8206440602022556
0 0.8366529000000001 0.18783602083333356 0.8097194610492364 0.1770815129307817 0.6678700604993446 0.8086293383997298 0.6948034994501084 0.8193838463022818
0 0.8748617968750001 0.19000390416666682 0.8413886235571584 0.17525766725760877 0.6855040273308681 0.8043238730059845 0.71897720064871 0.8190701099150426
0 0.9106318281250001 0.18783602083333348 0.880765700453979 0.17371940322014706 0.7139291676813365 0.8012239765314436 0.7437952953523577 0.8153405941446299
0 0.9472148156250002 0.18783602083333353 0.9156768206842946 0.1718806286172028 0.7388396919996367 0.7932896050923678 0.7703776869403424 0.8092449973084986
0 0.9886755343749998 0.18458420000000017 0.9517751441402945 0.16411326920643254 0.7574126944757482 0.7869628926863914 0.7943130847104535 0.8074338234799591
0 1.0252159731829331 0.19984598135056533 0.9935441764558292 0.1810873871815069 0.7910141090024452 0.7889975364959004 0.8226859057295492 0.8077561306649589