0 0.11089754230864497 0.7903438512190442 0.0852676392227126 0.09458127865526379 0.005175271875 0.09982638749999999 0.030805174960932352 0.7955889600637804
0 0.189761575 0.7855902791666668 0.1700311041610551 0.10143095190341549 0.095507303125 0.1052517375 0.11523777396394488 0.7894110647632513
0 0.24752719687500005 0.7834201375000002 0.23526558402945147 0.15219937482767767 0.180811971875 0.1540798625 0.1930735847205486 0.7853006251723225
0 0.31752103745503774 0.7775976742209234 0.3093079935891635 0.17625376843630894 0.23939119375 0.17795138749999997 0.2476042376158742 0.7792952932846144
0 0.3812987468766696 0.7756904811742688 0.37361946677518715 0.1614988183243595 0.316861471875 0.16276041666666663 0.32454075197648247 0.7769520795165759
0 0.4362838431023414 0.7779587007272081 0.43546583441171505 0.15502673392311833 0.376269021875 0.1551649291666667 0.3770870305656265 0.7780968959707565
0 0.4973139450147631 0.1615292471749381 0.4405593874999999 0.16059027916666674 0.4348377458964393 0.7754103977225545 0.49159230341120247 0.7763493657308259
0 0.5648567152025186 0.15668000576091673 0.50647735625 0.1551649291666668 0.4974174459865678 0.7757854080741613 0.5557968049390863 0.7773004846684112
0 0.6031255552869561 0.14993512886285174 0.5772781375000001 0.1486545125000001 0.5600143721247975 0.7681114402357329 0.5858617899117535 0.7693920565985845
0 0.6267872226683913 0.15854296410948412 0.60413360625 0.15733507083333345 0.5862055398316088 0.7550855108905161 0.6088591562500001 0.7562934041666668
0 0.6788703044932063 0.1432768219506464 0.6324535625000001 0.13997395833333345 0.6078428804061102 0.7548465528855023 0.6542596223993165 0.7581494165028153
0 0.7252039968750001 0.1464843750000001 0.6831236367242397 0.14316107747062815 0.6560845727764224 0.7518275073951224 0.6981649329271827 0.7551508049244943
0 0.769175480503606 0.171816564451993 0.7300856 0.16818576250000014 0.6997278063144858 0.7492303511601024 0.7388176868180919 0.7528611531120952
0 0.8391445448164138 0.1601173052124232 0.7872390750000001 0.15299479166666685 0.7414789383136406 0.7458445248552079 0.7933844081300543 0.7529670384009644
0 0.8708384499999997 0.1453993041666668 0.8525318064586933 0.1430434777521594 0.8090048281250001 0.7443576375000002 0.8273114716663065 0.7467134639145077
0 0.9001280625000001 0.14539930416666683 0.8777085235321103 0.14245440173554394 0.8335707782081331 0.7398243690014823 0.8559903171760229 0.7427692714326053
0 0.9302312718750004 0.1464843750000002 0.9053481720129529 0.14296090274257525 0.8578962123304574 0.7387125503162674 0.8827793121925049 0.7422360225736924
0 0.9627752843749999 0.14756944583333348 0.9363158116423385 0.14360719254683574 0.8863821511866046 0.7364094219798579 0.912841623919266 0.7403716752663556
0 0.975792890625 0.1877170125000002 0.9600332376306581 0.18522105280588824 0.9109407848109348 0.7362840975462536 0.9267004378052766 0.7387800572403656
0 0.9920648937500001 0.18988715416666685 0.9768677067542193 0.1875684798804194 0.9302007743191748 0.7313321510753741 0.9453979613149557 0.7336508253616215