0 0.07791939966561826 0.8884375946282539 0.04305726342984077 0.2650576741911604 -0.010249636235777492 0.2680388295629065 0.024612499999999992 0.89141875
0 0.1260690076795125 0.9010225778567399 0.09552388549150054 0.2673073338701664 0.043257812500000006 0.2698265625 0.07380293468801195 0.9035418064865735
0 0.16734687500000003 0.9095640625 0.13814925945584552 0.14962446905723997 0.09120468749999999 0.151428125 0.12040230304415452 0.91136771844276
0 0.29112678456195173 0.9097923944420432 0.28468396584515493 0.1857073536741885 0.14976875000000003 0.18690781250000002 0.15621156871679684 0.9109928532678546
0 0.4117390625 0.19523593750000004 0.28743281249999997 0.19523593750000004 0.2874328125 0.8973390625000001 0.41173906250000003 0.8973390625000001
0 0.45881396447075984 0.2938062588267513 0.41884218750000013 0.2935062500000001 0.4144613791952321 0.8771847184173017 0.45443315616599184 0.877484727244053
0 0.5431842290225616 0.23020183840188424 0.46422187499999995 0.22857500000000014 0.45069279745207835 0.8852399826439135 0.5296551514746399 0.8868668210457976
0 0.6195256837420164 0.23678549019670836 0.5458124999999999 0.23430781250000007 0.5243305736628561 0.8734148219896174 0.5980437574048726 0.8758924996863258
0 0.6523609375000001 0.32429062500000005 0.6213350319601758 0.32303695915083985 0.5991352232673568 0.8724410670851561 0.630161128807181 0.8736947329343163
0 0.6878546875 0.3249296875000001 0.6560331015011689 0.32322444777910214 0.6267368226611251 0.8699241552333101 0.6585584086599563 0.8716293949542079
0 0.7047468750000001 0.3503375000000001 0.68614354689234 0.3494537299925328 0.6612406250000001 0.8736593750000001 0.6798439531076602 0.8745431450074672
0 0.7269453125000003 0.3503375000000002 0.7074789662528268 0.3491867301458206 0.6763498341014862 0.8757650573683634 0.6958161803486597 0.8769158272225429
0 0.8192875000000001 0.22602031250000007 0.736111925209785 0.2194965444981455 0.6844857462742993 0.8777108013449325 0.7676613210645143 0.8842345693467871
0 0.9000859375000003 0.2283875000000002 0.8242705153825168 0.2213462270272236 0.7635648409681643 0.8749817767985271 0.839380263085648 0.8820230497713035
0 0.9857439211818656 0.2283479898096404 0.9120610211455619 0.2197524167795124 0.835395407954026 0.8769447520914196 0.9090783079903298 0.8855403251215478