0 0.12107031250000011 0.32635000000000003 0.09620819629536843 0.322800917260243 0.048135937500000094 0.6595578125 0.07299805370463178 0.663106895239757
0 0.1453421875000001 0.32881875 0.12101265600636771 0.3256803343426718 0.07794375000000006 0.6595578125 0.10227328149363246 0.6626962281573283
0 0.17673281250000009 0.28231562499999996 0.15066827568337954 0.2791508115865726 0.1045812500000001 0.6587109374999999 0.13064578681662065 0.6618757509134272
0 0.2004484375000001 0.2785953125 0.1744749931622545 0.2757836316553176 0.1336691300954997 0.6527356655330177 0.1596425744332453 0.6555473463777002
0 0.2358640625 0.6587109374999999 0.22835 0.326028125 0.20554791219665675 0.3265431390207042 0.21306197469665675 0.6592259515207042
0 0.2567921875 0.6595578125000001 0.24917351093953424 0.3208630537031153 0.22698786166105123 0.3213621027192179 0.23460653822151695 0.6600568615161027
0 0.27962500000000007 0.26292343749999997 0.25742656249999996 0.26292343749999997 0.2574265625 0.6595578125 0.2796250000000001 0.6595578125
0 0.30229263948473495 0.26294658018569284 0.2807301698639022 0.2629209862436316 0.2802593750000001 0.6595578125000001 0.30182184462083284 0.6595834064420613
0 0.3308999299455861 0.261323054223906 0.3061622239264723 0.2612106181120065 0.3043560439808863 0.6585985013881006 0.3290937500000001 0.6587109375
0 0.3601796006253687 0.27033463771591654 0.3316453803541787 0.27019443738637794 0.3297281250000001 0.660403125 0.3582623452711901 0.6605433253295386
0 0.39064639742076884 0.2859138683376185 0.36274147342929874 0.2857215088636135 0.3601703125000001 0.6587109375000001 0.38807523649147024 0.6589032969740051
0 0.42158947361155474 0.2951941786370147 0.3905094822508698 0.29503997973036417 0.3887059461393151 0.6585567385933495 0.4197859375000001 0.6587109375
0 0.4522638897056165 0.29337803014250996 0.42182139862166057 0.2933669518970152 0.4216887589160441 0.6578545467545054 0.45213125000000004 0.6578656250000001
0 0.4838431444236983 0.6589884017688589 0.4825730905052275 0.2907306373273351 0.4508625301815387 0.2908400012709768 0.45213258410000956 0.6590977657125007
0 0.5150421875 0.6571296875 0.5085680293012215 0.29119424498856966 0.47864807960384004 0.2917235910565835 0.48512223780261854 0.6576590335680138
0 0.55360625 0.6570203124999999 0.5421646274809032 0.28902053245689224 0.5047820142873644 0.2901828096432747 0.5162236368064611 0.6581825896863824
0 0.5922937500000001 0.6587109375 0.5756157700359792 0.2919353839713005 0.5376795235234113 0.29366041704168816 0.5543575034874322 0.6604359705703876
0 0.6157593749999999 0.6587109375 0.596599948622316 0.28310187714096163 0.5732812339230164 0.28429134045443016 0.5924406603007003 0.6599004008134685
0 0.6392265625 0.6570203124999999 0.6189061435911309 0.28384172205300007 0.595462438645911 0.2851182848501642 0.6157828575547801 0.658296875297164
0 0.6829875000000001 0.6604031250000001 0.6522686436091566 0.27435707612038457 0.6176721555925923 0.2771100237288182 0.6483910119834357 0.6631560726084337
0 0.7210406249999999 0.6604031249999999 0.6857184842642408 0.2724350711867977 0.6536390779393983 0.27535570677467336 0.6889612186751575 0.6633237605878756
0 0.7514828124999999 0.6587109375000001 0.712073597778132 0.23576891494074242 0.6824481986017159 0.2385293730061286 0.7218574133235839 0.6614713955653861
0 0.7844609375 0.6612484375000001 0.7398135158971034 0.2306535343186785 0.7091542246544726 0.23383252759528794 0.7538016462573692 0.6644274307766095
0 0.829490625 0.6595578125 0.7802725284585567 0.25077547651532733 0.7389125173527432 0.2557552930102295 0.7881306138941866 0.6645376289949021
0 0.8586656250000001 0.6595578124999999 0.8113590044464573 0.2776651683669963 0.7837713688722512 0.28108256283145694 0.8310779894257939 0.6629752069644607
0 0.8875296875 0.6608500000000002 0.8359408713115244 0.28103602314065357 0.8082821527728813 0.2847928110253376 0.859870968961357 0.6646067878846841