0 0.08719646601597006 0.9347802943936812 0.07227823677589514 0.18664025762144973 0.012315624999999997 0.1878359375 0.027233854240074927 0.9359759742722314
0 0.10990441432506728 0.934337133737109 0.09766644763433437 0.2761747687916942 0.06841093750000002 0.27671875 0.08064890419073294 0.9348811149454148
0 0.14896277948662334 0.9395218075818583 0.13832500000000011 0.20843124999999998 0.09033800095532987 0.20912948787049093 0.1009757804419531 0.9402200454523492
0 0.19531317322435485 0.9352954124319928 0.1871015625 0.0035656250000000002 0.1342443668035511 0.004031471129312425 0.14245597752790592 0.9357612585613051
0 0.30254062500000006 0.00790156250000003 0.1862890625 0.007901562500000023 0.18628906250000005 0.9346703125 0.3025406250000001 0.9346703125
0 0.33831093750000024 0.07510625000000004 0.3009176910515058 0.07507116962937195 0.30010312500000014 0.9433421875000002 0.33749637144849454 0.9433772678706284
0 0.378959375 0.9487624999999997 0.372440710852006 0.2893971943515162 0.3326423715045417 0.2897906515225738 0.3391610356525357 0.9491559571710575
0 0.41147656250000003 0.9455109374999997 0.40172187500000006 0.21601875 0.36839814602855775 0.21646435115655951 0.3781528335285577 0.9459565386565594
0 0.44644440499918037 0.9396405345349335 0.43505312500000015 0.21927031249999995 0.40492955276102116 0.2197466592942642 0.4163208327602014 0.9401168813291978
0 0.47569999999999996 0.9498453125000001 0.47163593750000005 0.12713593750000002 0.4366484167956489 0.12730877067193574 0.44071247929564883 0.9500181456719359
0 0.5009288313332187 0.9419412480997856 0.489517176163664 0.12040546219811024 0.4667274073304453 0.12072202659832454 0.47813906250000004 0.9422578125
0 0.5358685022555827 0.0893226490751927 0.4927734375000001 0.08919687500000005 0.49031548108254874 0.9313878496839259 0.5334105458381313 0.9315136237591185
0 0.5740840890808858 0.08822932282717726 0.5301844563091564 0.08810235359380883 0.5277296875000002 0.9368390624999998 0.5716293202717295 0.9369660317333682
0 0.655374709375103 0.9399929334468341 0.6545502664072289 0.19208046953282226 0.565927119532126 0.19217816108598837 0.5667515625000001 0.9400906250000002
0 0.7033281250000003 0.23552968750000008 0.6586237217116778 0.23537397064663806 0.6561765625000001 0.9379234375000001 0.7008809657883226 0.9380791543533622
0 0.7504844285393828 0.19113514002619475 0.7049627153895687 0.19108481230613109 0.7041406250000002 0.9346703125 0.7496623381498143 0.9347206402200635
0 0.7839222798760874 0.20773060826254125 0.7553578125 0.2073468750000001 0.7454902201239126 0.9418740792374587 0.7740546875000002 0.9422578125
0 0.8098250000000002 0.21059843750000007 0.782188577485065 0.21025764188256207 0.7732421875000002 0.9357546875000005 0.8008786100149352 0.9360954831174384
0 0.8391207434663244 0.23573576956748893 0.8147658730151214 0.23550740597236935 0.8082 0.9357546875000002 0.832554870451203 0.9359830510951197
0 0.8651132221384753 0.23143614643212765 0.8358406250000001 0.2311937500000001 0.8301507803512301 0.9183182621971243 0.8594233774897052 0.9185606586292516
0 0.9398984375000001 0.1184640625000001 0.8887781362910075 0.11734828478081147 0.8707968750000001 0.941175 0.9219171762089926 0.9422907777191887
0 0.9692430263833852 0.22091781244039654 0.9366931763269049 0.22023655342647555 0.9219813999435198 0.9231499909860791 0.9545312500000002 0.9238312499999999
0 0.9997484375000003 0.2254703125000001 0.9607226489333044 0.22539738456451225 0.9594054614333043 0.9302614470645121 0.9984312500000001 0.9303343749999999