0 0.11198181250000001 0.7384456749999999 0.09946973696008768 0.18905517258194232 0.0560191875 0.19081439583333332 0.06853126303991233 0.740204898251391
0 0.15855824999999998 0.7415956458333334 0.1483790157493108 0.1934437084004547 0.101326934375 0.19499706250000004 0.11150616862568918 0.7431489999328788
0 0.20698756562499998 0.7443656166666668 0.19952794905236673 0.19393603239084456 0.15548914687499998 0.19499706250000004 0.16294876344763326 0.7454266467758223
0 0.2549344375 0.7526534416666668 0.24694329375000001 0.19381307916666668 0.19991837707540788 0.19500851614396525 0.20790952082540787 0.7538488786439654
0 0.29666590937500004 0.7514695000000001 0.29039418750000007 0.20123106249999997 0.2540255185106314 0.20196801712046225 0.2602972403856313 0.7522064546204624
0 0.3304332500000001 0.20253314583333334 0.2940036568947527 0.20242590100065347 0.2930887693947527 0.7549142343339866 0.32951836250000005 0.7550214791666665
0 0.36364437915926395 0.225091579706412 0.333070028125 0.2245966666666667 0.3282448583407361 0.7545265661269214 0.35881920937500006 0.7550214791666666
0 0.40321447187500015 0.20565292500000004 0.3641511414288626 0.20509618606071503 0.3597292945538626 0.7566639068940485 0.3987926250000001 0.7572206458333335
0 0.4485973125000002 0.2064393958333334 0.4076694150592618 0.20491494189020498 0.39602689943426184 0.7606009085568719 0.43695479687500016 0.7621253625000003
0 0.5328484812500001 0.17486933333333343 0.45382501875000003 0.1713173958333334 0.4388933807523877 0.761893220557671 0.5179168432523877 0.765445158057671
0 0.618087284375 0.17723729583333345 0.5385490465656064 0.17131087080853374 0.5136617780429686 0.7651077041504099 0.5932000158523623 0.7710341291752095
0 0.673137371875 0.21749276666666675 0.6226828319529422 0.21238578380629328 0.5914239662599357 0.7614037261094269 0.6418785061819936 0.7665107089698003
0 0.7352906718750001 0.1653974708333335 0.6839895391782377 0.1590222865773977 0.6413565218052244 0.7689210561990917 0.6926576545019868 0.7752962404550274
0 0.7894528843750002 0.16894941250000015 0.7417249276658036 0.1625120085476092 0.6955539182908035 0.7710797418809425 0.7432818750000001 0.7775171458333336
0 0.8333629375000001 0.22987689583333346 0.7883045359527056 0.22350130029016527 0.74505761875 0.7668612833333335 0.7901160202972946 0.7732368788765016
0 0.8853465093750001 0.24235641250000015 0.8403966296797465 0.2343105856950602 0.7861215585958293 0.7733688742976602 0.8310714382910829 0.7814147011026001
0 0.9075816875000001 0.2533143958333335 0.8856039907782008 0.24931369363207403 0.8320213009247974 0.7726103208049996 0.8539989976465966 0.7766110230062591
0 0.9332933812500002 0.2565642375000002 0.9092918231472755 0.2520975442706032 0.8551296075222755 0.7694984734372701 0.8791311656250003 0.7739651666666669
0 0.9661458343749999 0.2577482166666668 0.9399107058794017 0.2527859779531411 0.884001451036428 0.7782787178509208 0.9102365795320262 0.7832409565644466
0 0.9974254374999998 0.2598248125000001 0.9708319409189266 0.25441064209950176 0.9109704322292395 0.7771300851473758 0.9375639288103127 0.7825442555478742