0 0.133650128125 0.8239316958333335 0.09417404676043525 0.3059089343317244 0.05462660937500001 0.3112666666666667 0.09410269073956475 0.8292894281682757
0 0.172717925 0.8239316958333335 0.13253833815735203 0.3072037616120696 0.094582334375 0.31245064583333343 0.13476192121764793 0.8291785800545972
0 0.2109773919802465 0.8062053298165124 0.18239070614722547 0.36902579165110233 0.14963241875000002 0.37283384166666667 0.17821910458302104 0.8100133798320767
0 0.24286236875 0.8109078708333333 0.20991620022668173 0.3680221111614952 0.18107524065573682 0.3718362840788939 0.21402140917905516 0.814722043750732
0 0.2632841375 0.8203797125 0.2312295514244032 0.3038955901313287 0.20734618125 0.3065307458333334 0.23940076732559684 0.8230148682020046
0 0.286369703125 0.8262996541666665 0.25699157421398877 0.30278562858327895 0.231319615625 0.30534676250000004 0.2606977445360112 0.8288607880833877
0 0.312195240142087 0.8217944848138156 0.2845348125 0.30930397916666674 0.25792470113937294 0.3118572520409168 0.28558512878145986 0.8243477576880655
0 0.33730814366084044 0.8204545540052979 0.31021031927151665 0.3099495572925188 0.28370596875000004 0.3124506458333334 0.3108037931393238 0.8229556425461125
0 0.37160850624999997 0.8156437916666667 0.3518671097475832 0.3497785670759088 0.3130068125 0.3527060958333333 0.33274820900241686 0.8185713204240912
0 0.4105311552015928 0.8162344101927628 0.38847866875000003 0.34797017500000005 0.352935347827376 0.3509459634323794 0.37498783427896876 0.8192101986251422
0 0.45598576680322334 0.8104259362188302 0.43820134375 0.3373143125 0.39292520617330734 0.34033999258435765 0.41070962922653054 0.8134516163031879
0 0.48270580300663557 0.8026141464498636 0.469277934375 0.3550740958333333 0.4461584433017774 0.3563072884620754 0.459586311933413 0.8038473390786056
0 0.5262749064861733 0.8198932100072692 0.5172213773049356 0.3442380831104648 0.4692378029334896 0.3458617457320271 0.4782913321147273 0.8215168726288317
0 0.5589611529424741 0.8088841277338302 0.5527409937500001 0.3645459375 0.517220606608469 0.3654299186855214 0.5234407658009431 0.8097681089193517
0 0.5980241312500001 0.3598100166666668 0.5607472586097815 0.35954635933201756 0.5589563124427229 0.8096988086676065 0.5962331850829415 0.8099624660022556
0 0.6468395000000001 0.3652935625000001 0.597142306065775 0.36511449691210474 0.5962484004676173 0.8061655518062327 0.6459455944018424 0.8063446173941281
0 0.7489678406250001 0.34086625416666677 0.6551550958952304 0.33430001061650444 0.6361452441305875 0.817137584289466 0.7299579888603573 0.8237038278396284
0 0.827991303125 0.3017947833333334 0.7601311399168715 0.2939635294700918 0.725696150663637 0.8244337667133604 0.7935563138717654 0.832265020576602
0 0.8860973125000001 0.3470643958333335 0.8252591496127879 0.3375099530029163 0.7841520555102073 0.8028441563856672 0.8449902183974196 0.8123985992160844
0 0.9540737656250002 0.34797017500000027 0.8934115801047156 0.3352891821751818 0.8384906919143926 0.8023568678212638 0.8991528774346772 0.8150378606460824