0 0.19629418750000002 0.8734809041666668 0.11907401961684264 0.41724291665478325 0.084927878125 0.42751736250000005 0.1621480460081574 0.8837553500118835
0 0.24266940624999994 0.8572048624999999 0.18202348607182253 0.40626401588624184 0.14759063749999998 0.41449652916666674 0.20823655767817742 0.8654373757804249
0 0.28579022187500003 0.8365885416666667 0.23892715985132043 0.44952975714746146 0.21012539375 0.4557291666666667 0.2569884557736796 0.842787951185872
0 0.31345263124999995 0.8333333333333334 0.26901687588020706 0.4492253888980687 0.24266940625000002 0.4546440958333334 0.28710516161979294 0.8387520402685982
0 0.338674240625 0.8539496541666666 0.2903028244832833 0.4100250155363422 0.26721954375 0.4144965291666667 0.3155909598917167 0.8584211677969912
0 0.36160235732252205 0.8542605021584264 0.3146375697036261 0.4092205728355075 0.292299021875 0.4134114583333333 0.3392638094938959 0.8584513876562523
0 0.4013214625 0.8474392374999998 0.35536939961059116 0.42610751230923355 0.3174585039868128 0.4334581051746277 0.3634105668762216 0.8547898303653939
0 0.440374278125 0.8506944458333332 0.39778605736046113 0.42470661417740263 0.35755157499999995 0.4318576375 0.4001397957645388 0.8578454691559306
0 0.4657439491200332 0.8577793332910263 0.42730491980415924 0.42693730187599865 0.4031244906250001 0.4307725708333334 0.441563519940874 0.8616146022483611
0 0.4917015575739567 0.858093111239558 0.45745988437499985 0.42643229166666663 0.4307482828522168 0.4301992407299259 0.46498995605117355 0.8618600603028171
0 0.52336150625 0.8528645833333334 0.49163109687500006 0.41883680416666663 0.4600731819376431 0.4229383155672353 0.4918035913126431 0.856966094733902
0 0.55183751875 0.8658854166666666 0.5241751093749999 0.4264322916666667 0.49494849542627195 0.42970293678321964 0.522610904801272 0.8691560617832196
0 0.62506154375 0.8691406249999999 0.6039079375 0.3580729166666666 0.5264476224694075 0.36377275722465524 0.5476012287194074 0.8748404655579886
0 0.7602116125000001 0.8637152791666666 0.6796651812500001 0.33203125 0.6200576718747868 0.34808480191762453 0.7006041031247868 0.879768831084291
0 0.8017052281250001 0.8615451375 0.7235996 0.3895399291666666 0.6910929049918305 0.3991027457987439 0.7691985331168306 0.8711079541320772
0 0.8299288529733543 0.8273643519901542 0.736617203125 0.3765190958333333 0.7106249297670991 0.3860828874091246 0.8039365796154534 0.8369281435659456
0 0.8944556625000001 0.8637152791666665 0.8252996343750001 0.39930555416666663 0.7741323682050176 0.41285115967776065 0.8432883963300176 0.8772608846777604
0 0.9530348812500001 0.8604600708333335 0.8879468593750002 0.39279513750000006 0.8349583105851683 0.40590583402909935 0.9000463324601684 0.8735707673624328