0 0.2013855865834185 0.2065432425409045 0.1500855584328467 0.20228962847796975 0.11606670937500012 0.9316742624999999 0.16736673752557193 0.9359278765629345
0 0.2537227336554721 0.2122951590508606 0.20214570734670914 0.20825634109457183 0.17022886250000008 0.9328582041666666 0.22180588880876306 0.9368970221229554
0 0.3333998132585733 0.22125665836682082 0.25716035702460827 0.21506897619226203 0.2243910187500001 0.9328582041666668 0.30063047498396517 0.9390458863412255
0 0.3655994199735267 0.331185271277669 0.3344911875 0.32902645 0.3113362376832932 0.9221975222673051 0.34244447015681984 0.924356343544974
0 0.3984174177234462 0.33368777611829886 0.363792034375 0.33139441250000007 0.3416085632229265 0.9268215825491656 0.37623394657137266 0.9291149461674644
0 0.4446658095466972 0.3105202757928797 0.3994565586073557 0.3074205025895159 0.37533478750000004 0.9328582041666666 0.4205440384393415 0.9359579773700305
0 0.49161096920248815 0.31203651780268893 0.44547923125000005 0.3088987041666667 0.4215248661315186 0.9349858804393718 0.4676566040840068 0.938123694075394
0 0.541377366759398 0.2978860554544688 0.504080984375 0.29705886250000013 0.49606634596864624 0.9394821693368477 0.5333627283530442 0.9403093622913162
0 0.6044140875000001 0.9411461041666667 0.5882051317767579 0.30118988827903365 0.5484761281249999 0.3029788041666667 0.5646850838482421 0.9429350200542997
0 0.6479214812500002 0.9494340083333334 0.6282793373407117 0.24225042416295867 0.5910055206134682 0.24409093363327797 0.6106476645227567 0.9512745178036526
0 0.6985637596336262 0.9506697339803634 0.6806273565644203 0.25347384761762487 0.6299850781807942 0.2557900219705949 0.64792148125 0.9529859083333334
0 0.750093990641817 0.9523348588387482 0.7348692489589418 0.2573068204039991 0.686989275 0.2591713916666667 0.7022140166828753 0.954199430101416
0 0.7740038218749999 0.9518019666666666 0.764225225815838 0.3496207625616096 0.739375625 0.3503381375 0.749154221059162 0.9525193416050569
0 0.7997530625 0.9553539458333333 0.79331147630922 0.3498050923867685 0.765124865625 0.3503381375 0.77156645181578 0.9558869909465648
0 0.8284801249999999 0.9525331458333334 0.8192869593750001 0.3538900749999999 0.7914526040917375 0.3546499738093832 0.8006457697167374 0.9532930446427166
0 0.85746688125 0.9518019666666666 0.8469368255920303 0.35189869248916106 0.8194476843354875 0.35275649651600166 0.8299777399934574 0.9526597706935073
0 0.8867677281250002 0.9541699291666668 0.8832139887177123 0.3582683433460463 0.849475678125 0.3586260375 0.8530294175322879 0.9545276233206205
0 0.913404840625 0.9518019666666666 0.9124637496937531 0.36091621533436147 0.8849918656250001 0.36099400000000004 0.885932956556247 0.9518797513323052