0 0.08968364687500001 0.8792774875 0.04278534156323928 0.3660774782584832 0.014944374999999996 0.3706005375 0.06184268031176073 0.8838005467415169
0 0.1142147928072742 0.8746962446450799 0.07097793463370275 0.3659476500850905 0.04306865624999999 0.3701643916666667 0.08630551442357146 0.878912986226656
0 0.1604644796014159 0.8807515303618543 0.11960903314191115 0.3447559301577888 0.07044572812500001 0.35141797083333337 0.11130117458450477 0.8874135710373988
0 0.18889345879722924 0.8653277225262399 0.15639263955410015 0.40859381278581963 0.13191478075687094 0.41169039025957976 0.16441560000000002 0.8684243000000001
0 0.21186953411498655 0.8649856530409786 0.181703212700629 0.4096826807796106 0.15701636875 0.4125904833333333 0.18718269016435754 0.8678934555947013
0 0.2532519162124215 0.8602440668898358 0.22055571781802746 0.3618278684625409 0.182913575 0.3662177916666666 0.21560977339439397 0.8646339900939617
0 0.2909714439984482 0.8581192431048376 0.26416456764724233 0.35966333698128045 0.22656891875000004 0.36325780416666664 0.25337579510120595 0.8617137102902236
0 0.32571824062500004 0.8575711125000001 0.30212210429950603 0.3631972661434471 0.26652459375 0.3662177916666666 0.29012073007549405 0.8605916380232196
0 0.35904096805425173 0.8523157756444486 0.33956699357677694 0.36087483030729367 0.305740378125 0.36325780416666664 0.3252143526024748 0.8546987495038216
0 0.3969392183875421 0.8488613457382435 0.3826913912586435 0.38888762898951906 0.34643599687500004 0.39088411250000005 0.36068382400389865 0.8508578292487244
0 0.43247121429096336 0.8451193768257022 0.4196117620239546 0.3871785285171995 0.38491183749999996 0.3889108124999999 0.3977712897670087 0.8468516608085026
0 0.46565859660665954 0.8407869244521377 0.4568196629862431 0.38479877543155677 0.4233877281250001 0.3859508625 0.4322266617454165 0.8419390115205808
0 0.4991915714751257 0.83595985517191 0.49142710312821974 0.38401603671877194 0.46038373437499996 0.3849641791666666 0.4681482027219059 0.8369079976198048
0 0.5203396803901403 0.8403263299204783 0.51299125 0.3478140791666667 0.49515745954630275 0.34828712005282453 0.5025058899364431 0.8407993708066361
0 0.539571024171256 0.8395276082102553 0.5349639062499999 0.3478140791666667 0.5151256401627481 0.3481445235352087 0.5197327580840042 0.8398580525787974
0 0.5802669212624123 0.8405143795526367 0.578095415625 0.34672900833333326 0.5373292136122482 0.3470477218388675 0.5395007192496605 0.840833093058171
0 0.621226928125 0.3445588708333334 0.5802525128807824 0.34451694669026284 0.5799697259279386 0.8358606687486951 0.6209441411721561 0.8359025928917656
0 0.6830997531250002 0.3425381166666668 0.6334537867961667 0.3416028068738756 0.6280909835446835 0.8476579280105164 0.677736949873517 0.8485932378033075
0 0.7430332937499999 0.3376048333333335 0.6950294380505179 0.33563526689749074 0.6832823314236369 0.8446306826881274 0.7312861871231189 0.8466002491239701
0 0.7763296812500001 0.3721376916666668 0.7490358080400652 0.3705624405378577 0.7340611269025761 0.8318273605394765 0.761355000112511 0.8334026116682856
0 0.8067738031250004 0.37060053750000016 0.7779604398041492 0.36848486546938125 0.7591571616814777 0.8237418881547623 0.7879705250023288 0.8258575601853814
0 0.842922559375 0.33365822916666676 0.8125432727625069 0.3310906176704872 0.7893062855131673 0.81986175541822 0.8196855721256604 0.8224293669143995
0 0.8743193750000001 0.33153803750000016 0.8431414648790749 0.3285756950508505 0.817312072349049 0.8118607935326898 0.8484899824699742 0.8148231359818395
0 0.9215198968750002 0.3315380375000002 0.8772582293578706 0.32675724831435377 0.8478655698279927 0.8105334889815679 0.8921272373451222 0.8153142781672142
0 0.9679066156250002 0.32828282916666685 0.9253770950641055 0.32305818764407246 0.8916289499898337 0.8114421227574576 0.9341584705507284 0.816666764280052