0 0.083799303125 0.9960718291666667 0.0815417863617461 0.0017614935838155634 0.016910213199585744 0.00202236784387535 0.019167729962839646 0.9963327034267265
0 0.19722435880706773 0.9950335025237524 0.19200210263242212 0.04806342743148461 0.08605399374999999 0.049102133333333325 0.09127624992464561 0.9960722084256013
0 0.24388227500000004 0.07515632500000002 0.19954004375000006 0.07515632500000002 0.1995400437500001 0.998076 0.2438822750000001 0.998076
0 0.3310636125000002 0.005010420833333388 0.2506479475108351 0.004901897777404952 0.2498947812500001 0.9970739124999999 0.3303104462391652 0.9971824355559283
0 0.37089843604881845 0.0021375165361990135 0.33782768124999996 0.0020041666666667218 0.3355684586520936 0.9980699207230505 0.3686392134509121 0.9982032705925827
0 0.3941956656711111 0.9990517117208528 0.3934433625 0.008016675000000001 0.3739019780788889 0.008043046612480436 0.37465428125 0.9990780833333334
0 0.42651423561640145 0.009107365778447942 0.4039675483144295 0.009015712542789964 0.4017105593750002 0.9960718291666669 0.4242572466769722 0.9961634824023249
0 0.446804353125 0.07816257916666672 0.43102152499999996 0.07816257916666672 0.43102152500000007 0.9950697458333334 0.4468043531250001 0.9950697458333334
0 0.4918981468750001 0.11724386666666677 0.453568421875 0.11724386666666677 0.4535684218750001 0.9970739125 0.4918981468750002 0.9970739125
0 0.540754403927297 0.9988863193175858 0.5384950687500001 0.11724386666666668 0.4964028835727031 0.11743563068241437 0.4986622187500001 0.9990780833333335
0 0.5625450937500002 0.07716049166666676 0.5460107196629295 0.07713645043436125 0.5452591375000001 0.9960718291666667 0.5617935115870708 0.9960958703989723
0 0.585091990625 0.07916466250000008 0.5685576 0.07916466250000008 0.5685576000000001 0.998076 0.5850919906250001 0.998076
0 0.6053842000000003 0.07916466250000011 0.5918596075199548 0.07908574437890296 0.5888432713168354 0.9980628053937529 0.602367863796881 0.9981417235148501
0 0.6324404750000001 0.006012504166666771 0.6136576541658163 0.0058352480933560645 0.6083967135408163 0.9968966564266893 0.627179534375 0.9970739125
0 0.6587451906250001 0.007014591666666777 0.64071714022591 0.006771051580376814 0.6331920406250001 0.9970739125 0.6512200910240902 0.9973174525862901
0 0.6775342718750001 0.005010420833333444 0.660248389013398 0.004963953356230305 0.6587451906250001 0.9990780833333335 0.6760310734866022 0.9991245508104366
0 0.6993296062500001 0.005010420833333448 0.68204365 0.005010420833333446 0.6820436500000001 0.998076 0.6993296062500002 0.998076
0 0.7203733781249999 0.9930655749999997 0.7188686567234674 0.009981989625043907 0.7015843062644349 0.01002902192207647 0.7030890276659674 0.9931126072970323
0 0.7421708490416423 0.9940003725151213 0.7399140218750001 0.008016675000000001 0.7233774915833577 0.008083964984878584 0.72563431875 0.9940676624999998
0 0.7797468750000001 0.22546897500000013 0.7481812156250001 0.22546897500000013 0.7481812156250001 0.9940676625000002 0.7797468750000002 0.9940676625000002
0 0.8203312906250002 0.998076 0.8188279292616769 0.22635132945614753 0.784256253125 0.22647105833333334 0.7857596144883231 0.9981957288771858
0 0.8661766468750001 0.9970739124999999 0.8616657598683057 0.01069298693580321 0.818828246326793 0.011041259297660621 0.8233391333334874 0.9974221848618574
0 0.9420845343750001 0.9940676624999999 0.9375543185086199 0.011513874032440674 0.8714192522757072 0.012055964572218374 0.8759494681420874 0.9946097530397776
0 0.9997648708243096 0.0153176851126073 0.955612675 0.015031266666666824 0.9520366033510614 0.9950514230408681 0.996188799175371 0.9953378414868086