0 0.202734615625 0.7430695166666668 0.17427847013849698 0.11223170537488404 0.1360973125 0.11529356250000002 0.16455345798650306 0.7461313737917827
0 0.23825080312499997 0.7454374749999999 0.21419317288095047 0.11192205516807875 0.177873309375 0.11437403750000001 0.20193093961904954 0.7478894573319211
0 0.27110325625 0.7442534541666667 0.25028190753069157 0.11960743554629143 0.2184197862915535 0.12149554445201047 0.23924113501086192 0.7461415630723855
0 0.30131806446792797 0.7475940092260352 0.28451671820719454 0.11982581778019855 0.24979355625 0.12147793749999997 0.2665949025107334 0.7492461289458366
0 0.3297341150789307 0.7491279304276597 0.31578481249999996 0.11659564583333332 0.28530675683664497 0.1177905539990464 0.2992560594155757 0.7503228385933728
0 0.39676775959568167 0.7500853209839252 0.3847258689552998 0.20421871286255558 0.35101464999999993 0.2055408 0.36305654064038173 0.7514074081213695
0 0.36166953125 0.7478054375 0.34920625924821985 0.2064933936639593 0.31871449999999996 0.20774147916666663 0.3311777720017801 0.7490535230027073
0 0.437141384375 0.7489893750000001 0.4291373944850732 0.11690683529424148 0.38512074999999996 0.11789772916666666 0.3931247398899268 0.7499802688724252
0 0.4788822471260924 0.7507714916811242 0.47354005926138065 0.11728712481474023 0.4309260437500001 0.11792599583333334 0.43626823161471184 0.7514103626997173
0 0.5419140875 0.10253419583333342 0.48153664999999995 0.10253419583333342 0.48153664999999995 0.7596452416666666 0.5419140875 0.7596452416666666
0 0.569439190625 0.7478054375000001 0.567663325 0.23395640833333337 0.5428024841387512 0.23410915363032175 0.5445783497637512 0.7479581827969886
0 0.594302355953643 0.7489157278129631 0.593412565625 0.23395640833333328 0.5676614159000877 0.2340355105868207 0.5685512062287306 0.7489948300664505
0 0.6582507448855469 0.1772724756278433 0.6434497207767136 0.17710905716456085 0.639846767412171 0.7572409717103675 0.6546477915210043 0.7574043901736499
0 0.698185265625 0.1582623125000001 0.6564537374999999 0.1582623125000001 0.6564537374999999 0.7489893750000001 0.698185265625 0.7489893750000001
0 0.7514743158838717 0.7519144768896392 0.7464346452936589 0.15527559603155408 0.704688407534787 0.1559024774752481 0.7097280781249999 0.7525413583333332
0 0.8726047006069845 0.7514393880610023 0.808887652333879 0.15788839333809518 0.7720933736018947 0.16491030527709294 0.835810421875 0.7584613000000001