0 0.25315937499999996 0.8603953125 0.23708934496863132 0.24969803769857446 0.19804762896870912 0.25072539048772674 0.2141176590000778 0.8614226652891522
0 0.2895625 0.8603953125000002 0.2753562500000001 0.2530125 0.23805676582141494 0.2538849082838811 0.25226301582141486 0.8612677207838813
0 0.3242015472615264 0.8669458504979517 0.31441330688547314 0.30215451583177305 0.280684375 0.3027390625 0.29047261537605323 0.8675303971661785
0 0.34817823234164913 0.8623921811082951 0.3374588258508101 0.24774528002139604 0.316135281009161 0.2481171614131009 0.3268546875 0.8627640624999999
0 0.37633125000000006 0.8626890625000001 0.3623588137181855 0.24895585849567986 0.3368671936685282 0.24953620844992735 0.3508396299503427 0.8632694124542477
0 0.40410312500000006 0.8639484375000002 0.39683652328693764 0.24789097727527984 0.364146875 0.2482765625 0.3714134767130624 0.8643340227247203
0 0.4369635196398436 0.8624478015891605 0.4307356624183713 0.25030955479719824 0.3978875 0.25064375 0.4041153572214723 0.8627819967919622
0 0.4556120530252346 0.8661723568340411 0.4493841346929638 0.24809764727087993 0.43162812500000014 0.24827656249999994 0.43785604333227096 0.8663512720631612
0 0.4911171875 0.8663156249999998 0.48570299081067325 0.250340138127997 0.4511609374999999 0.25064375000000005 0.4565751341893266 0.8666192368720029
0 0.5110968749999999 0.8652937499999999 0.5062097593996973 0.25049554520797446 0.4875656249999999 0.25064375 0.4924527406003024 0.8654419547920256
0 0.5443964206513503 0.8649453991728162 0.5408390624999999 0.2530125 0.5088692043486496 0.2531983508271837 0.5124265625000001 0.8651312499999999
0 0.5870331770779769 0.8672420475650305 0.5833475989288939 0.32141976173129166 0.544390625 0.3216828125000001 0.548076203149083 0.8675050983337389
0 0.6302557653543542 0.8624346617137155 0.6260781249999999 0.32523593749999996 0.5837207971456456 0.3255653382862843 0.5878984374999999 0.8627640624999998
0 0.6732062500000002 0.32362656250000016 0.6287425458562186 0.323620867534226 0.6286736435191287 0.8615789962880165 0.6731373476629103 0.8615846912537906
0 0.722097939165799 0.8611655999583645 0.7166453125000001 0.3216828125 0.6748928239114341 0.32210481063957747 0.6803454505772331 0.8615875980979419
0 0.7841822976434372 0.8703737860566184 0.7761246418362668 0.2996825142575712 0.7273 0.30037187499999995 0.7353576558071703 0.8710631467990473
0 0.8441794288134631 0.8833863374001016 0.8356234375000001 0.3027390625 0.788887758686537 0.3034277250998986 0.79744375 0.8840750000000004
0 0.8827388354295682 0.8909152826609066 0.8764671875 0.2577484374999999 0.8497736645704317 0.25801284233909344 0.8560453124999998 0.8911796875
0 0.9212862929127741 0.8957033715065073 0.9164234375 0.2553796875 0.8879855938891167 0.25559565502577625 0.8928484493018909 0.8959193390322836