0 0.253484375 0.9007015624999999 0.031190625000000072 0.3657390625 -0.02378677562501763 0.3885839021853752 0.19850697437498227 0.9235464021853751
0 0.31248593750000003 0.8935546875000002 0.08778125000000003 0.35897343750000005 0.034039740739002976 0.38156302335672565 0.25874442823900295 0.916144273356726
0 0.34861250000000005 0.9032125000000002 0.1163636896396451 0.35761080532769585 0.08464804679262485 0.3711113504927149 0.3168968571529798 0.9167130451650193
0 0.39412343750000006 0.8993000000000002 0.1590765625 0.24221562500000005 0.10912504820589067 0.260083874167161 0.34417192320589074 0.9171682491671612
0 0.43951434341514395 0.8944730618380359 0.2204366820154334 0.22918328107668814 0.16890781249999998 0.2461515625 0.3879854738997105 0.9114413432613478
0 0.48828094296011704 0.882759458866615 0.3175265625 0.332471875 0.26620197212823227 0.3483979087471557 0.43695635258834925 0.8986854926137708
0 0.5319035668942261 0.8725122330644792 0.37229375000000003 0.31940312499999995 0.32213576718873 0.33387713444147404 0.48174558408295615 0.8869862425059534
0 0.5604187500000001 0.8674687500000001 0.39942375738474495 0.2984155364904832 0.3712515625 0.30638593750000004 0.5322465551152552 0.8754391510095167
0 0.5988330297215376 0.8630975572746348 0.4788640625 0.362946875 0.4408747524799129 0.37205920544378035 0.5608437197014504 0.872209887718415
0 0.6309238549462707 0.8856361310782219 0.5255624999999999 0.3665375 0.4873554246226702 0.37429238315568913 0.592716779568941 0.8933910142339109
0 0.6569098359413748 0.8733217188861737 0.5536312499999999 0.33572499999999994 0.5242048316139094 0.3413781574198059 0.6274834175552841 0.8789748763059796
0 0.6797796875000001 0.861746875 0.58331875 0.3255296875 0.5552540114822695 0.3305782966293235 0.6517149489822696 0.8667954841293234
0 0.712446875 0.8642625 0.6203276766286794 0.31386576695734314 0.5859265625 0.31962343749999994 0.6780457608713206 0.8700201705426569
0 0.74535 0.853559375 0.6645640625 0.28629531250000007 0.6244422764754542 0.29200918776980406 0.7052282139754542 0.8592732502698042
0 0.7805828125 0.852371875 0.70893125 0.28036718749999995 0.6705001973545375 0.28518121268325886 0.7421517598545375 0.8571859001832591
0 0.8707092013162956 0.9252790293235676 0.8210031250000001 0.24943281250000005 0.7192141261196505 0.2569190299568136 0.768920202435946 0.9327652467803812
0 0.9484546875000003 0.26879687500000016 0.8670284365461495 0.2682200107633574 0.8623378115461495 0.9303168857633575 0.9437640625000003 0.9308937500000003