0 0.1438936313213412 0.16955617876539292 0.08869911735908145 0.1660517653943124 0.06515836250000008 0.8251929416666665 0.12035287646225985 0.8286973550377471
0 0.19432893541772128 0.17419023928956998 0.14134754710736178 0.17152451089685636 0.12273888981464058 0.8290308549406197 0.17572027812500007 0.8316965833333333
0 0.2473395660507148 0.09915053591428685 0.18579729100266215 0.09631249602147049 0.16677777187500006 0.8295287041666667 0.22832004692305277 0.8323667440594831
0 0.29115992500000015 0.10328867500000004 0.24156000846551112 0.10163534428996533 0.22773976784051103 0.8387147734566319 0.27733968437500006 0.8403681041666666
0 0.3294184164587817 0.1702954249020558 0.283843328125 0.16940903750000003 0.2764681439218775 0.8435555452597865 0.32204323225565923 0.8444419326618423
0 0.3708344432120063 0.17825472122149416 0.3220443249247861 0.1780414308261542 0.32041350983777983 0.8412387554379934 0.36920362812500007 0.8414520458333334
0 0.4270547816802285 0.16247339392415286 0.3774941110398475 0.161612404845721 0.37082954062500006 0.8436199291666668 0.4203902112653811 0.8444809182450986
0 0.4700190407683772 0.17842069622174042 0.4244848652943551 0.17802388413285053 0.4212240839009779 0.8432231170777769 0.466758259375 0.8436199291666667
0 0.49766274452359793 0.09491935158146776 0.4716359906250001 0.09461715416666676 0.46674607422640235 0.8433177317518659 0.49277282812500023 0.8436199291666668
0 0.5236651281250002 0.08269380833333341 0.4944095962869233 0.08230922852389484 0.4887189087869232 0.8519068701905614 0.5179744406250001 0.85229145
0 0.5537444718750001 0.08702957083333344 0.516382887050591 0.08596665240621018 0.504188558925591 0.8479767107395435 0.5415501437500001 0.8490396291666668
0 0.5773259644263734 0.08852298200274725 0.5431863175021344 0.0880020144369656 0.5366724125 0.8468717499999999 0.570812059424239 0.8473927175657816
0 0.6082124750000001 0.08486168750000009 0.5724137568558011 0.08438909710236425 0.566723069355801 0.8507349179356977 0.6025217875 0.8512075083333334
0 0.6415693102239377 0.08542865941069677 0.6033562598235993 0.08477914556882366 0.5960139902246617 0.8527258778247938 0.6342270406250001 0.8533753916666669
0 0.6903209531250001 0.8555432708333335 0.6895066675501555 0.13245578560413798 0.6334177641049383 0.13256807540688217 0.6342320496797829 0.8556555606360777
0 0.7423500906250001 0.85771115 0.7358204432846802 0.1361849656802497 0.6822222472001463 0.13704727936074174 0.6887518945404663 0.8585734636804919
0 0.8033329570208801 0.8613326330022321 0.7976091430143063 0.11996252886790572 0.7455687859934261 0.12067680836567372 0.7512926 0.8620469125
0 0.830149259375 0.8609629708333334 0.8285199763807803 0.2679046874402769 0.7992569593750001 0.2680476083333333 0.8008862423692197 0.86110589172639
0 0.8691711093750001 0.8566272125 0.86508662365975 0.09310044246945864 0.819580840625 0.0935332125 0.8236653263402502 0.8570599825305414
0 0.9187613812500001 0.8663826749999999 0.9121968399382938 0.09395481347997622 0.8683397347170752 0.09461743249005004 0.8749042760287814 0.8670452940100738
0 0.972416428125 0.8642147916666667 0.9650998312500001 0.19650754583333335 0.9179941162491572 0.1974251895843316 0.925310713124157 0.865132435417665
0 0.999747984375 0.16832509583333352 0.9683516531249999 0.16832509583333352 0.9683516531249999 0.8652553750000003 0.999747984375 0.8652553750000003