0 0.13774375 0.863715625 0.13529796113928455 0.2645772102270689 0.09055026932226654 0.2647598782107773 0.09299605818298202 0.8638982929837085
0 0.1857453125 0.863715625 0.18566234791223948 0.26800640433527523 0.14172812500321258 0.26801252306663914 0.1418110895909731 0.8637217437313638
0 0.2370159247271852 0.8624573266254165 0.23455570669867373 0.2700075482931023 0.19235000000000002 0.2701828125 0.19481021802851148 0.8626325908323142
0 0.2809375000000001 0.25390625 0.23781871764329182 0.2538484831677989 0.23699734485883547 0.8669441468423097 0.2801161272155438 0.8670019136745107
0 0.33467237549909123 0.2518573715129355 0.2875981442014853 0.25098428689863234 0.2761049785376501 0.8706629869211755 0.32317920983525605 0.8715360715354785
0 0.3826642794659158 0.2752115797054663 0.34443772211712353 0.2745201833793285 0.3338203125000001 0.8615453125000002 0.37204686984879237 0.8622367088261379
0 0.42007114853871597 0.27721402074053564 0.3826382982597011 0.2766401207044066 0.3736796497209851 0.860971412463871 0.4111125000000001 0.8615453125
0 0.44692346999012517 0.3065022218751342 0.4234703125 0.3059890625 0.41122156214827255 0.8657992988056336 0.4346747196383977 0.8663124581807677
0 0.46889028414466083 0.3052268006894211 0.446114829296049 0.30486350025068654 0.43714843750000015 0.8669703125 0.4599238923486119 0.8673336129387345
0 0.5063046875000002 0.27994843750000004 0.4755648721976504 0.27934751596926893 0.46414152721524127 0.8637025389404694 0.4948813425175911 0.8643034604712007
0 0.5429156250000002 0.27994843750000004 0.5128315011503033 0.27919237337639213 0.49816875000000005 0.8626296874999999 0.528252873849697 0.8633857516236079
0 0.5892948388688445 0.18973387891954346 0.5553062500000001 0.18880156250000008 0.5357770361311556 0.9007598710804569 0.5697656249999999 0.9016921875000001
0 0.5974281250000002 0.3320312500000001 0.586017725365952 0.3317504641221261 0.572186475365952 0.8938160891221261 0.5835968750000002 0.8940968750000001
0 0.6088171875000001 0.2788625000000001 0.5982462415661869 0.27861883544062915 0.5844093750000001 0.87890625 0.5949803209338135 0.879149914559371
0 0.6234625000000001 0.2810328125 0.6121472988639416 0.2806928370796366 0.5941430871637277 0.879916382318093 0.6054582882997862 0.8802563577384565
0 0.6495495508131021 0.2001796267061755 0.6326171875 0.19965312500000004 0.611411386686898 0.8816344357938245 0.6283437500000001 0.8821609374999999
0 0.675583697444296 0.20242535071367032 0.65703125 0.2018234375000001 0.6350131775557041 0.8804746492863298 0.6535656250000001 0.8810765625
0 0.6999406250000002 0.3569875000000001 0.6716035926113173 0.3560540156903397 0.6543796875000001 0.87890625 0.6827167198886831 0.8798397343096604
0 0.7332984375000002 0.3569875000000001 0.704917125725779 0.35610265507437494 0.6885500000000001 0.8810765625000002 0.7169313117742213 0.8819614074256255
0 0.7739781250000001 0.3548171875000001 0.7442232356206719 0.35375479485082956 0.7254012309383723 0.8809108022425235 0.7551561203177004 0.881973194891694
0 0.7984179709235557 0.31806361372853553 0.7734285739682312 0.3172186059696401 0.7545847187569642 0.874487545912322 0.7795741157122886 0.8753325536712175
0 0.8513356932611764 0.3287059233563162 0.8165359375 0.3276906250000001 0.8001010374870405 0.8910033722849804 0.834900793248217 0.8920186706412963
0 0.8952046875 0.33094687500000014 0.86048125 0.32986093750000006 0.8427813875070278 0.8958235909982848 0.8775048250070279 0.8969095284982849