0 0.12803185769379435 0.23764207602821166 0.051699326456625984 0.2350377999027529 0.04006156562500007 0.8414522416666669 0.11639409686216846 0.8440565177921256
0 0.2034586192731184 0.2422703387512256 0.12895069052171013 0.2399070925033205 0.11819715625000007 0.8426362624999999 0.19270508500140832 0.8449995087479051
0 0.2753814879776334 0.24293100304579754 0.20300328814529706 0.24111708530276177 0.19455694375000004 0.8402683041666665 0.2669351435823364 0.8420822219097023
0 0.3558238750000001 0.24810606250000009 0.28483637218899766 0.245726300988683 0.27358040312500004 0.8426362625 0.3445679059360025 0.8450160240113171
0 0.39611555769332873 0.2526946466658824 0.3589342515191804 0.25178778813573777 0.3508281218750001 0.8426362625 0.38800942804914845 0.8435431210301447
0 0.4565417230263143 0.23245323794153708 0.39978100304741054 0.23110992405394834 0.39167172187500005 0.8402683041666666 0.4484324418539038 0.8416116180542553
0 0.5089249259074442 0.23595323926084738 0.4549718581094887 0.2352069639014681 0.45027341249999997 0.8390842833333334 0.5042264802979555 0.8398305586927126
0 0.5595217997917971 0.8240285532113145 0.5472062296373161 0.3069987254483737 0.49922327047051906 0.3090306305703926 0.511538840625 0.8260604583333334
0 0.6110490930494116 0.8208120302109623 0.5931312602607902 0.309506876773525 0.5468952297113786 0.3123873465625629 0.5648130625 0.8236925
0 0.6600510777984707 0.8307669836322121 0.6427727697692622 0.3044862487264482 0.6016969700957915 0.30688368592756954 0.618975278125 0.8331644208333333
0 0.6947763589886548 0.8299748148237948 0.6766610527127513 0.3114120664121247 0.6443672437240966 0.31341765158832996 0.6624825500000001 0.8319803999999998
0 0.7255237218749999 0.8201405958333333 0.7093170109928644 0.31641749511686557 0.6793527124999998 0.3181313916666667 0.6955594233821354 0.8218544923831346
0 0.7894528529022762 0.8349749858689554 0.7663174522176058 0.22327654640526706 0.7228102086903296 0.22620190220297848 0.745945609375 0.8379003416666667
0 0.83562389375 0.8402683041666665 0.81608999375 0.22696462916666663 0.7726610407229584 0.22942369539761093 0.7921949407229584 0.8427273703976109
0 0.8845449337103533 0.8387852436345428 0.8645995071112995 0.22378053656293823 0.8183422015259463 0.22644753459506223 0.838287628125 0.8414522416666668