0 0.04171175937500022 0.13027096250000006 0.021227365331291947 0.12885007978392268 -0.012592978418708179 0.9956530297839226 0.007891415625000092 0.9970739125
0 0.06951960000000015 0.12626262500000002 0.046348751997669135 0.12476254699380478 0.014655484375000088 0.9950697458333334 0.0378263323773311 0.9965698238395286
0 0.1206259031250001 0.04810005000000003 0.07942997631404825 0.045359485691253844 0.043966450000000094 0.9930655749999999 0.08516237681095196 0.9958061393087462
0 0.17173220312500012 0.04709796250000004 0.12923054295375286 0.043966419588952185 0.08994288633181347 0.9919070230130765 0.13244454650306076 0.9950385659241243
0 0.2228385031250002 0.04409171250000005 0.1764160421806726 0.040765340235377326 0.1379118562500001 0.9960718291666669 0.1843343171943277 0.9993982014312895
0 0.26943542500000006 0.045093795833333374 0.226710227149369 0.04215240526766313 0.18976972187500005 0.9960718291666667 0.2324949197256311 0.999013219732337
0 0.2987463937500002 0.03306878333333339 0.27400386574066504 0.03145700386014034 0.23862133125000007 0.9970739125 0.26336385925933525 0.9986856919731931
0 0.32956048437500013 0.03507295000000007 0.3032431359671647 0.033428115850371 0.2694227922171646 0.995429078350371 0.2957401406250001 0.9970739125
0 0.3543620718750003 0.03507295000000008 0.33486256184463764 0.03387882558537244 0.3017526468750001 0.9950697458333335 0.3212521569053627 0.9962638702479611
0 0.40471681250000013 0.15532307083333344 0.3597802298724537 0.1522449773736933 0.32730579687500005 0.9950697458333334 0.3722423795025465 0.9981478392929735
0 0.44830747812500016 0.15331890416666674 0.40845411697018974 0.15091790899774157 0.3798947138451897 0.9936708339977415 0.4197480750000001 0.9960718291666667
0 0.4919678574931889 0.15237141375021013 0.4561176324378128 0.1500924961368171 0.42576058124999994 0.9990780833333333 0.4616108063053761 1.0013570009467263
0 0.5294763093750001 0.1563251583333334 0.49493854347879046 0.15429190898958545 0.4670965593750001 0.9950697458333334 0.5016343252712098 0.9971029951770813
0 0.5716046920944235 0.11387528957258737 0.5348666023212114 0.11192039298490736 0.5084325406250001 0.9950697458333335 0.5451706303982122 0.9970246424210135
0 0.6136639512810991 0.11675719255736292 0.5777090432109129 0.11510788489910256 0.5550294625000001 0.9940676625000001 0.5909843705701864 0.9957169701582604
0 0.6572420625000002 0.024050025000000107 0.618254212151795 0.022814872835962213 0.60087481875 0.9980760000000001 0.6398626690982051 0.9993111521640381
0 0.7015993239926624 0.03186661396721118 0.6602998668992816 0.03094884821824928 0.6482233031250001 0.9970739125000001 0.689522760218381 0.9979916782489621
0 0.7354184623767818 0.037481314628411214 0.7038569934416764 0.036996601088323186 0.6955717906250002 0.9960718291666669 0.7271332595601055 0.996556542706755
0 0.7677218625000001 0.04008337500000012 0.7354046406250001 0.04008337500000012 0.7354046406250002 0.9970739125000002 0.7677218625000002 0.9970739125000002
0 0.8158219093750001 0.029060445833333462 0.777492184375 0.02906044583333346 0.7774921843750001 0.9970739125000002 0.8158219093750001 0.9970739125000002
0 0.866929051314087 0.9931291001308203 0.8541516343750001 0.02906044583333333 0.814317942435913 0.029999008202512778 0.8270953593750001 0.9940676624999998
0 0.9075126250000001 0.9970739125 0.8857172906249999 0.002004166666666659 0.8594788547658514 0.0030258714563446533 0.8812741891408514 0.998095617289678
0 0.9398531821333842 0.9948782557013859 0.9112428021646052 0.0010439852610077739 0.887921004406221 0.0022375587262884874 0.916531384375 0.9960718291666666
0 0.990936146875 0.9960718291666668 0.9622862175863878 0.029011044891809522 0.9194842091835526 0.03126534329389912 0.9481341384721647 0.9983261275687564