0 0.20610312500000005 0.8486828125000001 0.15660468750000003 0.30539843749999995 0.12349433895778521 0.30841510905054853 0.17299277645778524 0.8516994840505486
0 0.23895624999999998 0.8474984375 0.19269377904600166 0.3048856341645029 0.1608203125 0.30760312500000003 0.20708278345399833 0.8502159283354972
0 0.27029843750000004 0.8509718749999999 0.22647951079753362 0.30374528658171857 0.19408750000000002 0.3063390625 0.23790642670246642 0.8535656509182814
0 0.3109953125 0.8282796875 0.2702611722373678 0.2979617183655163 0.24280937500000005 0.30007031250000005 0.2835435152626323 0.8303882816344836
0 0.3432906448425127 0.8262089651093986 0.30507049441007233 0.2983846523273962 0.2764735995675596 0.3004553747179976 0.31469375 0.8282796875
0 0.3740164442360846 0.829513581675694 0.34290625 0.2935609375 0.31019584142536466 0.29545966339557556 0.3413060356614493 0.8314123075712695
0 0.4049804749737106 0.8256071947425667 0.3746453125 0.29247500000000004 0.3450320250262894 0.2941599927574333 0.37536718750000003 0.8272921875
0 0.4390015625 0.815453125 0.4217179780033806 0.3159213288178807 0.38498750000000004 0.31719218749999994 0.40227108449661947 0.8167239836821192
0 0.47050123189965437 0.8223449194012298 0.4535843749999999 0.3271984375 0.42192341245882137 0.32828014562515495 0.43884026935847587 0.8234266275263847
0 0.5144734375000001 0.8233453125000002 0.49997031250000007 0.291390625 0.455966685143843 0.292590332649911 0.470469810143843 0.824545020149911
0 0.5477758831800003 0.819766395742322 0.5374046875 0.28704999999999997 0.5040776883025035 0.28769882709236455 0.5144488839825038 0.8204152228346867
0 0.5892106831606888 0.8150522702816364 0.5837921875 0.2848796875000001 0.5410961888476268 0.28531605122558706 0.5465146845083158 0.8154886340072233
0 0.62398125 0.8174265625 0.6210218750000001 0.2935125 0.5855002428916022 0.2937131470861255 0.5884596178916022 0.8176272095861256
0 0.6580175025376906 0.29253804466789285 0.6225015625 0.29252656250000014 0.6223324974623095 0.8154682053321073 0.6578484375000001 0.8154796875000001
0 0.7042343750000002 0.2794546875000001 0.6624921968791089 0.2789114240273519 0.6554906343791088 0.816883299027352 0.6972328125000001 0.8174265625000002
0 0.7530625000000002 0.2729437500000001 0.7046924375555028 0.27192795772875406 0.6932580625555027 0.8164107702287542 0.7416281250000001 0.8174265625000002
0 0.7964156250000002 0.26870312500000015 0.7594445629169793 0.2676911071857874 0.7445234588439095 0.8127892836065411 0.7814945209269305 0.8138013014207539
0 0.8142162057649482 0.36358542470786914 0.7956765341814424 0.3631356850746706 0.785207231735052 0.7947130127921311 0.8037469033185578 0.7951627524253297
0 0.8409531250000002 0.3630046875000001 0.8179240165066327 0.3621911033807173 0.802858811341552 0.7886230309450225 0.8258879198349195 0.7894366150643053
0 0.8938499999999999 0.2989859375000001 0.8489640929779398 0.2977412744455304 0.8350737325716706 0.798665137702923 0.8799596395937307 0.7999098007573927
0 0.9467484374999999 0.2989859375000001 0.9016309604654141 0.2971044175486428 0.8806369432642415 0.8005256479503335 0.9257544202988273 0.8024071679016908