0 0.12556093750000002 0.31141562500000003 0.06783750000000004 0.31141562500000003 0.06783750000000008 0.8181421875 0.12556093750000005 0.8181421875
0 0.15403750000000008 0.327690625 0.12556093750000005 0.327690625 0.12556093750000008 0.830078125 0.1540375000000001 0.830078125
0 0.1800953783141121 0.8557995192229697 0.17273240295210437 0.2763933807807225 0.1474885871379923 0.2767141740577529 0.1548515625 0.8561203125000001
0 0.224019590945895 0.850547016060028 0.22156035575678867 0.27763495861528625 0.1873767023108937 0.27778169255525825 0.1898359375 0.8506937500000001
0 0.28421270333001125 0.8094548289436391 0.28412676583612295 0.35372517385431507 0.24344687500611167 0.35373284491067614 0.24353281249999995 0.8094625000000001
0 0.32735073678054655 0.35626262068633124 0.2875640625000001 0.355903125 0.2834758290718765 0.8083625507237422 0.323262503352423 0.8087220464100733
0 0.36801886120546207 0.3582767001320682 0.3306008767721981 0.3580729146754015 0.32814843750000006 0.8083765624999998 0.365566421933264 0.8085803479566666
0 0.4062531250000002 0.3602437500000001 0.36801853187751693 0.3601042966706825 0.3663875000000001 0.8072921875000002 0.40462209312248343 0.8074316408293178
0 0.4347313828150261 0.3342464751037241 0.40381427755483285 0.3341960507369613 0.4029984375000001 0.8344187500000002 0.43391554276019334 0.8344691743667632
0 0.47296875000000027 0.3352859375000001 0.44300668061393755 0.3348943391280398 0.43649258111896116 0.8333026958307972 0.4664546505050239 0.8336942942027574
0 0.5494719644602387 0.27216840007366827 0.4788176100244977 0.2707715994124166 0.4672368595199742 0.8565605909821032 0.5378912139557153 0.8579573916433549
0 0.5779337616663633 0.33802589657529 0.5494468750000001 0.33745625000000007 0.5396222769186014 0.8287647634320863 0.5681091635849647 0.8293344100073762
0 0.6267977680283502 0.3275644547934976 0.5791625247889417 0.32634674385035456 0.5668027032809362 0.8098466312783579 0.6144379465203447 0.8110643422215009
0 0.6812500000000002 0.3374562500000001 0.6391840572647632 0.33635198271786 0.6261668697647631 0.8322285452178599 0.6682328125000001 0.8333328125000001
0 0.7438968750000001 0.2832031250000001 0.7017928381733576 0.2828978652212092 0.6976842680844138 0.8495869554606778 0.7397883049110563 0.8498922152394688
0 0.7886516052524067 0.28389993983790324 0.7457359375 0.2832031250000001 0.7367160657099195 0.8387220374233555 0.7796317334623263 0.8394188522612586
0 0.8407464941930132 0.29725248896123446 0.8025940477701035 0.2962205294072534 0.7878312500000002 0.8420140625000002 0.8259836964229098 0.8430460220539813
0 0.8879046875000004 0.2983937500000001 0.8513912131903878 0.2969586314318585 0.8301390625000001 0.8376734375000001 0.8666525368096127 0.8391085560681416
0 0.9774000000000003 0.25390625000000017 0.9498370897330115 0.25085145421086325 0.8833027734925627 0.8511794351293787 0.9108656837595515 0.8542342309185157