0 0.161087084375 0.8555432708333334 0.08272102099384787 0.13732518172690752 0.012316271875000003 0.15098205 0.09068233525615212 0.8692001391064258
0 0.1946511720123262 0.8564484299544931 0.12318895947496897 0.11324115585317467 0.0862952 0.11954777916666666 0.15775741253735723 0.8627550532679851
0 0.22693645937500007 0.8555432708333335 0.16386409943274652 0.11396520190181153 0.12694296249999998 0.11954777916666667 0.19001532244225355 0.8611258480981886
0 0.25538989375000004 0.8587950916666668 0.19279233749999997 0.031748612500000016 0.15367660682808623 0.03701189138224805 0.2162741630780863 0.8640583705489149
0 0.29034696875000005 0.8609629708333334 0.23750277835612016 0.039303547118783276 0.19929598125000006 0.04367195833333334 0.2521401716438799 0.8653313820478835
0 0.31671007507917226 0.8617421200554473 0.26808059856284117 -0.0031482409522969137 0.23344009999999998 0.0003143416666666695 0.2820695765163311 0.8652047026744107
0 0.34644088125 0.8587950916666668 0.300655240625 0 0.2658860893370844 0.003295424031805716 0.3116717299620844 0.8620905156984725
0 0.374943291105526 0.8588546367423467 0.33825454245543124 0.002240322312016744 0.30660607500000003 0.004650104166666669 0.3432948236500947 0.8612644185969967
0 0.40113539970468126 0.86074657787719 0.3747983872968509 0.003696315715311723 0.337498375 0.005734045833333335 0.36383538740783034 0.8627843079952116
0 0.44159137300539014 0.8602430660724975 0.42367163125000007 0.1130441375 0.3796351051003801 0.11492166380965838 0.3975548468557702 0.8621205923821559
0 0.47734359270211907 0.8591094214563059 0.4683841687500001 0.11846384166666667 0.42932003242106054 0.1193039307714987 0.4382794563731795 0.8599495105611379
0 0.5049870433611379 0.8638570186321097 0.49927380738621085 0.03244526241965084 0.46757121562500004 0.032832554166666666 0.473284451599927 0.8642443103791255
0 0.5301730853097884 0.03643161958523526 0.496837603125 0.036084375000000085 0.4919555553152117 0.8692872512480982 0.5252910375 0.8696344958333334
0 0.5651258468750001 0.0035661625000000955 0.5269468968911614 0.002859144784171519 0.5180043875161614 0.8613398947841715 0.5561833375 0.8620469125000001
0 0.6057736093750002 0.00356616250000011 0.5619578890786532 0.0018738675844992855 0.5432599172036532 0.8625224967511661 0.5870756375000001 0.8642147916666668
0 0.6570376803396278 0.00392335875705155 0.6033347437499998 0.0013982833333334387 0.5805241040353721 0.8638575995762817 0.6342270406250001 0.866382675
0 0.7114577906250003 0.0035661625000001323 0.6555412446894044 -0.000632826933121855 0.6189055931213554 0.8666823535037079 0.6748221390569512 0.87088134293683
0 0.7448935325460478 0.122980533755889 0.7082059687500001 0.1195477791666668 0.6690088259934541 0.8642934737531554 0.7056963897895019 0.8677262283423774
0 0.778120121875 0.12496748333333348 0.7450347641541027 0.12166864993708543 0.7033598829544101 0.8647344886590502 0.7364452406753075 0.8680333220552984
0 0.81632901875 0.12063172083333346 0.7826042873382127 0.11658540574636819 0.731827381169891 0.8689572076972761 0.7655521125816782 0.8730035227842413
0 0.8959986343749999 0.006817983333333485 0.8316584429829084 -0.0032554808051962424 0.7553127907121561 0.8636371015726767 0.8196529821042479 0.8737105657112065
0 0.9222735294143545 0.12750877885577722 0.8852203300607796 0.12155120557955851 0.817954928125 0.8652987333333334 0.855008127478575 0.8712563066095521
0 0.964286875 0.12279960000000016 0.9211871832343166 0.11497086377081787 0.844423967253104 0.8662704295140369 0.8875236590187875 0.8740991657432192
0 0.9927403093750004 0.12388354166666687 0.9644096150658841 0.11841693401927632 0.8824500258058177 0.8735379544401403 0.9107807201149338 0.8790045620875307
0 1.0123680423348884 0.13226993610150692 0.9919273531250002 0.12821930416666688 0.9085680912828643 0.8760513753609099 0.9290087804927524 0.8801020072957499