0 0.14661180612404948 0.7226563406187594 0.12686086773648939 0.12586540811672034 0.08052201674752422 0.12859179982570443 0.10027295513508432 0.7253827323277435
0 0.19054621875 0.72265625 0.1745828873080615 0.1273629176672721 0.1301828633664542 0.1294795878411583 0.1461461948083927 0.7247729201738861
0 0.2192913755829081 0.7266197834511229 0.2039008496350799 0.17981263061817834 0.17521602821268317 0.18124795115282263 0.1906065541605114 0.7280551039857672
0 0.24366649347473998 0.7241110353616954 0.2313974509443381 0.1808666599765053 0.20638354453831087 0.18187098533218196 0.21865258706871274 0.725115360717372
0 0.28024565 0.7267252583333335 0.2686287073722622 0.1273869218524434 0.23398399374999998 0.12858072916666666 0.24560093637773778 0.7279190656475567
0 0.317467865625 0.7250976583333333 0.3082998921935233 0.12678995339582771 0.272436140625 0.127766925 0.28160411405647673 0.7260746299375056
0 0.354079878125 0.7259114583333333 0.34613649121670487 0.12450906897029815 0.31136586250000003 0.12532552083333334 0.3193092494082952 0.7267279101963684
0 0.39191419091327373 0.7269124915075518 0.38580374658028516 0.12386587754403645 0.34995079062499995 0.12451171666666666 0.35606123495798847 0.7275583306301819
0 0.43523650937499986 0.7275390624999999 0.4327881001262055 0.12426522019960522 0.3908379660546366 0.12456789784222665 0.3932863753034309 0.7278417401426213
0 0.4779505250000001 0.12451171666666674 0.4370704823694166 0.12443807722288584 0.4364569093750001 0.7299804666666668 0.4773369520055836 0.7300541061104476
0 0.52624003125 0.1180013000000001 0.4824020106863725 0.11738128748847039 0.47752041068637247 0.7309880624884705 0.5213584312499999 0.7316080750000001
0 0.5732254500000001 0.1171875000000001 0.5306380272723287 0.11620872151283336 0.5227036169140977 0.7299552863746104 0.5652910396417693 0.7309340648617773
0 0.6458392749999999 0.11067708333333345 0.5854845889823785 0.10729848144746178 0.5659581827323785 0.7274156689474618 0.6263128687499999 0.7307942708333335
0 0.7129613000000001 0.10986328333333345 0.6509259971675696 0.10510707159661961 0.6240771877925695 0.7276656632632862 0.686112490625 0.7324218750000001
0 0.7495733125000001 0.1717122416666668 0.7196509929320956 0.16887971984231567 0.6897511835570955 0.7304031531756491 0.7196735031250001 0.7332356750000001
0 0.7904567281250001 0.17008463333333348 0.7589246407610925 0.16631872851759646 0.7210922282610924 0.7294697701842632 0.7526243156250001 0.7332356750000001
0 0.8258483406250001 0.1700846333333335 0.7948131213565743 0.1663780699094925 0.756895715625 0.7307942708333335 0.7879309348934259 0.7345008342571745
0 0.854527753125 0.13997395833333345 0.8310837875610897 0.1372658360695206 0.7926411719360897 0.7288999527361872 0.8160851375 0.7316080750000001
0 0.8874785656250002 0.13916015833333348 0.8612312621619621 0.135492479199467 0.8147933584724593 0.7262964936853982 0.8410406619354973 0.7299641728192647