0 0.1344334040234112 0.9919521367974771 0.08387263718049348 0.09567978466563844 0.004029858157082289 0.10018389786816136 0.054590625000000004 0.9964562499999999
0 0.19767031250000006 0.9953718750000002 0.15894739120243898 0.11216971901412554 0.08954687500000001 0.11521250000000001 0.1282697962975611 0.9984146559858746
0 0.23891093750000003 0.9993281249999999 0.2155546875 0.0035656250000000002 0.15941551928952846 0.004882405304054258 0.18277176928952849 1.0006449053040543
0 0.2822171875 0.9942875000000002 0.26173662137249637 0.002460935600184215 0.2082390625 0.0035656249999999994 0.22871962862750372 0.995392189399816
0 0.3152743010661393 0.9996340714413801 0.30741874999999996 0.0089859375 0.26270046312055434 0.009340540485798934 0.2705560141866937 0.9999886744271789
0 0.36270000000000013 0.0024828125000000444 0.30986877036074234 0.0023531725456707752 0.3074294680041313 0.9964243570694672 0.3602606976433891 0.9965539970237964
0 0.40823602435426565 0.1501567267979584 0.3635125 0.14989843750000006 0.35862350317559566 0.9964421010297249 0.40334702752986135 0.9967003903276831
0 0.43752808840138246 0.006075807214158205 0.4098515625 0.00573437500000005 0.39762034909861776 0.9971976302858419 0.42529687500000024 0.9975390624999999
0 0.46594531250000015 0.01115312500000006 0.4415615613930017 0.010793247680647582 0.4269675094145926 0.9996239184337223 0.4513512605215911 0.9999837957530749
0 0.5196000000000003 0.005734375000000067 0.47087377781755235 0.004168203394527348 0.43916909031755214 0.9905541408945272 0.48789531250000007 0.9921203125
0 0.5660336337047134 0.005769644262999818 0.5163484375 0.003565625000000061 0.4722276268573653 0.9981808583109419 0.5219128230620786 1.0003848775739415
0 0.6280696066396165 0.025457041904759788 0.5651265625 0.021993750000000072 0.5119382058603836 0.9886570205952404 0.5748812500000001 0.9921203125
0 0.6830046875000001 0.02958125000000008 0.61878125 0.026329687500000077 0.5695645382220778 0.9984366092721977 0.6337879757220779 1.0016881717721977
0 0.7619060816340889 0.03123996089929968 0.6943859375 0.025245312500000082 0.6083819121434552 0.9939433580541355 0.6759020562775441 0.9999380064534351
0 0.8353657745600473 0.042526090474700975 0.7618609375 0.03500000000000008 0.6634696506611024 0.9959551641098183 0.7369744877211498 1.0034812545845193
0 0.9106312500000001 0.006818750000000084 0.8410092645834382 -0.0014259674870147898 0.7234099210739802 0.9916341090659719 0.793031906490542 0.9998788265529868
0 0.9829843750000002 0.007901562500000136 0.9101546079674886 -0.0018010534937870526 0.777477956453026 0.9940963031200754 0.8503077234855375 1.0037989191138625
0 1.0575141599385853 0.00861763400341804 0.9997484374999999 1.3322676295501878e-16 0.8524350998820136 0.9874707337265821 0.9102008223205991 0.9960883677300002