0 0.07504843750000004 0.7493406250000001 0.04102206772115587 0.1260674734684217 0.009973384064343654 0.1277625151827278 0.043999753843187814 0.7510356667143061
0 0.11275205002523711 0.7497705796343832 0.07841095506383214 0.13304669015888437 0.04328390503859502 0.13500267302450128 0.07762500000000001 0.7517265625000001
0 0.1513964338016784 0.7492576466037031 0.13251388301680134 0.18690322519386865 0.09425807421512292 0.1881877660901654 0.11314062499999997 0.7505421874999999
0 0.1878617581866829 0.7470038623108521 0.1681470400688791 0.1916581896444739 0.13356249999999997 0.1928859375 0.1532772181178038 0.7482316101663782
0 0.22771734721636833 0.7518788920412376 0.21019270079145472 0.10292928272046967 0.16730312499999997 0.1040875 0.18482777142491355 0.7530371093207681
0 0.268525 0.7552781249999999 0.2568827110957135 0.10569261295758745 0.2143625 0.1064546875 0.22600478890428652 0.7560401995424125
0 0.31191198655988794 0.7429954198300278 0.30490742556722933 0.18413129280627202 0.26763593750000003 0.1845984375 0.2746404984926587 0.7434625645237558
0 0.3422203125 0.7422546875 0.3377699225896066 0.1855486620493913 0.3084702325270071 0.1857828880844458 0.31292062243740054 0.7424889135350545
0 0.38750312499999995 0.7611984374999998 0.3830457195771595 0.11326019494733634 0.33955624999999995 0.11355937499999998 0.34401365542284046 0.7614976175526635
0 0.4301252665421506 0.11599963364318441 0.38572812500000003 0.11592656250000002 0.38466848345784943 0.7597519288568156 0.42906562500000006 0.759825
0 0.49672432092620633 0.18416848533973174 0.4461101334953934 0.1831447964748874 0.43455925006918716 0.7542544361351557 0.48517343750000014 0.755278125
0 0.5277921875 0.21064531250000001 0.4985055141601878 0.21002057772137045 0.48696332666018777 0.7511018277213705 0.5162500000000001 0.7517265625
0 0.5606554333073117 0.21263411524108045 0.5304562500000001 0.21182968750000009 0.5160440279051799 0.752881810245855 0.5462432112124915 0.7536862379869352
0 0.5686359375000003 0.1834140625000001 0.5615635193247152 0.18325268677081843 0.5482140625000003 0.7683031250000001 0.5552864806752853 0.7684645007291817
0 0.6327028525920927 0.15807419537067122 0.5733503592728144 0.1552109001261637 0.5436217778065806 0.7714468388582686 0.602974271125859 0.7743101341027762
0 0.6627928563010916 0.26902314154890494 0.6280741807877509 0.2673453662048822 0.6040610119866593 0.7642565996559773 0.6387796875 0.7659343750000001
0 0.731121875 0.1928859375000001 0.67320625 0.18951250000000008 0.6394251025502088 0.7694717456572304 0.6973407275502088 0.7728451831572305
0 0.7515437500000002 0.2047265625000001 0.7308137366273295 0.20347866427815336 0.6973828125000001 0.7588312500000001 0.7181128258726707 0.7600791482218467
0 0.799612121074266 0.1709862705256182 0.7613686312296869 0.16836345156364455 0.720403385155421 0.7656803060380265 0.7586468750000002 0.7683031250000002
0 0.822735743999214 0.1883386447269892 0.8027036807779739 0.18687599340671407 0.7604234375000001 0.7659343750000002 0.7804555007212401 0.7673970263202752
0 0.8332312500000002 0.28997343750000015 0.817345843388928 0.2887395366919522 0.7799578125000001 0.7700781250000002 0.7958432191110723 0.7713120258080481
0 0.8902455994471996 0.14460671312127973 0.8457817610742238 0.14063863416863503 0.7902849026069114 0.7625021037585913 0.8347487409798873 0.766470182711236
0 0.9370739327861362 0.14226286724934456 0.8953843750000001 0.1384234375000001 0.83801537153251 0.7613514610168574 0.8797049293186461 0.765190890766202