0 0.1303962250000001 0.9730238875 0.020952320035725537 0.059230184750266666 -0.017031212314562144 0.06731772105035645 0.09241269264971239 0.9811114238000899
0 0.17173220312500007 0.9720218041666666 0.08151779151548058 0.049156185251518214 0.035699253125 0.05711880833333333 0.12591366473451945 0.9799844272484817
0 0.21231661875000007 0.9750280583333335 0.12914636573761631 0.18869110551886645 0.104091509375 0.19340227499999998 0.18726176238738373 0.979739227814467
0 0.24313071250000004 0.9670113833333333 0.16919255341735331 0.2497609572735085 0.1431728 0.25452942083333335 0.21711095908264672 0.9717798468931581
0 0.27770262187499994 0.9750280583333334 0.21194138717632885 0.21209695536185086 0.17699314687499998 0.21745230000000002 0.24275438157367116 0.9803834029714825
0 0.31227453125000004 0.9760301416666667 0.2528803365204209 0.2151829911969836 0.22208694062499998 0.21945647083333333 0.28148113535457914 0.9803036213030164
0 0.34985269374999994 0.9740259749999999 0.2985884057395904 0.14877143608402218 0.25741041249999996 0.15331890416666663 0.3086747005104095 0.9785734430826445
0 0.390437109375 0.9750280583333333 0.3505290396081287 0.15176726529768214 0.309268278125 0.15532307083333338 0.34917634789187135 0.9785838638689844
0 0.4159902593750001 0.9770322291666668 0.37607336338337105 0.07827445993647747 0.352107384375 0.08016674583333334 0.39202428036662906 0.9789245150635227
0 0.446804353125 0.9890572375000001 0.41137946597579206 0.0785622407710769 0.38818241875000004 0.08016674583333334 0.423607305899208 0.9906617425622565
0 0.722628065625 0.9770322291666665 0.5166997343749999 0.17736892916666666 0.4643090293340178 0.20135398045757408 0.6702373605840178 1.0010172804575739
0 0.7790649950411137 0.9793388020458472 0.5783279218749998 0.10822510833333335 0.5304754478872569 0.1278286534225714 0.7312125210533708 0.9989423471350852
0 0.8333634500385532 0.9792648248981908 0.653484246875 0.11323552916666672 0.6070383425799377 0.13038589023743163 0.7869175457434909 0.9964151859689555
0 0.8898295777537978 0.9839469932427664 0.7534421593750003 0.2555315041666667 0.7056953589381535 0.27142490675251196 0.842082777316951 0.9998403958286116
0 0.9357182414775984 0.9684682390049483 0.8270953593750002 0.2625460958333333 0.7799945166041988 0.2754306877503569 0.888617398706797 0.9813528309219718
0 0.9736501937500002 0.9800384791666665 0.8797047875000003 0.30262947083333336 0.8554297004859303 0.30861445284760974 0.9493751067359302 0.986023461180943
0 1.0069293438793232 0.9882556099720269 0.927053271875 0.30563572083333335 0.8966748844582458 0.3119551805744072 0.976550956462569 0.9945750697131006