0 0.06953130232426422 0.907892664998692 0.022533913712293355 0.031717894408514635 -0.017732583767972262 0.03387776056038783 0.029264804843998588 0.9100525311505653
0 0.12938125 0.9021531250000002 0.09335192291940057 0.03414254711714421 0.020445312500000003 0.03716875 0.05647463958059944 0.905179327882856
0 0.17257761569049646 0.9056973509625312 0.13413532238955508 0.036531153329533626 0.09175301919905862 0.03840567736700252 0.1301953125 0.907571875
0 0.19776339358737244 0.9034126832761837 0.1619 0.0003140625000000008 0.1390444189126276 0.0012216917238161728 0.1749078125 0.9043203125
0 0.22050722365428754 0.904500292262223 0.19194703732004914 0.003620108255676174 0.1594609375 0.00465 0.1880211238342384 0.9055301840065468
0 0.26189375000000004 0.8989015625000001 0.23070322391698558 0.07809425903615139 0.1942966002208379 0.07947770401915429 0.22548712630385234 0.9002850074830029
0 0.2977283713064933 0.8990987201237395 0.27550621873391357 0.0815503460478268 0.233440625 0.08269375000000001 0.25566277757257977 0.9002421240759126
0 0.32453818989817207 0.8984277010164539 0.31060489440241923 0.08429161908248509 0.27733906250000007 0.08486093750000001 0.2912723579957529 0.8989970194339689
0 0.35457031250000004 0.89348125 0.3414828187768796 0.09408612889258164 0.3090453125 0.09461718749999999 0.3221328062231204 0.8940123086074184
0 0.39360992623199953 0.8943569993601089 0.3886680924508067 0.046625145147116034 0.33749843749999997 0.0469234375 0.3424402712811928 0.8946552917129929
0 0.42367187500000003 0.8869781250000001 0.4179571710413096 0.053166414041059304 0.379771875 0.05342812500000001 0.38548657895869054 0.8872398359589407
0 0.4480609375000001 0.8891453125 0.43908541443565297 0.20166164231344955 0.4122901506333819 0.20201147099840916 0.42126567369772905 0.8894951411849595
0 0.4667578125000002 0.20192656250000005 0.4431881327319481 0.20187020733736868 0.44155006128414137 0.8869683892833328 0.46511974105219345 0.8870247444459641
0 0.4992819097701795 0.8857103797499454 0.4952097922302916 0.19956639925488284 0.46269375 0.19975937500000002 0.4667658675398879 0.8859033554950626
0 0.5359239224286385 0.06580528497284663 0.500903125 0.06535000000000006 0.49026556895376316 0.8835972904867724 0.5252863663824018 0.8840525754596189
0 0.5691906250000002 0.06751875000000007 0.5310428527877946 0.06672506259591976 0.5139709777877945 0.8872672500959198 0.5521187500000001 0.8880609375
0 0.5976437500000001 0.06318281250000007 0.567725019140056 0.06259385130070119 0.551465644140056 0.8885563513007011 0.5813843750000001 0.8891453125
0 0.6253714651671818 0.18541455465269047 0.591953125 0.18458437500000008 0.5747496900056912 0.8770974242185472 0.6081680301728729 0.8779276038712377
0 0.670809375 0.10979218750000005 0.6432452759561125 0.10879805881701135 0.6156062134561124 0.8751433713170111 0.6431703125 0.8761374999999999
0 0.7068277775952613 0.17734107488509385 0.66511875 0.17591250000000008 0.6410645023854317 0.8782062950315688 0.682773529980693 0.8796348699166625
0 0.7562188665372261 0.09134788868028433 0.7073937500000002 0.08919687500000009 0.6729430765554195 0.871180811752691 0.7217681930926455 0.8733318254329753
0 0.8116653790847461 0.08129733483964663 0.7626734374999999 0.0783578125000001 0.7147115506264193 0.8777210043739594 0.7637034922111655 0.8806605267136058
0 0.8512859374999999 0.0826937500000001 0.8080944424381038 0.08015041531176785 0.7617553799381038 0.8670910403117678 0.8049468750000001 0.8696343750000001
0 0.8951859375000003 0.08269375000000014 0.8516406231125959 0.08006652511527283 0.804146074110666 0.8672717164179946 0.8476913884980704 0.8698989413027218
0 0.9423375 0.08919687500000012 0.8979383634125458 0.08596984079780627 0.841364508058453 0.8643409933060828 0.8857636446459072 0.8675680275082767
0 0.9923093969803656 0.1279794732488828 0.9431499999999999 0.1238828125000001 0.8821664790619181 0.855677144230604 0.9313258760422837 0.8597738049794869
0 1.0446236918978675 0.12841624526646825 0.99924375 0.1238828125000001 0.9268661751966911 0.848386805054316 0.9722461170945588 0.8529202378207842