0 0.134154040625 0.9970739124999999 0.07192076582701237 0.10152192131643302 0.017661737499999997 0.1082251083333333 0.07989501229798762 1.0037770995169002
0 0.197285353125 0.9960718291666667 0.14926848672046078 0.1038219012727749 0.07854653837112871 0.11058801016391 0.1265634047756679 1.0028379380578019
0 0.23786976875 0.9970739125000001 0.20249574026115943 0.11498109497375643 0.1567009375 0.11824595000000002 0.19207496598884058 1.0003387675262436
0 0.273193240625 0.9970739125 0.23710825816254727 0.0027321290779339182 0.20179473437499995 0.005010420833333336 0.23787971683745268 0.9993522042553995
0 0.3174208363503608 0.9967164656072005 0.28588149051262085 0.07156328273017867 0.24313071250000004 0.07415424166666668 0.27467005833774 0.9993074245436886
0 0.36262926874999996 0.9960718291666666 0.3520322968312664 0.12611080288987883 0.29874639374999995 0.1272647125 0.3093433656687335 0.9972257387767878
0 0.41373556874999995 0.9990780833333333 0.4016996133346734 0.004105547965326739 0.359623015625 0.0050104208333333344 0.3716589710403265 0.9999829562013398
0 0.44905904375 0.9970739125 0.4437909451356008 0.0036612180865229797 0.40697149999999993 0.004008337500000001 0.4122395986143991 0.9974210319134771
0 0.48739318814060556 0.004103689536371811 0.452065296875 0.004008337500000074 0.4505577493593946 0.9969785604636283 0.4858856406250001 0.9970739125000001
0 0.5302278750000002 0.006012504166666756 0.49493278629553095 0.00534566026119167 0.4844050146246442 0.9959586576185769 0.5197001033291134 0.9966255015240522
0 0.5903529343750001 0.007014591666666769 0.5400578796209727 0.0047045182761741335 0.5144075813508634 0.9975219653652978 0.5647026361048907 0.9998320387557905
0 0.6579936281250002 0.009018758333333462 0.6010210269557416 0.0051705583400578625 0.5633158941758074 0.997569657790353 0.6202884953450661 1.0014178577836286
0 0.7293921343750001 0.16033349166666683 0.6657037017569997 0.15390340962069385 0.6178246669064631 0.9969797603916868 0.6815130995244635 1.0034098424376596
0 0.7587031031250002 0.005010420833333473 0.7452502779997962 0.003668312211815013 0.6894558071581297 0.9979157188199103 0.7029086322833338 0.9992578274414287
0 0.8383688062500001 0.004008337500000151 0.7647320150825985 -0.006018377450336487 0.6880687521660891 0.994905292220547 0.7617055433334905 1.0049320071708836
0 0.8894751093750001 0.004008337500000137 0.8425974057714696 -0.0018113649903751898 0.772982803125 0.9950697458333336 0.8198605067285307 1.000889448323709
0 0.9465939156250002 0.006012504166666884 0.896684792935923 -0.001955726926967986 0.8072830876793715 0.993544333546089 0.8571922103684487 1.0015125646397238
0 1.0590622030543728 0.016992457164968874 0.9567934016836841 -0.009335395084500616 0.8129391579705377 0.9840731358239708 0.9152079593412266 1.0104009880734404