0 0.12548505879612892 0.9426704310111237 0.05128311402144818 0.28199831749533794 0.015345077100319252 0.28917396565088066 0.089547021875 0.9498460791666665
0 0.166777771875 0.9498460791666666 0.09290020405999885 0.25047179239537926 0.04996680436558796 0.25853440291883967 0.12384437218058912 0.957908689690127
0 0.19929598125000006 0.9444263791666666 0.14192950009061645 0.2516578372580337 0.09686361875 0.25829214166666664 0.1542300999093836 0.9510606835752995
0 0.23506601250000006 0.9433424375 0.18303687500000002 0.2517885 0.143114497233711 0.25712817028808094 0.19514363473371105 0.9486821077880809
0 0.275713775 0.9455103208333333 0.240427042769989 0.2474347920549036 0.191979384375 0.2517885 0.227266116605011 0.9498640287784298
0 0.31067085 0.9411745583333333 0.2853099917461874 0.2528863085874959 0.23587896874999997 0.2561242625 0.2612398270038126 0.9444125122458373
0 0.3513186125 0.9346709166666667 0.33180227072693935 0.2526831555301967 0.2854692375 0.25504032083333333 0.3049855792730607 0.9370280819698033
0 0.38302386875 0.9335869750000001 0.3731439072858397 0.24308740521298886 0.329368821875 0.24420092083333333 0.3392487833391603 0.9347004906203444
0 0.42123276562499995 0.9455103208333333 0.40822548125 0.24853667916666664 0.3675624383919548 0.24988578999640285 0.3805697227669548 0.9468594316630694
0 0.4545639312499999 0.9411745583333332 0.44312795395555293 0.24412460223728966 0.40334775 0.24528485833333333 0.41478372729444696 0.9423348144293767
0 0.4968376031250001 0.2712994291666668 0.44808737834112555 0.2702160936837771 0.43971899564927935 0.939688467556881 0.4884692204331539 0.9407718030397707
0 0.5473235117791918 0.2718685387261334 0.49277282812499995 0.2702154875 0.48130877259580823 0.9427733279405331 0.5358594562500001 0.9444263791666665
0 0.5846530184605208 0.27778224044853334 0.5366592901596593 0.27652750253255026 0.5268875810741386 0.9410037620840171 0.574881309375 0.9422585000000001
0 0.635039996875 0.2788870083333334 0.5871233914535423 0.27551334186744914 0.5611088227035423 0.9323811877007824 0.6090254281249999 0.9357548541666667
0 0.6862561781250001 0.27888700833333346 0.6425493408655081 0.2755212452337585 0.6137843913727279 0.9395806399558457 0.6574912286322199 0.9429464030554207
0 0.726903940625 0.2712994291666668 0.6838173125 0.2680476083333334 0.6553436860462746 0.9387597305626026 0.6984303141712747 0.942011551395936
0 0.7626739718750002 0.2658797250000002 0.7248749970692541 0.261604474052108 0.6821473952541004 0.9331947509814266 0.7199463700598464 0.9374700019293187
0 0.8147031093750001 0.2658797250000002 0.7753185755623972 0.25969677661749196 0.7159728411873971 0.931739789117492 0.7553573750000001 0.9379227375000002
0 0.8447824531250003 0.26154396666666685 0.812511098822678 0.2563472912788255 0.7511303968694267 0.9339902438628448 0.783401751171749 0.9391869192506862
0 0.9008763656250001 0.23552939583333352 0.8518048629635686 0.22578042352692534 0.7725268070990245 0.935196432987702 0.821598309760456 0.9449454052941102
0 0.9366463968750003 0.23769727916666686 0.8977290983631058 0.23074045395997722 0.8275823852452204 0.9283563904584974 0.8664996837571148 0.9353132156651871
0 1.0185924579308543 0.12078176868612715 0.935603075561529 0.11124211811351724 0.8829913500000002 0.924915454166667 0.9659807323693255 0.9344551047392768