0 0.07084905000000005 0.8967330041666668 0.052112826793040704 0.004997441773797203 0.00014724751571798094 0.006938502895462191 0.018883470722677327 0.8986740652883317
0 0.11881340937500003 0.8989008833333334 0.11068385937500007 0.004650104166666665 0.052942955883347576 0.005583290194402129 0.06107250588334752 0.8998340693610688
0 0.17002959062500006 0.01006980416666669 0.11312272500000001 0.010069804166666686 0.11312272500000005 0.8978169458333334 0.1700295906250001 0.8978169458333334
0 0.22856236875000002 0.8956490625 0.222058728125 0.1553178125 0.16192733467576642 0.1562569067789144 0.16843097530076645 0.8965881567789143
0 0.27654399489974624 0.8993570785994524 0.2708257856291424 0.030189378324927383 0.21715347510439614 0.030817124725475136 0.222871684375 0.8999848250000001
0 0.32530404687500003 0.021993150000000048 0.268397178125 0.02199315000000004 0.2683971781250001 0.9064884666666667 0.3253040468750001 0.9064884666666667
0 0.3570093000000001 0.8978169458333335 0.3464302302313993 0.1382940198503866 0.31475100096839437 0.13907845794113236 0.32533007073699516 0.8986013839240792
0 0.3830810920534257 0.8924548351391729 0.37001658437499996 0.136890825 0.3366281954465743 0.1379171731941605 0.34969270312499995 0.8934811833333334
0 0.4107351633382545 0.894876272076349 0.39925539136333793 0.141584454425653 0.37073114052508344 0.14235724484930395 0.3822109125 0.8956490625
0 0.44155664687500007 0.8934811833333335 0.42692345312500013 0.1466462875 0.3912202661831671 0.14788993980132212 0.405853459933167 0.8947248356346554
0 0.46757654537510696 0.899192660997013 0.45371817446639434 0.1405148609137831 0.42932418534128736 0.14130702491677008 0.44318255625 0.899984825
0 0.5082578791505075 0.8948544715024406 0.4992432427513257 0.07424953615018585 0.45537688750000005 0.07510622500000001 0.4643915238991818 0.8957111603522547
0 0.5496796968750001 0.8923972416666667 0.5325798352952898 0.07486110607203057 0.49361096290938933 0.07631014799136975 0.5107108244890995 0.8938462835860058
0 0.5862806911981197 0.8989560750299037 0.573255396875 0.075106225 0.5317617081090918 0.07627249471115241 0.5447870024322115 0.9001223447410561
0 0.6261651258178758 0.8951062566102863 0.6056862488215488 0.07485896444212559 0.569035626128673 0.0764857119985059 0.589514503125 0.8967330041666666
0 0.65942865625 0.8978169458333334 0.6480472812500001 0.07944198749999999 0.6114919377966886 0.08034578418278376 0.6228733127966886 0.8987207425161171
0 0.7033602877214123 0.894061604021747 0.6877494046005761 0.08339119206017372 0.6413789075041637 0.08497865053842664 0.656989790625 0.8956490624999999
0 0.739911225 0.8913133000000001 0.7258264279969778 0.0837859491421433 0.6908693529969778 0.08486989080881005 0.70495415 0.8923972416666668
0 0.7781603805787951 0.8927894525498632 0.7584524567172605 0.17016553974829648 0.7218292105134655 0.17194121219843325 0.741537134375 0.894565125
0 0.8073865125000002 0.8902293625 0.7992569593750001 0.17808055833333333 0.7666844273444333 0.17874159403700512 0.7748139804694333 0.8908903982036718
0 0.8513232098631234 0.8881841947554203 0.839852542605743 0.1802800515162888 0.803321734375 0.18133237916666667 0.8147924016323802 0.8892365224057983
0 0.9090059187499999 0.8869775416666668 0.8992223449263463 0.06624435548674544 0.8390917656249999 0.06751864583333335 0.8488753394486535 0.8882518320132546
0 0.9407192362982014 0.8911050770404169 0.937459353125 0.09895291249999998 0.9057372092950609 0.09918499020766637 0.9089970924682623 0.8913371547480832
0 0.9724230958597545 0.8934319010148201 0.9716022965753408 0.0988991654880728 0.9423370843750002 0.09895291249999998 0.9431578836594138 0.8934856480267472
0 0.999747984375 0.03360215000000017 0.9748558824964648 0.03353402936052584 0.973530469973235 0.8945503756262039 0.9984225718517701 0.8946184962656782