0 0.18033664633030227 0.8909825612582785 0.15352684504788486 0.37361063939633016 0.1069046875 0.3760265625 0.13371448878241743 0.8933984843619482
0 0.2298265625 0.8844078124999999 0.20311766407673643 0.3729405544725293 0.1580546875 0.37529375 0.18476358592326356 0.8867610080274707
0 0.2668887190627306 0.8850062685655079 0.24533862794841044 0.37370434706538797 0.20762812499999997 0.37529375000000004 0.2291782161143201 0.88659567150012
0 0.2845796875 0.8893406249999998 0.26312343749999995 0.37430781249999995 0.24535382847191203 0.375048093826656 0.26681007847191207 0.8900809063266559
0 0.3331406250000001 0.92615625 0.306778125 0.27860312500000006 0.25826997687727704 0.2805779375760112 0.2846324768772771 0.928131062576011
0 0.3792906250000001 0.9258468750000001 0.3630047328985576 0.27829429287933166 0.31686562500000004 0.2794546875 0.33315151710144253 0.9270072696206684
0 0.4340935950425246 0.8926518802639978 0.42587979166269835 0.3470008325097865 0.38150937500000004 0.34766875 0.3897231783798263 0.8933197977542113
0 0.4769852032046682 0.8909010151179493 0.47147056720265323 0.3472290822316926 0.4281250000000001 0.34766875 0.43363963600201505 0.8913406828862567
0 0.5198776268283076 0.8922458149592847 0.519134290313691 0.349580363099835 0.47400000000000003 0.34964218750000003 0.47474333651461664 0.8923076393594496
0 0.5479931827721123 0.29359352722255755 0.52194375 0.2935609375 0.5211996202855985 0.8883544934997107 0.5472490530577108 0.8883870832222683
0 0.5805484375000001 0.2963625000000001 0.5509545306130936 0.29606612513176034 0.5450135704894582 0.8892885591455467 0.5746074773763648 0.8895849340137865
0 0.6138453125000001 0.29142968750000003 0.5834928552656715 0.2911301363873875 0.5775725427656715 0.8910145113873875 0.607925 0.8913140625
0 0.6449665228289516 0.2907815631719158 0.6168185636696674 0.29043319297096043 0.6093739158407161 0.8919531922990448 0.6375218750000002 0.8923015625000001
0 0.6969109375000002 0.3163468750000001 0.6501194235360439 0.31572888658798515 0.642525673536044 0.8906960740879851 0.6893171875000002 0.8913140625
0 0.7492500000000002 0.3151093750000001 0.700439007782581 0.31442575758356317 0.6922769760524027 0.8972032844297336 0.7410879682698219 0.8978869018461706
0 0.8417406250000001 0.2707093750000001 0.7663718823172939 0.2687386342023466 0.7495831644062779 0.9108040756416947 0.8249519070889841 0.9127748164393482
0 0.9239609375000004 0.31851718750000013 0.8411957317298464 0.31555649938874536 0.8200536603022032 0.9065771764618828 0.9028188660723572 0.9095378645731376