0 0.09367775788395048 0.7941514373009918 0.07394399470110594 0.3376994045603808 0.033534986817155436 0.33944640475938903 0.05326875 0.7958984375
0 0.13517396406242316 0.79562730300315 0.11847591824032917 0.3362029967462495 0.0765140625 0.337728125 0.09321210832209399 0.7971524312569004
0 0.17556258945271885 0.7965959573696891 0.15944374999999997 0.33772812500000005 0.11791551031164642 0.33918690458983036 0.13403434976436532 0.7980547369595195
0 0.21512026363008202 0.7962231795185809 0.19958652820771466 0.3363001883892373 0.16099595207763262 0.33760357137065655 0.17652968749999995 0.7975265625000001
0 0.2541264698964397 0.7962477011578619 0.2435926702202802 0.3376045718025831 0.20276875 0.33854218750000004 0.2133025496761595 0.7971853168552789
0 0.29189191904591494 0.7952640871876793 0.2833140625 0.3409828125 0.2467453433773227 0.3416733125143751 0.2553231999232376 0.7959545872020544
0 0.32974821447269653 0.7965117624838856 0.3229587288231489 0.3404941255444641 0.2857435408812671 0.3410482093430041 0.29253302653081464 0.7970658462824255
0 0.3681373166488525 0.7938745803552392 0.3632473005847455 0.3414025209637631 0.326630296435893 0.341798253108524 0.3315203125 0.7942703125
0 0.40480296618972034 0.7941913403257926 0.4029703124999999 0.34098281250000007 0.36636499476226225 0.34113083458364724 0.36819764845198266 0.7943393624094399
0 0.4457099644370566 0.7973677598190554 0.44323667028921515 0.3407783548245159 0.4054921875 0.3409828125 0.4079654816478414 0.7975722174945394
0 0.4822953125000001 0.3393562500000001 0.4469046875000001 0.3393562500000001 0.4469046875000002 0.7918296875 0.48229531250000013 0.7918296875
0 0.5244000000000001 0.3417968750000001 0.4872836146123256 0.3416458429444404 0.48544514353818424 0.7934532467373534 0.5225615289258587 0.7936042787929132
0 0.5677456467666216 0.340581839468213 0.5300046875 0.3401687500000001 0.5250360475438736 0.7941169927521472 0.5627770068104953 0.7945300822203601
0 0.6079968750000002 0.34423906250000014 0.5713714088151367 0.3437863556388492 0.565824463346002 0.7925523919930944 0.6024499295308655 0.7930050988542454
0 0.6525774342426857 0.34131595926812464 0.6172114465942408 0.3403533671289019 0.604844137057506 0.7947328478026482 0.6402101247059508 0.795695439941871
0 0.6891531250000001 0.3401687500000001 0.6568587576934644 0.33951428919497945 0.6476166988464336 0.7955636672248954 0.6799110661529693 0.796218128029916
0 0.7330875000000001 0.3409828125000002 0.6984711853876939 0.33985438084592523 0.6836883651885793 0.7933393154645128 0.7183046798008856 0.7944677471185877
0 0.7739718750000001 0.3417968750000001 0.741236740755477 0.34050728150277065 0.7233936921664748 0.7934365124173131 0.7561288264109979 0.7947261059145425
0 0.8142490085744308 0.3400843359425584 0.779028125 0.3385421875000001 0.7594260935166699 0.7862298741350037 0.7946469770911008 0.787772022577562
0 0.8563484375 0.3393562500000001 0.8209784851877491 0.33733837884234597 0.7953281249999999 0.7869468750000002 0.830698077312251 0.7889647461576541
0 0.8941812499999999 0.3377281250000001 0.8576296985089005 0.33577402006079093 0.8336107235632912 0.7850491750804418 0.8701622750543907 0.7870032800196509
0 0.9413562803104385 0.33814523103845096 0.906136593711022 0.3359962531087231 0.8784612605704029 0.7895684123493226 0.9136809471698195 0.7917173902790505