0 0.1666614159973277 0.8143099591415639 0.12826592513226778 0.16419793101116226 0.07180517715006693 0.1675324918861846 0.11020066801512685 0.8176445200165864
0 0.22752488633451545 0.8190575140617342 0.19449162820688637 0.16813516429377187 0.1361793056805827 0.17109442049801743 0.16921256380821176 0.8220167702659797
0 0.30368125 0.8148875 0.2946993208469773 0.20606263749648215 0.21432187500000005 0.20724843750000005 0.22330380415302278 0.816073300003518
0 0.34192187500000004 0.8279078125000001 0.33214802001355265 0.23703769102934874 0.29635937500000004 0.2376296875 0.3061332299864474 0.8284998089706515
0 0.35737968750000004 0.85395 0.34270551571891417 0.17661947560042351 0.33050655392133793 0.17688376261321864 0.34518072570242386 0.8542142870127952
0 0.4387390625 0.84526875 0.4093641493396767 0.12811186102815814 0.35819375000000003 0.13020781250000002 0.38756866316032335 0.8473647014718418
0 0.48847213667247635 0.8501800457730008 0.4614546922234407 0.13389465288581975 0.41533125000000004 0.13563437500000003 0.4423486944490357 0.851919767887181
0 0.5511718628633702 0.8581473998124902 0.5152187500000001 0.13454843749999998 0.4664524050573896 0.13697146737562677 0.5024055179207598 0.8605704296881169
0 0.610709854285213 0.8645878299706817 0.5762375 0.14214375 0.5175341724660277 0.14494485524894068 0.5520065267512406 0.8673889352196223
0 0.652194350676955 0.8460117356592601 0.6152153140913026 0.20050881668010329 0.5774111011220487 0.2026745131214031 0.614390137707701 0.8481774321005598
0 0.7284765625 0.8875874999999999 0.7081375000000001 0.23545937499999997 0.6232998221971608 0.23810535631109095 0.6436388846971608 0.890233481311091
0 0.7863639370615436 0.9069266838067721 0.7691562500000001 0.1671 0.7228220651793051 0.16817769045115233 0.7400297522408488 0.9080043742579245
0 0.8457545751812703 0.9056138917126338 0.8341973811317521 0.2065193821921789 0.7748934778555572 0.2074997742689626 0.7864506719050752 0.9065942837894175
0 0.87980625 0.1529953125000001 0.8482974897067626 0.15279047982287453 0.8434162397067626 0.9036576673228744 0.874925 0.9038625
0 0.9147906250000004 0.15190937500000012 0.8830882205037298 0.15156537033987544 0.8749522830037296 0.9013481828398756 0.9066546875000002 0.9016921875000004
0 0.9570984375000003 0.15625000000000017 0.9223726072970602 0.15545637581035238 0.9052866697970599 0.9030688758103522 0.9400125000000001 0.9038625000000001