0 0.10933756387142231 0.9252275073084346 0.017988189846440367 0.1150455529894928 -0.016166410141802603 0.1218917546356346 0.07518296388317934 0.9320737089545763
0 0.13425955937500003 0.9249154541666669 0.05847338293941449 0.21975087375041502 0.026949465625000002 0.2257739333333334 0.10273564206058554 0.9309385137495851
0 0.16027412812500005 0.9249154541666668 0.0907108363205562 0.22000742970939666 0.057841765625 0.22577393333333334 0.12740505742944386 0.9306819577906034
0 0.20010893749999997 0.9292512124999999 0.12243737103703196 0.10293476908637841 0.074913828125 0.11087625833333332 0.152585394587968 0.9371927017469548
0 0.23377907985753676 0.9222638563482088 0.161652388995647 0.10264236660802133 0.12287818750000001 0.10870837500000001 0.1950048783618898 0.9283298647401874
0 0.24644738437500005 0.9227475708333335 0.1791720056682433 0.103409999736627 0.16515185937500004 0.10545655416666667 0.23242723808175675 0.9247941252633731
0 0.25871059087868664 0.9224868565786729 0.190353471875 0.10545655416666667 0.1740254903713133 0.10788515175466037 0.24238260937499995 0.9249154541666668
0 0.28583668440494153 0.9219683651037944 0.23854305918623023 0.18518347412185596 0.20321853728128864 0.18921450068472812 0.2505121625 0.9259993916666666
0 0.3188004031250001 0.9140760500000001 0.2764352464599031 0.19278207524970767 0.24075670000000002 0.19650754583333332 0.283121856665097 0.9178015205836257
0 0.344814971875 0.9162439291666666 0.31434866474271805 0.18395465902064972 0.27652673125000005 0.18675208333333335 0.306993038382282 0.9190413534793502
0 0.38884283745982373 0.9200857867782872 0.36739451291336944 0.27773599113332864 0.31148380625 0.2810548916666667 0.33293213079645423 0.9234046873116253
0 0.42368733718663376 0.9221311159286393 0.396024066364267 0.09874197714625374 0.35619634375000003 0.10112079583333333 0.38385961457236684 0.9245099346157188
0 0.46029801137552157 0.9132714182811105 0.4341999459778294 0.09335721950466584 0.39277933125000003 0.09570109166666668 0.4188773966476921 0.9156152904431113
0 0.48954010972895035 0.9141972194366267 0.47651372187499996 0.09244927083333335 0.4333604583352357 0.09366539101333235 0.44638684618918606 0.9154133396166256
0 0.5244780812500001 0.9140760500000001 0.5146874564665401 0.09057567359877211 0.4741143245351095 0.09143322983859134 0.4839049493185694 0.9149336062398193
0 0.55049265 0.0978689750000001 0.51634853125 0.0978689750000001 0.51634853125 0.9097402875 0.55049265 0.9097402875
0 0.6082390966934418 0.12844038675440267 0.5545574281250001 0.12713536250000013 0.5438411041223152 0.9108008702137959 0.5975227726907569 0.9121058944681983
0 0.6431695500000002 0.0978689750000001 0.6091217248160893 0.0965841514769346 0.5919579233237678 0.9051899539576667 0.6260057485076788 0.9064747774807321
0 0.6797525375000002 0.09461715416666679 0.6449226668499252 0.09269250893058141 0.6196722667364403 0.9050494769818166 0.6545021373865152 0.906974122217902
0 0.7090189250000003 0.2095148291666668 0.6757341248205513 0.2072300692243936 0.6489066029455512 0.902035827557727 0.6821914031250003 0.9043205875000003
0 0.738624070963336 0.19999521517355648 0.7049541500000001 0.19759148333333343 0.676500618116569 0.9061402332297493 0.710170539079905 0.9085439650699725
0 0.7691776156250002 0.1813323791666668 0.7343009598579096 0.17849254948112178 0.701528642585643 0.8940214241019485 0.7364052983527337 0.8968612537874936
0 0.7992569593750002 0.1813323791666668 0.7727088140985041 0.1789796734372966 0.7369387828485041 0.8965481776039632 0.7634869281250001 0.8989008833333335
0 0.8350269906250001 0.19759148333333348 0.7988141850828365 0.19441790403134368 0.7642998843750001 0.8945651250000001 0.8005126899171635 0.8977387043019899
0 0.8676014580179275 0.19648027842262708 0.8317751687499999 0.19325572500000016 0.7963559363652546 0.8928542250780235 0.8321822256331821 0.8960787785006503
0 0.9025022750000001 0.19325572500000018 0.8648941971561663 0.1896628453825954 0.8274480678349996 0.8864864874123889 0.8650561456788333 0.8900793670297936
0 0.9504666374999999 0.08919745000000016 0.9119268105720113 0.08522319371628037 0.8653950073609312 0.8874205869737976 0.9039348342889199 0.8913948432575173
0 0.9959921312500001 0.0881135083333335 0.951669148091454 0.08257313545780613 0.8952848382162804 0.8844833231413206 0.9396078213748265 0.890023696016848