0 0.33803390734711036 0.20029419858980427 0.290277034375 0.19780777916666673 0.27207374191783174 0.8193761579716093 0.319830614889942 0.8218625773947469
0 0.3820271281250002 0.20570101250000009 0.3307009525466474 0.20387660421790887 0.3183940218750001 0.8193993375000002 0.36972019745335294 0.8212237457820915
0 0.4282419288819092 0.19702108638615892 0.38981900168835465 0.19511903599759928 0.3724081687500001 0.8203859541666668 0.41083109594355466 0.8222880045552264
0 0.4641583125000001 0.19780777916666678 0.4261161019421514 0.1964795715162059 0.41384373125000007 0.8213726375000001 0.4518859418078488 0.822700845150461
0 0.49754125926686177 0.26180307690286486 0.46576036086469175 0.26079284021394744 0.45601918750000003 0.8055861666666667 0.48780008590217 0.8065964033555841
0 0.5322703966619718 0.26055848304743867 0.5011543656250002 0.25898027916666677 0.48557658771302836 0.8049946461192283 0.51669261875 0.8065728500000001
0 0.5714467093750001 0.19287451250000012 0.53120172193038 0.19121679559714583 0.51669157505538 0.8174710830971458 0.5569365625 0.8191288
0 0.60820609375 0.20172428750000013 0.5711961741399434 0.2004903985137339 0.5595941522649435 0.8191520651804005 0.5966040718750001 0.8203859541666667
0 0.6461946071738952 0.20185959588333063 0.6084681167153636 0.20064993615881646 0.5973350720414684 0.8179191402754857 0.6350615625 0.8191287999999999
0 0.6857655593828114 0.20519644580046967 0.6561828664992956 0.20370986929290058 0.638779478125 0.8193993375 0.6683621710085158 0.8208859140075692
0 0.7127715875 0.20471434583333345 0.6849181034253213 0.20349950099321898 0.6698561875000001 0.8174260375000003 0.6977096715746788 0.8186408823401147
0 0.7441122891689887 0.20492839807005395 0.7159528179522375 0.2037051798918643 0.7008903631582488 0.8201494193218105 0.729049834375 0.8213726375000001
0 0.7779027406238537 0.2049597008035315 0.7463407146188424 0.20357763928528314 0.7312664646199887 0.8155766009817516 0.762828490625 0.8169586624999999
0 0.8051691387605688 0.20252032372609058 0.7755869735646119 0.20164227665577936 0.765305896875 0.8174260375000003 0.7948880620709569 0.8183040845703115
0 0.8193200937500003 0.31521952500000017 0.8043411089765626 0.3150716240810311 0.8015604433515626 0.8157256907476979 0.8165394281250002 0.815873591666667