0 0.31023745468786973 0.3087617964768644 0.28258898539624555 0.30813895812731534 0.2711734375000001 0.8148875 0.2988219067916243 0.8155103383495492
0 0.34115275642119414 0.30647138301887195 0.31187110847723004 0.3059586813566789 0.3029031250000001 0.8181421875 0.3321847729439642 0.818654889162193
0 0.3647375000000001 0.308159375 0.342760052143437 0.30787885682147553 0.33622085960011644 0.8201977514498623 0.3581983074566795 0.820478269628387
0 0.3867099021484334 0.3103375882436326 0.3639344379195751 0.31022741942225035 0.36147796708639734 0.8180595164557932 0.3842534313152557 0.8181696852771756
0 0.41438957070555915 0.8189597586112131 0.4086563185599516 0.33179376292013013 0.3858526853543925 0.3320621293089171 0.39158593750000004 0.8192281250000001
0 0.4404015625000001 0.8181421875 0.429825 0.3309468750000001 0.40868183943746256 0.3314058735851665 0.41925840193746267 0.8186011860851664
0 0.47877684963525524 0.8203227463687316 0.4631597062076954 0.32152763436095533 0.4288531690724401 0.3226017629922235 0.4444703124999999 0.8213968749999999
0 0.5201987376119973 0.8242698849505814 0.5021695308243271 0.3236764852073058 0.4680044802926961 0.32490696239949785 0.4860336870803663 0.8255003621427734
0 0.553503446981819 0.8251687242084811 0.541277899807125 0.26533102049397256 0.5152322653253062 0.2658997962854914 0.5274578125 0.8257375
0 0.5804150958937697 0.8272532370054065 0.5664627164267335 0.3401132616422524 0.5436085580329638 0.340767837136846 0.5575609375 0.8279078125000001
0 0.6104453124999999 0.8257375 0.5958 0.34613749999999993 0.5691074378062362 0.3469525978205866 0.5837527503062361 0.8265525978205867
0 0.6503109375 0.8311624999999999 0.6437975381621237 0.27743600218475684 0.6128973814838102 0.2777994759589809 0.6194107808216864 0.831525973774224
0 0.6901781249999999 0.8333328124999998 0.6828212389212156 0.2763300493671853 0.6519381044761557 0.27673795345116187 0.6592949905549401 0.8337407165839764
0 0.7300437499999999 0.83441875 0.7251593773168152 0.3501685335527095 0.6910019306552615 0.3505130614305183 0.6958863033384463 0.8347632778778088
0 0.769096875 0.3504781250000001 0.7335281250000001 0.3504781250000001 0.7335281250000001 0.83441875 0.769096875 0.83441875
0 0.7967593750000002 0.2018234375000001 0.7845430789516477 0.20174657816111963 0.7804743289516476 0.8484481406611197 0.7926906250000001 0.8485250000000001
0 0.8130312500000001 0.2018234375000001 0.7983863109377376 0.201749484995596 0.7951312500000001 0.8463546875000001 0.8097761890622625 0.8464286400044042
0 0.8268625000000001 0.8409281250000001 0.8260484143098978 0.2766761141775508 0.8105906359899331 0.27669841619134905 0.8114047216800353 0.8409504270137983
0 0.8472030920985262 0.8398154686531656 0.8463905955073339 0.2788365722251084 0.8268640659088078 0.2788648535719427 0.8276765625000001 0.83984375
0 0.8797511261001537 0.2811454113593032 0.8539703125000001 0.2810328125000001 0.8515254363998463 0.840815526140697 0.87730625 0.8409281249999999
0 0.9098499999999999 0.8420140625 0.9074089300165438 0.283101240596493 0.8830110618248519 0.2832077990817684 0.885452131808308 0.8421206209852755