0 0.36788975678171926 0.9142087149285858 0.00012187500000002683 0.31682499999999997 -0.038399131781719206 0.34053972257141407 0.32936875 0.9379234375
0 0.4393473647590686 0.9069323502654083 0.088734375 0.29731406250000003 0.0338520130950807 0.32887884554326696 0.3844650028541493 0.9384971333086753
0 0.5110899775115061 0.914874804853062 0.11556093750000003 0.22360625000000006 0.06391314748849396 0.2531580076469382 0.4594421875000001 0.9444265625000001
0 0.5693999594070457 0.9198322902006042 0.1846625 0.21710312500000004 0.1383907851043355 0.2424364438843573 0.5231282445113811 0.9451656090849616
0 0.6190285416304648 0.9342739586440656 0.24561681723966466 0.23614500257648632 0.21447733810919994 0.2528007314324207 0.5878890625000002 0.9509296875000001
0 0.6625696574324571 0.9358373445966961 0.2919734375 0.23986562500000003 0.2636303425675429 0.2549579679033039 0.6342265625 0.9509296875000001
0 0.7072976173018815 0.9254278926229104 0.32042656249999996 0.18241562500000005 0.28226800195014407 0.20228399489498594 0.6691390567520255 0.9452962625178962
0 0.7708212346983283 0.9306693543201157 0.3854346761093924 0.1726062073450293 0.344815625 0.19325625 0.730202183588936 0.9513193969750864
0 0.8150304092778328 0.9276497725148122 0.43505312500000015 0.17699687500000003 0.39976802822216745 0.19485803998518786 0.7797453125 0.9455109374999999
0 0.85955039479081 0.9393187348435875 0.4716359374999999 0.15857031250000003 0.43735741770918973 0.17560157765641263 0.825271875 0.9563500000000001
0 0.8904797332849113 0.9302611285763007 0.5098453125000001 0.1509828125 0.4789799308334365 0.1660588468648614 0.8596143516183476 0.945337162941162
0 0.9344029356092622 0.9357309539040438 0.547240625 0.14989843749999998 0.5185923768907379 0.16401279609595623 0.9057546875000002 0.9498453124999999
0 1.0017594298060601 0.911963475841225 0.6374781250000001 0.15531718749999998 0.58130775769394 0.18235996165877513 0.9455890625000001 0.9390062500000003
0 1.0618205641762444 0.8754945778740021 0.7390984374999998 0.15315000000000004 0.6770263108237554 0.18088198462599805 0.9997484374999999 0.9032265625000001
0 1.032833556671737 0.7187937913877865 0.79925625 0.17049375000000003 0.763227380828263 0.18584214611221334 0.9968046875000001 0.7341421874999999
0 1.0435366233767929 0.6261790294124054 0.8439687499999999 0.16290468750000006 0.799675876623207 0.18198503308759464 0.99924375 0.645259375
0 1.04942485068085 0.5125047131218634 0.9488406250000001 0.286475 0.89916421181915 0.3085812243781366 0.9997484375000001 0.5346109375000001