0 0.05298445412961041 0.9527635944233904 0.02842208686303867 0.05105174879344456 -0.0008647203915717423 0.0524699960367209 0.023697646875 0.9541818416666669
0 0.08230341725744957 0.960546949244734 0.061093587500000004 0.0555953 0.03018066624318867 0.0568833399329565 0.05139049600063823 0.9618349891776906
0 0.10176822596036142 0.9668255738307941 0.09358549644389859 0.08745497220918595 0.053776990625 0.08811350833333333 0.061959720141462823 0.9674841099549415
0 0.13344660625000007 0.9650212458333333 0.11796362677518912 0.09036872858986314 0.0862952 0.09136533333333334 0.10177817947481096 0.9660178505768034
0 0.1619000375 0.9639373041666667 0.15374466648722362 0.09511817558396518 0.11881340937499998 0.09570109166666667 0.12696878038777637 0.9645202202493681
0 0.19279233750000002 0.9726088291666667 0.1805131516458705 0.05685438210031689 0.1423891125 0.05776317916666667 0.15466829835412949 0.9735176262330164
0 0.22043281874999998 0.9704409458333333 0.21229874062662285 0.06267789355131055 0.18059800937499998 0.06318288333333334 0.18873208749837717 0.9709459356153561
0 0.2513534840824283 0.9667817242545751 0.24563164285029143 0.17444261036632824 0.21389802126786311 0.17485001111175308 0.2196198625 0.9671891249999999
0 0.30580930188155103 0.17436775669121937 0.24888624999999998 0.17374479583333333 0.24399233561844902 0.9687340474754473 0.3009153875000001 0.9693570083333334
0 0.3472638151951153 0.17275792377495505 0.294411746875 0.17266085833333336 0.29358881292988476 0.9692599428917117 0.34644088125000005 0.9693570083333333
0 0.39277933125 0.0631828833333334 0.344002015625 0.0631828833333334 0.34400201562500005 0.9606854833333334 0.39277933125000003 0.9606854833333334
0 0.42936605174860604 0.9647277040443533 0.42528070024896597 0.09972300767383917 0.38790160000000007 0.10003685416666669 0.3919869514996401 0.9650415505371809
0 0.46270085814225137 0.9691382569594826 0.45942845075404615 0.10413213357969725 0.42367163124999985 0.10437261666666665 0.4269440386382051 0.969378740046452
0 0.502528290625 0.9758606499999999 0.49102301700791456 0.1003639826799034 0.4569178550722063 0.10116076565039757 0.4684231286892917 0.9766574329704941
0 0.5342335468749999 0.9726088291666666 0.5309807113664121 0.10410197656981338 0.4903339625 0.10437261666666667 0.49358679800858785 0.9728794692635199
0 0.57081653125 0.9736927666666666 0.569190336630176 0.10747249698483459 0.523665128125 0.1076244375 0.5252913227448238 0.973844707181832
0 0.6122772500000001 0.9715248875 0.6098348920879518 0.06622417136254155 0.5610611318635499 0.06645809825715429 0.5635034897755982 0.9717588143946129
0 0.6512991031250002 0.9747767083333332 0.6496731906250001 0.06426682083333332 0.6025143123987371 0.06441653174078413 0.6041402248987372 0.974926419240784
0 0.6797525375000001 0.9823642916666666 0.6789339937589246 0.1801924071139534 0.6480472812500001 0.18024843750000002 0.6488658249910756 0.9824203220527132
0 0.7073989991756245 0.9744197678768162 0.700889371875 0.18350025833333333 0.6764947289493755 0.18385719878985038 0.68300435625 0.9747767083333332
0 0.7691776156250002 0.06860258333333347 0.7025273350640859 0.06838998249735173 0.7009014225640857 0.9745641074973519 0.7675517031250001 0.9747767083333336
0 0.8163338041488186 0.07085604864099641 0.7626739718750001 0.07077046666666681 0.7618562302261817 0.9822787096923372 0.8155160625000002 0.9823642916666668
0 0.8423435874999997 0.10762443750000014 0.8122673314934857 0.10757443535052306 0.8114533236651733 0.9780190717131093 0.8415295796716873 0.9780690738625863
0 0.8683682068010589 0.09822105450574155 0.832588125 0.09786897500000014 0.8276930155811467 0.9822521268509512 0.8634730973822056 0.9826042063566925
0 0.8960147788899437 0.10915632946793283 0.869171109375 0.10870837500000015 0.8610221013501687 0.9768492993428013 0.8878657708651124 0.977297253810734
0 0.9293298000000002 0.10762443750000016 0.8878808958716438 0.10727816439130798 0.8838043062500001 0.9747767083333334 0.9252532103783565 0.9751229814420255
0 0.9488407249999999 0.18891996250000015 0.9236603263498759 0.18834686668828204 0.9138721452318335 0.9529126127753476 0.9390525438819575 0.9534857085870656
0 0.997618040625 0.1769966166666668 0.9529067006671971 0.17691495201903276 0.9520925468750001 0.9693570083333333 0.996803886832803 0.9694386729809673