0 0.11906198659315978 0.24285300514606076 0.05400339687500002 0.23980034583333337 0.035962717881847586 0.9233288951995531 0.10102130760000735 0.9263815545122804
0 0.18678983578437422 0.24423435596441748 0.12334300122535473 0.24297829444933405 0.11575678776130931 0.9242205564143063 0.1792036223203288 0.9254766179293897
0 0.26480866723021795 0.2532933553640277 0.193201325956425 0.2528104578268045 0.1906345749663358 0.9294599651379867 0.2622419162401287 0.9299428626752099
0 0.3240878712664504 0.9216070914192027 0.3175678877999244 0.2900985442657714 0.27932471965847405 0.2908004820132353 0.28584470312500004 0.9223090291666666
0 0.4201324688503153 0.9267872774096549 0.4118849336139916 0.2866198225128412 0.32315878351367633 0.2886519909365196 0.33140631875000004 0.9288194458333334
0 0.5128887079728509 0.926325604030616 0.5022019764611355 0.2937334179147279 0.4191652247382846 0.2962272597174452 0.42985195625 0.9288194458333334
0 0.5601195141740604 0.9336123556332719 0.542942396875 0.23763020833333334 0.5030656033217178 0.23937985311126328 0.5202427206207781 0.9353620004112019
0 0.603250885407821 0.9352911812976603 0.5811205497055677 0.23787611232229763 0.5419656674227465 0.2400849310246373 0.5640960031249999 0.9375
0 0.6373714288034064 0.9382485633127605 0.6177527700753911 0.23834282539054144 0.5885040125000001 0.23980034583333332 0.6081226712280154 0.9397060837555525
0 0.6724178753116721 0.9391769039027723 0.6518896401467434 0.24049620413135658 0.6216733992100714 0.24207450856191762 0.6422016343749999 0.9407552083333334
0 0.7316976656249999 0.9396701375000001 0.7160496654567075 0.24090034583090772 0.6615384467067076 0.2430704874975743 0.677186446875 0.9418402791666666
0 0.7814910361390653 0.9297347788708887 0.755956991618189 0.27941635544337334 0.7086847126277753 0.2827160790737559 0.7342187571486517 0.9330345025012713
0 0.8334943325900624 0.9336292217711285 0.8096201235418949 0.28145465126117497 0.7593364200503537 0.28472707746430553 0.7832106290985213 0.9369016479742591
0 0.8700648514120466 0.9401031635336005 0.8446973964367184 0.24164304742358328 0.8177934512746716 0.24338016305664933 0.84316090625 0.9418402791666666
0 0.9026511988826241 0.9411808734102883 0.8764148147979796 0.242463893294233 0.8502821346653555 0.24420836571727791 0.87651851875 0.9429253458333331
0 0.9506458288726269 0.945208406485677 0.9227942359201762 0.23618231811329757 0.8837632426703704 0.23890799832131088 0.9116148356228212 0.9479340866936904