0 0.19077932325273275 0.8018791878245957 0.12849838822077347 0.17502537240101246 0.0116859375 0.18663125 0.07396687253195927 0.8134850654235832
0 0.2912963460316983 0.795612217848221 0.2487492504396748 0.17666961872324088 0.13538437500000003 0.18446250000000003 0.1779314705920235 0.8034050991249801
0 0.33001932021554176 0.7977587526159089 0.3003626655884896 0.24621775361930992 0.2582671875 0.24848125 0.28792384212705213 0.800022248996599
0 0.3671984375 0.7931859375 0.3450757815682709 0.2435325871273874 0.30302656250000004 0.24522499999999997 0.32514921843172906 0.7948783503726127
0 0.3818741601193819 0.791823111231519 0.3639268742471988 0.31526509273441344 0.35011521323109185 0.3157852431022689 0.368062499103275 0.7923432615993746
0 0.39892968749999996 0.7931859374999999 0.38019873360278655 0.3141984098595854 0.3655757828841158 0.3147702448238525 0.3843067367813292 0.793757772464267
0 0.450265861999917 0.7871211241827898 0.44121941808482823 0.24532157507476243 0.381965625 0.24631093750000005 0.3910120689150888 0.7881104866080274
0 0.5022562500000001 0.24414062500000008 0.44462812500000004 0.24414062500000008 0.4446281250000001 0.785590625 0.5022562500000002 0.785590625
0 0.54781875 0.23220468750000003 0.5072963434010835 0.2317233109594417 0.5007432594944133 0.7833636759737557 0.5412656660933299 0.7838450525143139
0 0.5917531250000001 0.23437500000000008 0.5528954870386145 0.23326997360005425 0.537378345982449 0.7789215972950096 0.5762359839438347 0.7800266236949555
0 0.6218562500000001 0.17578125000000006 0.5968426580555134 0.17486881985512442 0.5747396082269258 0.7808074467691808 0.5997532001714125 0.7817198769140565
0 0.6454590323862299 0.1755507046222847 0.6236656250000001 0.17469687500000006 0.5999467698346512 0.7801041598518702 0.621740177220881 0.7809579894741548
0 0.6763671875000001 0.20507812500000008 0.6472858304228188 0.2035970187596134 0.6179908872499217 0.7787999851209797 0.6470722443271029 0.7802810913613664
0 0.7090000970314183 0.20470515381010618 0.679621875 0.20290781250000006 0.6443881951300213 0.7788156071876169 0.6737664171614395 0.7806129484977229
0 0.7430828125000002 0.18229218750000015 0.716285503850665 0.18045889683062133 0.6754807338163636 0.7769044224846845 0.7022780424656989 0.7787377131540633
0 0.7740000000000002 0.23003437500000015 0.7442809570554899 0.22776596355579243 0.7023164260593122 0.777554099216174 0.7320354690038227 0.7798225106603818
0 0.8032890625 0.2235250000000001 0.7775252468005591 0.22170546541362607 0.7387075056047224 0.771347740711696 0.7644713213041634 0.77316727529807
0 0.8358328125 0.23871562500000007 0.8102506567717105 0.23631296258612622 0.7602552997438982 0.7686345246131375 0.7858374554721876 0.7710371870270113
0 0.8553593750000001 0.2365453125000002 0.8377499513673035 0.23488119522075213 0.7877873486453265 0.7635774885018165 0.8053967722780232 0.7652416057810646
0 0.8984796875000001 0.18229218750000015 0.8762500870065859 0.1797159535113153 0.8083389934953871 0.7657017313775318 0.8305685939888013 0.7682779653662166
0 0.9253281250000001 0.1822921875000001 0.9005977496053005 0.17925351248750257 0.8288432758965684 0.7632301022076196 0.8535736512912679 0.7662687772201171
0 0.9513640625000003 0.18229218750000015 0.9275948307904862 0.17927760475130264 0.8532353289640937 0.7655836961927236 0.8770045606736078 0.7685982789414212
0 0.9782125000000003 0.18120625000000015 0.956102463322952 0.1782116594276091 0.8771206216528006 0.7613602982592365 0.8992306583298488 0.7643548888316276