0 0.1139158324905191 0.8336265289715933 0.058426698217950525 0.16775669018044811 0.010690362499999998 0.1748287375 0.0661794967725686 0.8406985762911453
0 0.21126113091001253 0.8276582203782308 0.16403874103474747 0.15795875104089868 0.0554029 0.1715769166666667 0.10262528987526506 0.8412763860039988
0 0.26031354345607405 0.8293456389023836 0.22029506332900056 0.04422114892407681 0.154583440625 0.0501756 0.1946019207520735 0.8353000899783066
0 0.31310971562500006 0.8338644625 0.26827006687981025 0.044686621184993384 0.213929175 0.050175599999999994 0.25876882374518984 0.8393534413150067
0 0.353757478125 0.8349484041666666 0.31706864550504155 0.0011606629850334485 0.272461953125 0.004650104166666665 0.3091507857449585 0.8384378453482999
0 0.38546273437499995 0.8316965833333332 0.35446410581756554 0.0007158110203488703 0.31148380625 0.003566162499999999 0.3424824348074344 0.8345469348129843
0 0.4318538200146193 0.8298979190119125 0.40416070625 0.0653507625 0.35534021381097325 0.0684945062666777 0.3830333275755926 0.8330416627785902
0 0.490397738872668 0.831402135076121 0.4642928071684838 0.06456978168366062 0.39765706249999994 0.06860258333333331 0.42376199420418426 0.8354349367257937
0 0.522039215625 0.8295287041666667 0.50736787647381 0.1600808935369187 0.4626934843749999 0.16182145416666668 0.4773648235261899 0.8312692647964148
0 0.5611650326123707 0.8279651141613257 0.5431214959792469 0.1587139383700773 0.50090238125 0.16073751249999998 0.5189459178831238 0.8299886882912483
0 0.5895688757510865 0.8259473126182969 0.566712622382167 0.05318826088121255 0.5398307247560804 0.05460176909624897 0.5626869781249999 0.8273608208333333
0 0.6148082595127694 0.8265127508710719 0.599269965625 0.0555953 0.5666878977708556 0.056762785704997105 0.582226191658625 0.8276802365760692
0 0.6472979988431777 0.8244658075948826 0.6382918187500001 0.1607375125 0.604883340115125 0.16154341864482427 0.6138895202083027 0.8252717137397068
0 0.6691841187500001 0.8262768833333333 0.656176834375 0.02416102916666667 0.6308815828054766 0.024890261658551873 0.6438888671804767 0.8270061158252184
0 0.6919468656250001 0.8251929416666666 0.68463026875 0.02741285 0.6569641044727991 0.02786392873868888 0.6642807013477992 0.8256440204053556
0 0.71389665625 0.8284447625 0.702484521481802 0.12306604327461926 0.6740618500000001 0.12388354166666664 0.6854739847681982 0.8292622608920474
0 0.7350576920315679 0.8246233899556896 0.7244650749999999 0.12496748333333331 0.6983954869920765 0.1256691492918263 0.7089881040236445 0.8253250559141826
0 0.7781414395101568 0.8216017055873331 0.774055346875 0.0555953 0.7268947622090131 0.05604253157814703 0.7309808548441699 0.8220489371654802
0 0.8366897264986541 0.011976270239774243 0.7789330781249999 0.011153745833333461 0.7724309212240492 0.8228398442404309 0.8301875695977031 0.8236623686468717
0 0.8870561249999998 0.14989810833333345 0.841559656182237 0.1488148577373358 0.8325761914941004 0.8195793923407073 0.8780726603118632 0.820662642936705
0 0.9203872906250001 0.14447840833333345 0.8749066079911216 0.1436009675614262 0.8675694018146128 0.8197109683062853 0.9130500844484913 0.8205884090781926
0 0.9561768580219494 0.1483121097667398 0.911444784375 0.14773022916666684 0.9065205532268903 0.8207085239324521 0.9512526268738398 0.821290404532525
0 0.9984309968750003 0.013321625000000167 0.9577958774671094 0.012365936945318734 0.9471728211123844 0.815360012654403 0.9878079405202753 0.8163157007090844