0 0.22155266875000001 0.8428754583333332 0.16952008375210453 0.40504306453030986 0.14195668749999996 0.41086647916666663 0.19398927249789547 0.84869887296969
0 0.2412246234863893 0.832275607188986 0.19402762499999998 0.4083533708333333 0.17626548649251755 0.41186898259147925 0.22346248497890686 0.8357912189471318
0 0.261508334375 0.8487953208333333 0.2018669758347098 0.3205781386525886 0.18337274374999998 0.3242904875 0.24301410229029016 0.8525076696807447
0 0.2819301625 0.8511633624999999 0.2265370745657717 0.31505088653621516 0.202018771875 0.3195545666666666 0.25741185980922826 0.8556670426304513
0 0.3140161192112483 0.847617113257977 0.2612725980460872 0.3171838034254072 0.2277680093749999 0.32310650833333343 0.280511530540161 0.8535398181659031
0 0.33609231875 0.8405074999999999 0.27736129587489405 0.22110392065939935 0.2562145 0.22466856249999997 0.31494552287510597 0.8440721418406005
0 0.36365650548554707 0.842039435678478 0.3130068125 0.39177756666666674 0.29524864232590375 0.3953288664440936 0.34589833531145076 0.845590735455905
0 0.38335946407650334 0.8396752258572665 0.33341404447902256 0.3904628147127756 0.31478261562500004 0.394145525 0.3647280352224808 0.843357936144491
0 0.408900496875 0.8227477541666667 0.3552313680822333 0.3241743899760224 0.329876975 0.3290264499999999 0.3835461037927667 0.8275998141906443
0 0.4332957456807896 0.8320953094503375 0.3829240666092283 0.3243684355541197 0.356514146875 0.3290264499999999 0.4068858259465613 0.8367533238962178
0 0.45335658562563513 0.82819696217398 0.41050820896112883 0.32619396982319576 0.3840391906249999 0.3302104291666666 0.42688756728950616 0.8322134215174509
0 0.5143854905726714 0.8239493522900152 0.47258590050161225 0.33088702403107845 0.41422790625 0.33968227083333336 0.4560274963210591 0.8327445990922702
0 0.5662203780821845 0.8241578189166054 0.535511375 0.3288352291666667 0.4744966510125086 0.3355601891943401 0.5052056540946931 0.8308827789442789
0 0.5913502155711459 0.8292622904827015 0.560732078125 0.29824284166666665 0.5393440465435776 0.3004352257003842 0.5699621839897234 0.8314546745164191
0 0.6132131129866399 0.8186627635169544 0.586292625 0.2962831458333334 0.5605694887727615 0.2986398121565877 0.5874899767594014 0.8210194298402088
0 0.66187726610308 0.7961145719677429 0.630876584375 0.29113895833333336 0.5821178682719201 0.29646041553225716 0.61311855 0.8014360291666667
0 0.7155583590615383 0.7991966760266269 0.688590403125 0.28758697916666665 0.6394248159384617 0.29219429480670633 0.666392771875 0.8038039916666666
0 0.7515888754275082 0.8069908839339751 0.7338735406250001 0.3384982916666667 0.7016774065529321 0.3406626433819236 0.7193927413554403 0.809155235649232
0 0.7800760899283932 0.80151371809072 0.7685017375000001 0.3384982916666667 0.7390855840740985 0.3398055595647239 0.7506599365024917 0.8028209859887774
0 0.837007870814765 0.8056457009679233 0.829767165625 0.27219519583333335 0.786083169810235 0.27324930736541 0.7933238750000001 0.8066998125
0 0.8954720718750002 0.2721951958333335 0.8467661028015728 0.2710172370168779 0.8394869780664578 0.8060849140149231 0.8881929471398852 0.8072628728313788