0 0.16236469821485797 0.31975322055422634 0.1293515954649606 0.31818603069273876 0.11080312500000007 0.7089125000000002 0.1438162277498974 0.7104796898614877
0 0.19596093750000015 0.3190109375 0.16240309705174455 0.3177948608806581 0.14822968750000007 0.7089125 0.1817875279482557 0.7101285766193418
0 0.2312171875000002 0.3211812500000001 0.20362578209719034 0.3200964417688746 0.1883671875000001 0.7081890625 0.21595859290280997 0.7092738707311256
0 0.2599640625000001 0.32262656250000005 0.23408962921605642 0.32156898599736516 0.21832194601163266 0.7073376430153397 0.24419637929557636 0.7083952195179746
0 0.2854562500000001 0.2835640625 0.2594973520393457 0.2826990342757191 0.24531875000000003 0.7081890625 0.2712776479606544 0.7090540907242809
0 0.31784445457907295 0.283591057924354 0.2906840070338028 0.2828016689733025 0.2783645524547299 0.7066762360489485 0.3055250000000001 0.707465625
0 0.3527538032550253 0.31308606332952216 0.3202305186273866 0.3122702195146178 0.3103879124933592 0.7046417432384894 0.3429111971209978 0.7054575870533938
0 0.3814864757890367 0.312841127949241 0.35168123623607805 0.3124249999963816 0.3461802887442688 0.7064313546164243 0.3759855282972275 0.7068474825692836
0 0.4031704739815757 0.3177227906695207 0.38308944242651266 0.31752540974598314 0.37927990594493705 0.7050979315764625 0.3993609375000001 0.7052953125
0 0.4221421875000001 0.30671250000000005 0.4031613953578231 0.30668646447960823 0.40261562500000014 0.704571875 0.42159641714217716 0.7045979105203918
0 0.46445134388306497 0.29531768928117386 0.4308264725990192 0.29513831183304173 0.4286500000000002 0.7031250000000001 0.462274871284046 0.7033043774481322
0 0.50573125 0.701678125 0.5051861352325682 0.2929441602614939 0.46667779355035943 0.29299551754405717 0.46722290831779123 0.7017294822825633
0 0.532309375 0.7024015625 0.531765202734069 0.31325095890844895 0.5089859375000001 0.31328281250000006 0.509530109765931 0.702433416091551
0 0.5588875 0.31394687500000007 0.5344796875 0.31394687500000007 0.5344796875 0.703125 0.5588875 0.703125
0 0.5887187500000001 0.7024015625000001 0.5827378773825551 0.29699928122595953 0.5594408561062199 0.29734298061556774 0.5654217287236648 0.7027452618896083
0 0.6180145594404791 0.701232241748157 0.6104084798332277 0.29403310129287047 0.5865376703927485 0.2944789845447133 0.5941437499999999 0.7016781249999998
0 0.6462140625 0.7002312500000001 0.6375250889044264 0.29390831154311076 0.6120429916816075 0.2944532309876535 0.620731965277181 0.7007761694445428
0 0.67170625 0.7009546874999999 0.6624859375 0.29441562499999996 0.6372582866558159 0.29498778852837987 0.6464785991558158 0.7015268510283799
0 0.7048081840043122 0.6999976192792603 0.6917238131134404 0.29935923981770074 0.6624187541091282 0.30031630803844045 0.6755031249999999 0.7009546874999999
0 0.73950625 0.698784375 0.730854367652483 0.2966119951225211 0.6972573546882994 0.297334763313322 0.7059092370358164 0.6995071431908008
0 0.770965625 0.6980609375 0.7556929937877983 0.2826956487954795 0.7319392836710149 0.28356905267490967 0.7472119148832166 0.6989343413794302
0 0.7970015625 0.6973374999999999 0.781126329926545 0.2826559878103268 0.7574062500000001 0.2835640625 0.7732814825734551 0.6982455746896732
0 0.81718125 0.695890625 0.8003436339961867 0.2851598192197792 0.7862937770264218 0.28573578307064257 0.8031313930302348 0.6964665888508634
0 0.8426919293046264 0.6955403642013057 0.8219870513669105 0.27770239728038976 0.8057907933980953 0.27850496088360477 0.8264956713358111 0.6963429278045207
0 0.8616578125000001 0.6951671875 0.8420933762852725 0.2776933979795904 0.8247413321482364 0.27850658187097715 0.844305768362964 0.6959803713913867
0 0.8774274701068301 0.6937394259954204 0.8556204568949204 0.2894686548862177 0.8425632992880903 0.29017297889079735 0.8643703125 0.6944437499999999
0 0.903965625 0.6951671875 0.8800736786460565 0.2881797538152569 0.8564168948953531 0.2895685107190301 0.8803088412492966 0.6965559444037732