0 0.133402478125 0.9990780833333335 0.03301940383877476 0.007826673056940636 -0.02925652902980736 0.01903844844950718 0.07112654525641789 1.0102898587259
0 0.171732203125 0.9970739125000001 0.1155267539066441 0.31248142415506996 0.0800414875 0.31766073333333333 0.1362469367183559 1.0022532216782636
0 0.21006192812499996 0.9960718291666668 0.16110780293905186 0.3182454544221351 0.12663840937499998 0.3226711541666667 0.1755925345609481 1.0004975289111984
0 0.2401244593750001 0.9940676624999999 0.17914685179222387 0.010395993098985135 0.14617905312499996 0.014029179166666666 0.20715666070777616 0.9977008485676815
0 0.271690115625 0.9970739124999999 0.22584475625000003 0.009018758333333328 0.19201440328950772 0.011809362225283445 0.23785976266450773 0.9998645163919501
0 0.29047919687500007 0.9980760000000001 0.258913540625 0.31064614583333333 0.2452525510615063 0.3117613286435775 0.27681820731150636 0.9991911828102442
0 0.32354798125000006 0.9970739125 0.2941186136042163 0.41351726137537087 0.2679323 0.41586499999999993 0.2973616676457837 0.9994216511246292
0 0.3693933375000001 0.9980760000000001 0.33406986562499996 0.0030062541666666625 0.28368571148811755 0.006185918723942926 0.3190091833631176 1.0012556645572763
0 0.41223244374999995 0.9960718291666667 0.3956721383402432 0.001449796404824888 0.3430886249999999 0.003006254166666668 0.3596489304097567 0.9976282869285085
0 0.4625999140556547 0.9970615927580736 0.45501984519158223 0.40783747472155724 0.4106648811359275 0.4088518819634836 0.41824494999999995 0.9980759999999999
0 0.5009169062500001 0.9970739125000001 0.4979100384353945 0.005809861501230832 0.46033249062500003 0.006012504166666666 0.4633393584396056 0.997276555165436
0 0.5399981968750001 0.006012504166666754 0.506210422536756 0.005648460793797061 0.5001979162867559 0.9977119566271304 0.533985690625 0.9980760000000001
0 0.578327921875 0.020041687500000096 0.5452919305802781 0.019499001789371577 0.5362502065316525 0.9980144313676329 0.5692861978263744 0.9985571170782614
0 0.6106451406249999 0.3898108083333334 0.5829116933026274 0.3886514344364377 0.5686105891186155 0.9968247798004147 0.596344036440988 0.9979841536973104
0 0.6512295562500002 0.3888087208333334 0.6205905072393658 0.387131706666124 0.6018014259893658 0.997401069166124 0.6324404750000001 0.9990780833333334
0 0.7361562062500002 0.005010420833333488 0.6801038642248793 -0.00011264287835294577 0.6288786718308661 0.996267532374821 0.6849310138559871 1.0013905960865075
0 0.7947781375000001 0.10421677083333349 0.7413660958862632 0.09782251227517257 0.6807886038957942 0.9973982783564093 0.7342006455095312 1.0037925369145702
0 0.8549032000000001 0.10822510833333349 0.8066197263208028 0.10124173559831498 0.7339258224096981 0.9947709365382106 0.7822092960888952 1.0017543092732288
0 0.8987913559689655 0.01143169083310521 0.8682016652486169 0.006392691241185636 0.776499627517041 0.9960554373088008 0.8070893182373897 1.0010944369007204
0 0.921040765625 0.010020841666666858 0.9004014982608289 0.00663689676318772 0.809091426338656 0.996709747604405 0.829730693702827 1.0000936925078843
0 0.97515331875 0.00400833750000021 0.9294554355301502 -0.0045379197416959135 0.8242177337633857 0.9958511799606836 0.8699156169832355 1.0043974372023798
0 0.9826689500000002 0.3627545291666669 0.9478814630640539 0.35561297112546253 0.8738054979688025 0.9970955665418797 0.9085929849047488 1.0042371245830841