0 0.07572656250000002 0.9509296875000001 0.06510180138283649 0.04867164337524481 0.0293890625 0.0490921875 0.040013823617163546 0.9513502316247552
0 0.11150462350629622 0.9504519160807007 0.10001248778458224 0.05077262148783598 0.061906249999999996 0.051259374999999996 0.07339838572171398 0.9509386695928648
0 0.189540625 0.9509296875000002 0.18541303320179234 0.05845614160989345 0.10088801939161804 0.058847060484019074 0.10501561118982569 0.9513206063741257
0 0.23913125000000002 0.9563499999999998 0.23343898987607972 0.0065459150723980826 0.18304417366789677 0.006847935675705972 0.1887364337918171 0.9566520206033078
0 0.278965625 0.9574343750000001 0.27490156250000003 0.062098437500000006 0.23261267449055803 0.06229039302945831 0.23667673699055797 0.9576263305294583
0 0.3602609375000003 0.03608437500000005 0.2806243984834019 0.03523422971603348 0.2707572344343426 0.9595312994001844 0.35039377345094097 0.960381444684151
0 0.40014091748884895 0.14951167744829977 0.3610734375 0.14881406250000007 0.34639502001115124 0.9708273850517003 0.38546250000000015 0.9715250000000001
0 0.4431828125000002 0.15640156250000004 0.40420399340924906 0.15553938687652907 0.38625225363264215 0.9671346095523583 0.4252310727233932 0.9679967851758293
0 0.475014497986331 0.1528436530830017 0.43993125 0.15206562500000007 0.42183341716460043 0.9681425395117861 0.4569166651509315 0.9689205675947876
0 0.507469386073663 0.15524308135655934 0.4716359374999999 0.15423437500000006 0.44881030142633715 0.9650959811434408 0.4846437500000002 0.9661046875
0 0.5523829282597149 0.19179267589448265 0.513096875 0.19000312500000005 0.4778748842402852 0.9632323241055177 0.5171609375000001 0.9650218750000003
0 0.5813843750000002 0.19217187500000005 0.5471177197044055 0.19074016486742087 0.5146005322044054 0.9690089148674208 0.5488671875000001 0.970440625
0 0.6220328125000002 0.1943390625000001 0.5833040203464146 0.19250068214594737 0.5464355090038715 0.9692022551635832 0.5851643011574571 0.9710406355176359
0 0.6586156250000001 0.19867500000000007 0.6204923921188092 0.19686281456350554 0.5837775809260232 0.969238129530764 0.6219008138072141 0.9710503149672585
0 0.7098504129641674 0.04432588350840194 0.6666554872154753 0.04240253949697768 0.6251769492513081 0.9739375934885759 0.6683718750000001 0.9758609375000002
0 0.7718296353250776 0.01291602029025577 0.7228390625000001 0.01007031250000009 0.6671323227147167 0.969095375313414 0.7161228955397942 0.9719410831036697
0 0.8220832207165616 0.00811361497187526 0.7740546874999998 0.004650000000000087 0.7046525915090467 0.9670205000893601 0.7526811247256083 0.9704841150612353
0 0.8672357692451171 0.05218724954605638 0.81958125 0.0490921875000001 0.759731418254883 0.970597125453944 0.8073859375000001 0.9736921875000004
0 0.91517467191671 0.07175619571091485 0.8716093750000005 0.06860312500000013 0.8060611481220328 0.9742688166755566 0.8496264450387423 0.9774218873864715
0 0.9675390625000004 0.00248281250000012 0.9247044664723612 -0.0013950918307622517 0.8360919664723611 0.9774017831692376 0.8789265625000002 0.9812796875
0 0.9951796875000003 0.004650000000000143 0.961556947718506 0.001785685964466832 0.8781140625000002 0.9812796875000004 0.9117368022814946 0.9841440015355337
0 1.0398913041933384 0.10361244660078613 0.9911140625000001 0.09895312500000013 0.9069909721687954 0.9796161615209193 0.9557682138621338 0.9842754831217053