0 0.2293717875 0.8815955708333333 0.11140790896172581 0.2187745707202215 0.08043324999999998 0.22857481249999997 0.19839712853827418 0.8913958126131118
0 0.258672634375 0.8875155125000002 0.14668816552755257 0.21660917401749416 0.11216840312500001 0.22685250416666664 0.2241528719724474 0.8977588426491726
0 0.29918325 0.8835227291666666 0.2054735375473848 0.21394132921128586 0.158339409375 0.22566852499999998 0.25204912182761524 0.8952499249553808
0 0.34213563437500005 0.8567319458333335 0.2733602693950564 0.205239972338062 0.22759598437499995 0.21382868333333335 0.2963713493549435 0.8653206568286048
0 0.3865308375 0.8709397083333333 0.3243720116783853 0.20688702432946085 0.275542796875 0.21501266249999998 0.3377016226966147 0.8790653465038724
0 0.4362535125 0.8650198458333332 0.3843901954045969 0.19848400804568914 0.3362926250000001 0.20513731250000003 0.38815594209540316 0.8716731502876442
0 0.471769703125 0.8910674916666667 0.42635930022476504 0.15374708162949927 0.38512075 0.15826231249999995 0.430531152900235 0.8955827225371673
0 0.5055218847857115 0.8889772172142789 0.4739791848149702 0.15024482396175076 0.4318140343749999 0.1534455083333333 0.4633567343457411 0.8921779015858615
0 0.5645352763507089 0.8597306393864326 0.5330040319304576 0.18711770071906192 0.48242452187499996 0.19133299583333335 0.5139557662952512 0.863945934500704
0 0.6032676165147701 0.8498063429136714 0.593412565625 0.16765331249999998 0.543290032801597 0.1689406355353521 0.5531450836913672 0.8510936659490234
0 0.6468395000000001 0.1621685625000001 0.5987545401848972 0.16181159436669232 0.5959171976824832 0.841279653800181 0.6440021574975862 0.8416366219334889
0 0.6804272312500003 0.1593654291666668 0.6520462349900936 0.15855606773524392 0.6413049251291294 0.8281628590317912 0.6696859213890362 0.8289722204632142
0 0.7122691875000001 0.15305397916666677 0.6822765355726685 0.15171034265352137 0.6653250374296018 0.8244060089494417 0.6953176893569333 0.8257496454625871
0 0.7958547531250001 0.2102767416666668 0.7177683407116636 0.20374894512090497 0.6887770958676739 0.8202775013972917 0.7668635082810102 0.8268052979430535
0 0.8810935562500001 0.20554080000000016 0.8066322775029648 0.19475032493651895 0.7562756518315865 0.8125163485316805 0.8307369305786217 0.8233068235951618
0 0.942358984375 0.1913329958333335 0.9045806688115847 0.18391768242745593 0.8350598576454787 0.8135766354502086 0.8728381732088939 0.8209919488560862
0 0.9849783875000002 0.1865970541666669 0.952965322933481 0.17941570387131545 0.8728364424094492 0.8144361190323754 0.9048495069759683 0.8216174693277268