0 0.124655390625 0.8441840291666666 0.10749901036424576 0.30267064536332194 0.0676692924764787 0.3049140167285845 0.08482567273723292 0.8464274005319291
0 0.17428500937500005 0.8441840291666668 0.15634888162913957 0.3037921164437659 0.11490042719733692 0.3062378303983293 0.1328365549431974 0.8466297431212302
0 0.22798262812500006 0.8420138875000001 0.21735878247934334 0.26981874194527844 0.173471409375 0.2712673625 0.1840952550206567 0.8434625080547217
0 0.276798646875 0.8430989583333334 0.27110344375000006 0.27018229166666663 0.22571282516927482 0.2709844522842833 0.23140802829427481 0.84390111895095
0 0.3052773911448033 0.8506325199358621 0.3044567433635511 0.2180295432802274 0.274298724203558 0.2180990946767382 0.2751193719848101 0.8507020713323729
0 0.33375066562500005 0.22243923750000005 0.3077154562500001 0.22243923750000005 0.3077154562500001 0.8441840291666666 0.3337506656250001 0.8441840291666666
0 0.3744368380714635 0.2843603885212322 0.3362077608036509 0.28416093863667846 0.334564265625 0.8441840291666668 0.37279334289281263 0.8443834790512205
0 0.4151183389736108 0.2857157740547574 0.37952740788999406 0.28506459813665425 0.3737748482369299 0.8440231726845598 0.4093657793205465 0.8446743486026629
0 0.47531711875000004 0.2322048625000001 0.4194060187438474 0.2307460971493969 0.4104034022979114 0.8441673495409907 0.46631450230406407 0.8456261148915939
0 0.5348104046921539 0.23197273293950138 0.48043569062499997 0.23003472083333343 0.4681234565042235 0.8441569800648672 0.5224981705713774 0.8460949921710352
0 0.5950422251205647 0.23222546214761403 0.543912253125 0.23003472083333346 0.5290591061116287 0.8463180347268846 0.5801890781071932 0.8485087760411651
0 0.6552047008355684 0.23413039949442402 0.602506003125 0.23111979166666677 0.5826734519707744 0.8482854511693098 0.6353721496813427 0.851296058997067
0 0.6828592500000003 0.2875434041666668 0.6560130084176925 0.2863551932697372 0.6420721924975838 0.8463134191859603 0.6689184340798916 0.8475016300828899
0 0.7202848625 0.2864583333333334 0.6920845048244624 0.28472001416651516 0.6724991008728002 0.8495725782086574 0.7006994585483379 0.8513108973754756
0 0.76747368125 0.2604166666666668 0.7277654243523319 0.2575740643032217 0.7040128562500001 0.8474392375 0.7437211131476682 0.8502818398634452
0 0.8268665031250002 0.2539062500000001 0.788115277645735 0.25048106505880025 0.7578984666679014 0.8582346319492138 0.7966496921471666 0.8616598168904137
0 0.8741939172443397 0.25020454114962404 0.8345366734079984 0.24583096562757195 0.7966948846966802 0.8558382583635198 0.8363521285330213 0.8602118338855719
0 0.9287453042995543 0.25107527315047096 0.8955437137698732 0.24650517326066027 0.8481425658380072 0.8587139184002094 0.8813441563676883 0.8632840182900201
0 0.968476540625 0.2506510416666668 0.9322056704305091 0.24590403241553513 0.8877621544343928 0.8496076517876687 0.9240330246288837 0.8543546610388005