0 0.14157615625000006 0.9975394541666666 0.04880816313416708 -0.006215704980363851 0.00906445 0.0003143416666666667 0.10183244311583298 1.004069500813697
0 0.115561590625 0.9975394541666666 0.009814716786478552 0.0008073949619037936 -0.0228304739648247 0.006964630876000092 0.08291639987369676 1.003696690080763
0 0.17237903125000004 0.9993279583333333 0.06799535095113658 -0.0028901896537464147 0.040239984050559285 0.002249001695090197 0.1446236643494227 1.00446714968217
0 0.20010893750000003 0.9932036958333335 0.12204869875275995 -0.0015850214074073683 0.07735269375 0.004650104166666667 0.15541293249724006 0.9994388214074075
0 0.23966733750000002 0.9996639791666666 0.17376899058163187 -0.0002872320302454767 0.11312272499999998 0.006817983333333335 0.1790210719183681 1.0067691945302455
0 0.3276209687500002 6.29126380620922e-17 0.2808660984297026 -0.003316273357794715 0.24115323280470258 0.9920553016422051 0.28790810312500015 0.995371575
0 0.5285428593750002 0.030664670833333515 0.483404872367344 0.014633722821622246 0.2876951844606064 0.9942878649697541 0.3328331714682627 1.0103188129814653
0 0.5697127837247982 0.029244481476821526 0.5326076343749999 0.015489508333333468 0.3289785274859415 0.992033397896049 0.3660836768357397 1.005788371039537
0 0.6106513406250001 0.0046501041666667875 0.584498724122785 -0.005277686922135416 0.37082954062500006 0.9953715750000001 0.39698215712721513 1.005299366088802
0 0.6634934312500003 0.0013982833333335166 0.6213910607049127 -0.015357053710077265 0.39593813162384267 0.9917757367876694 0.43804050216893026 1.0085310738310802
0 0.7057671031250001 0.005734045833333508 0.6566262553273962 -0.013364362293896696 0.43586595937500006 0.996455516666667 0.485006807172604 1.015553924793897
0 0.7495141608558294 0.02750101493807836 0.7030695198125686 0.01026454514735328 0.4976505593750001 0.9942876333333334 0.5440952004182609 1.0115241031240585
0 0.808199465625 0.9986233958333331 0.7714260204835472 0.05722314576347274 0.7439025460216746 0.05913449804610961 0.7806759911631274 1.00053474811597
0 0.85860269375 0.9953715749999998 0.8029539392237128 0.047160480161488334 0.760255984821024 0.051615349375529744 0.8159047393473111 0.9998264442140413
0 0.9233870968750002 0.9996639791666665 0.8810529970020374 0.0005278765456194175 0.8340759135652809 0.004066458035920154 0.8764100134382437 1.0032025606569672
0 0.9472148156249999 0.9986233958333334 0.9187613812500001 0.0003143416666666695 0.8870092980586888 0.0019232058405775243 0.9154627324336886 1.0002322600072442