0 0.15577639133158316 0.20505979575970035 0.12331883335880918 0.20092346554985166 0.08226370680368385 0.7736476309120105 0.11472126477645783 0.7777839611218592
0 0.18401774062500004 0.2072482625 0.1542399004440327 0.20360522400470465 0.11486171562500007 0.7758246541666665 0.1446395558059674 0.7794676926619619
0 0.20766294987734515 0.20751403137741675 0.18193811702399287 0.20467840696327794 0.14659212812500005 0.7747395833333334 0.17231696097835236 0.7775752077474721
0 0.23558268086663964 0.20675081782181914 0.20980249638536197 0.20383177808282305 0.1734409375000001 0.7747395833333333 0.19922112198127778 0.7776586230723294
0 0.2589412912597391 0.2071006050821035 0.2362357637047232 0.20473242235160652 0.20273055000000012 0.7758246541666666 0.225436077555016 0.7781928368971637
0 0.28164977812500014 0.20507812500000006 0.2581909623513631 0.202700127592485 0.22551135625000004 0.7758246541666666 0.2489701720236371 0.7782026515741817
0 0.3272113937500001 0.17035590416666674 0.2794166700403587 0.1655776168754386 0.2450377656250001 0.7769097208333334 0.2928324893346415 0.7816880081245615
0 0.3735866125000001 0.1714409708333334 0.32479680374113773 0.16759469976980704 0.29773612654414044 0.7778412908858954 0.3465259353030028 0.7816875619494218
0 0.426691967313341 0.14711550591369607 0.3780208383242827 0.1429909122121135 0.34764765312500007 0.7801649291666666 0.3963187821140584 0.7842895228682493
0 0.4761965000000002 0.1475694458333334 0.4284136382345908 0.1439578915854769 0.40136769334352956 0.7801051295781389 0.4491505551089389 0.7837166838259954
0 0.5233853187500002 0.14648437500000008 0.4763121256774136 0.14337375584525505 0.4526020937500001 0.78125 0.4996752868225866 0.7843606191547451
0 0.5722013343750001 0.14865451250000014 0.5217112023298192 0.14577829541474882 0.50131992139704 0.7821440873793475 0.5518100534422209 0.7850203044645988
0 0.5998637468750002 0.21809895833333343 0.5748815980427697 0.21668734372140375 0.5569823917927696 0.7798383853880704 0.5819645406250001 0.7812500000000001
0 0.6283397562500002 0.20399305416666677 0.600654436749857 0.20268486844760697 0.5851960304998569 0.7842820934476069 0.6128813500000001 0.7855902791666668
0 0.6503069656250001 0.11176215416666677 0.6348644662954717 0.11110132289391193 0.618576553125 0.7877604166666667 0.6340190524545285 0.7884212479394216
0 0.6657653687500001 0.11067708333333345 0.6503282746180833 0.11028199173138874 0.6405437625000001 0.7899305541666668 0.655980856631917 0.7903256457686115
0 0.6804185054250667 0.2758316839335528 0.6633357419272944 0.2755378599076442 0.6584429687500001 0.7812500000000002 0.6755257322477723 0.7815438240259088
0 0.708892276838983 0.27484678550309466 0.6820465244467193 0.27446482098674707 0.6779905625 0.78125 0.7048363148922636 0.7816319645163475
0 0.7520308896342309 0.15416945490561446 0.7113467759991915 0.15407562753012882 0.7105304738649605 0.7833263101245147 0.7512145875 0.7834201375000003
0 0.8268794156250001 0.7823350708333334 0.8219978156250003 0.20182291666666669 0.7512599812260188 0.2028804160103787 0.7561415812260187 0.7833925701770454
0 0.9041714437499999 0.19748263750000014 0.8293202187500001 0.19748263750000014 0.8293202187500001 0.7845052083333336 0.9041714437499999 0.7845052083333336
0 0.9432423053400922 0.7830558217422757 0.9276557410931527 0.1605327097380502 0.8950936826280605 0.1619820963291076 0.910680246875 0.7845052083333333
0 0.980690634375 0.7823350708333334 0.9627140048644967 0.1633497268399602 0.9302816486599079 0.16502422192145008 0.9482582781704114 0.7840095659148233