0 0.17352225937500002 0.7682291666666667 0.14234342749713613 0.3907076082741753 0.12073516875000001 0.39388020833333337 0.15191400062786387 0.7714017667258249
0 0.19304866562499998 0.7703993041666666 0.1633852989033569 0.3890755834310081 0.143595816578783 0.39181235485004895 0.17325918330042608 0.7731360755857074
0 0.2849855 0.7747395833333333 0.25507294386615215 0.2694244821613119 0.16538625625 0.27886284583333326 0.19529881238384783 0.7841779470053546
0 0.385871934375 0.7790798624999999 0.37028313440273675 0.2746433464844472 0.27372995937499994 0.2799479166666667 0.2893187593472632 0.7843844326822195
0 0.43306075312500003 0.7801649291666667 0.4248789500198826 0.32950857230673336 0.38033803437499997 0.3309461791666666 0.3885198374801174 0.7816025360266
0 0.48049528341498055 0.783305076433912 0.4736900643847495 0.32973687223815695 0.4283523562500001 0.33094617916666663 0.43515757528023113 0.7845143833624217
0 0.50953918125 0.33094617916666674 0.47799428437499997 0.33094617916666674 0.47799428437499997 0.7834201375000001 0.50953918125 0.7834201375000001
0 0.5445239937500002 0.3200954875000001 0.5154330912851087 0.3196456236014668 0.511361367654082 0.7877382688081542 0.5404522701189733 0.7881881327066876
0 0.5803224062500002 0.3200954875000002 0.5471934889311625 0.31885733043658354 0.5373231438249422 0.7883635116171045 0.5704520611437798 0.7896016686805212
0 0.6616824375 0.2973090291666668 0.5832143557148111 0.2920447889497799 0.5644088459898989 0.7903781017877524 0.6428769277750879 0.7956423420046392
0 0.703176053125 0.3287760416666668 0.6707594714857608 0.3265548950045097 0.652732834375 0.7942708333333335 0.6851494160142393 0.7964919799954906
0 0.7560600718750001 0.3255208333333334 0.7182693650959966 0.3218235772027468 0.692064231500169 0.7980015786884707 0.7298549382791725 0.8016988348190572
0 0.7999944875 0.3266059041666668 0.7639010183879187 0.3225041306045741 0.7336084842441841 0.7963859245888845 0.7697019533562655 0.8004876981509772
0 0.8204109718750002 0.3472222208333335 0.8012297128654973 0.34491576868237744 0.7726027377796314 0.7681546850148132 0.7917839967891344 0.7704611371657692
0 0.8594637843750002 0.3483072916666668 0.823454539195154 0.34319555838139526 0.7895608230951239 0.7676611519882302 0.8255700682749699 0.7727728852735017