0 0.21411494553442284 0.7955679243138253 0.2051768590129499 0.2532170410812772 0.14572187500000003 0.254196875 0.15465996152147293 0.7965477582325481
0 0.26736562500000005 0.7940921875000001 0.26105230583925776 0.254715684804918 0.20432343749999998 0.25537968750000006 0.21063675666074233 0.7947561901950821
0 0.3245863715230927 0.7933711438533014 0.31791936318218916 0.2807014098786441 0.26203750000000003 0.28142812500000003 0.26870450834090354 0.7940978589746572
0 0.37926111565409865 0.281430478942996 0.32063906250000007 0.28142812500000003 0.32061842914712624 0.7952763834228566 0.37924048230122487 0.7952787373658525
0 0.41120625000000005 0.2459078125000001 0.3827921875 0.2459078125000001 0.38279218750000005 0.7940921875 0.4112062500000001 0.7940921875
0 0.43961875000000006 0.2470921875 0.4120940416011911 0.24700259822746587 0.41030949211927725 0.7952736436721233 0.4378342005180862 0.7953632329446575
0 0.48472968750000006 0.25071093750000006 0.4440597929883535 0.2503915557298591 0.43977154082715025 0.7964551678092011 0.4804414353387968 0.7967745495793421
0 0.529296875 0.25301250000000003 0.4911368084078848 0.2525561546265811 0.48465555840788477 0.794524904626581 0.522815625 0.79498125
0 0.5603734375 0.798828125 0.5569953125 0.2572203125 0.5319586174693931 0.2573764717788144 0.5353367424693932 0.7989842842788144
0 0.5950730359248494 0.7996325293716124 0.5861234375000002 0.254196875 0.5629660265751507 0.2545768456283877 0.571915625 0.8000125
0 0.6447250000000001 0.2980031250000001 0.6021095108001535 0.2975497517590618 0.5967266865431775 0.8035162894247531 0.639342175743024 0.8039696626656914
0 0.7025273960078418 0.2977529427000493 0.65893125 0.29682031250000007 0.6480430156466259 0.8057948820691774 0.6916391616544677 0.8067275122692268
0 0.7396125 0.36008593750000006 0.7042870220619901 0.35878045334809766 0.6882494452578005 0.792745940213598 0.7235749231958104 0.7940514243655005
0 0.7787984375000001 0.3619390625 0.7433656894802734 0.3602093449428702 0.7224894952965515 0.7878519534564318 0.7579222433162782 0.7895816710135616
0 0.8167609375000001 0.36268906250000016 0.7824798062161029 0.3607856193518567 0.7586936022486646 0.7891766546967541 0.7929747335325616 0.7910800978448975
0 0.8560453125 0.2968203125000001 0.8285479327679154 0.2951744784604414 0.7982701232296087 0.8010337609393459 0.8257675029616933 0.8026795949789047
0 0.8835703125000002 0.2980031250000001 0.8604995149416503 0.2965974683215622 0.8297573044364496 0.8011640000651727 0.8528281019947995 0.8025696567436107