0 0.06594602749051093 0.06183026138861212 0.0302015625 0.0566796875 -0.035744464990510864 0.514338488611388 5.551115123125783e-17 0.5194890625
0 0.05144195891626936 0.3627298559468715 0.02695000000000005 0.3590984375 -0.024491958916269197 0.7060467065531285 1.1102230246251565e-16 0.709678125
0 0.12993142494357085 0.18848955003264328 0.07491406250000002 0.18024843750000002 -0.04402076623863819 0.9742529549676124 0.010996596204932629 0.9824940675002557
0 0.14343585367083855 0.2805559760477675 0.1025994887546757 0.27493449319945784 0.005812500000000109 0.9780281250000001 0.046648864916162956 0.9836496078483098
0 0.19231653531841184 0.2824294778974171 0.14564062500000002 0.27455156249999996 0.028116570038344134 0.9708705724051896 0.07479248035675597 0.9787484878026067
0 0.3289603021333107 0.03756478167396454 0.2423828125 0.02090937500000003 0.06312876036668942 0.9527008433260354 0.1497062500000001 0.9693562499999999
0 0.42693495602061554 0.03214490951784754 0.33749843749999997 0.012237500000000057 0.1285980744132727 0.9507484185310803 0.21803459293388822 0.9706558280489279
0 0.4156218932990571 0.2725857655795309 0.378146875 0.26371250000000007 0.21547654420094314 0.9507282969204691 0.2529515625000002 0.9596015625
0 0.45372244783791577 0.27090515892904754 0.4169141603966394 0.26238100578221657 0.2551651500587237 0.9608320968531692 0.2919734375000001 0.96935625
0 0.5019316370773679 0.26690625037878973 0.45540392178995825 0.2560147974670392 0.29097072221259035 0.9584647970882496 0.3374984375 0.96935625
0 0.5775382690279723 0.15268964323765627 0.53016875 0.1401421875000001 0.31476102400651246 0.9533556858029495 0.36213054303448483 0.9659031415406059
0 0.6175882696419199 0.1144952561388061 0.5846375 0.10545625000000007 0.3525117303580802 0.9516469313611943 0.38546250000000015 0.9606859375000003
0 0.6617058131939291 0.10975818559018924 0.62040625 0.09895312500000007 0.39517457581219056 0.9598432314229031 0.43647413900611964 0.9706482920130923
0 0.7113989477596183 0.10190175712571936 0.66349375 0.08919687500000006 0.4342994897403818 0.9533998053742809 0.4822046875000002 0.9661046875000002
0 0.766637275372624 0.10126804248048127 0.7147093749999998 0.08702968750000002 0.47625209504987004 0.956693766907493 0.5281799954224944 0.9709321218879742
0 0.8049468750000004 0.14881406250000018 0.7746028399401583 0.1394502410529896 0.5226874565811297 0.9557974202487562 0.5530314916409718 0.9651612416957669
0 0.8408557606898925 0.14971459391169162 0.8118897846434061 0.14059674197946342 0.5537437500000001 0.9606859375000003 0.5827097260464866 0.9698037894322283
0 0.8105900906896482 0.336871078940287 0.7854375000000001 0.3287484375000001 0.5846864718103519 0.9503945460597134 0.6098390625000001 0.9585171875000003
0 0.9892511279527806 0.023329412436777906 0.9431500000000002 0.00681875000000014 0.6206441845472197 0.9073205875632222 0.6667453125000001 0.9238312499999999
0 1.0322518336645499 0.04482619968084171 0.9878624999999998 0.028496875000000043 0.65812629133545 0.9248456753191585 0.7025156250000001 0.9411750000000001
0 1.0394235188741632 0.1755973725923381 0.9959921875 0.15857031250000012 0.6906277794491524 0.9374706466745122 0.7340591108233158 0.9544977067668503
0 1.0434422570607458 0.322754933650219 0.9992437499999998 0.3038171875000001 0.7314827429392541 0.9287403788497812 0.7756812500000001 0.9476781250000001
0 1.0173393939324846 0.43526982811685666 0.9943656249999998 0.4252187500000001 0.7730309185675152 0.9311239218831435 0.7960046875 0.9411750000000001