0 0.20152700000000018 0.1491477291666667 0.17939476901551027 0.14684651094438383 0.13773105312500006 0.8592119874999999 0.15986328410948997 0.8615132057222827
0 0.22203481250000018 0.15565814583333337 0.20268726306838397 0.15365015306713573 0.1617044312500001 0.8556600875000001 0.18105198068161632 0.8576680802661977
0 0.2381272381648078 0.16070650675389178 0.22162213891372823 0.15908295700933314 0.18301419062500007 0.8568440291666667 0.19951928987607964 0.8584675789112254
0 0.2571910625000001 0.15826231250000006 0.2386872469474081 0.15661185054324855 0.20343595937500009 0.8592119875000002 0.22193977492759212 0.8608624494567516
0 0.30810454521127684 0.19317919931387725 0.2558639740262362 0.1888603654237227 0.22474565937500007 0.8580280458333334 0.2769862305600407 0.8623468797234879
0 0.36537809270111904 0.19671651006759158 0.31136407180556314 0.19230679579789461 0.28068367812500006 0.8603960083333334 0.33469769902055596 0.8648057226030303
0 0.4222301250000002 0.19472064583333337 0.35385869299188 0.19126690520166884 0.33484303986687985 0.8604942468683354 0.40321447187500004 0.8639479875
0 0.49559887721814117 0.19954599600935297 0.427430578769785 0.19580449200853833 0.4067660781250001 0.8651319291666667 0.47493437657335624 0.8688734331674813
0 0.5296784417330966 0.1834988090910087 0.5003172412830061 0.18178464034487202 0.4777380432999096 0.8693377020871966 0.50709924375 0.8710518708333334
0 0.5638628537941903 0.1859791651584874 0.5336550178403769 0.18417749380420068 0.5106318515461867 0.8704341411457133 0.5408396875 0.8722358125
0 0.5923673911726886 0.2331232940481006 0.5605880046797304 0.23136938587004555 0.5408396874999999 0.8674998916666666 0.5726190739929582 0.8692537998447217
0 0.6206216821715587 0.2341059907974441 0.5904742064143127 0.23261709731601835 0.5728041500000001 0.8686839083333334 0.602951625757246 0.8701728018147592
0 0.6820164468750002 0.1760533166666668 0.6216389456993979 0.17453784761438412 0.6118526238243979 0.8676843434477175 0.6722301250000001 0.8691998125000001
0 0.7444957500000002 0.17649147916666677 0.6778797911773726 0.1759842975762042 0.6748900536773726 0.8740966684095376 0.7415060125000001 0.8746038500000002
0 0.7855113750000001 0.8731060625000001 0.7832375437500001 0.17842129583333338 0.7410116964991404 0.1786670077959228 0.7432855277491405 0.8733517744625895
0 0.8258569437500001 0.8769718125 0.8177379374999999 0.17518939583333334 0.7795944869499298 0.17597390467775342 0.7877134931999299 0.8777563213444199
0 0.9222557440992863 0.8765620052788505 0.9012846039494914 0.17931984133099393 0.8714785817252052 0.1809135902188102 0.8924497218750002 0.8781557541666668
0 0.9599304906250001 0.8769718125 0.9289875234324809 0.17993059084680865 0.8971345345912296 0.18244439336734353 0.9280775017837488 0.8794856150205348