0 0.14101504901033765 0.1316689465641581 0.11107487218062355 0.1299310157780046 0.08807243437500008 0.8344184041666666 0.11801261120471418 0.8361563349528202
0 0.20373480257366278 0.216125529018326 0.15659154234850903 0.2146401705297339 0.14583805625000007 0.8213975708333333 0.1929813164751538 0.8228829293219254
0 0.25487824738501597 0.2236655021214177 0.21095956106992456 0.2234478675225456 0.20929887812500003 0.8192274291666666 0.25321756444009147 0.8194450637655387
0 0.3045031242290972 0.8155696733346859 0.30190989106718874 0.24703534396595847 0.25226726058809157 0.24743789146460612 0.25486049375000003 0.8159722208333335
0 0.35493333125000004 0.25282117916666674 0.3061173125 0.25282117916666674 0.30611731250000007 0.8148871541666666 0.3549333312500001 0.8148871541666666
0 0.4045666705836982 0.8103890838651048 0.4035756388789074 0.27437129457215637 0.3555694995452091 0.2745290857070516 0.35656053125 0.810546875
0 0.4533805054346346 0.8116020369020234 0.4531909555202934 0.27991824800634413 0.40600060008565875 0.279948156937654 0.4061901499999999 0.8116319458333333
0 0.5039291149232354 0.8126281383085749 0.5031124506114856 0.22775350094435778 0.45673587751501354 0.22786862257055737 0.45755254182676336 0.8127432599347745
0 0.549489570442834 0.809140741776156 0.5470302486686129 0.2329698531053528 0.504719771975779 0.23329091549586345 0.50717909375 0.8094618041666667
0 0.5852983708925257 0.8111692652792938 0.5811871917553412 0.2968700865565895 0.5486295302378156 0.2973327671106291 0.5527407093750001 0.8116319458333334
0 0.650372746875 0.8072916666666665 0.645455232296389 0.23999781125809158 0.5836392738082393 0.24095042240123687 0.5885567883868503 0.8082442778098119
0 0.7146471991122947 0.8062092527763862 0.7088971767197643 0.24530618985833003 0.6495043276074695 0.24638860374861044 0.6552543499999999 0.8072916666666666
0 0.74312318125 0.2625868041666668 0.716274371875 0.2625868041666668 0.716274371875 0.8040364583333335 0.74312318125 0.8040364583333336
0 0.7740562850710175 0.2626662483776547 0.7481866820748152 0.26252606854537075 0.7465394772502536 0.8029434474450654 0.7724090802464558 0.8030836272773494
0 0.8099136054719102 0.2652680574067795 0.7807661800163511 0.26447512683036156 0.7725282240333399 0.802821727962608 0.8016756494888989 0.803614658539026
0 0.8278200526385417 0.3251562342483724 0.810025534375 0.3244357625000001 0.7993303554591105 0.7940430274142897 0.8171248737226522 0.7947634991626619
0 0.861947504121469 0.3181911429157474 0.8433996231236408 0.3175214081554072 0.8335977408771719 0.8001115152396598 0.852145621875 0.8007812500000001
0 0.9026355907337729 0.3036097730283548 0.8725530223720893 0.3025591142346855 0.8627224249999997 0.8029513875000001 0.8928049933616833 0.8040020462936693
0 0.9303022108855913 0.31032027539651086 0.9042922762923185 0.3092392097333111 0.8928256343750001 0.7996961791666667 0.9188355689682728 0.8007772448298665