0 0.11744619932834433 0.8878261420081218 0.10667189498129157 0.29544311207183255 0.06017257065294723 0.2962888450637108 0.07094687499999999 0.888671875
0 0.1580102016426468 0.8774518529941021 0.1523038532620939 0.3001635223140262 0.11178281249999997 0.3005640625 0.1174891608805529 0.8778523931800759
0 0.20194407579974655 0.8805108988526547 0.19456685180628513 0.29682877699064386 0.1498118385065386 0.2973944406379889 0.15718906249999998 0.8810765624999997
0 0.2304125 0.8821609374999998 0.22632867248965743 0.2981845857694049 0.19641874999999998 0.29839374999999996 0.20050257751034253 0.8823701017305948
0 0.2866136721500873 0.2018938351803941 0.22571562500000003 0.2018234375 0.2249003903499128 0.907048352319606 0.2857984375000001 0.9071187500000001
0 0.34844906748510557 0.20304251656058064 0.29000625 0.20290781249999998 0.2883707443639386 0.9124896689946919 0.34681356184904416 0.9126243730552724
0 0.4078390625000002 0.20290781250000012 0.35511889691854537 0.20260553754128643 0.3510501469185454 0.9122414750412865 0.4037703125000002 0.9125437500000002
0 0.4688593750000002 0.20616249999999997 0.4151370376027497 0.20566668096675605 0.4086271081827498 0.9110220652596803 0.46234944558000024 0.9115178842929244
0 0.5333056216340635 0.26328264450654754 0.4723966718872365 0.261801769622546 0.4568223002531733 0.9023816251159987 0.5177312500000002 0.9038625000000001
0 0.593396875 0.27018281250000004 0.5389163780689737 0.26889501697098306 0.5241686955620033 0.8927992420260855 0.5786491924930296 0.8940870375551025
0 0.6536189012231443 0.26963770515574087 0.5974640625000001 0.2680125000000001 0.5793907300622351 0.8924906248985505 0.6355455687853794 0.8941158300542913
0 0.7170640625000002 0.27126718750000006 0.6608033791510766 0.26927245081759044 0.6388361916510765 0.8888474508175908 0.6950968750000002 0.8908421875000002
0 0.7496078125000002 0.3135843750000001 0.7253121533369914 0.312694081089543 0.704046875 0.8930125 0.7283425341630088 0.8939027939104571
0 0.7821938897880949 0.3125565591229243 0.7544890625 0.3114156250000001 0.7306676445193131 0.8898611790877119 0.758372471807408 0.8910021132106362
0 0.8204316242708849 0.3082519653359047 0.7911029469226593 0.30704145763954505 0.7666541351517744 0.8993973048036406 0.7959828124999999 0.9006078125000002
0 0.8456125 0.3059890625000001 0.8212887067996684 0.3050023172496394 0.7976109375 0.8886718750000002 0.8219347307003316 0.8896586202503609
0 0.8797947904120864 0.3056895885995271 0.8563426026105478 0.3048739442315489 0.83585 0.894096875 0.8593021878015386 0.894912519367978
0 0.9359558288436644 0.30851528608908446 0.8816406249999998 0.3059890625000001 0.8546669100915396 0.8859388460442663 0.9089821139352041 0.8884650696333507
0 0.9994218750000001 0.3103296875000002 0.9432591364797801 0.3075540678476815 0.9146017470690218 0.8874164660707416 0.9707644855892419 0.8901920857230603