0 0.15702230625000002 0.7157149666666667 0.03897835314181512 -0.009608725636078844 -0.007104651580667432 0.0037243438610868344 0.11093930152751748 0.7290480361638323
0 0.18628869687500005 0.7167989083333334 0.09527251232534714 0.028749947408303205 0.045647437500000006 0.040420137499999995 0.13666362204965293 0.7284690984250302
0 0.2212457718750001 0.7189667875 0.1502444065946436 0.039775416368822133 0.100115440625 0.04909165833333332 0.1711168059053565 0.7282830294645113
0 0.251325115625 0.7178828458333334 0.217993953125 0.24962062083333333 0.1813552087563838 0.2542570047591563 0.2146863712563838 0.7225192297591563
0 0.271649 0.7178828458333335 0.2413184102596281 0.07301630607096092 0.20336075625 0.07619016666666667 0.23369134599037192 0.7210567064290392
0 0.3058810058397482 0.7240056450819269 0.2862118841107725 0.08148096833177877 0.24400851875000001 0.08377775 0.2636776404789758 0.7263024267501481
0 0.3334371609346539 0.08972919985113581 0.28709514687500004 0.08919745000000007 0.28300551984211764 0.7228171970020909 0.32934753390177146 0.7233489468532267
0 0.3733896106299698 0.09869906947439434 0.33262064375 0.0967850333333334 0.3161489265228239 0.7205140142581912 0.3569178934027936 0.7224280503992521
0 0.4261104968750001 0.17699661666666675 0.37607364068126675 0.17226978808223664 0.3473188049339607 0.7134084039498526 0.39735566112769405 0.7181352325342828
0 0.4748878125000002 0.18133237916666675 0.42981858081797936 0.17528613061817133 0.3892285478613252 0.713173115031426 0.4342977795433461 0.7192193635799213
0 0.5125042941360298 0.15740806235116717 0.47570076875 0.15098205000000006 0.421587195905791 0.7019566113964083 0.45839072129182085 0.7083826237475754
0 0.5561833375000002 0.19325572500000018 0.5159475795687088 0.18367578257351574 0.44672077138119465 0.7005692803675619 0.486956529312486 0.7101492227940464
0 0.5952051906250002 0.2073469458333335 0.5573148947764891 0.19756533760578163 0.4828853422235742 0.7101205013141553 0.5207756380720853 0.7199021095417071
0 0.6626804749999999 0.10979231666666678 0.6171549812499999 0.09678503333333342 0.518101344666233 0.7131188002813803 0.563626838416233 0.7261260836147138
0 0.7073930156250001 0.11304413750000016 0.665790409295768 0.09841030322225988 0.5428613435595784 0.7197004426717939 0.5844639498888103 0.7343342769495341
0 0.7244650749999999 0.2431169791666668 0.6856852805106557 0.228060264349889 0.5797721873248136 0.713016338760957 0.6185519818141578 0.7280730535777349
0 0.7716164812499999 0.25720820416666684 0.7312703726736228 0.2389873805851168 0.6088296337724455 0.7209763116702566 0.6491757423488226 0.7391971352518065
0 0.7967322705772177 0.2676423205198496 0.778120121875 0.25829214166666675 0.6467182467278045 0.723295009576956 0.6653303954300223 0.7326451884301389
0 0.834214034375 0.26913154583333354 0.8024815258769438 0.2523082794684306 0.6613270388890309 0.7256406921960057 0.6930595473870871 0.7424639585609085
0 0.8764877093750002 0.27563518750000016 0.8394807468249018 0.2541146724709006 0.6883841943245977 0.7160304627258645 0.725391156874696 0.737550977754964
0 0.9268909343750001 0.2517885000000002 0.8944507584486276 0.23175631766426302 0.7254015389378929 0.7184386486129289 0.7578417148642654 0.738470830948666
0 0.9959921312500002 0.16832509583333355 0.9699518898913307 0.1504573279139539 0.7522677723630798 0.7144570879249099 0.7783080137217493 0.7323248558442896
0 1.018773394739663 0.19063058807985644 0.9976180406249998 0.17591267916666672 0.7806363764617719 0.7303783946836759 0.8017917305764353 0.7450963035968657
0 1.0221389735040578 0.2632195349013559 0.9992439531249999 0.2463688000000001 0.8018311328684227 0.7232113637689822 0.8247261532474806 0.740062098670338
0 1.0149277346420118 0.33930417633976523 0.9911144000000002 0.3211606833333336 0.8205188667228904 0.719216928834577 0.8443322013649022 0.7373604218410087