0 0.14013906250000002 0.8637156250000002 0.07800182754515987 0.24982976497160375 0.0357969823145189 0.25410171934469794 0.09793421726935905 0.8679875793730943
0 0.21803538057091468 0.8817379220683312 0.1633295312028921 0.23394018112610432 0.07752627119462066 0.2411861777090353 0.13223212056264325 0.8889839186512623
0 0.2418608914760961 0.8824520552593078 0.19301994538254072 0.23109457854396753 0.16373281250000005 0.23329062499999997 0.21257375859355543 0.8846481017153403
0 0.293207014743044 0.9098132788476212 0.2334052010944717 0.04778833004635836 0.17906737745349335 0.05155794298849599 0.23886919110206564 0.9135828917897589
0 0.3372727622768713 0.9071489476889376 0.2898406250000001 0.05425312499999999 0.24342808024852552 0.056834268130799184 0.2908602175253968 0.9097300908197367
0 0.39022289559271095 0.907719501073925 0.35323571215017346 0.05599299870644949 0.3054459327726172 0.05806832374518291 0.3424331162151547 0.9097948261126583
0 0.4436659966571407 0.8906356518884365 0.43785572596943867 0.22534610881848421 0.3762135526084288 0.22588445744689195 0.3820238232961307 0.8911740005168441
0 0.49812410213414643 0.1802464835479885 0.44442499999999996 0.18012187500000004 0.4427934363682316 0.8832317620424697 0.49649253850237807 0.8833563705904581
0 0.5607907064415683 0.18095125119930952 0.5062578125 0.18012187500000004 0.49556570480431167 0.8831461183605576 0.55009859874588 0.883975494559867
0 0.6479125000000001 0.17903593750000008 0.5839353081154346 0.17597711684475875 0.5503995150333857 0.8773996946395528 0.6143767069179513 0.8804585152947941
0 0.7268312500000003 0.17252656250000012 0.660491877065041 0.16824772481884315 0.6148175411784329 0.8763855481538444 0.6811569141133923 0.8806643858350014
0 0.7707671875 0.21267343750000006 0.7280625966219618 0.2100266761822076 0.6864801255552905 0.8809456603243533 0.7291847164333286 0.8835924216421457
0 0.8415500000000004 0.23220468750000012 0.7704230140232025 0.2294628801981793 0.7450038842520175 0.8888768680363489 0.8161308702288153 0.8916186753381696