0 0.21179375 0.791015625 0.08951500203769108 0.32271359818011136 0.062142187500000015 0.3298609375 0.18442093546230892 0.7981629643198886
0 0.24515156249999998 0.79535625 0.12472815791225969 0.3202837275030051 0.09550781250000001 0.32769062500000007 0.21593121708774032 0.8027631474969951
0 0.28501875000000004 0.7953562500000002 0.17202402507593254 0.3323496010497501 0.1319449613032063 0.34213071930470623 0.24493968622727383 0.8051373682549563
0 0.324884375 0.7975265624999999 0.2213694152181344 0.3311825035646757 0.1784359375 0.34071250000000003 0.2819508972818655 0.8070565589353242
0 0.35103592288115404 0.7947919681502216 0.2529084945819903 0.35202266920840436 0.23050625 0.35698750000000007 0.3286336782991638 0.7997567989418173
0 0.371259375 0.7921000000000001 0.2759150865204267 0.348677537050935 0.2574546875 0.352646875 0.3527989759795732 0.7960693379490651
0 0.39729531249999994 0.7975265624999999 0.30343584294630577 0.32294226242938645 0.2794265625 0.32769062500000007 0.37328603205369415 0.8022749250706134
0 0.42499874849861474 0.7923374847663676 0.3432293437672127 0.31796312880093375 0.31197812500000005 0.32334999999999997 0.39374752973140204 0.7977243559654339
0 0.4534328125 0.8007812499999998 0.3801239495481343 0.3173616801839584 0.3477859375 0.322265625 0.42109480045186565 0.8056851948160416
0 0.4867906250000001 0.7986109375000001 0.4192095740666703 0.3121190050431732 0.3852203125 0.31684062500000004 0.4528013634333298 0.803332557456827
0 0.5178027044699064 0.7939591381709464 0.458315625 0.3092453125 0.4258671506402618 0.31322759002270745 0.48535423011016815 0.797941415693654
0 0.5437437500000001 0.796440625 0.49073389584153704 0.30808934047953807 0.46009062500000014 0.3114156250000001 0.5131004791584631 0.7997669095204621
0 0.5771 0.8007812500000002 0.5290984374999999 0.30381875 0.4982079976979155 0.30680245476004175 0.5462095601979156 0.8037649547600418
0 0.6169671875 0.796440625 0.5803546875000001 0.29839375 0.5353722661199577 0.3017005048165558 0.5719847661199576 0.7997473798165557
0 0.648696875 0.7986109375 0.6234765624999999 0.28211875000000003 0.5894082425517924 0.2837823059960794 0.6146285550517925 0.8002744934960793
0 0.685766028417899 0.8005720032211917 0.665271947986127 0.2777662395841407 0.6282016498372454 0.2792194019720374 0.6486957302690174 0.8020251656090883
0 0.7113553315462318 0.8035862643646148 0.7032093749999999 0.28754374999999993 0.6657407722629565 0.2881352082640924 0.6738867288091883 0.804177722628707
0 0.7716744043975844 0.28981188823898246 0.7182647248162958 0.28826494644845735 0.7033791951469365 0.8022024293632878 0.756788874728225 0.803749371153813
0 0.9123046875000002 0.2842875000000002 0.7880341402620901 0.27067901808174843 0.72945445276209 0.8056196430817486 0.8537250000000002 0.8192281250000002
0 0.9716968750000001 0.28103281250000006 0.9192635942049623 0.2737821173228245 0.845318207222245 0.8085169454214538 0.8977514880172828 0.8157676405986294