0 0.148433740625 0.8888488041666668 0.1469282895842664 0.20236244520135982 0.13189935 0.2024210375 0.1334048010407336 0.8889073964653069
0 0.17023439531175028 0.8846229521049082 0.16644279014312563 0.32548748239915987 0.14839995420637536 0.3257049969609185 0.15219155937500004 0.8848404666666668
0 0.18601297035144146 0.19242046716723823 0.17549001874999998 0.1924001916666667 0.1747373890235586 0.8868243619994284 0.18526034062500008 0.8868446375
0 0.20256963573769898 0.8877344181216653 0.19878776209858892 0.2564135413046679 0.18751503125 0.25653359166666667 0.19129690488911005 0.8878544684836639
0 0.23336890214814138 0.8867708947800171 0.23185709965683876 0.009926392734735811 0.20104316874999997 0.010020841666666665 0.20255497124130256 0.886865343711948
0 0.27093855312500004 0.8928571416666666 0.2664124191222408 0.013781677723098103 0.23937289687499996 0.014029179166666664 0.2438990308777592 0.8931046431102351
0 0.29874639375 0.10521885416666672 0.27695105937500003 0.10521885416666672 0.2769510593750001 0.8868446375 0.29874639375 0.8868446375
0 0.3220448531250001 0.10822510833333339 0.30178915295820397 0.1074748979525644 0.3002860279582039 0.17962496878589773 0.320541728125 0.1803751791666667
0 0.33632455625 0.17436267500000005 0.3355709388855851 0.10503009473197883 0.32580266875 0.10521885416666667 0.32655628611441495 0.17455143443468787
0 0.35966272093162605 0.10199705861042882 0.34609487812499995 0.10121051666666672 0.34375085053208426 0.17309399919375223 0.35731869333871036 0.17388054113751433
0 0.3167912185249026 0.9737149345663274 0.30851327843926785 0.1910731379676602 0.291230759375 0.19139810833333334 0.29950869946063474 0.9740399049320004
0 0.34008237187500007 0.9760301416666668 0.33181220899547637 0.1911166075785431 0.31452966365083274 0.1914403334611829 0.3227998265303565 0.9763538675493065
0 0.366387084375 0.9800384791666669 0.359623015625 0.190396025 0.345319426848384 0.19061384613291907 0.3520834955983841 0.9802563002995858
0 0.39494648750000005 0.9750280583333333 0.38592772812500004 0.18538560416666672 0.3686457827693662 0.18573650662524865 0.3776645421443662 0.9753789607919152
0 0.42049964062499995 0.969015554166667 0.4159776844911517 0.18721988063240882 0.39945586874999994 0.18738977083333336 0.40397782488384826 0.9691854443675915
0 0.4468043531250001 0.9399551083333333 0.4407899616272613 0.17211782088051034 0.42350589375 0.17235850416666665 0.4295202852477388 0.9401957916194896
0 0.49791065312500005 0.9159050833333334 0.4926478089788898 0.1650723475448966 0.4678624342484626 0.16538119944129653 0.47312527839457275 0.9162139352297333
0 0.5204637562136013 0.8816250906262267 0.5144361459458873 0.11109561044289788 0.49939867723228587 0.11130473648333776 0.5054262875 0.8818342166666666
0 0.5399981968749998 0.8828362999999998 0.5347362489995486 0.11509319334282436 0.5197268410371669 0.1152760756328441 0.5249887889126181 0.8830191822900196
0 0.5678060375000001 0.8768237916666667 0.5647992445721502 0.043942187117138105 0.5415013218750001 0.044091712500000005 0.54450811480285 0.8769733170495286
0 0.5813341750000001 0.8758217083333333 0.5783279218749999 0.053110470833333326 0.5700572596310592 0.05316419823951772 0.5730635127560593 0.8758754357395178
0 0.620415465625 0.037077120833333435 0.58809824375 0.03707712083333343 0.58809824375 0.874819625 0.620415465625 0.874819625
0 0.6452170531250001 0.9229196749999999 0.63694985625 0.08918550416666665 0.6121824076895972 0.08962210988692479 0.6204496045645973 0.923356280720258
0 0.6782858343750001 0.9249238416666667 0.670770203125 0.09018759166666666 0.6437899921936088 0.0906194477120171 0.6513056234436089 0.9253556977120172
0 0.7361562062500001 0.09820426666666678 0.6903345979651833 0.09749201341066102 0.6835648067584887 0.8717552394066731 0.7293864150433056 0.8724674926626789
0 0.7744859312500001 0.10722302500000012 0.7421643826507817 0.10676938921033159 0.7361518764007815 0.8683534808769983 0.768473425 0.8688071166666668
0 0.8135781975477533 0.10143181591361276 0.7820015625000001 0.10121051666666682 0.778979570508683 0.8677891214308805 0.8105562055564365 0.8680104206778265
0 0.87444384375 0.10221260416666682 0.8240872610570333 0.10141854510430323 0.8173231923070334 0.8640047242709699 0.867679775 0.8647987833333335
0 0.9353204656250002 0.10822510833333349 0.8880055378654121 0.10654504016853715 0.8729628502014954 0.8596823976395164 0.9202777779610833 0.8613624658043126
0 0.9503620589899435 0.05525978319527647 0.9420728485064542 0.055082181659744295 0.9322921988915105 0.8666253484644681 0.9405814093749999 0.8668029500000003
0 0.96312830625 0.057118808333333486 0.957091540256285 0.05697917229081163 0.9465696558812849 0.8656612306241448 0.9526064218749999 0.8658008666666668
0 0.9804142625000003 0.0571188083333335 0.9714022007768148 0.056791232315880985 0.9548678070268147 0.8654732906492142 0.9638798687500001 0.8658008666666667
0 0.9946939625000001 0.053110470833333506 0.9864353200590887 0.05275613965324467 0.9668946763090884 0.8624402813199112 0.9751533187499998 0.8627946125000001