0 0.09686361875000005 0.9433424374999999 0.038680753394315856 0.10856854242094015 0.0025608093750000005 0.11304413750000002 0.060743674730684184 0.9478180325790597
0 0.12125227500000002 0.9379227375000002 0.07732588859503949 0.10028245435616397 0.033453109375000005 0.10437261666666668 0.07737949577996053 0.942012899810503
0 0.1627512999313254 0.9331269483775981 0.1204972957722907 0.24491141858331614 0.0765594052159653 0.24970720770571797 0.118813409375 0.9379227374999999
0 0.202547803125 0.9346709166666667 0.16783533213960863 0.2404215181389553 0.12186379115861781 0.24450787746193198 0.15657626214400916 0.9387572759896433
0 0.2359089219982283 0.9331977628897372 0.20092189062500004 0.1217156625 0.16422650374273132 0.124528321573479 0.19921353511595957 0.9360104219632163
0 0.266771265625 0.9379227374999999 0.23338392935407729 0.1170828657954966 0.19929598125 0.11954777916666665 0.23268331752092272 0.9403876508711699
0 0.29441174687500005 0.9379227375000002 0.2748652490792039 0.12131357834723967 0.23994374375000005 0.12279960000000001 0.2594902415457962 0.9394087591527605
0 0.3465089715326251 0.9415491757221772 0.33171357181419425 0.1535571013367916 0.2779904346565691 0.15535036311461425 0.29278583437499994 0.9433424374999999
0 0.3884732164754321 0.9354495495995532 0.3748234280049223 0.24386110660926402 0.33424655312499996 0.2452848583333333 0.34789634159550975 0.9368733013236225
0 0.4098513906250001 0.9379227375000002 0.40334388623323914 0.12231534112618296 0.369203628125 0.1227996 0.3757111325167609 0.9384069963738172
0 0.43342709375000005 0.12171566250000006 0.400095928125 0.12171566250000006 0.400095928125 0.9368387958333333 0.43342709375000005 0.9368387958333333
0 0.46675825937500004 0.12388354166666674 0.43424119495904 0.12382557891410473 0.43342823870904007 0.9346129539141047 0.4659453031250001 0.9346709166666667
0 0.5179744406250003 0.1087083750000001 0.46354601140367 0.10823343248622869 0.45947379235435015 0.9378804547786262 0.5139022215756804 0.9383553972923976
0 0.6025543858676322 0.026686495776982146 0.523665128125 0.02416102916666675 0.5073298653648479 0.9313125579024154 0.58621912310748 0.9338380245127308
0 0.6512991031250002 0.11954777916666677 0.6139224259540552 0.11689695107168595 0.581404216579055 0.932020088571686 0.6187808937500001 0.9346709166666667
0 0.6813784468750002 0.11629595833333346 0.6473965881556613 0.11406665205465454 0.6171549812500001 0.9335869750000003 0.651136839969339 0.9358162812786792
0 0.7480407781249999 0.11304413750000011 0.686256178125 0.10870837500000012 0.6534841918825334 0.9389318165166851 0.7152687918825333 0.9432675790166851
0 0.7676414530568806 0.2510859905430453 0.736941363098411 0.2483440368862452 0.7025152843750001 0.9335869750000003 0.7332153743334697 0.9363289286568004
0 0.8114512875000003 0.2507045625000001 0.7694993117954774 0.24523448373238607 0.7189763513726851 0.9340851804357904 0.760928327077208 0.9395552592034043
0 0.8659192906250004 0.11629595833333348 0.8076022829050891 0.10892522816187493 0.7495349410111347 0.9256846226814875 0.8078519487310463 0.933055352852946
0 0.91469660625 0.03825225416666682 0.8818882982040195 0.033245363738203484 0.8046575482040195 0.932915847071537 0.83746585625 0.9379227375000002
0 0.9464018593750001 0.03608437500000017 0.9125189370108064 0.030888446578816352 0.8350269906250001 0.9292512125000002 0.8689099129891937 0.934447140921184
0 0.9935532656250002 0.03283255416666687 0.9535762422383852 0.025365026452302607 0.8590764739627387 0.9247421318524572 0.8990534973493537 0.9322096595668213