0 0.18228599171621257 0.8671427001488691 0.09464111992672161 0.3406086216997973 0.03775644375 0.35744205833333337 0.12540131553949094 0.8839761367824049
0 0.24730190625000006 0.857083225 0.17468609990093203 0.34146267960129256 0.11070668749999998 0.35748106250000006 0.18332249384906799 0.8731016078987075
0 0.31922215625000006 0.8286676166666668 0.23885956739889677 0.32541954448832666 0.2011308375 0.3361303333333333 0.28149342635110325 0.8393784055116734
0 0.3548473125 0.8379498125000002 0.2777460246058451 0.3283980776220194 0.240198634375 0.33849829166666673 0.3172999222691549 0.8480500265446477
0 0.4062367625 0.8369555166666667 0.3561277060134004 0.3799653980318067 0.30767940312500003 0.3894096041666667 0.3577884596115998 0.8463997228015268
0 0.47497970273846263 0.81269253351783 0.43364251205936927 0.3540821565418059 0.360953625 0.36572992083333333 0.4022908156790934 0.8243402978093576
0 0.5555388483747616 0.8337732623371781 0.5323192250000001 0.35981001666666673 0.43731275526523683 0.36808450523582353 0.46053237863999835 0.8420477509063349
0 0.6194980435931072 0.8209134270137313 0.6077910781249999 0.360994 0.5331423948848913 0.364372019928813 0.5448493603529987 0.8242914469425443
0 0.641531403125 0.8334035375 0.636204053125 0.3432342541666667 0.6060086885379149 0.3438176762836195 0.611336038537915 0.8339869596169528
0 0.66637075 0.8366477291666666 0.6637290375 0.3432342541666667 0.6379747703351459 0.34347938684772283 0.6406164828351459 0.8368928618477228
0 0.7054332500000001 0.3561789791666668 0.6655267746562435 0.3554138311173646 0.6602266215312435 0.8468462311173645 0.700133096875 0.8476113791666666
0 0.74985583125 0.3538900750000001 0.7109590112150738 0.35179605864463276 0.6958645924650737 0.8502532836446328 0.7347614124999999 0.8523473
0 0.7884410625000002 0.36529356250000017 0.7527277694846183 0.3627979767783231 0.7335913112098567 0.8496493965699199 0.7693046042252386 0.852144982291597
0 0.848741580154976 0.3046793696377635 0.8085546340081111 0.30023407581026684 0.7723142179027155 0.8826794241355369 0.8125011640495805 0.8871247179630335
0 0.8909801250000001 0.3053977291666668 0.849601855068537 0.3006690210303782 0.8136891704608076 0.8593387802338284 0.8550674403922706 0.864067488370117
0 0.94341894375 0.3017947833333335 0.8938667516286485 0.29422063279342603 0.8452895920985636 0.8592077288525013 0.8948417842199152 0.8667818793924087
0 0.9993569000000002 0.3006108041666669 0.9521681844372024 0.2914526703583429 0.8899472221920762 0.8614139700206302 0.937135937754874 0.8705721038289542