0 0.23804442695884814 0.8154918700977161 0.15218109828059223 0.2438501115834207 0.11713593750000002 0.24911406249999998 0.20299926617825595 0.8207558210142955
0 0.27251875000000003 0.8085468750000002 0.19147901848911444 0.24047275419372127 0.158571875 0.24516718750000005 0.23961160651088562 0.8132413083062788
0 0.3028943469744571 0.8088322560583396 0.22694384121804495 0.2398937504929469 0.19482656250000002 0.24418125000000002 0.27077706825641223 0.8131197555653926
0 0.3428109375 0.8075593750000001 0.27308965565659704 0.23884999162980577 0.229603125 0.2441812500000001 0.2993244068434029 0.8128906333701943
0 0.3859564120995672 0.8090574661439675 0.3165625034184201 0.23535447929655104 0.27621875000000007 0.24023437500000006 0.3456126586811471 0.8139373618474164
0 0.424203125 0.8223593750000001 0.36473613771415436 0.23463282541275704 0.319134375 0.23924687500000003 0.3786013622858457 0.826973424587243
0 0.46415781250000004 0.821371875 0.41932895783389945 0.2339748940862058 0.3761078125 0.23727343750000002 0.4209366671661007 0.8246704184137943
0 0.502634375 0.7740140625 0.4767004908971275 0.3175282567278617 0.44787968749999985 0.319165625 0.4738135716028724 0.7756514307721384
0 0.53593125 0.7463875 0.516246875 0.31960156250000005 0.48487239143589117 0.3210486277513176 0.504556766435891 0.7478345652513176
0 0.565557021731956 0.7458011361424898 0.5566484375 0.3181796875 0.5270233076866722 0.3187968641293821 0.535931891918628 0.746418312771872
0 0.5951335581350541 0.7442573819927387 0.59274375 0.31526249999999995 0.5603386933829909 0.3154430193282504 0.562728501518045 0.7444379013209892
0 0.6247203125000002 0.35764531250000003 0.593648118447422 0.3575230054340536 0.592164148902293 0.7345264869381862 0.6232363429548711 0.7346487940041326
0 0.6654469997864527 0.3692700708344835 0.6343406250000001 0.3684984375000001 0.6246920627135475 0.7574549291655168 0.6557984375000001 0.7582265625000002
0 0.6987125000000001 0.28660625000000006 0.6713996864001313 0.285691117148595 0.6558356345100232 0.7502117028543047 0.6831484481098922 0.7511268357057098
0 0.7392281250000001 0.28705000000000014 0.7047300740367245 0.28498297948641277 0.676768391379046 0.7516564096738179 0.7112664423423217 0.7537234301874051
0 0.7717796875000003 0.2859656250000001 0.7410907676358096 0.2837774094760965 0.7077901115187151 0.750806893472887 0.7384790313829057 0.7529951089967908
0 0.8089609375 0.28956718750000005 0.7736819390364381 0.2866779060641696 0.7356686009011887 0.7508322390541833 0.7709475993647507 0.7537215204900137
0 0.8564156250000001 0.28813593750000016 0.821331072354168 0.28447611336771966 0.772187979859253 0.7555816510926969 0.8072725325050852 0.7592414752249774
0 0.8832718750000002 0.28270937500000015 0.8661826431352612 0.28062443890193606 0.8086842551336002 0.7519114415690529 0.8257734869983391 0.7539963776671169
0 0.9019890625000002 0.2816250000000001 0.8843613343662508 0.27938327816870334 0.8242711825438367 0.7519008069061919 0.841898910677586 0.7541425287374887