0 0.9732293843750004 0.0761901666666669 0.9269047687927456 0.05636968433366594 0.7171623125427455 0.9278577176669993 0.7634869281250003 0.9476782000000002
0 0.9293298000000002 0.07077046666666693 0.8471435336359743 0.036069598713162655 0.6304723845805869 0.9483691754410484 0.7126586509446128 0.9830700433945528
0 0.8382788124999999 0.08269380833333356 0.7553332462405752 0.04683970551064576 0.5338316392161179 0.9578193467962364 0.6167772054755426 0.9936734496189241
0 0.7399112250000001 0.1152120208333335 0.7060883492768357 0.10184373379737262 0.5098448875000001 0.9845321708333334 0.5436677632231645 0.9979004578692944
0 0.7130837031250001 0.10870837500000023 0.6877753398400964 0.09833184223428686 0.48453652421509635 0.9795753422342867 0.5098448875000001 0.9899518750000001
0 0.6797525375000001 0.11087625833333346 0.6563231626000208 0.10155113393261526 0.46106757187499997 0.9736927666666666 0.48449694677497923 0.9830178910673848
0 0.655037356647575 0.13377412906521205 0.6317881750000001 0.12388354166666679 0.4241398569436707 0.9916272563315333 0.4473890385912457 1.0015178437300785
0 0.6250126851760964 0.13023874457874282 0.5934265248066791 0.11712099502087435 0.389527509375 0.9899518750000001 0.42111366974441733 1.0030696245578687
0 0.5887015468750001 0.1368908250000001 0.5561730264190861 0.12390669445726248 0.360261121875 0.9964555166666667 0.39278964233091396 1.0094396472094043
0 0.5533107704333095 0.13740795738216824 0.5228521718750001 0.12496748333333345 0.32331524230863756 0.9934753283433757 0.35377384086694696 1.0059158023922106
0 0.5243401643992269 0.09482717889636448 0.48151099227198363 0.0779300014563278 0.278152640625 0.9942876333333334 0.32098181275224336 1.01118481077337
0 0.48464327500000015 0.09570109166666678 0.4452003458106814 0.07961100994112867 0.2343018953373377 0.998708906126358 0.27374482452665644 1.014798987851896
0 0.4361717716794744 0.09868161819462742 0.40150727690661486 0.08477561314144835 0.19506048437500012 0.9996639791666669 0.22972497914785972 1.013569984219846
0 0.38913402774545636 0.1013810370205688 0.36351294375 0.09136533333333337 0.1642605832717978 0.997508836424587 0.18988166726725414 1.0075245401118225
0 0.35457757370140014 0.10166622092210735 0.3319430534079947 0.0929598765249277 0.13583669375000013 0.9993279583333333 0.15847121404340553 1.008034302730513
0 0.31655968097405685 0.10449254946438184 0.2863131832821891 0.09344023614588488 0.1009283937500001 0.995371575 0.1311748914418679 1.0064238883184968
0 0.27246195312500016 0.1358068833333334 0.21247254586069522 0.11457792741384382 0.03629032187500007 0.9996639791666667 0.096279729139305 1.0208929350861564
0 0.20454923420591625 0.14576750237527683 0.14482272484254116 0.12545236322368722 -0.02072282827020666 0.9907037912262773 0.03900368109316841 1.011018930377867
0 0.16352595000000011 0.11954777916666674 0.11047474497499303 0.09938079631606173 -0.05292926127500701 0.8635587379827283 0.00012194375000007529 0.8837257208333333
0 0.10108449290624051 0.1253057157270946 0.044834481250000016 0.1043726166666667 -0.056250011656240426 0.5872658259395721 6.661338147750939e-17 0.6081989250000001