0 0.07780381242478583 0.986471532407966 0.07177429062499999 0.1272647125 0.019162436415033342 0.12792107874029615 0.025191958214819177 0.9871278986482622
0 0.130396225 0.9890572375000002 0.12814153437500006 0.007014591666666666 0.08679904156746833 0.007183336600898533 0.08905373219246827 0.9892259824342319
0 0.16346500625 0.990059325 0.1574435309763156 0.1189526021233778 0.13339555186977106 0.11924812261527488 0.13941702714345544 0.990354845491897
0 0.19803691562500003 0.990059325 0.18899307995969766 0.12185113455698421 0.16195245954102178 0.12235188680623864 0.17099629520632414 0.9905600772492544
0 0.24463383749999998 0.9880551541666666 0.2378391005898061 0.00961296375869295 0.2017671588019317 0.010058296339067452 0.20856189571212558 0.9885004867470412
0 0.28972905243686325 0.9869661091023523 0.28822434904368643 0.01593189963499049 0.25139790624999997 0.01603335 0.2529026096431768 0.9870675594673617
0 0.32054762708673357 0.9817369974033413 0.31227232677288724 0.004750158964505585 0.2919742184361537 0.005055811561164225 0.30024951875 0.9820426499999999
0 0.3483503175764258 0.9840211999078986 0.34759800312500005 0.003006254166666667 0.3250503613523722 0.0030369940616879892 0.32580267580379796 0.9840519398029198
0 0.384424603125 0.9810405625 0.379915225 0.014029179166666666 0.35510525075066474 0.014234857646596344 0.3596146288756647 0.9812462409799297
0 0.4167463213103407 0.9849792844090761 0.41523869687500004 0.0010020833333333333 0.3896810474396595 0.0010716989242573018 0.39118867187500006 0.9850489000000001
0 0.4468043531250001 0.0020041666666667395 0.4235058937500001 0.0020041666666667374 0.42350589375000014 0.9800384791666666 0.4468043531250002 0.9800384791666666
0 0.49715909062499997 0.9780343125 0.49640752812500005 0.1653439166666667 0.4535647801694978 0.16541435268002105 0.4543163426694977 0.9781047485133543
0 0.5309794375000001 0.9780343125000001 0.5249579891717032 0.13603515359952317 0.5031646362331076 0.1363122244460947 0.5091860845614045 0.9783113833465716
0 0.5595513907947447 0.9757704485292855 0.5535245365524913 0.13803774018063197 0.5332197801327466 0.13829743331801303 0.5392466343750001 0.9760301416666667
0 0.59411075 0.9780343125000002 0.585091990625 0.0030062541666666664 0.5580583624530971 0.0034507948324921027 0.5670771218280972 0.9784788531658255
0 0.6241732812499999 0.9750280583333332 0.6128832721658555 0.005592718464802164 0.5873596168619623 0.0061211585914352495 0.5986496259461067 0.9755564984599662
0 0.6504779937500001 0.9750280583333332 0.6414463514169438 0.016670491725010197 0.6196639 0.017035433333333336 0.6286955423330564 0.9753929999416563
0 0.6790593937219396 0.9705634805539751 0.665509259375 0.01703543333333334 0.6474497469030606 0.017491673612691737 0.6609998812500001 0.9710197208333334
0 0.702335859375 0.9710197208333332 0.6925620065288216 0.0016539667411282822 0.673024890625 0.0020041666666666662 0.6827987434711783 0.9713699207588716
0 0.7504359062500001 0.9680134666666665 0.7391624593749999 0.062129229166666675 0.6978503261241692 0.06304321426339668 0.7091237729991693 0.9689274517633966
0 0.8037986656950207 0.9661727571185027 0.7940265750000001 0.0631313125 0.7496827313570048 0.06398439417696823 0.7594548220520254 0.967025838795471
0 0.8421266218750002 0.9640051291666668 0.8255922312499999 0.0030062541666666664 0.7970478501587326 0.003879353021322244 0.8135822407837328 0.9648782280213223
0 0.8774500968750003 0.9609988791666668 0.8616364426227234 0.0051513235100688875 0.830837335462191 0.00605717959379399 0.8466509897144678 0.961904735250392
0 0.9037875526305698 0.9625987894806902 0.8924813625000001 0.06413339583333334 0.8691642439398963 0.06465503150747838 0.880470434070466 0.9631204251548353
0 0.9315626499999998 0.957992625 0.9217767260904741 0.06370969735320234 0.8999969937499998 0.06413339583333336 0.9097829176595255 0.9584163234801312
0 0.975169642513716 0.9519595320260625 0.9593679400961765 0.0018508110588866071 0.9202892031250001 0.0030062541666666664 0.9360909055425395 0.9531149751338426
0 0.99920334375 0.006012504166666826 0.9661345593749999 0.006012504166666824 0.9661345593749999 0.9529822041666669 0.99920334375 0.9529822041666669