0 0.07088540524846446 0.9575938333542149 0.06431212509266859 0.14469801370538865 0.000052304219204141884 0.14562178451784039 0.006625584375 0.9585176041666666
0 0.12532959484959164 0.9548199630733022 0.12124068026074586 0.0399938881832209 0.06513422603615424 0.040439708443252106 0.06922314062500001 0.9552657833333333
0 0.17409702516756503 0.1474688376967965 0.128568875 0.1466462875 0.12042965135497825 0.9475458374360614 0.1659578015225433 0.9483683876328579
0 0.21636804062500006 0.14556235000000003 0.16840368125000005 0.14556235 0.1684036812500001 0.9476782 0.2163680406250001 0.9476782
0 0.2740897510250913 0.9345845124830302 0.27327386113998126 0.03384318329096491 0.21961692886488993 0.03392958747460141 0.22043281874999998 0.9346709166666668
0 0.3358724625 0.039336195833333386 0.27733968437500006 0.03825225416666671 0.26791268443720717 0.9432431369162537 0.32644546256220713 0.9443270785829205
0 0.3895275093750001 0.03825225416666673 0.3310680029026042 0.035981982204803115 0.31137240585148596 0.9376027004888718 0.36983191232388185 0.9398729724507355
0 0.44243891403590085 0.03897064768072478 0.38290358161994054 0.03694267989576219 0.3657622082090398 0.9315590072150375 0.4252975406250002 0.9335869750000001
0 0.4960931184470094 0.046826870504446456 0.43911778124999995 0.044755895833333406 0.4210137216230139 0.9302089929946281 0.47798905882002335 0.9322799676657412
0 0.5480537843750001 0.04475589583333343 0.4863358636095512 0.04363698852640563 0.4773266781250001 0.9270833333333335 0.539044598890449 0.9282022406402611
0 0.6221419813678347 0.040343364752606865 0.5505829992967638 0.038230922597301834 0.5358405366789292 0.9260548328446951 0.6073995187500001 0.9281672750000002
0 0.6732488937500002 0.04367195833333345 0.6180624166355558 0.04230595649821146 0.605849883535263 0.9194372700164023 0.6610363606497074 0.9208032718515242
0 0.7000764187500002 0.1509820500000001 0.6659436297457579 0.15053335600381806 0.6602257388667303 0.9238099303732434 0.6943585278709726 0.9242586243694254
0 0.732613501336075 0.15318733287314767 0.6976375531250001 0.1520659916666668 0.6837010334541597 0.9248595989928783 0.7186769816652345 0.9259809401993592
0 0.7773071656250001 0.09028139166666678 0.7294840410865571 0.08859227488512546 0.7130837031249999 0.9140760500000001 0.7609068276634431 0.9157651667815415
0 0.8188361047298656 0.08815707359515841 0.7766502913522717 0.08696506824769262 0.7634869281250001 0.9151599875000003 0.8056727415025942 0.916351992847466
0 0.8578314880242554 0.08857326951051366 0.8082604000617961 0.08796450168706905 0.80250878125 0.9205796916666669 0.8520798692124594 0.9211884594901114
0 0.910643745698982 0.04686507392095482 0.8553508718749999 0.04583983750000013 0.846352478729113 0.9085950145972549 0.9016453525530951 0.9096202510182095
0 0.952905503125 0.04583983750000016 0.8976245437499999 0.045839837500000154 0.8976245437499999 0.9043205875000003 0.952905503125 0.9043205875000003