0 0.10011562500000008 0.9747765625000001 0.08701518575768476 0.09380861026659695 0.032640625000000006 0.0946171875 0.045741064242315346 0.975585139733403
0 0.14645312500000002 0.9769453124999998 0.13495067101558816 0.0928891862082286 0.08548281250000002 0.09353281249999998 0.09698526648441189 0.9775889387917713
0 0.19685781250000006 0.9791124999999997 0.18951395956088463 0.21106121529262598 0.12450468750000002 0.21168281249999996 0.13184854043911542 0.9797340972073737
0 0.24726532948986907 0.9761207866130406 0.23418448406346237 0.20220140536876308 0.1854019670735933 0.20302593125572255 0.1984828125 0.9769453125
0 0.2944125 0.9801968750000001 0.27652656249999996 0.21710312499999995 0.22957863319914903 0.2182035241701274 0.2474645706991491 0.9812972741701275
0 0.31802816869542744 0.9864486741193381 0.30823125000000007 0.0024828124999999998 0.2821873949207498 0.0027421197998559127 0.29198431361617716 0.9867079814191941
0 0.34241373777287076 0.9800297549341682 0.3366859375000001 0.0035656249999999985 0.303336752618111 0.00376124659470146 0.30906455289098167 0.9802253765288695
0 0.36920948361946204 0.9821257315617865 0.36188750000000003 0.0079015625 0.33017645388053796 0.008139893438213443 0.33749843749999997 0.9823640625
0 0.4123538366222201 0.0699372335482956 0.36595156250000005 0.06968593750000004 0.36101022587778014 0.9821127664517046 0.40741250000000023 0.9823640625000001
0 0.451323049727628 0.0850910381925556 0.408208892754866 0.08485641988835038 0.4033202180272383 0.9832138191957951 0.44643437500000027 0.9834484375000002
0 0.49686496165237626 0.23707900323031636 0.44968593750000013 0.23661406250000008 0.4422727866103616 0.9888502123196206 0.4894518107627378 0.9893151530499369
0 0.5293573836903692 0.23448962124187758 0.4887078125000001 0.23444531250000003 0.487892616309631 0.9823197537581223 0.5285421875 0.9823640625
0 0.5700031250000003 0.23769687500000006 0.5261634556007722 0.2371673518389746 0.5171635671450636 0.982275712659549 0.5610032365442917 0.9828052358205746
0 0.6122765625000001 0.2311937500000001 0.5659390625 0.2311937500000001 0.5659390625000001 0.9845328125 0.6122765625000002 0.9845328125
0 0.6553810396890712 0.23487372841937684 0.6114640625 0.23444531250000006 0.6040941589393867 0.9899351809155995 0.648011136128458 0.9903635968349762
0 0.692759375 0.23986562500000005 0.6529352543155105 0.2396912264950697 0.6496592384040892 0.9877736316327349 0.6894833590885787 0.9879480301376653
0 0.7309687500000003 0.1390593750000001 0.6943893846228255 0.13895344148469405 0.6919468750000002 0.9823640625 0.7285262403771748 0.982469996015306
0 0.7724549952458274 0.141929611103494 0.7317812499999999 0.14122656250000012 0.7171231297541729 0.989248513896506 0.7577968750000003 0.9899515624999999
0 0.8122867776987146 0.1332394378788154 0.7675515625 0.1325546875000001 0.7544787294518314 0.986611899820937 0.799213944650546 0.9872966501997522
0 0.8553515624999999 0.13580625000000013 0.8163820672235504 0.13509700281846349 0.8009225398566769 0.9845187479909436 0.8398920351331265 0.9852279951724803
0 0.8951859375000002 0.14664687500000012 0.8471911386695208 0.14613598053702562 0.8382489511695207 0.9861891055370255 0.88624375 0.9867000000000001
0 0.9448233874059329 0.14845274716746254 0.9026045487518715 0.14767138665351262 0.88705625 0.9877843750000002 0.9292750886540613 0.98856573551395
0 0.9805527034297172 0.2457523686744095 0.9415234375000002 0.24528437500000017 0.9325738590702832 0.9916523188255908 0.9716031250000002 0.9921203125000002