0 0.10017240285174958 0.8820048337534885 0.07154987066121277 0.11000594314156797 0.018820312500000002 0.11196093750000002 0.04744284469053682 0.8839598281119206
0 0.15377031250000003 0.8880609375 0.13006846706610667 0.11541345122152899 0.065971875 0.11737968750000002 0.08967372043389339 0.8900271737784712
0 0.18141093750000004 0.8891453125 0.15769152711063425 0.19226501075814087 0.12690876467431406 0.19331275019534466 0.15062817506367984 0.8901930519372039
0 0.21231075153338055 0.8938091858050795 0.19582288475956458 0.18484200573485582 0.1602734375 0.18566875 0.17676130427381595 0.8946359300702238
0 0.24319531250000007 0.8999843750000002 0.23343259759170243 0.19158939607019315 0.19116718749999997 0.19217187500000002 0.2009299024082976 0.900566853929807
0 0.27652656249999996 0.90106875 0.2610677522634877 0.07872416390208813 0.222871875 0.0794421875 0.23833068523651227 0.9017867735979118
0 0.31148437500000004 0.8999843749999998 0.2984765625 0.089196875 0.25942994358470856 0.08982331669724998 0.27243775608470855 0.90061081669725
0 0.3440092002453016 0.8964040516945634 0.3358453876428345 0.08874518896026222 0.291159375 0.08919687500000001 0.2993231876024671 0.896855737734301
0 0.38221679355912863 0.019899945757132376 0.3415625 0.019825000000000044 0.3399320721841387 0.9042498639180676 0.38058636574326726 0.9043248096752
0 0.4229366385263348 0.02148235200895908 0.378959375 0.020909375000000046 0.36745031879585177 0.904255110893945 0.4114275823221865 0.904828087902904
0 0.46431875 0.028496875000000053 0.4155421875 0.028496875000000053 0.4155421875000001 0.9097406250000001 0.46431875000000006 0.9097406250000001
0 0.5147849809119571 0.03735604079549396 0.4748875 0.03608437500000006 0.44718533158804297 0.9052173967045063 0.4870828125000001 0.9064890625000002
0 0.5423686526249637 0.04129245455389102 0.5099415441290417 0.040352393922954984 0.48464375000000015 0.9129921875000001 0.517070858495922 0.913932248130936
0 0.5970478396477612 0.11183193171373773 0.5448015625 0.10979218750000004 0.5134868517276396 0.9118913167906975 0.5657331288754007 0.9139310610044351
0 0.6465146363897062 0.12182802190483363 0.5957745532827929 0.11953741349254013 0.5599114793930869 0.9139531415877066 0.6106515625000002 0.9162437500000001
0 0.6895679335635819 0.12007449971753532 0.6375683072988074 0.11816954287463684 0.6082125000000002 0.9194953124999999 0.6602121262647747 0.9214002693428984
0 0.7605966573035567 0.051141279462084355 0.7033281249999999 0.04800781250000007 0.6558158426964433 0.9163618455379157 0.7130843750000001 0.9194953124999998
0 0.8133273351516174 0.057369527682840316 0.7566952682396442 0.05436634637146328 0.7106453125000003 0.9227468750000002 0.7672773794119735 0.9257500563113773
0 0.8764875000000002 0.05993125000000012 0.8197715366774816 0.056059458994180945 0.7604262241774815 0.9253797714941809 0.8171421875000002 0.9292515625000002
0 0.925484295099251 0.06228868496967025 0.8762240284226103 0.058770018221364795 0.8138906250000002 0.9314187500000003 0.8631508916766408 0.9349374167483055
0 0.9577828125000002 0.13689062500000015 0.9213693535259937 0.13380664385061872 0.8536917133914359 0.9328961496316742 0.8901051723654424 0.9359801307810557
0 0.9894890625 0.1325546875000001 0.9550555648245911 0.12963105582451268 0.8866035789707869 0.9358342843420457 0.9210370766461958 0.9387579160175333
0 1.032458513407072 0.17254508146861341 0.983274405758898 0.1682530127302786 0.915915892351826 0.9401344937616652 0.9651000000000002 0.9444265625