0 0.1439243625000001 0.1924001916666667 0.0801123472436691 0.19069427306349107 0.06801647500000009 0.9950697458333335 0.1318284902563311 0.9967756644365091
0 0.21156505625000013 0.18638768750000004 0.1484287358135272 0.18472072187529537 0.13640372331352715 0.994404863541962 0.1995400437500001 0.9960718291666667
0 0.25590830386216806 0.20334684528708896 0.21682599687500007 0.20242103750000007 0.2062778867862146 0.9940314341449638 0.2453601937733826 0.9949572419320527
0 0.27995731250000017 0.2044252041666667 0.2634288926774012 0.20400623276997407 0.2521500118348224 0.9950316574885498 0.26867843165742133 0.9954506288852424
0 0.31904294095860264 0.11678293585067519 0.28373447396106555 0.1161917742244585 0.2754479312500001 0.9960718291666667 0.31075639824753715 0.9966629907928833
0 0.35887145312500024 0.11323552916666672 0.3250931752534092 0.11277386708926476 0.31828703750000004 0.9980760000000001 0.352065315371591 0.9985376620774021
0 0.4047194367025006 0.11346784646228167 0.3648874065533923 0.11322644020982858 0.3618777062500001 0.9960718291666667 0.40170973639910834 0.9963132354191198
0 0.452068899935662 0.11671661881104316 0.41298400625 0.11624178333333339 0.40696490218147385 0.997037309905439 0.44604979586713595 0.9975121453831488
0 0.5024200343750003 0.1082251083333334 0.45657774537846924 0.10801814532335796 0.4543199843750001 0.9970739125000001 0.5001622733715311 0.9972808755099756
0 0.5535263343750001 0.10521885416666675 0.5076809750000001 0.10521885416666675 0.5076809750000002 0.9970739125 0.5535263343750001 0.9970739125
0 0.5963831974891667 0.9976533694680614 0.5903504100771498 0.11988283551058941 0.5557607438379832 0.12030546604252773 0.56179353125 0.9980759999999997
0 0.632440475 0.9970739125000001 0.6234217187499999 0.10421677083333335 0.5948776152129611 0.1047293471711481 0.6038963714629613 0.9975864888378149
0 0.6677639500000001 0.9960718291666666 0.6564456047600085 0.10569543316897598 0.6286457503057818 0.1063236785352654 0.6399640955457734 0.9967000745329561
0 0.7173671250000001 0.9970739125000001 0.7056861766436182 0.10932462205080413 0.6628470703936182 0.1103267095508041 0.67452801875 0.9980760000000001
0 0.7722575346756864 0.9933548216628955 0.7541937218749999 0.1062209375 0.7068189434493136 0.107935861670438 0.7248827562500001 0.9950697458333334
0 0.8278469218749999 0.9930655749999998 0.8030453343749999 0.10221260416666664 0.7572073394851743 0.10448130135325648 0.7820089269851744 0.9953342721865897
0 0.8662468980909994 0.9956590156205163 0.8421135874350796 0.10473766611212945 0.8113125312499999 0.10622093750000001 0.8354458419059198 0.9971422870083869
0 0.9420845343750001 0.9960718291666668 0.9135054355013195 0.11864334345362289 0.8459920778212073 0.12255268830414906 0.8745711766948879 0.999981174017193
0 1.0175348918599063 0.9948465209281754 0.9870431001633362 0.11736055417781553 0.9222112238098488 0.12136561235330448 0.9527030155064189 0.9988515791036644