0 0.12386326239878824 0.3220080721066057 0.09710094262894306 0.31997953679705804 0.07340906562500009 0.8756510416666667 0.10017138539484527 0.8776795769762146
0 0.1523936691255141 0.32182338887602024 0.1272076517357537 0.31990681820262784 0.10351227500000011 0.8734809041666666 0.12869829238976052 0.8753974748400589
0 0.1841319235768446 0.32704272770304155 0.16142315547616187 0.32533732786480307 0.13849708750000006 0.8680555541666667 0.1612058556006828 0.8697609540049052
0 0.2125347156250002 0.27777777916666674 0.18342640253571624 0.2759368338021108 0.1620914968750001 0.8756510416666667 0.19119980996428404 0.8774919870312227
0 0.2402199214763737 0.28251906106093466 0.21427210169258776 0.28098179381800253 0.19463550937500007 0.8702256958333332 0.22058332915878603 0.8717629630762654
0 0.2670459343750001 0.2918836791666667 0.24269147858843806 0.29036095149606983 0.2222217635335777 0.8723910718368612 0.2465762193201398 0.8739137995074581
0 0.3134211531250001 0.2886284708333334 0.2671663603313862 0.2859777628288716 0.24833312812500002 0.8702256958333333 0.29458792091861385 0.872876403837795
0 0.36225706964932153 0.2913156993050613 0.31853214039643707 0.2885920803140231 0.2979627468750001 0.8756510416666665 0.34168767612788453 0.8783746606577049
0 0.40538933367775487 0.29195772177286095 0.3615634726329155 0.2895418574750716 0.34352436250000007 0.8713107625000001 0.3873502235448394 0.8737266267977895
0 0.4607737712753737 0.2969486040270464 0.4087299979440486 0.29395495762726304 0.38997888125000013 0.8734809041666668 0.4420226545813253 0.8764745505664501
0 0.5111260041390849 0.2561642321585478 0.47041582659975323 0.2538538633738935 0.4501551412106683 0.8885316437153459 0.49086531875000006 0.8908420125000002
0 0.5502581406250001 0.2571614583333334 0.5079868495156832 0.25551838497437307 0.4941197187500002 0.8897569458333335 0.5363910098593172 0.8914000191922938
0 0.5958333597447589 0.2544850589293074 0.5576140491047179 0.2526593330647636 0.5404949375 0.8897569458333334 0.578714248140041 0.8915826716978772
0 0.6381718071220963 0.256589349130976 0.6032617796558355 0.25491024535346835 0.586056553125 0.8908420125000002 0.6209665805912609 0.8925211162775076
0 0.6560317290007764 0.3068892265608948 0.639127096875 0.3059895833333334 0.6219776270154853 0.8788694791175529 0.6388822591412617 0.8797691223451143
0 0.6796534035379797 0.30924822771916993 0.6586658221762544 0.3081162304798107 0.6413813749999999 0.8778211791666667 0.6623689563617252 0.878953176406026
0 0.7008080203777532 0.33323055943992763 0.681444803125 0.33203125000000006 0.6625824323480878 0.8734334508122753 0.681945649600841 0.8746327602522028
0 0.7276544813771161 0.3344224268164839 0.7074864718749999 0.3331163208333335 0.6878037619817634 0.873431269271538 0.7079717714838797 0.8747373752546885
0 0.7586011352175674 0.3083968869371984 0.7325780610454478 0.3069292826567714 0.7146054000000001 0.8734809041666669 0.7406284741721196 0.8749485084470938
0 0.7870759626383179 0.31052557116445895 0.7618628840467776 0.3091604045271848 0.7446916930820621 0.8729513576872237 0.7699047716736024 0.8743165243244977
0 0.8416125088000607 0.3538165899152158 0.7937303966842302 0.35152259657388835 0.7796236482176908 0.874985056940092 0.8275057603335213 0.8772790502814194