0 0.09131859752311598 0.2140243767512045 0.05300271860923809 0.21343262577089644 0.04622114062500009 0.9940676625000001 0.08453701953887799 0.9946594134803082
0 0.13640873125000014 0.06613756666666669 0.10034443755116547 0.06530760805921852 0.0883086812500001 0.9950697458333335 0.12437297494883479 0.9958997044407817
0 0.1784962718750002 0.006012504166666701 0.14922110647092504 0.005059497729633974 0.1311477875000001 0.9920634916666666 0.16042295290407527 0.9930164981036994
0 0.21607443437500012 0.07215007083333336 0.18752996865430546 0.07127943354423993 0.17173220312500007 0.9920634916666666 0.20027666884569473 0.99293412895576
0 0.25367236054469955 0.07314629455080607 0.22509319374999998 0.07215007083333337 0.20703591133030055 0.9930714387825272 0.2356150781250001 0.9940676624999999
0 0.2754479312500001 0.008016675000000048 0.2566376480942135 0.007557887641498503 0.24310951059421346 0.9936088751414984 0.2619197937500001 0.9940676624999998
0 0.30100108125000014 0.007014591666666719 0.2829317638224679 0.0066240356508402804 0.27090675132246783 0.9956812731508403 0.2889760687500001 0.9960718291666668
0 0.3566296745446788 0.008073787879055806 0.31302609375000007 0.007014591666666718 0.29947107921920946 0.9990409172949846 0.3430746600138882 1.0001001135073737
0 0.40546837500000016 0.006012504166666736 0.3618852670988881 0.005247113584708021 0.3521073843750001 0.9950697458333335 0.39569049227611214 0.9958351364152923
0 0.434034905623195 0.10978611971348126 0.414487134375 0.10922719166666675 0.4002003037518052 0.9975170719531856 0.4197480750000002 0.9980760000000003
0 0.4716059406250002 0.05912297500000009 0.43321952528736407 0.058519544311694954 0.424952328412364 0.993464231811695 0.46333874375000017 0.9940676625000001
0 0.49715909062500013 0.2094356250000001 0.47763591726214427 0.20916864142268218 0.4716059406250001 0.9930655749999999 0.49112911398785597 0.993332558577318
0 0.5490169562500002 0.005010420833333428 0.5129472830682518 0.004423922060105838 0.5038956672354787 0.9940672154733242 0.5399653404172272 0.9946537142465518
0 0.5790794843750001 0.007014591666666763 0.5572941253972049 0.0068374749808965745 0.552774771875 0.9950697458333334 0.5745601308527953 0.9952468625191035
0 0.6151545218750002 0.008016675000000103 0.5903728344965835 0.007647300206923945 0.5820857375000001 0.9960718291666668 0.6068674248784168 0.9964412039597429
0 0.6369498562500001 0.00701459166666677 0.6166592018049332 0.0069869853616139265 0.6159060843749999 0.9910614083333333 0.636196738820067 0.9910890146383861
0 0.6662608218750002 0.008016675000000108 0.6474725229967008 0.00799124247197101 0.6467201781250002 0.9960718291666669 0.6655084770032997 0.9960972616946961
0 0.7016134121263526 0.004253562387000518 0.6790373968749999 0.004008337500000111 0.6729942790861406 0.9930652424917574 0.6955702943374933 0.9933104673787578
0 0.7286493578107461 0.9869051743198172 0.7256343187499998 0.006012504166666667 0.6985692578142537 0.006160400680182959 0.701584296875 0.9870530708333334
0 0.7602062281249999 0.9970739125 0.7549452875 0.006012504166666665 0.7361624666436991 0.006189760240186088 0.741423407268699 0.9972511685735195
0 0.7880168604595814 0.9959863571100793 0.7850075057789685 0.007914942223620342 0.766218734375 0.008016675 0.7692280890556129 0.996088089886459
0 0.8173298493175534 0.9960039884112277 0.8158219093750002 0.07515632500000001 0.7925186350574471 0.07522416575543911 0.7940265750000001 0.9960718291666667
0 0.852648509375 0.07515632500000015 0.8255922312499999 0.07515632500000015 0.8255922312499999 0.9940676625000002 0.852648509375 0.9940676625000002
0 0.895487615625 0.004008337500000145 0.860164140625 0.004008337500000143 0.860164140625 0.9990780833333336 0.895487615625 0.9990780833333336
0 0.933817340625 0.9970739125 0.9300595250000001 0.007014591666666665 0.9014894400975498 0.007207372234582334 0.9052472557225497 0.9972666930679157
0 0.9774122326947785 0.9919044457700242 0.9751575840697232 0.006873895072154579 0.9360720701249446 0.007032940968796934 0.93832671875 0.9920634916666666