0 0.114748634375 0.9585176041666668 0.04203230241661017 0.283099997112554 0.001747853125000004 0.2908103541666666 0.07446418508338984 0.9662279612207795
0 0.154583440625 0.9530978999999998 0.07704108143333939 0.251135471759932 0.03372202532802039 0.259642572990493 0.11126438451968104 0.9616050012305608
0 0.19217578794067527 0.9500940559803859 0.134259559375 0.23769727916666666 0.08402582590975433 0.2449575238536989 0.1419420544754296 0.957354300667418
0 0.2352036054278666 0.9464811002087035 0.18609452383376004 0.2131188201040531 0.12531705312500002 0.22035423333333332 0.1744261347191066 0.9537165134379836
0 0.263519446875 0.9455103208333334 0.22205872812499994 0.3070694583333333 0.1862754112313419 0.3112006392908111 0.22773612998134193 0.9496415017908112
0 0.292785834375 0.9411745583333332 0.2536864380764171 0.30146495214868074 0.21957014217779966 0.3051719857726417 0.25866953847638263 0.9448815919572942
0 0.32692995625 0.9411745583333333 0.29441174687499994 0.16182145416666666 0.2438935112845634 0.1655687501761452 0.27641172065956343 0.9449218543428118
0 0.36439506092034835 0.9387016140930224 0.33572300476424843 0.16646758004503853 0.291159925 0.1694090375 0.31983198115609995 0.9416430715479839
0 0.4002829337497499 0.9333168542267896 0.377298117727763 0.16715631174592735 0.33158561835301315 0.16959431168580447 0.35457043437499997 0.9357548541666666
0 0.4229763157782568 0.9347254306903525 0.40659957187500007 0.1726608583333333 0.37568606455284204 0.1738418899931585 0.39206280845609875 0.9359064623501776
0 0.4494660097262425 0.9281459141193998 0.4342175009929604 0.17588419609675546 0.40334775 0.1769966166666667 0.41859625873328216 0.9292583346893112
0 0.4725018137912988 0.9287056052524046 0.461880528125 0.16724115416666668 0.43342181784732725 0.16794685420995706 0.444043103513626 0.9294113052956949
0 0.4969180394950955 0.9309942543257319 0.4903339625 0.1672411541666667 0.45941771415440413 0.16771496629717386 0.4660017911494997 0.931468066456239
0 0.5374853656250002 0.20626300833333341 0.4960309394919892 0.2061787515903436 0.49521169375000007 0.9227475708333335 0.536666119883011 0.9228318275763232
0 0.57650721875 0.16832509583333344 0.533420590625 0.1683250958333334 0.533420590625 0.9129921083333333 0.57650721875 0.9129921083333333
0 0.6164300828776026 0.1640472908940399 0.5773201750000001 0.16290539583333347 0.5650377889973975 0.9107662716059604 0.604147696875 0.9119081666666669
0 0.6594411822813668 0.2999049194738897 0.6147161156250001 0.2983979375000001 0.6031099385721308 0.910761870545909 0.6478350052284975 0.9122688525197986
0 0.7049541500000001 0.2908103541666668 0.6604430597513471 0.2889129006482142 0.6456084156250002 0.9075724083333334 0.6901195058736531 0.909469861851786
0 0.7603850051625352 0.24435739301801984 0.70820596875 0.23986515833333347 0.675881906786038 0.9073432595873675 0.7280609431985732 0.9118354942720539
0 0.8130771968750002 0.24311697916666683 0.7525859032632287 0.2364512719070343 0.7113899570589306 0.901079206536757 0.771881250670702 0.9077449137963896
0 0.8602286031250003 0.23986515833333352 0.8126007591718454 0.23395782890735248 0.7662976181802948 0.8976361894763362 0.8139254621334497 0.9035435189023172
0 0.8911209031250001 0.23769727916666686 0.8624313692516582 0.23366056079436034 0.8103927514630609 0.8911643602546934 0.8390822853364028 0.8952010786269999
0 0.9390852625000002 0.12388354166666683 0.903088283551923 0.11874845198228472 0.842116639801923 0.8785906311489513 0.8781136187500002 0.8837257208333335
0 0.9862366687499999 0.1629053958333335 0.9485129392669343 0.15601521670656235 0.8741864549831279 0.8794596400321796 0.9119101844661935 0.8863498191589508