0 0.13508078802727322 0.019857749356968026 0.09198588749999999 0.0003143416666666769 -0.04309490052727318 0.5298517548096987 4.4408920985006264e-17 0.5493951625
0 0.17653323437500018 0.013321625000000115 0.13390232254474613 -0.004870917451266606 -0.04250896808025402 0.7300406367153999 0.00012194375000005309 0.7482331791666667
0 0.22902994857413259 0.025863837812399516 0.185475740625 0.00573404583333336 -0.04261931107413257 0.8831068538542671 0.0009348968750000353 0.9032366458333333
0 0.27977480982797576 0.11974563559702385 0.20823848749999999 0.08702957083333336 -0.01856213818715493 0.9686614218267157 0.05297418414082085 1.0013774865904062
0 0.35365522786657644 0.01939012335425227 0.311743953125 4.4408920985006264e-17 0.061841876097063195 0.9602794547587462 0.1037531508386397 0.9796695781129985
0 0.4098513906250001 0.00898586666666678 0.36572980160416213 -0.011683706423783757 0.11149681250000003 0.9530978999999998 0.155618401520838 0.9737674730904504
0 0.4350530062499999 0.1260514208333334 0.38617348983605804 0.10376872768742731 0.16788724798809077 0.95503035702903 0.21676676440203266 0.9773130501749362
0 0.49439873749999996 0.1314711250000001 0.4401224870138904 0.10581921906493867 0.21377851151178687 0.9572250343052746 0.26805476199789646 0.9828769402403361
0 0.5992699656250002 0.007901925000000205 0.5456939243898737 -0.019016670785675503 0.2731553662177113 0.9453088186054761 0.3267314074528377 0.9722274143911519
0 0.665119340625 0.00573404583333339 0.6388876626597602 -0.00917679918119596 0.32786794263947533 0.9635462688302051 0.3540996206047152 0.9784571138447345
0 0.6529250125 0.19650754583333352 0.619448654397017 0.17905526731234295 0.39112505299405304 0.9576551768743912 0.424601411097036 0.9751074553953818
0 0.6992634625 0.19650754583333357 0.6570175239589874 0.17333719639271258 0.4196499068875382 0.9427356736722327 0.4618958454285509 0.9659060231128536
0 0.7976310468750001 0.011153745833333535 0.7629981733586568 -0.007649252692719166 0.4776508796086569 0.9267073223072806 0.5122837531250001 0.9455103208333334
0 0.8016958250000001 0.11412807916666695 0.7667333014634645 0.09566541326556072 0.5204133062500003 0.924915454166667 0.5553758297865359 0.9433781200677731
0 0.8480342750000002 0.12171566250000024 0.8118731269811871 0.10191883067944106 0.559856995731187 0.9202937848461076 0.5960181437500001 0.9400906166666668
0 0.9260779781250001 0.027412850000000214 0.8913070152438337 0.007976349903382147 0.6033347437500001 0.9238315125000002 0.6381057066311664 0.9432680125966182
0 0.9683516531249999 0.045839837500000216 0.9279936427630575 0.022197768745476174 0.6381929097851085 0.9016681629716001 0.6785509201470511 0.9253102317261243
0 1.0158831279294511 0.08080301337616505 0.9863112323845236 0.06203827451849045 0.6821914031250002 0.9140760500000001 0.7117632986699276 0.9328407888576749
0 1.0250509719286556 0.1471183160787992 0.9968050843749999 0.12930324166666682 0.7181689811963443 0.914687958921201 0.74641486875 0.9325030333333333
0 1.0227984216340336 0.2362956516152347 0.9936742743042191 0.218537867872348 0.7569832843750002 0.9086563458333335 0.7861074317048147 0.92641412957622
0 1.0250734515836009 0.36531205537866 0.997618040625 0.3471752500000001 0.7888736077913991 0.9089465279546735 0.81632901875 0.9270833333333334
0 1.0253646459450079 0.4713194397939274 0.994601369472609 0.451453316443471 0.8285233468750001 0.9086563458333335 0.8592866233473988 0.9285224691837899
0 1.0222238252774183 0.5693870758637345 0.9943662187499995 0.5509560333333333 0.8632632965975813 0.9032325908029324 0.8911209031249998 0.9216636333333336