0 0.21341532558319282 0.8912975222857737 0.20688935820141913 0.47135621052916693 0.18339792812499997 0.47200520833333326 0.1899238955067737 0.89194652008994
0 0.25164745937500005 0.8789062499999999 0.2418629742820709 0.4308831546266887 0.21676381562499997 0.4318576375 0.2265483007179291 0.8798807328733111
0 0.2916023853101059 0.8563433040858005 0.276819746756236 0.4565654529323476 0.2557174322617221 0.4579526584045754 0.27050007081559196 0.8577305095580283
0 0.3183860067025713 0.8655740614529723 0.30533330895950106 0.4325522675787041 0.27779897187499997 0.43402777916666674 0.29085166961807013 0.867049573040935
0 0.34852859343101794 0.8643685438237511 0.3329905061077335 0.43355686352109846 0.30872345 0.4351128458333333 0.32426153732328444 0.865924526135986
0 0.37777298231054113 0.8641732655041456 0.3613749823569991 0.4344391201562844 0.335448290625 0.43619791666666663 0.351846290578542 0.8659320620145279
0 0.4038467271908823 0.8688239961841735 0.39072827313718805 0.43471421674075084 0.3631107 0.43619791666666663 0.3762291540536943 0.8703076961100893
0 0.43063952499999997 0.8680555541666667 0.4184306888912371 0.4327703965682981 0.3932139125 0.4340277791666667 0.4054227486087629 0.8693129367650354
0 0.45588916923300077 0.8713046380035573 0.44446963054645144 0.43181527611277787 0.42006272187500004 0.43294270833333337 0.4314822605615493 0.8724320702241127
0 0.4860330962650381 0.8713746809784635 0.47782834375 0.4752604166666666 0.45009718185996184 0.47628156902153634 0.45830193437499994 0.8723958333333333
0 0.5160675562499999 0.869140625 0.5071844509684299 0.4783814138571498 0.48033564159342995 0.47946648469048303 0.48921874687499994 0.8702256958333333
0 0.5559339718750002 0.8767361124999999 0.5453477292366812 0.44232097517285907 0.5056554279167315 0.44404054828895095 0.5162416705550503 0.8784556856160919
0 0.5958204448462217 0.8730676044500837 0.5909187843750001 0.4437934041666667 0.5526760462885127 0.4445697136468329 0.5575777067597343 0.8738439139302498
0 0.65519320625 0.4427083333333334 0.6113039886064242 0.44083041294984615 0.6005548920477389 0.887442117622285 0.6444441096913147 0.8893200380057722
0 0.7023820250000001 0.44162326250000017 0.6584781172396106 0.43944494901900744 0.6462436031250002 0.8778211791666668 0.6901475108853898 0.8799994926476595
0 0.7479456695272501 0.44266021583431936 0.7116265540758644 0.43993769749640305 0.6929117189236144 0.8837792191620838 0.7292308343750001 0.8865017375
0 0.7894372562499999 0.4405381958333334 0.7498298221893973 0.43626786506606974 0.7229056416269869 0.880218989179946 0.7625130756875895 0.8844893199472097
0 0.837439675 0.43836805416666685 0.8006088760853171 0.43425824503806526 0.7705056635853171 0.9138589408713986 0.8073364625 0.9179687500000002
0 0.8708973718749998 0.4372829875000002 0.8400023990083444 0.4336936360612721 0.80906375 0.9071180541666668 0.8399587228666554 0.9107074056053949
0 0.9099501874999998 0.43836805416666674 0.875494876630509 0.43363852060705554 0.8387902638788087 0.9090131292169016 0.8732455747482997 0.9137426627765127
0 0.951023120568164 0.4407625002421402 0.914554450167101 0.4345733659898437 0.8692004692867392 0.9096710488866935 0.9056691396878023 0.9158601831389901
0 0.9978190187500001 0.4416232625000002 0.9618714295167783 0.43490170017448804 0.9112325368162881 0.916362811840455 0.9471801260495101 0.9230843741659671