0 0.0680164750000001 0.1052188541666667 0.03887063384052482 0.09710289490976459 -0.025012244284475228 0.5049512199097645 0.004133596875000057 0.5130671791666667
0 0.11536495937500006 0.09920635000000004 0.0698040148419409 0.08708929370107568 -0.042178910158059114 0.835646289534409 0.0033820343750000648 0.8477633458333333
0 0.1574525000000001 0.10321468750000004 0.11056534673767973 0.09201887712059932 -0.0028325169117230375 0.9362875545984803 0.044054636350597344 0.9474833649778811
0 0.18150252500000014 0.10521885416666672 0.1644801369785919 0.10122007527436325 0.0552399000000001 0.9279300958333334 0.07226228802140833 0.9319288747256368
0 0.21306818125000024 0.10321468750000008 0.18960650861690115 0.09773458886363132 0.0807930500000001 0.925925925 0.1042547226330992 0.9314060236363688
0 0.2498947812500001 0.04810005000000007 0.22001164457152328 0.04161909484352481 0.1131102687500001 0.91790925 0.1429934054284769 0.9243902051564753
0 0.27845418437500025 0.04709796250000008 0.24850953815811283 0.04104991701552661 0.14843374062500012 0.9219175875000001 0.1783783868418875 0.9279656329844737
0 0.2942370125000002 0.1372855541666667 0.2784591185751174 0.1342339461131647 0.19322270551005374 0.9177049323674602 0.2090005994349365 0.9207565404209622
0 0.3240440130041151 0.12263508294094401 0.302053271949447 0.11844637022699121 0.21663059019533196 0.9157247081193806 0.23862133125000007 0.9199134208333334
0 0.3551136375000001 0.10421677083333342 0.3239368485154953 0.0990462358842017 0.24764009062500003 0.9169071666666665 0.2788168796095048 0.9220777016157983
0 0.3919402343750001 0.10321468750000008 0.35449545018202683 0.09761949008016003 0.28596981875000005 0.9128988291666668 0.3234146029429733 0.9184940265865068
0 0.4212512031250001 0.10421677083333342 0.3898916967815439 0.10028875692230117 0.33256673750000004 0.9139009124999998 0.36392624384345623 0.9178289264110321
0 0.492662626513565 0.19414644860006333 0.41534534642354715 0.18726403876134795 0.3799152250000001 0.8948613125 0.45723250509001795 0.9017437223387154
0 0.5362403812500001 0.1382876375000001 0.49641034475958845 0.13618855761997486 0.4738606312500001 0.8968654791666667 0.5136906677404117 0.8989645590466918
0 0.573066978125 0.1422959750000001 0.5340401108011079 0.14111175950894195 0.5212091156249999 0.8928571416666667 0.560235982948892 0.8940413571577249
0 0.618160775 0.13528138333333342 0.5723325091943045 0.13487347716628342 0.5685576000000001 0.8888488041666668 0.6143858658056958 0.8892567103337168
0 0.673024890625 0.8838383833333333 0.6609998812500001 0.13427930000000002 0.6122509579082058 0.13566964331750658 0.6242759672832059 0.88522872665084
0 0.7075967999999999 0.8768237916666667 0.6880561562499999 0.2134439625 0.6595996829105972 0.214934130229848 0.6791403266605972 0.8783139593965147
0 0.7278890093750001 0.8718133708333333 0.7038136346789693 0.29300125941431543 0.6903685318106891 0.29399546694305545 0.71444390650672 0.8728075783620733
0 0.757951540625 0.8678050333333334 0.7045905468750002 0.05912297500000004 0.6859457856189655 0.061310134225807174 0.7393067793689654 0.8699921925591404
0 0.7970328281249999 0.8658008666666667 0.7459716573791436 0.13392413905415484 0.7136544386291436 0.1379324765541549 0.7647156093749998 0.8698092041666666
0 0.8361141187500001 0.8587862749999999 0.7712707894496759 0.1369644174711171 0.743026570785495 0.14147510054972895 0.8078699000858194 0.8632969580786118
0 0.8684313375 0.8517716833333334 0.7802772341203518 0.06918425606669273 0.7553981800206244 0.07416645430506821 0.8435522834002726 0.8567538815717088
0 0.9037548093750001 0.8497675166666667 0.8183438184768728 0.11407401914389016 0.7892120037566503 0.1200866128130213 0.8746229946547779 0.8557801103357979
0 0.9420845343750003 0.8417508416666668 0.8483485423443001 0.11403698949985047 0.815600328759774 0.12153611851952976 0.9093363207904739 0.849249970686346
0 1.0090732338155322 0.8371419181333722 0.8970443137047754 0.08247945862751874 0.8384317654818979 0.09794786166345952 0.9504606855926546 0.852610321169313