0 0.11883066271955098 0.9306421791623409 0.10905781250000005 0.11196093750000002 0.0439664651847576 0.11273795296771608 0.053739315404308555 0.931419194630057
0 0.18792584099505652 0.9266072587987862 0.18221996942013002 0.10712691250267055 0.11068437499999999 0.107625 0.11639024657492647 0.9271053462961156
0 0.23506562500000006 0.9314187500000001 0.22854245657939248 0.11052141891461083 0.17736451825447727 0.11092809865210185 0.18388768667508487 0.931825429737491
0 0.2814075935322816 0.9283284227975429 0.26671989083964587 0.11341107696858765 0.21550135980736423 0.11433421667104479 0.23018906250000004 0.9292515625
0 0.31636093750000005 0.17591250000000005 0.2765265625000001 0.17591250000000005 0.2765265625000001 0.924915625 0.3163609375000001 0.924915625
0 0.3529460638018265 0.924876765178209 0.35212884771365427 0.17261678346043374 0.31148437500000004 0.1726609375 0.3123015910881723 0.9249209192177753
0 0.38383750000000005 0.9281671875 0.37895110610586974 0.17246649438567915 0.3488796875 0.1726609375 0.3537660813941303 0.9283616306143209
0 0.4155421875 0.9281671874999999 0.40334843749999993 0.17482812500000003 0.37415908013431876 0.17530059184009275 0.38635283013431887 0.9286396543400925
0 0.4374921874999999 0.9259999999999998 0.4277359374999999 0.20734687499999996 0.4089836549881656 0.20760145116462195 0.4187399049881656 0.9262545761646217
0 0.47326249999999986 0.9259999999999999 0.4667052732508834 0.20700630868543443 0.4284990760325659 0.2073547494317279 0.4350563027816824 0.9263484407462934
0 0.5156068085151001 0.9272803943574266 0.500903125 0.2116828125 0.4577447539848999 0.2125696056425735 0.47244843750000004 0.9281671875
0 0.5480885089513643 0.9255476665372987 0.5391109375 0.21493437499999998 0.5033068035486358 0.2153867084627012 0.512284375 0.9259999999999999
0 0.585472132964608 0.9223235585934914 0.5764884217712603 0.2144909415057429 0.5415500000000001 0.21493437499999998 0.5505337111933477 0.9227669920877485
0 0.626096875 0.924915625 0.6121920874110879 0.12116859674156258 0.5715573739115181 0.12187157546506977 0.5854621615004302 0.9256186037235071
0 0.6643325983325366 0.9284548476075498 0.6488483497884475 0.12214452086673919 0.607361063955911 0.12294123575918922 0.6228453125 0.9292515624999999
0 0.6951984375000001 0.9281671875000003 0.6772766347367475 0.1232862800349932 0.6463997557682067 0.123973797069733 0.6643215585314594 0.92885470453474
0 0.7415375000000001 0.9325031250000004 0.7277171874999999 0.292978125 0.6798223593686827 0.29401314551039226 0.6936426718686829 0.9335381455103926
0 0.7700011762891956 0.9297560205442075 0.7528401046418105 0.10928370865884354 0.7251889283526151 0.10986206311463616 0.7423500000000001 0.9303343749999999
0 0.8066240572970251 0.9230701416248845 0.7901871836315139 0.11438890965190233 0.7496671875 0.11521250000000002 0.7661040611655113 0.9238937319729821
0 0.8448606186525488 0.9240595671629654 0.8268968750000001 0.12063125000000001 0.7862460767043746 0.12154015562885893 0.8042098203569232 0.9249684727918244
0 0.8878687500000002 0.9303343749999998 0.8707968750000002 0.11846406249999997 0.826779591475783 0.11938965067657836 0.8438514664757829 0.9312599631765781
0 0.9342823494528523 0.921335101279305 0.9162098987344551 0.21271252457414858 0.860854111781603 0.21412429829484356 0.8789265625 0.922746875
0 0.9716420051991271 0.9275573153334549 0.9512389585497815 0.11032957191765211 0.9268110158506542 0.11093944408419731 0.9472140624999998 0.9281671875
0 0.9919429624523989 0.9277527104491391 0.9740082164553551 0.11801467465947764 0.95371875 0.1184640625 0.9716534959970439 0.9282020982896613