0 0.11254831662642255 0.2749123311828216 0.053126301183943306 0.273174368783175 0.04237065625000008 0.9269382624999999 0.10179267169247934 0.9286762248996465
0 0.1702808914977866 0.2797132656241443 0.11443448431763485 0.2780670226955896 0.10363602500000009 0.9293063 0.15948243218015185 0.9309525429285548
0 0.22892087697857785 0.284759023837206 0.17733207812500001 0.2828510583333333 0.16390822153928414 0.9281183847280956 0.21549702039286198 0.9300263502319682
0 0.28655588993029196 0.2893286915918697 0.23179462014505336 0.287538751479459 0.21995153750000013 0.9316742625000001 0.2747128072852387 0.9334642026124108
0 0.32164972432659517 0.30908344308572944 0.29098385625000006 0.3077147250000001 0.2754083090800738 0.9281008021800735 0.30607417715666896 0.9294695202658029
0 0.3529122828839937 0.3121435944093936 0.32090382128358563 0.3111782231907576 0.31047387277459204 0.9259728912813642 0.3424823343750001 0.9269382625000001
0 0.38226354365189963 0.26593652633262493 0.35402508437499997 0.26509129583333335 0.3426567907231004 0.940300873667375 0.37089525000000007 0.9411461041666666
0 0.41148800472248415 0.2728404298111741 0.38332593125000003 0.2721951958333334 0.3746743758048005 0.9434989356762046 0.4028364492772846 0.9441441696540452
0 0.4437237139524134 0.3032118341088579 0.4108673081526713 0.3029656192924973 0.40818328795025793 0.9397158685169729 0.4410396937500001 0.9399620833333333
0 0.5062145 0.9395123125 0.5058542281551913 0.24964840106592254 0.4424556391776142 0.24970726156800296 0.4428159110224229 0.9395711730020805
0 0.5715643310669869 0.9396416430476706 0.5694322112549381 0.25692388093040947 0.5117158114379513 0.2572443212160722 0.5138479312500001 0.9399620833333333
0 0.6221953883648945 0.25008617809960587 0.5796813384247771 0.2496839226039068 0.57600123125 0.9411461041666667 0.6185152811901174 0.9415483596623658
0 0.6656799952391199 0.9422979177298801 0.6653925716812198 0.252038105462804 0.6218848170670997 0.25207031273292385 0.6221722406249999 0.942330125
0 0.733160284375 0.2781151375000001 0.66834325 0.2781151375000001 0.66834325 0.9411461041666667 0.733160284375 0.9411461041666668
0 0.802114414553067 0.9349553434617993 0.8006270609208697 0.2790486113981377 0.7334486744928027 0.2793194304363386 0.7349360281250001 0.9352261625000001
0 0.8389170054506156 0.34544485538544495 0.802416796875 0.34441823333333343 0.7932979877105362 0.9207868927823523 0.8297981962861517 0.9218135148344636
0 0.8912872342877527 0.3532890884875636 0.8397087281249999 0.3515221166666668 0.8289118792408576 0.9118130984827547 0.8804903854036106 0.9135800703036515