0 0.26203765312500005 0.7384456749999999 0.22880040337873847 0.25690926031248534 0.17320668749999998 0.26373106250000006 0.20644393724626156 0.7452674771875146
0 0.31480825 0.7441998125000001 0.28489297958320947 0.25397629639493585 0.22829726875 0.260116175 0.25821253916679054 0.7503396911050643
0 0.36592248125000004 0.7479175208333333 0.34508168750000007 0.2546164791666667 0.29132674035304457 0.25865384529820756 0.3121675341030446 0.7519548869648742
0 0.4212535625000001 0.7494081458333334 0.3969511873314486 0.25084472596293084 0.3410410051994027 0.2556897584177769 0.3653433803679542 0.7542531782881794
0 0.4706951812500001 0.7455495583333334 0.4603160625000001 0.2728456458333334 0.4103020970833933 0.2747979165794359 0.4206812158333933 0.7475018290794359
0 0.5159783187500001 0.7562054208333335 0.5124267125000002 0.27195602083333337 0.46003668889806715 0.2726391169046728 0.46358829514806715 0.756888516904673
0 0.5417275593750001 0.7621253625000002 0.53728808125 0.2032849416666667 0.5140252383947539 0.20361347872902694 0.5184647165197539 0.7624538995623603
0 0.5648113642218596 0.7642241954131883 0.5612523430865246 0.20065790511500473 0.537280666364665 0.20092703470181633 0.5408396875 0.7644933249999999
0 0.58824575 0.19854902083333345 0.5648130625000001 0.19854902083333345 0.5648130625000001 0.7656772625 0.58824575 0.7656772625
0 0.6171994125 0.19736504166666677 0.5914658170057056 0.19692453342854668 0.5859328291324042 0.7715483559840968 0.6116664246266986 0.771988864222217
0 0.6458629375000001 0.19602272916666677 0.6189897005409686 0.19526804400910563 0.6098600755409685 0.7732104815091057 0.6367333125000001 0.7739651666666668
0 0.678464840625 0.19381307916666676 0.6492360457340433 0.19238159830077847 0.633188880158853 0.77488862594437 0.6624176750498098 0.7763201068102583
0 0.7406181406250002 0.24354041250000014 0.6795819408058036 0.2395984694513532 0.6600113759014681 0.7783121141170118 0.7210475757206647 0.7822540571656587
0 0.8275035624999999 0.24419981250000017 0.7456607415527098 0.23509075386269554 0.7117911377112458 0.7760875367843868 0.7936339586585358 0.7851965954216914
0 0.9181989625000002 0.23288455000000013 0.8350630637644789 0.22114331445386953 0.7904915000084631 0.7822043898172707 0.8736273987439844 0.7939456253634013