0 0.09767656250000004 0.9086562499999999 0.02378032924805574 0.15108019708576215 -0.021423166346748415 0.15548948119846234 0.05247306690519589 0.9130655341127001
0 0.13751093750000004 0.915159375 0.07367849380682047 0.13278960938716405 0.0367046875 0.13580625000000004 0.10053713119317957 0.9181760156128359
0 0.17084218750000008 0.9140765625000002 0.11881406250000001 0.139059375 0.07629411990540881 0.14191380574551715 0.1283222449054089 0.9169309932455173
0 0.2155546875 0.9162437499999999 0.1728806454614631 0.15904961764701986 0.12369062499999998 0.161821875 0.16636466703853695 0.9190160073529802
0 0.2537640625 0.9205796875000001 0.2315460685195526 0.16023811659267587 0.177346875 0.161821875 0.1995648689804474 0.9221634459073241
0 0.3024733056974568 0.9194151723448218 0.27946690713161476 0.0052920593001144125 0.21880625 0.00681875 0.241812648565842 0.9209418630447074
0 0.33510613013859614 0.9192194971270448 0.32930407183312316 0.011879217722715083 0.27327500000000005 0.012237500000000002 0.279077058305473 0.9195777794043298
0 0.38709302702145404 0.9194020610012231 0.38545399759360094 0.061986562840988066 0.32692968749999995 0.06209843749999999 0.3285687169278531 0.9195139356602351
0 0.43342656249999995 0.05884687500000004 0.3838437077185149 0.058613328208632666 0.37977361782896596 0.9227085904880109 0.42935647261045107 0.9229421372793782
0 0.48402940148117224 0.05635407608580527 0.4374921874999999 0.05559531250000005 0.42342449528796644 0.9184084666103468 0.46996170926913877 0.919167230196152
0 0.5252906250000001 0.15748593750000006 0.48629270250699486 0.15651945003950402 0.46749533259304965 0.9149963107740996 0.5064932550860549 0.9159627982345956
0 0.5744836163579048 0.18861271090213577 0.5244781250000001 0.1867515625000001 0.4972351336420954 0.9187185390978646 0.547240625 0.9205796875000003
0 0.6140334425216796 0.011427533120021666 0.5830109374999999 0.010070312500000067 0.5430462449783204 0.9235584043799785 0.5740687500000001 0.924915625
0 0.6498024852063164 0.01713047397112819 0.6155296875000001 0.015489062500000081 0.5722923252735858 0.918288509808705 0.6065651229799021 0.919929921279833
0 0.6839045273967183 0.021542321491049118 0.6537375 0.01982500000000008 0.6022915974124496 0.9235404434371537 0.6324586248091679 0.9252577649282026
0 0.7212125000000003 0.0447562500000001 0.6856191395323169 0.04225770985703391 0.6238347645323168 0.9224170848570339 0.659428125 0.924915625
0 0.7620394759730917 0.04790932356344032 0.7220265625 0.04475625000000009 0.6527464615269084 0.9239297389365598 0.6927593750000002 0.9270828124999999
0 0.8125000000000003 1.1102230246251565e-16 0.7616067144364735 -0.003837771807848056 0.6915102803762355 0.925721882655526 0.7424035659397623 0.9295596544633742
0 0.8633194237867983 0.045995318328012694 0.8263147128975976 0.0421934635595492 0.735846875 0.922746875 0.7728515858892007 0.9265487297684636
0 0.8968109375000001 0.04909218750000013 0.8613559116547839 0.0451710851888096 0.7644787921129873 0.9211443459124349 0.7999338179582035 0.9250654482236254
0 0.90998694098409 0.18301457598863471 0.8740484374999999 0.1791640625000001 0.7940627788144368 0.925704720475381 0.8300012822985268 0.9295552339640156
0 0.9407109374999999 0.21276718750000018 0.9115611398367657 0.20954922102757215 0.8320174615082403 0.9300918831506072 0.8611672591714745 0.9333098496230352
0 1.0001169617176457 0.09864867444996332 0.9691640625 0.0946171875000001 0.8605339556288305 0.9286560400916095 0.8914868548464762 0.9326875270415727
0 1.0370817563439865 0.12000909143227838 0.9997484375000001 0.11491875000000014 0.8892687445449561 0.9251931997102183 0.9266020633889424 0.9302835411424966