0 0.17348256820781524 0.9761277130343514 0.13251795248343037 0.25952003143256447 0.0806045125 0.26479578750000005 0.12156912822438488 0.981403469101787
0 0.19771859938536052 0.9691209254294464 0.14236654325307518 0.002087926972941608 0.1171875 0.004650104166666667 0.17253955613228533 0.9716831026231714
0 0.22205872812500002 0.9801964083333334 0.16673271243989826 0.00385493765068566 0.14682956744267148 0.005859995185010096 0.2021555831277732 0.9822014658676578
0 0.257828759375 0.9693570083333333 0.23318421982691512 0.24864118950088684 0.181410965625 0.25178849999999997 0.20605550517308488 0.9725043188324464
0 0.297663565625 0.9661051875 0.27884336136842724 0.2558469627443026 0.226936459375 0.25829214166666664 0.2457566636315728 0.9685503664223639
0 0.337498375 0.9606854833333333 0.3201417504256686 0.07467123545970772 0.27652673124999994 0.07619016666666667 0.29388335582433134 0.962204414540292
0 0.37733318125 0.961769425 0.3658666348593926 0.08703561276908071 0.31961335937499996 0.08811350833333333 0.33107990576560736 0.9628473205642525
0 0.41148234702221237 0.9580214446143054 0.4033152733318466 0.006285190034190775 0.36839067499999995 0.006817983333333334 0.37655774869036573 0.9585542379134481
0 0.4488925379196698 0.9591538074310286 0.4423589297457304 0.009602547711073528 0.40416070625 0.010069804166666665 0.4106943144239394 0.9596210638866217
0 0.48708490193000936 0.9617170323314241 0.48626726491924677 0.014349439149090443 0.44968620000000004 0.014405566666666666 0.45050383701076263 0.9617731598490004
0 0.5163529583183663 0.9549624811857995 0.5130950361544149 0.38048235551347925 0.48301126221104856 0.3807856576610129 0.48626918437499994 0.9552657833333332
0 0.53992423125 0.2886424750000001 0.513909665625 0.2886424750000001 0.513909665625 0.9563497208333334 0.53992423125 0.9563497208333334
0 0.5675647125000001 0.9325030333333333 0.557797678645822 0.25966310275797105 0.52691695 0.2604600250000001 0.536683983854178 0.9332999555753624
0 0.6114785023320388 0.1889838005818317 0.565125846875 0.18783602083333342 0.5545004245854462 0.9506870455454675 0.6008530800424852 0.9518348252939657
0 0.6553638781250003 0.1889199625000001 0.608289905757162 0.18774424364106926 0.5975555702472326 0.9518087088725721 0.6446295426150708 0.9529844277315029
0 0.6748748062500001 0.3222446250000001 0.6529273724624538 0.3219413787591316 0.6480472812500002 0.9498460791666667 0.6699947150375465 0.9501493254075352
0 0.699270896344038 0.3185104302593556 0.677313671875 0.31790886250000017 0.6675507755309621 0.9514123947406447 0.689508 0.9520139625
0 0.7252780312500002 0.31899280416666687 0.7009196837652895 0.31826735506751297 0.6903512650152895 0.949120630067513 0.7147096125000003 0.9498460791666669
0 0.752918509375 0.3211606833333335 0.7195324700543373 0.3204723114294966 0.7122158731793373 0.9513255905961632 0.7456019125000001 0.9520139625
0 0.797631046875 0.23661333750000013 0.7521345780572373 0.2355300869040025 0.7426125978851277 0.9465037279627894 0.7881090667028905 0.947586978558787
0 0.8488472281250002 0.23661333750000016 0.7988966893457625 0.2332680961336449 0.7720157899740855 0.9468338302950037 0.8219663287533232 0.9501790716613588
0 0.8707970218750001 0.1423105291666668 0.8416329349536298 0.14084906262952365 0.8188701880786295 0.9483846126295236 0.8480342749999998 0.9498460791666667
0 0.8903079468750003 0.14339446666666686 0.8676481681073938 0.14217126680299277 0.8432595118573938 0.9453710584696594 0.8659192906250002 0.9465942583333334
0 0.9042987935657159 0.24630669307519562 0.88217839375 0.2452848583333335 0.8640450668272477 0.943143197673702 0.8861654666429637 0.9441650324155642
0 0.9228261562500002 0.24853667916666683 0.9025220414140034 0.24769199430517316 0.8862463344990521 0.9432072880156739 0.9065504493350488 0.9440519728771675
0 0.94558890625 0.2517885000000002 0.9228261562500002 0.2507045625000002 0.9043653911515621 0.9399083518648087 0.927128141151562 0.9409922893648088
0 0.9602886404798733 0.25696519651163696 0.9431500406249999 0.25612426250000014 0.9243336629863654 0.9378770386680627 0.9414722628412389 0.9387179726796995
0 1.0018736997343298 0.1671521518738792 0.973456423927993 0.1651540619992872 0.9431500406250002 0.9314190958333335 0.9715673164313371 0.9334171857079254