0 0.07088805004198342 0.9579975819223033 0.06431509058986863 0.14507631947624242 0.0000520405478852055 0.1455959250539391 0.006624999999999999 0.9585171875
0 0.12533060238914728 0.9550147958493478 0.12124080189688888 0.040180495345670766 0.06513363700774162 0.04043132449632299 0.0692234375 0.955265625
0 0.17410005181441812 0.14710959889302522 0.12856875 0.146646875 0.1204288149222154 0.9476036580036707 0.16596011673663352 0.948066381896696
0 0.21636875000000005 0.1455625 0.16840312500000007 0.14556249999999998 0.16840312500000015 0.947678125 0.21636875000000008 0.947678125
0 0.2740894179575085 0.9346217377477568 0.2732739824322771 0.03387597512458212 0.21961737697476846 0.03392454987682515 0.22043281249999996 0.9346703125
0 0.3358740111334005 0.03920475952093533 0.2773390625 0.03825156250000004 0.2626031814807146 0.9431684050698788 0.3211381301141151 0.9441216020908142
0 0.389528125 0.038251562500000044 0.33103547683376694 0.03716793158178201 0.31434994680566886 0.937825914841986 0.372842594971902 0.9389095457602041
0 0.4424547132474516 0.03818293495682508 0.38290278921380966 0.03704179460554209 0.36574495096635806 0.9324463596487169 0.425296875 0.9335874999999998
0 0.49611196922308565 0.04592162985614343 0.4391171875000001 0.04475625000000005 0.4210111063233975 0.9302633566150126 0.47800588804648303 0.9314287364711559
0 0.5480531250000003 0.04475625000000006 0.4863304255767327 0.044126838397798136 0.47732656250000005 0.9270828124999999 0.5390492619232676 0.9277122241022019
0 0.6221572717930803 0.03942802442365238 0.550582389893598 0.03823954300004537 0.5358251181005177 0.9269787060763932 0.6074 0.9281671875
0 0.6732484375000003 0.04367187500000009 0.6180533513758374 0.04290341522533629 0.6058493604773746 0.9194624114250572 0.6610444466015375 0.920230871199721
0 0.7000765625000002 0.1509828125000001 0.6659426854224816 0.1507304166021552 0.6602262408461508 0.9238191163591868 0.6943601179236694 0.9240715122570317
0 0.7326230456066508 0.15269655620735567 0.6976375000000001 0.1520656250000001 0.6837004485853289 0.9248841862087145 0.7186859941919795 0.9255151174160702
0 0.7773078125000003 0.0902812500000001 0.72947032312595 0.08933082057731342 0.7130843750000001 0.9140765625 0.7609218643740504 0.9150269919226867
0 0.8188432507179616 0.08766397512739874 0.7766493558129162 0.0869933970359263 0.7634875000000001 0.9151593750000002 0.8056813949050456 0.9158299530914725
0 0.8578321983955023 0.08837268034738033 0.8082604718827768 0.08803024806850464 0.802509375 0.9205796875000001 0.8520811015127254 0.9209221197788757
0 0.9106478541139735 0.04641577303170904 0.8553515624999999 0.045839062500000104 0.8463532038550179 0.9086217521200612 0.9016494954689914 0.9091984626517704
0 0.9529062500000001 0.04583906250000012 0.897625 0.04583906250000011 0.897625 0.9043203125 0.9529062500000001 0.9043203125