0 0.15670093750000008 0.998076 0.15143999375 0.0040083375 0.02216694585531258 0.005224616402928557 0.02742788960531268 0.9992922789029286
0 0.2799573125 0.00501042083333337 0.16196188125 0.00501042083333336 0.16196188125000005 0.9950697458333334 0.27995731250000006 0.9950697458333334
0 0.3325667375 0.00601250416666672 0.28822450625 0.004008337500000044 0.26307940280410025 0.9930500488708713 0.3074216340541003 0.9950542155375379
0 0.3836730406250001 0.005010420833333403 0.34326074838498055 0.001959408425580141 0.3010178947054751 0.9966779956709958 0.34143018694549465 0.999729008078749
0 0.4265121468750003 0.006012504166666758 0.39126191942917216 0.0026451765148937842 0.33777043173585747 0.9981392907272633 0.3730206591816855 1.0015066183790362
0 0.4731090656250002 0.005010420833333429 0.4374274489887746 0.0009173879811052406 0.37339892626066584 0.9932339672355364 0.40908054289689144 0.9973270000877645
0 0.48814033125000006 0.17736892916666677 0.46577779547060916 0.17466164464050907 0.40982386994476994 0.9963273884540952 0.43218640572416084 0.999034672980253
0 0.5182028625000001 0.18037517916666676 0.49519344531482085 0.1774013649208646 0.43571022802731096 0.995609332620269 0.4587196452124903 0.9985831468660711
0 0.5529504709656062 0.2732690465688971 0.5182028625000001 0.2685586000000001 0.46269651550672164 0.9964774348585865 0.49744412397232773 1.0011878814274835
0 0.6234217187500002 0.004008337500000137 0.5826965739665236 -0.002159635764563861 0.49789338601230543 0.9932682580127007 0.5386185307957819 0.9994362312772647
0 0.6459686156250002 0.1964085291666668 0.615431401346905 0.1914020096368308 0.5413864126157268 0.9943116019982253 0.5719236268938219 0.9993181215280614
0 0.7083483656250004 1.6283271027835628e-16 0.6672469891181869 -0.007545579359779042 0.5638073973159973 0.9941322167896232 0.6049087738228107 1.0016777961494023
0 0.7556968500000002 0.003006254166666829 0.7142761337030789 -0.005074477610618218 0.6044986820776439 0.9952883178828297 0.6459193983745652 1.0033690496601146
0 0.8083062781250001 0.007014591666666862 0.764775194853834 -0.001973607786143668 0.6489668124655759 0.9951390795441969 0.6924978957367418 1.0041272789970075
0 0.8684313375000002 0.011022929166666777 0.8175577896164856 -0.0006269755639578396 0.6893592322545544 0.9946186180710418 0.7402327801380688 1.0062685228016663
0 0.9195376375000002 0.003006254166666829 0.8793496137985999 -0.006810253552769356 0.7422184581097041 0.9912419241391135 0.7824064818111045 1.0010584318585498
0 0.969892375 0.0070145916666668326 0.93260327582079 -0.002929168030504255 0.7833890652626395 0.9918322440889101 0.8206781644418495 1.0017760037860812
0 0.9954455281250001 0.009018758333333536 0.9774322406553981 0.004034410140852204 0.8237042938431038 0.9917113330398647 0.8417175813127058 0.996695681232346
0 1.0154787334956448 0.04620544522582826 0.997700215625 0.04108545833333347 0.8441043286705303 0.9892501152322066 0.8618828465411751 0.9943701021247014
0 1.0460691894793406 0.2083748484448585 0.9961970906250001 0.1924001916666668 0.8530893067722859 0.9866677776841581 0.9029614056266265 1.0026424344623497