0 0.06363194519972208 0.9849506120298781 0.05039169574933979 0.06037723362317297 0.003953500549617709 0.061042246593294845 0.017193749999999997 0.985615625
0 0.0911930877454209 0.9821367979448246 0.08548281250000006 0.1032890625 0.048866337741376595 0.10352697646502025 0.05457661298679743 0.9823747119098447
0 0.12288599052052455 0.9830182914726935 0.11230937500000007 0.1032890625 0.0765311969794755 0.10371920852730646 0.0871078125 0.9834484374999999
0 0.16190000000000002 0.978028125 0.1529578125 0.11196093750000002 0.11231370793260578 0.11238058993465741 0.1212558954326058 0.9784477774346574
0 0.19035312499999996 0.9845328124999998 0.18791406250000003 0.10003749999999997 0.15376459599722414 0.10013166972816563 0.15620365849722406 0.9846269822281656
0 0.2179937500000002 0.10328906250000003 0.18222960134083133 0.10322262355373293 0.18060248870990553 0.9790989173124096 0.21636663736907438 0.9791653562586766
0 0.2774026911300175 0.14402897155278074 0.21880625000000004 0.14339375000000004 0.20972363956637757 0.9812252833459316 0.26832008069639496 0.9818605048987123
0 0.3163609375000002 0.10437187500000004 0.2773438905664565 0.10393785092747583 0.26754869467974113 0.9844872071245296 0.30656574161328487 0.984921231197054
0 0.34237656250000026 0.10328906250000007 0.31311436573520546 0.10290691086049941 0.3017281250000001 0.9747765625 0.330990321764795 0.9751587141395005
0 0.37332350076862264 0.09719317069334237 0.3440015625 0.09678437500000005 0.3317159198344812 0.978004166929274 0.36103785810310385 0.9784129626226165
0 0.404186171536291 0.141682458808573 0.37326875 0.14122656250000004 0.36094612340926324 0.9769074697060025 0.3918635449455542 0.9773633660145755
0 0.44237031250000003 0.10220468750000004 0.4050166686284002 0.10136527901723838 0.3854872657955018 0.9704229230918358 0.42284090966710164 0.9712623315745974
0 0.4757965464651114 0.10190038055360037 0.43830468749999996 0.10112031250000005 0.42024136767072634 0.969284873726615 0.4577332266358377 0.9700649417802152
0 0.4912549191039511 0.1373341878199543 0.4708234375 0.13689062500000007 0.4527057404146638 0.9714317047577825 0.47313722201861486 0.9718752675777369
0 0.5187875000000001 0.10328906250000007 0.49116353755695225 0.10261061880487639 0.4700260375569522 0.9632590563048762 0.49765000000000004 0.9639374999999999
0 0.5765509282700987 0.020143516279233754 0.5163484374999999 0.01874062500000006 0.49432355425206553 0.9638978514178345 0.5545260450221643 0.9653007426970681
0 0.6318546165797575 0.026367114555465965 0.5758079490300008 0.02519676542188164 0.5561828125000001 0.9650218750000003 0.6122294800497569 0.9661922241335846
0 0.6537375000000002 0.2116828125000001 0.6277369450878875 0.21109018717097996 0.6106515625000001 0.9606859375000001 0.6366521174121128 0.9612785628290201
0 0.6992640625000002 0.020909375000000084 0.6603493770336227 0.020098652386117216 0.6407312500000001 0.9617687500000003 0.6796459354663775 0.962579472613883
0 0.73178125 0.023076562500000095 0.694426857751019 0.022268743187925415 0.674103420251019 0.9620453056879252 0.7114578125000001 0.962853125
0 0.7862959359409905 0.13386162972430876 0.7309687500000001 0.1325546875000001 0.7114118765590097 0.9604618077756915 0.7667390625000001 0.9617687500000003
0 0.8301500000000003 0.09353281250000009 0.7863419330334291 0.09274654751079041 0.770895058033429 0.9533949850107903 0.814703125 0.9541812500000001
0 0.859435747910603 0.09364696198857646 0.8082069660707736 0.09345268371347652 0.8049352806601707 0.9561557217249002 0.8561640625000001 0.9563500000000001
0 0.9203875000000001 0.1303875000000001 0.8692714593300426 0.12942650004361939 0.8537250000000002 0.9563500000000001 0.9048410406699577 0.9573109999563808
0 0.9545806004680181 0.12327912984154046 0.91068934925491 0.12271751153410089 0.9000640625000003 0.9530984375000001 0.9439553137131084 0.9536600558074397
0 0.9878759401340915 0.23032797101429076 0.946454325935442 0.23004250019855524 0.9415234375000002 0.9455109375000001 0.9829450516986498 0.9457964083157355