0 0.09442475312500001 0.8403681041666667 0.023501278916678917 0.2403718096955153 -0.016431341046910984 0.2487634471273718 0.054492133161410106 0.8487597415985232
0 0.13344660625000007 0.8457878083333333 0.05111695767636082 0.10672297856959385 0.008251496875000002 0.11521202083333335 0.09058114544863924 0.8542768505970728
0 0.17084254687500003 0.8468717500000001 0.09981295257482192 0.10023509338997003 0.049712212500000005 0.10870837500000001 0.12074180680017813 0.8553450316100302
0 0.20579962187500006 0.85229145 0.1548522328428087 0.10834999308170584 0.098489528125 0.11521202083333333 0.14943691715719137 0.8591534777516275
0 0.273274909375 0.85229145 0.2299402295178506 0.20799469386305527 0.15377048749999997 0.21710241250000004 0.1971051673571494 0.8613991686369448
0 0.31798744687499997 0.8457878083333333 0.27261936986689317 0.051708955073805046 0.22368463749999998 0.05667924166666667 0.2690527145081068 0.8507580949261949
0 0.38168703801854964 0.8459571684282866 0.35469360662580124 0.12163344226913403 0.27164900000000003 0.12713536250000002 0.2986424313927484 0.8514590886591527
0 0.4474239117242659 0.8455919013182173 0.4276649175363859 0.13975679371909602 0.3545704343750001 0.14339446666666672 0.3743294285628801 0.8492295742657879
0 0.491973462952333 0.8438930818229223 0.484643275 0.11196019583333332 0.43422732845307355 0.11285780907036384 0.4415575164054066 0.8447906950599527
0 0.5448097774522576 0.8442754205755916 0.5415501437499999 0.11846384166666667 0.4878872850477422 0.11889228775774188 0.4911469187499999 0.8447038666666667
0 0.5879119000277861 0.1350541098381347 0.545649730368348 0.13470999030116163 0.5423630968750001 0.8522914500000002 0.5846252665344382 0.8526355695369733
0 0.6220327125000003 0.14447840833333345 0.5928172121356048 0.14393654437006018 0.5854497281250001 0.8501235708333333 0.6146652284893955 0.8506654347966067
0 0.6570096045016119 0.1412389286998167 0.6221338494860181 0.1400925248085182 0.609025428125 0.8490396291666666 0.6439011831405937 0.8501860330579653
0 0.705848372672782 0.24062922787650806 0.655363878125 0.2376972791666668 0.6354841930638385 0.8462365599759754 0.6859686876116207 0.8491685086858165
0 0.7545591895066708 0.23398674008600062 0.7032978858641543 0.2310522828005622 0.6837721901074837 0.8374336468812285 0.7350334937500003 0.8403681041666669
0 0.8016958250000001 0.21710241250000015 0.7588612710574139 0.2140550891472403 0.7334075843750001 0.8501235708333333 0.7762421383175865 0.8531708941860933
0 0.8838043062500001 0.10545655416666681 0.8127177922518511 0.09732436889256658 0.7650218821240304 0.8385297549099981 0.8361083961221795 0.8466619401840983
0 0.9174157328150786 0.23677759724930542 0.8797395281249999 0.23227757500000007 0.8385450176541978 0.8454312085186901 0.8762212223442765 0.8499312307679955
0 0.9569702781249999 0.1444784083333335 0.9198981399190813 0.13985882720146195 0.8707970218750003 0.8403681041666667 0.9078691600809188 0.8449876852985383
0 0.99436621875 0.1444784083333335 0.9573889554315714 0.1391210725605071 0.9000634093749997 0.8425359875000001 0.9370406726934283 0.8478933232728265