0 0.10709776250000018 0.13427930000000005 0.036018557369395146 0.12898968498808214 -0.00038732110564820843 0.9986857124791676 0.07069188402495682 1.0039753274910856
0 0.13415404062500014 0.016033350000000036 0.1207621456291357 0.01497441351289686 0.0770352343750001 0.998076 0.09042712937086453 0.9991349364871032
0 0.15219155937500012 0.01302709583333337 0.13945976271353844 0.012020355261116849 0.09582431562500009 0.9930655749999999 0.10855611228646178 0.9940723155722165
0 0.1709806406250002 0.01102292916666671 0.15532114741691794 0.009918427735126443 0.11611652187500007 0.998076 0.13177601508308234 0.9991805014315404
0 0.19202440937500012 0.011022929166666707 0.17553251377824927 0.009906726421828781 0.1379118562500001 0.9980760000000001 0.15440375184675095 0.9991922027448381
0 0.2431307125000001 0.004008337500000047 0.20278033341627216 0.0007922992184841419 0.15826221170228313 0.993772788469951 0.19861259078601107 0.9969888267514669
0 0.2634229187500002 0.006012504166666721 0.2514940401803343 0.0050003569080566395 0.20414555580533422 0.9970638527413901 0.21607443437500012 0.9980760000000003
0 0.28596981875000016 0.005010420833333395 0.2695061106158644 0.003572059204335306 0.22065449811586432 0.9976397217043352 0.23711820625000013 0.9990780833333334
0 0.3062620250000002 0.004008337500000066 0.290485142043375 0.00286092782882094 0.2498947812500001 0.9950697458333335 0.26567166420662536 0.9962171555045126
0 0.32505110625000017 0.007014591666666727 0.3130605286856335 0.006157833158865728 0.27322767556063343 0.9972192414921991 0.28521825312500015 0.9980760000000001
0 0.345550589170656 0.007168816040174208 0.33031204999999997 0.006012504166666721 0.2879808379876413 0.9977723643772685 0.3032193771582974 0.9989286762507759
0 0.3656433998009004 0.002810247410310921 0.35077565938536115 0.00174790800051929 0.3107714031250001 0.9970739125000001 0.32563914354053936 0.9981362519097918
0 0.3859671747410314 0.004011106518484964 0.37101687859466587 0.0029619629734195557 0.33181517500000013 0.9960718291666668 0.34676547114636563 0.9971209727117322
0 0.41298400625000004 0.006012504166666747 0.394332795868519 0.004653306649835394 0.3536946578928871 0.9960231917105109 0.3723458682743682 0.9973823892273421
0 0.4400402843750001 0.002004166666666744 0.4198100125908966 0.0005116583841719239 0.37847403446589656 0.9965834917175052 0.3987043062500001 0.998076
0 0.4836309531250003 0.005010420833333429 0.4431692386576264 0.002498627510962903 0.4084746281250002 0.9960718291666668 0.4489363425923741 0.9985836224890374
0 0.5317310000000002 0.008016675000000095 0.4941735506365733 0.005469543813108409 0.4564622260647556 0.9940090655902034 0.4940196754281825 0.996556196777095
0 0.5776247712469761 0.221098005682086 0.5190259256305124 0.21896713858793784 0.5031715968750001 0.9940676624999999 0.5617704424914638 0.9961985295941481
0 0.6128998312500002 0.09519801250000011 0.5866056801852549 0.09449527354955087 0.5730669781250002 0.9950697458333335 0.5993611291897455 0.9957724847837828
0 0.6422107968750003 0.09519801250000011 0.6144079210215831 0.09470263847213425 0.6053842000000001 0.9950697458333335 0.6331870758534173 0.9955651198611993
0 0.6745280187500001 0.09018759166666677 0.6482455168537882 0.08976070711911809 0.639956109375 0.9970739125000001 0.666238611271212 0.9975007970475488
0 0.7060936750000001 0.09620009583333343 0.6828008739153899 0.09571590996905245 0.672273328125 0.9960718291666667 0.6955661292096103 0.9965560150309477
0 0.7316588659778299 0.09842034819860665 0.7091205341312785 0.09815052902593933 0.7030874218750001 0.9940676625000001 0.7256257537215515 0.9943374816726673
0 0.7632124812500003 0.1022126041666668 0.7376453650575179 0.10198407135439594 0.7331359869325178 0.9988495505210626 0.7587031031250001 0.9990780833333335
0 0.81356721875 0.12626262500000013 0.7699765500000001 0.12626262500000013 0.7699765500000002 0.9960718291666669 0.81356721875 0.9960718291666669
0 0.8691858320984419 0.9975575690276223 0.8639219562499999 0.12926887916666668 0.8158189772765579 0.12978731013904443 0.821082853125 0.998076
0 0.9218261919501402 0.9956065410322475 0.916531384375 0.12826679583333334 0.8699253155070792 0.1287725982258003 0.8752201230822193 0.9961123434247146