0 0.1593750000000002 0.12031250000000002 0.09078530403474702 0.11768705709223912 0.06562500000000009 0.775 0.13421469596525326 0.7776254429077609
0 0.23284890446180723 0.12384345825182445 0.16582617629057408 0.12173378399946118 0.1453125000000001 0.7734375 0.21233522817123324 0.7755471742523633
0 0.2875115012922472 0.12284374578774333 0.23293527812615386 0.12178657923731051 0.22031250000000008 0.7734375 0.27488872316609336 0.7744946665504329
0 0.35156250000000017 0.12656250000000008 0.29377770862179153 0.1252971396048568 0.2796191021408031 0.77187350223666 0.33740389351901173 0.7731388626318033
0 0.41250344089919144 0.7685845050716769 0.4109334050455905 0.13114994850973993 0.34374246414639914 0.13131544343806306 0.3453125 0.7687499999999999
0 0.4796875000000001 0.13125000000000003 0.41875 0.13125000000000003 0.41875000000000007 0.76875 0.47968750000000016 0.76875
0 0.5546875 0.7687499999999999 0.5468470668231539 0.12269830622787432 0.48123173068993746 0.12349460885085024 0.4890721638667836 0.7695463026229759
0 0.6343770611514181 0.7672936492980307 0.6218750000000001 0.1234375 0.5468729388485819 0.1248938507019693 0.559375 0.7687499999999999
0 0.6937499999999999 0.76875 0.6874999999999999 0.18593749999999998 0.6313067303891624 0.18654010878939234 0.6375567303891624 0.7693526087893924
0 0.7312500000000002 0.76875 0.7218412705109815 0.20265810907737986 0.6906258630146445 0.20317692471443807 0.7000345925036632 0.7692688156370583
0 0.7671875 0.765625 0.7515625 0.19062499999999996 0.7218969057141169 0.19143113027950767 0.7375219057141169 0.7664311302795077
0 0.7797737467894345 0.762158419113567 0.7624411396318551 0.202787915391689 0.7514173928424208 0.20312949627812218 0.76875 0.7625000000000001
0 0.8000924967850699 0.7556812747873825 0.7828125000000001 0.27812500000000007 0.7655345463166086 0.2787501891135438 0.7828145431016783 0.7563064639009263
0 0.83125 0.7515624999999999 0.8140270724025044 0.2802805721048919 0.781258335905293 0.28147810068120194 0.7984812635027887 0.75276002857631
0 0.9656513058493417 0.7615337659184114 0.9373360943233326 0.1197223046622059 0.8436994118281891 0.12385333477228574 0.8720146233541982 0.7656647960284912
0 0.7265625000000001 0.6468750000000001 0.703125 0.646875 0.7031250000000001 0.7328125000000001 0.7265625000000002 0.7328125000000002
0 0.934375 0.6468750000000002 0.890625 0.6468750000000002 0.890625 0.7234375000000002 0.934375 0.7234375000000002
0 0.8296875 0.6593750000000002 0.8015625 0.6593750000000002 0.8015625 0.7265625000000002 0.8296875 0.7265625000000002
0 0.6203125 0.653125 0.578125 0.653125 0.5781250000000001 0.7359375 0.6203125000000002 0.7359375
0 0.7765625 0.6593750000000002 0.771875 0.6593750000000002 0.7718750000000001 0.7375000000000002 0.7765625000000002 0.7375000000000002
0 0.7953125000000001 0.6593750000000002 0.784375 0.6593750000000002 0.784375 0.7281250000000001 0.7953125000000002 0.7281250000000001
0 0.27031250000000007 0.646875 0.22812500000000008 0.646875 0.22812500000000008 0.7125 0.27031250000000007 0.7125
0 0.5390625000000001 0.659375 0.503125 0.659375 0.503125 0.7265625 0.5390625000000002 0.7265625
0 0.7609375 0.6531250000000002 0.740625 0.6531250000000002 0.7406250000000001 0.7343750000000002 0.7609375000000002 0.7343750000000002
0 0.6890625000000001 0.653125 0.646875 0.653125 0.6468750000000001 0.7296875 0.6890625000000001 0.7296875
0 0.4703125000000001 0.653125 0.428125 0.653125 0.4281250000000001 0.7328125 0.4703125000000002 0.7328125
0 0.4015625000000001 0.653125 0.3593750000000001 0.653125 0.3593750000000001 0.7328125 0.40156250000000016 0.7328125