0 0.12675468750000013 0.312259375 0.0979611285632988 0.31159294300299983 0.08686269106329879 0.7911070055029998 0.1156562500000001 0.7917734375
0 0.1532989046312656 0.3137610693704862 0.12667197804774116 0.3132304682168582 0.11713593750000009 0.7917734375000001 0.14376286408352454 0.7923040386536282
0 0.18503577771643245 0.35696614118551834 0.1517421831514311 0.3566356605161286 0.14747187500000009 0.7868390624999999 0.18076546956500145 0.7871695431693897
0 0.21595312500000013 0.3564953125 0.1841386865479603 0.35630102056231816 0.18150937500000008 0.7868390624999999 0.21332381345203993 0.7870333544376817
0 0.2481015625000001 0.32508593750000003 0.22072847398873577 0.3247775646718384 0.2155453125000001 0.7848671875 0.24291840101126444 0.7851755603281616
0 0.27621875000000023 0.3290328125 0.24885203132849099 0.32881019503322156 0.2451421875000001 0.7848671875000001 0.27250890617150936 0.7850898049667785
0 0.3168740415213565 0.35007115992760063 0.27914078989299995 0.3497528100091696 0.2754781250000001 0.7838796875 0.3132113766283566 0.7841980374184311
0 0.3551337432078564 0.3489894614793167 0.3191343750000001 0.3487656250000001 0.31643031929214377 0.7836558510206835 0.3524296875000001 0.7838796875
0 0.38498750000000004 0.32177187500000004 0.35760937500000006 0.321771875 0.3576093750000001 0.7769734374999999 0.3849875000000001 0.7769734374999999
0 0.4168031250000001 0.3221265625000001 0.3894265625 0.3221265625000001 0.3894265625000001 0.7799328125 0.4168031250000002 0.7799328125
0 0.44417968750000003 0.3576453125000001 0.4190234375000001 0.3576453125000001 0.4190234375000002 0.7799328125 0.44417968750000014 0.7799328125
0 0.47081718749999996 0.7799328124999999 0.4685925597934218 0.35751674364075237 0.44417604949414863 0.3576453316593294 0.44640067720072685 0.780061400518577
0 0.49968014314053066 0.7817503295721286 0.4967156250000001 0.3033265625 0.4715526693594693 0.3034824829278714 0.4745171874999999 0.78190625
0 0.5278021789462637 0.7807790233544079 0.5251926135912852 0.3022586225354996 0.4992841846450216 0.3023999116810917 0.50189375 0.7809203124999999
0 0.5788453125000002 0.3044109375000001 0.5307515625000001 0.3044109375000001 0.5307515625000001 0.777959375 0.5788453125000002 0.777959375
0 0.6276812500000001 0.3063390625000001 0.5803265625 0.3063390625000001 0.5803265625 0.7769734374999999 0.6276812500000002 0.7769734374999999
0 0.6787359375 0.7779593749999999 0.675025379636532 0.3049933049680645 0.6261924477369644 0.305376413674877 0.6299030056004324 0.7783424837068125
0 0.7164903521962511 0.7785469738685314 0.7105236055118522 0.2704129051463255 0.676467628315601 0.27081280627779397 0.6824343749999999 0.7789468749999999
0 0.7490191062122238 0.7786037653497009 0.7430944906519902 0.2676980733762301 0.712751200313918 0.2680499432671119 0.7186758158741515 0.7789556352405828
0 0.7801046875000001 0.778946875 0.7766625000000001 0.26860468750000005 0.7475481284835576 0.2688010599108234 0.7509903159835576 0.7791432474108234
0 0.8082218749999999 0.7779593750000001 0.8074797546556441 0.2678189614089262 0.7786249999999999 0.2678609375 0.7793671203443557 0.7780013510910739
0 0.8452171875 0.2688468750000001 0.8126609374999999 0.2688468750000001 0.8126609374999999 0.7759859375000001 0.8452171875 0.7759859375000001
0 0.8832723932706438 0.2688690567202364 0.8481765625000002 0.26884687500000015 0.847856657488472 0.7749993297101252 0.8829524882591157 0.7750215114303615
0 0.9206890624999998 0.7769734374999999 0.9199484777282999 0.27175527426891455 0.8851734375 0.27180624999999997 0.8859140222716999 0.7770244132310853