0 0.19544481562500005 0.7609413416666666 0.1462709488508713 0.17318388086647063 0.10493594375 0.17933185000000001 0.1541098105241287 0.767089310800196
0 0.23984001875000005 0.7597574041666668 0.20147204721720416 0.17435094353071035 0.15637701875000004 0.179605275 0.19474499028279593 0.7650117356359565
0 0.280683678125 0.7609413416666668 0.24931485898778422 0.16936046967181237 0.20343595937500006 0.17368535416666667 0.23480477851221582 0.7652662261615212
0 0.3216441875 0.7611268958333334 0.2938281675022529 0.1699861180230689 0.24960696874999994 0.1736853541666667 0.27742298874774707 0.7648261319769312
0 0.35704340625 0.7609413416666666 0.3372123429463713 0.1630589351051448 0.297553840625 0.16539747083333337 0.31738490392862867 0.7632798773948551
0 0.39293325 0.7637310625 0.37745166551660103 0.16368758264099997 0.340173240625 0.16539747083333334 0.35565482510839896 0.7654409506923334
0 0.42363624375 0.764493325 0.4105105531709004 0.18426764992812072 0.3792410374999999 0.1855251958333333 0.39236672807909956 0.7657508709052127
0 0.453480125 0.7637310624999999 0.4422616457716478 0.1832741602603901 0.41120561874999983 0.18434121666666667 0.4224240979783521 0.7647981189062765
0 0.5062145181098192 0.7787005862286637 0.5062113718736774 0.21394056673749373 0.4458338486184291 0.21394116470851549 0.44583699485457096 0.7787011841996854
0 0.5648130625000001 0.21394080416666675 0.506211371875 0.21394080416666672 0.506211371875 0.7763331250000001 0.5648130625000001 0.7763331250000001
0 0.6260784906250001 0.21275682500000012 0.5684449484488722 0.210838025580781 0.5578806532019882 0.7749479460968381 0.6155141953781162 0.7768667455160574
0 0.6900075343750002 0.21157284583333347 0.6297587729693197 0.20786038625802872 0.6101151230471115 0.7746032349062845 0.670363884452792 0.7783156944815893
0 0.7548245687499999 0.21038886250000016 0.6957141692395298 0.2046408869798294 0.6645540100062494 0.7743145297356993 0.7236644095167197 0.78006250525587
0 0.8235973125000001 0.20513731250000014 0.767573243714707 0.1977902008148805 0.7249612010538004 0.7754442623002498 0.7809852698390933 0.7827913739853695
0 0.8897861062499999 0.20565292500000013 0.830195514584433 0.19591103928112297 0.7769951961741882 0.7744416883606895 0.8365857878397552 0.7841835740795666
0 0.9544566875000001 0.2025331458333335 0.8918507935189532 0.19145827487809838 0.8337942869740311 0.774909988157096 0.896400180955078 0.7859848591123311