0 0.22902426117782365 0.8597456425864607 0.16442816258381054 0.27304629682478737 0.1295070300594763 0.27689114331362735 0.19410312865348942 0.8635904890753008
0 0.2583192988862099 0.8568446917109208 0.20504192235667573 0.2709257752488191 0.16549375000000002 0.27452187499999997 0.21877112652953418 0.8604407914621015
0 0.2884253573850929 0.851561800659522 0.23848273206649698 0.26957290185274146 0.20608437500000001 0.2723531250000001 0.25602700031859593 0.8543420238067805
0 0.3177159938207009 0.8485281291939106 0.27260748202092844 0.2688131105488095 0.24106875 0.2712671875 0.28617726179977243 0.8509822061451013
0 0.33882770445342525 0.8461838877977638 0.2977797981307122 0.20348262083081944 0.2727984375 0.20507812500000006 0.31384634382271304 0.8477793919669443
0 0.3626193475174727 0.8407339426590278 0.32322560654136734 0.20481046265937927 0.3014 0.20616249999999997 0.3407937409761054 0.8420859799996487
0 0.39502914428007296 0.8350795129574975 0.3695916281209089 0.3108889231822501 0.3363921875 0.3125 0.3618297036591641 0.8366905897752475
0 0.4275664648770464 0.8323867525339832 0.41029687500000006 0.30924531250000004 0.3754210484556657 0.31039660959664095 0.3926906383327121 0.8335380496306242
0 0.45031409808069667 0.826355086491138 0.437959375 0.32877656250000004 0.412700746594216 0.32940372654407607 0.4250554696749127 0.8269822505352142
0 0.4779356137905575 0.822241840590252 0.4647928042353405 0.3281536043837138 0.4410987956536071 0.32878386800783954 0.4542416052088242 0.8228721042143776
0 0.5144970978635844 0.8188434901940443 0.50874375 0.31901093750000004 0.46902246879099413 0.31946815131520856 0.47477581665457846 0.8193007040092528
0 0.5575593750000001 0.3190109375000001 0.5186843750000001 0.3190109375000001 0.5186843750000001 0.8333328124999999 0.5575593750000002 0.8333328124999999
0 0.60149375 0.3190109375000001 0.5599999999999999 0.3190109375000001 0.56 0.8257375 0.6014937500000002 0.8257375
0 0.6462421875000002 0.3146703125000001 0.6047998963045004 0.31365476509128465 0.5924147578922405 0.8190654511632042 0.6338570490877404 0.8200809985719196
0 0.6739046875000001 0.3114156250000001 0.6454478257451994 0.31066687845903573 0.6323254465760427 0.8093960337615076 0.6607823083308433 0.8101447803024721
0 0.7080750000000001 0.30490468750000005 0.6765751062072863 0.3036183059549028 0.6560170850963878 0.8070268662298423 0.6875169788891016 0.8083132477749396
0 0.7496171875000002 0.2452250000000001 0.7237641700361881 0.24388813155211278 0.6942485920436922 0.8146748491984045 0.7201016095075043 0.8160117176462919
0 0.7886703125000001 0.2463109375000001 0.7619372573372577 0.24455465666063567 0.7244852879154628 0.8146261065481692 0.7512183430782053 0.8163823873875335
0 0.8195875000000001 0.24414062500000014 0.7947814225912216 0.24229831705366828 0.7523441856385906 0.8137019127216195 0.7771502630473691 0.8155442206679513
0 0.8553859375 0.24739531250000013 0.8256653359320125 0.2449383802982279 0.7787793132816312 0.8121012825934159 0.8084999148496186 0.814558214795188
0 0.8854890625000001 0.2463109375000001 0.8609457132966336 0.24419025075891695 0.812203297665798 0.8083009723793116 0.8367466468691646 0.8104216591203949
0 0.9155921875000004 0.2615015625000002 0.8910280798577925 0.259139274641078 0.8383503092350114 0.8069058912463619 0.8629144168772193 0.809268179105284
0 0.9408140625000003 0.27018281250000015 0.9218318678224255 0.2682075936367106 0.8659625000000002 0.8051218750000002 0.884944694677575 0.8070970938632896
0 0.9546453125 0.3255203125000001 0.9396719034027274 0.3240010043789133 0.8911843749999999 0.8018656249999999 0.9061577840972724 0.8033849331210868
0 0.9806796875 0.32552031250000013 0.9631051986810222 0.32361623250998195 0.911321054639405 0.8015792725243944 0.9288955434583828 0.8034833525144126