0 0.18035692816810361 0.09739054514367822 0.1387111919612071 0.09276324112068969 0.08448427316810354 0.9603939418103447 0.12613000937500007 0.9650212458333332
0 0.2177637464570779 0.08198303756531126 0.18802127802597604 0.07826987049381404 0.12613000937500007 0.9596015416666667 0.15587247780610194 0.9633147087381639
0 0.2428171513729993 0.09350630880738137 0.2123092364199099 0.0898974299257139 0.1545834406250001 0.9574336625 0.18509135557808948 0.9610425413816674
0 0.2828304436929244 0.11034033781293957 0.24156965312500006 0.10545655416666672 0.1851748142667889 0.9524849344462986 0.22643560483471323 0.9573687180925714
0 0.3167980506488636 0.1284379493633123 0.27827336126847063 0.12438090941362594 0.22937532500000007 0.9498460791666666 0.26790001438039307 0.953903119116353
0 0.3476050399092304 0.07791322727353295 0.31771625772781914 0.07473115158040539 0.26595831250000007 0.939006675 0.29584709468141135 0.9421887506931276
0 0.3702542138332716 0.09260705094107416 0.34432710148144263 0.08998545777990444 0.2960376562500001 0.9390066750000001 0.3219647686018291 0.9416282681611698
0 0.40425892525501006 0.0030755797234816697 0.3735282988573675 0.00010361260166370881 0.3228651781250001 0.9314190958333335 0.3535958045226427 0.9343910629551514
0 0.43248212254794655 0.020318423866973658 0.40042754430496796 0.017217618202320817 0.3505056593750001 0.9346709166666668 0.3825602376179787 0.9377717223313196
0 0.4574996339980458 0.13500343978902307 0.4301579296757569 0.13212536561918847 0.3830238687500001 0.9281672750000001 0.41036557307228894 0.9310453491698347
0 0.4778218048413966 0.053515497508394475 0.44947524805907113 0.05119472685114142 0.4090384375000002 0.9292512125000001 0.4373849942823257 0.9315719831572532
0 0.49717923423313437 0.06239839447873073 0.4738977134047281 0.06045826780010556 0.43342709375000005 0.9238315125000001 0.4567086145784063 0.9257716391786253
0 0.5241505724126323 0.08286750963244373 0.49521169374999996 0.08052592916666673 0.45673137917162165 0.9259774299866823 0.48567025783425394 0.9283190104524592
0 0.5590134402662916 0.09846579614605791 0.52691695 0.09570109166666675 0.4874379025766533 0.9105047445892719 0.5195343928429449 0.913269449068663
0 0.5802859896031936 0.11165885868252488 0.5602481125 0.10979231666666676 0.5180723815466891 0.9147147467477568 0.5381102586498827 0.9165812887636149
0 0.5977443449461501 0.1312621620026904 0.5716294875 0.12930324166666676 0.5387921370362119 0.907548469011812 0.5649069944823619 0.9095073893478356
0 0.6102500564995366 0.13348618755597627 0.5976440562499999 0.1325550625000001 0.5654449209541043 0.9075359286296086 0.5780509212036409 0.908467053685585
0 0.6296469326274707 0.145003704502679 0.61146429375 0.14339446666666678 0.5736635110330159 0.9026971665577422 0.5918461499104868 0.9043064043937545
0 0.6427022768208988 0.15888983284113778 0.626097490625 0.15748569166666676 0.5904826030406439 0.9062266042771961 0.6070873892365427 0.9076307454516673
0 0.6490740830622086 0.16667857406659997 0.6369209332449035 0.1657353444914918 0.6049606531250001 0.8978169458333336 0.6171138029423052 0.8987601754084417
0 0.6743161633744136 0.17545194015311705 0.6516755748741859 0.17371123732556565 0.6204068031250001 0.8967330041666668 0.6430473916252278 0.8984737069942182
0 0.6955411549811865 0.18163132124794784 0.6705939834258164 0.18002516880812713 0.644795459375 0.8923972416666669 0.6697426309303701 0.8940033941064877
0 0.7154738894889516 0.3204407127778836 0.6880903300929329 0.3186951473367158 0.6675582062500001 0.8913133000000001 0.6949417656460188 0.8930588654411679
0 0.7394764674092387 0.29007322708479805 0.717148478125 0.2886424750000001 0.695467798526223 0.8901424204094496 0.7177957878104617 0.8915731724942475
0 0.7490773456390096 0.29773916957386337 0.7320746037742116 0.2970147419100299 0.7179614343750002 0.8858936000000003 0.7349641762397983 0.8866180276638338
0 0.7691776156250001 0.30815340000000013 0.7497497389271908 0.3072265207513512 0.7342205374999999 0.8858936000000001 0.7536484141978093 0.886820479248649
0 0.7871266876980674 0.31653493491476914 0.7685641307379726 0.3156748935309166 0.7537314656250002 0.8848096583333336 0.7722940225850949 0.885669699717186
0 0.8025768980040121 0.2546016032350061 0.788688540625 0.2539563833333334 0.7722313929981992 0.8837165203041291 0.7861197503772112 0.8843617402058018
0 0.809073317776089 0.2628322232807253 0.7985123956809361 0.26245705733151653 0.786249675 0.8761381375000001 0.7968105970951529 0.8765133034492087
0 0.824521775419931 0.26963215377762545 0.8115515614318081 0.2691024392856328 0.7976310468750001 0.8750541958333334 0.8106012608631229 0.8755839103253261
0 0.8342989103666388 0.2759246092032999 0.8196728335433207 0.2754944304985333 0.8098253781250001 0.8707184375000002 0.8244514549483183 0.8711486162047668
0 0.8448263859080118 0.322413045564555 0.8334701119279198 0.32220021041729136 0.82771039375 0.8685505541666668 0.8390666677300921 0.8687633893139305
0 0.8578826555572686 0.329282132096129 0.8455954093749998 0.3287482666666668 0.8323841795717495 0.8693077377064956 0.8446714257540183 0.8698416031359579
0 0.8756971266896979 0.30300728452394776 0.8555062772755875 0.3025833295683256 0.8488472281250002 0.8663826750000001 0.8690380775391107 0.8668066299556223
0 0.8870837726179834 0.31156050828723303 0.8724623291178834 0.3113284218948604 0.8675452000000001 0.8620469125000002 0.8821666435001003 0.8622789988923728
0 0.9050060766765256 0.3204848562495577 0.8911209031249999 0.32007674166666683 0.8821075379696401 0.8652488617291774 0.8959927115211658 0.8656569763120682
0 0.9114747963928561 0.3235276576065695 0.9033981502861881 0.3233087782922108 0.8951856781249999 0.8620469125000002 0.903262324231668 0.8622657918143588