0 0.1074328125000001 0.9465937500000001 0.043799320085181205 0.1329606093248618 0.021259375 0.1347234375 0.0848928674148189 0.9483565781751382
0 0.12369062500000005 0.9530984375000001 0.06922343750000001 0.12930312500000002 0.046417242892663066 0.13081101082915048 0.10088443039266312 0.9546063233291505
0 0.13692913200127538 0.9535612332259961 0.08616894225032758 0.1359394862477823 0.0708484375 0.136890625 0.12160862725094779 0.9545123719782138
0 0.152987851188974 0.9547233825593346 0.10743281250000007 0.13255468750000002 0.08200741497755118 0.13396346768681328 0.1275624536665251 0.956132162746148
0 0.18466250000000003 0.9541812500000001 0.13913750000000003 0.136890625 0.10335739977986025 0.1388836602957638 0.14888239977986029 0.956174285295764
0 0.20778848131778926 0.9592778421957261 0.17165625 0.34500781249999996 0.14716067965909926 0.3464486765679686 0.18329291097688852 0.9607187062636946
0 0.23181406249999997 0.9617687500000001 0.19115708943612336 0.14102271195988206 0.1651515625 0.14231093749999998 0.20580853556387665 0.9630569755401182
0 0.26108125000000004 0.9596015624999998 0.22693593749999996 0.13580625 0.19686296938254164 0.13705273790614858 0.2310082818825417 0.9608480504061484
0 0.29847656250000004 0.962853125 0.2748095245860963 0.14128315033229913 0.23913124999999996 0.1423109375 0.26279828791390375 0.963880912167701
0 0.33343437500000006 0.970440625 0.3244616209815464 0.1439753637069762 0.278153125 0.144478125 0.2871258790184536 0.9709433862930238
0 0.3570192028383882 0.972399008953324 0.34886371050597476 0.2471150720692144 0.3188 0.24745312499999997 0.32695549233241344 0.9727370618841095
0 0.3879015625000001 0.9671890625000001 0.3771960930759074 0.25131698106843825 0.34562812500000006 0.25178906250000005 0.35633359442409274 0.967661143931562
0 0.4106786551577807 0.9757857101857799 0.4082246567128749 0.25927633079630014 0.378959375 0.2593765625 0.3814133734449058 0.9758859418894797
0 0.43830468749999996 0.978028125 0.43585791779732236 0.25927972835501767 0.40741250000000007 0.25937656249999996 0.40985926970267766 0.9781249591449821
0 0.4659453125 0.9769453125 0.4545640625 0.2572078125 0.42947163342450223 0.25760460050731593 0.4408528834245022 0.9773421005073158
0 0.49033437500000004 0.9791124999999997 0.48626179732288605 0.26031662653783355 0.46106718750000003 0.260459375 0.46513976517711403 0.9792552484621663
0 0.5163484375000003 0.15640156250000004 0.48872471090330044 0.15626383544394062 0.48464375000000004 0.9747765625 0.5122674765966998 0.9749142895560594
0 0.5440258164206165 0.15330700466326336 0.5122843750000001 0.1531500000000001 0.5082156848081968 0.9757121373118227 0.5399571262288132 0.975869141975086
0 0.5716550132387365 0.21956274923794245 0.5374859375 0.2192703125000001 0.5309574867612636 0.9820716257620576 0.5651265625000002 0.9823640625
0 0.6065859375000001 0.22794218750000012 0.5725271988052449 0.22735416888928622 0.5595209488052448 0.980691668889286 0.5935796875000001 0.9812796875
0 0.6399950624783216 0.22632027717674935 0.6057734375 0.22577343750000006 0.5935018125216784 0.9937406603232508 0.6277234375 0.9942875000000001
0 0.6748750000000002 0.22794218750000012 0.6448772152318171 0.22712024302261832 0.6237319027318169 0.9988421180226181 0.6537296875 0.9996640625
0 0.7049546875000002 0.26804687500000013 0.6749730083077518 0.26710287065140415 0.6522089458077516 0.9900919331514043 0.682190625 0.9910359375000002
0 0.73096875 0.27021562500000007 0.7008890625 0.2691312500000001 0.6748021586280336 0.9927609134571116 0.7048818461280335 0.9938452884571116
0 0.7561703125000003 0.2734671875000001 0.7302586986932752 0.27259440126091566 0.7058696361932751 0.9966662762609155 0.7317812500000003 0.9975390625000001
0 0.8073859375 0.15857031250000012 0.7553578125 0.15748593750000012 0.7378498898247139 0.9975130401537134 0.7898780148247139 0.9985974151537136
0 0.8399046875 0.16073750000000012 0.8099525172059536 0.159251539489301 0.7684915797059537 0.9949702894893008 0.79844375 0.9964562499999999
0 0.8683578125000002 0.16182187500000011 0.8383243918014361 0.15998218312734167 0.7870025168014361 0.9978243706273414 0.8170359375 0.9996640625
0 0.9077512249410414 0.2589288019539267 0.8634796875000001 0.25612500000000005 0.8165756837894419 0.99673093099262 0.8608472212304832 0.9995347329465465
0 0.9448427409478514 0.2562400393775708 0.9114453125 0.2539562500000001 0.8608624935783441 0.9936637257496332 0.8942599220261954 0.9959475151272039
0 0.9976187500000002 0.26587968750000013 0.951027020397375 0.26174238492923324 0.8856995126214731 0.9974201667318943 0.9322912422240982 1.0015574693026612
0 1.0534518398882216 0.2789632570569506 0.9968046875000003 0.2723828125000001 0.9129679923449376 0.9940833002212323 0.9696151447331591 1.0006637447781828