0 0.5510906250000001 0.4761906250000001 0.5104306341584983 0.4760369471275722 0.5091754218883412 0.8081401875123969 0.5498354127298428 0.8082938653848248
0 0.5064518202968943 0.5177340564836044 0.47716619919062414 0.5176870286716204 0.4767174954162786 0.7971082513498498 0.5060031165225487 0.7971552791618338
0 0.47235364720096396 0.8032514931119706 0.46923158486525474 0.5205821093602256 0.4462222090197823 0.5208362462063951 0.44934427135549154 0.80350562995814
0 0.43204762794666757 0.5313587342079555 0.40408125000000006 0.5312953125 0.4034664345533325 0.8024037657920445 0.43143281250000004 0.8024671875000001
0 0.4041826508608325 0.7893016331238286 0.40271579626629556 0.5141000438645179 0.378885962472551 0.514227059487071 0.3803528170670879 0.7894286487463817
0 0.37376994251386303 0.5255304908304647 0.3312610247871244 0.5249546572917355 0.3275847259757093 0.7963446913947194 0.37009364370244796 0.7969205249334486
0 0.3105509878001068 0.45335401323089347 0.2876373226372899 0.4532621845195154 0.28610979686453686 0.8344198154954435 0.30902346202735376 0.8345116442068216
0 0.2733671875 0.7987906250000002 0.26505872715555906 0.5113058097357482 0.2267417398604486 0.5124131905522524 0.23505020020488954 0.7998980058165043
0 0.2289706250060636 0.8195062324935771 0.21502099037361969 0.4830538234502962 0.195760650550903 0.48385237532926056 0.20971028518334692 0.8203047843725415
0 0.19809564347017283 0.8550262136275825 0.1809334712511529 0.5169583789048307 0.16557943773357084 0.5177378336190049 0.18274160995259078 0.8558056683417569
0 0.6844348787371294 0.7961449822888439 0.6064015625000001 0.49780781250000006 0.5738791837628707 0.5063143927111562 0.6519125000000001 0.8046515624999999