0 0.09279884375 0.9606854833333335 0.08055912486443349 0.035906908500289735 0.0254244519050038 0.037204195182958776 0.03766417079057031 0.9619827700160025
0 0.14160279581518992 0.9645416997312817 0.13751138125 0.03933619583333334 0.0765130979348101 0.03981574193538482 0.08060451249999999 0.9650212458333332
0 0.18880471861875842 0.9630957010243375 0.18140324845247147 0.2119834998535447 0.133361732958713 0.2128251029958739 0.14076320312499996 0.9639373041666667
0 0.2334401 0.9639373041666667 0.22449759375000006 0.21385059166666667 0.17582303928769644 0.21488222944694854 0.1847655455376964 0.9649689419469485
0 0.26921013125000004 0.14122658750000008 0.226936459375 0.14122658750000008 0.22693645937500007 0.9650212458333333 0.26921013125000004 0.9650212458333333
0 0.3132558551695602 0.9649694496414087 0.30089965947920666 0.14451800936020717 0.2584798480596464 0.14565374721879845 0.27083604375000003 0.9661051875
0 0.34806679375000005 0.14664628750000006 0.30172834375000007 0.14664628750000006 0.3017283437500001 0.9639373041666667 0.34806679375000005 0.9639373041666667
0 0.4635064375 0.048007716666666735 0.38708864374999996 0.04800771666666673 0.38708864375 0.9585176041666668 0.4635064375 0.9585176041666668
0 0.5309867483953364 0.049390834323334534 0.46107057964078646 0.04905670689403799 0.45862669062045003 0.9581834767373701 0.528542859375 0.9585176041666668
0 0.6066059983442558 0.05254657082198281 0.5309928666069206 0.05121684371984337 0.5220309245126649 0.9571878770645276 0.59764405625 0.958517604166667
0 0.6781747453142856 0.04741449466918567 0.6050020137640925 0.04578649611774697 0.593572521574807 0.9590574847818946 0.6667452531250001 0.9606854833333334
0 0.7236521187500002 0.05125953750000014 0.6904004837444998 0.04956653476750771 0.6643063875000002 0.9606854833333335 0.6975580225055005 0.9623784860658258
0 0.7643564113509903 0.060047520621499144 0.7139237021950603 0.058431087520721396 0.6976080689690701 0.9634048127325557 0.7480407781250002 0.9650212458333335
0 0.8090124218750001 0.05884712083333347 0.7602242982251434 0.05727584459554769 0.7439651919751433 0.9547784445955476 0.792753315625 0.9563497208333334
0 0.8285233468750001 0.14447840833333345 0.8081713373880884 0.1437909626719502 0.7927251873880884 0.9567462168386168 0.813077196875 0.9574336625000001
0 0.8432761194271139 0.14398309858271788 0.8268974375000001 0.1433944666666668 0.8104868254130151 0.9551726882159278 0.826865507340129 0.9557613201319789
0 0.8667322437499999 0.2615439666666668 0.835949997312665 0.26089762048432746 0.82771039375 0.9585176041666668 0.858492640187335 0.959163950349006
0 0.9123408965477224 0.076340064362876 0.86835815625 0.07510622500000014 0.8544378534441279 0.957271215711818 0.8984205937418503 0.9585050550746937
0 0.954592274071284 0.07937948686569346 0.9090222960540564 0.0782584542597481 0.8967671063577726 0.9639002132273881 0.9423370843750002 0.9650212458333333
0 0.9998062330843572 0.08059433253550888 0.9574804638044638 0.07930939648377922 0.9422849869701068 0.9691560097816038 0.9846107562500002 0.9704409458333335