0 0.09599840358523255 0.8390098067952783 0.07126858954119185 0.19603416634284695 0.032640153125 0.198675425 0.057369967169040706 0.8416510654524313
0 0.129381828125 0.8403681041666667 0.10820098453986973 0.11261607528410182 0.07897860312499999 0.11412807916666666 0.10015944671013025 0.8418801080492316
0 0.15866698603088936 0.10672922025975543 0.110683859375 0.10654049583333336 0.10903646319062972 0.8511626592767012 0.15701958984651906 0.8513513837031232
0 0.20986646283204533 0.832594603510165 0.20824058396093906 0.12479484121451524 0.1627130273788937 0.1249807627043502 0.16433890625 0.832780525
0 0.251325115625 0.8154374791666666 0.24149564185251413 0.13938807718621166 0.20828728002337854 0.14024645159407917 0.21811675379586443 0.816295853574534
0 0.28794043350472415 0.13108038894101304 0.24400851875 0.13038718333333338 0.23747254774527587 0.8667734068923205 0.28140446250000006 0.8674666125000001
0 0.328555865625 0.13797476666666672 0.28790810312500004 0.13797476666666672 0.28790810312500004 0.8414520458333333 0.32855586562500005 0.8414520458333333
0 0.3644005046130652 0.13712316199603977 0.323678134375 0.13580688333333338 0.31055649133509455 0.8574972347657552 0.3512788615731598 0.8588135134284616
0 0.40184339119431806 0.1464018838683942 0.361074075 0.1444784083333334 0.3421902412082076 0.8560431213035191 0.38295955740252563 0.8579665968385799
0 0.4383048250000002 0.14773022916666675 0.400988771831024 0.14590715491323134 0.38146399475869636 0.8563921372949804 0.4187800479276726 0.8582152115484158
0 0.477354815189836 0.1512708926642343 0.43830482500000006 0.1488141708333334 0.4130750754351641 0.8617580698357659 0.45212506562500004 0.8642147916666668
0 0.511683096783176 0.153581615636997 0.477326678125 0.15098205000000006 0.44689249229733125 0.8660482663179396 0.4812489109555072 0.8686478319549366
0 0.5407455564845675 0.15948898080302162 0.506593065625 0.1564017500000001 0.47071423740989815 0.8620187069866744 0.5048667282694657 0.8651059377896959
0 0.5756942625000001 0.12388354166666679 0.5445124931585694 0.12130425217290437 0.5098448875000001 0.8663826750000001 0.5410266568414307 0.8689619644937624
0 0.6108286507892199 0.12832821548115425 0.577320175 0.12496748333333342 0.5354475263837354 0.867180692002911 0.5689560021729553 0.8705414241507319
0 0.6472343250000001 0.13038718333333346 0.6099067579346118 0.12608155982551883 0.5617129172413609 0.8688657369891258 0.5990404843067492 0.8731713604969406
0 0.6781266250000001 0.1358068833333335 0.6497621812816371 0.13234337673221605 0.5990219701001304 0.8710772182487235 0.6273864138184934 0.8745407248498409
0 0.7236521187500002 0.13797476666666683 0.6825322932254515 0.13241149614859685 0.6262856465438795 0.8714978672159066 0.6674054720684282 0.8770611377339766
0 0.7570691503175639 0.13917665395542345 0.722026209375 0.1336390041666668 0.656738527162359 0.8681254473584706 0.691781468104923 0.8736630971472272
0 0.79519218125 0.14122658750000017 0.7600305402492322 0.13505972270579586 0.6877271618388306 0.8679530578369852 0.7228888028395984 0.8741199226311894
0 0.8293363031250001 0.14339446666666683 0.7908988170436092 0.13651014091544708 0.7171484781250002 0.8685505541666669 0.7555859642063911 0.8754348799178866
0 0.8455954093750003 0.24853667916666686 0.8159357741828549 0.24325928584994708 0.7529185093750002 0.8728863166666669 0.7825781445671456 0.8781637099833868
0 0.8813654406250002 0.24962062083333353 0.8506850836822808 0.24342040912386295 0.779782544274955 0.8671454098081737 0.8104629012176743 0.8733456215176443
0 0.9117935704197725 0.25535200444268535 0.8846172593750001 0.24962062083333347 0.8108176517559826 0.8717239897267597 0.837993962800755 0.8774553733361116
0 0.9432932248632945 0.28432472708612094 0.9114447843750002 0.27671912916666686 0.8326556791082632 0.8632602314297545 0.8645041195965575 0.8708658293492085
0 0.9692968142946338 0.2800994681944661 0.942337084375 0.2734673083333335 0.8604233400125046 0.8654306361069083 0.8873830699321384 0.8720627959680408
0 0.9968050843750001 0.2821388291666669 0.9686419192722606 0.2747517696701689 0.8808427536472607 0.869835019670169 0.9090059187500001 0.877222079166667
0 1.0170007185540482 0.28499464277140835 0.998430996875 0.27997095000000016 0.9087117009258578 0.8695549006739708 0.9272814226049061 0.874578593445379