0 0.10905781249999999 0.9043203124999998 0.0878912857217303 0.08801717631600017 0.04163951526622193 0.08921647262455709 0.06280604204449163 0.9055196088085568
0 0.14970624999999999 0.9151593750000002 0.12927422642108424 0.084847676338239 0.08466875000000001 0.08594531250000001 0.10510077357891578 0.9162570111617612
0 0.19375849038466034 0.9140865252217042 0.17640414655542244 0.056827049279825806 0.12340815617076213 0.05789989905812178 0.1407625 0.9151593750000002
0 0.234253125 0.9064890625 0.22038534279571226 0.07225063466863269 0.17897187499999997 0.07293906249999998 0.19283965720428772 0.9071774903313674
0 0.2819727922662275 0.9075144753737419 0.263488742290509 0.2007792216191026 0.21962031249999997 0.20192656250000002 0.2381043624757185 0.9086618162546392
0 0.37001718749999996 0.9086562500000002 0.3609547413062848 0.16508918939931402 0.27327499999999993 0.1661578125 0.2823374461937151 0.9097248731006861
0 0.39522755006290067 0.9040185426710303 0.38708906249999997 0.18024843750000002 0.3594275659294497 0.1805594792855093 0.3675660534923504 0.9043295844565395
0 0.4196424814814943 0.9029137374436885 0.41066406249999987 0.17699687500000003 0.3846137685185056 0.17731907505631173 0.3935921875 0.9032359375000002
0 0.4431828125 0.8999843749999996 0.43581872011459233 0.17890716737055035 0.4106640625 0.1791640625 0.4180281548854077 0.9002412701294494
0 0.47490975341241537 0.8985156982997807 0.46500649817077677 0.1050925229071638 0.4340920572583615 0.10547838710738293 0.44399531250000007 0.8989015624999999
0 0.5106578125000001 0.90106875 0.5033406250000001 0.10437187500000003 0.46676089812112204 0.10470783806031896 0.4740780856211221 0.9014047130603189
0 0.5423655022296552 0.9096415336601711 0.5399180643747397 0.1064316514373981 0.5041546874999999 0.10654062499999999 0.5066021253549153 0.9097505072227727
0 0.5740817672739466 0.9074821122201158 0.5716296875000001 0.10762500000000001 0.5382954312605938 0.10772719107169945 0.5407475110345402 0.9075843032918153
0 0.6000828125 0.0035656250000000713 0.5716296875 0.0035656250000000696 0.5716296875000001 0.910825 0.6000828125000001 0.910825
0 0.6220328125000003 0.012237500000000078 0.596843702108738 0.012101413332338625 0.591965577108738 0.9150232883323385 0.6171546875000001 0.915159375
0 0.67406812883721 0.07453136754109038 0.6220328125000001 0.07402187500000008 0.6138926645169538 0.9053886589436624 0.6659279808541637 0.9058981514847526
0 0.7244656250000003 0.07510625000000008 0.6708395817643759 0.07426502268962037 0.6577021741086766 0.9117404377835042 0.711328217344301 0.9125816650938839
0 0.7545437500000002 0.006818750000000093 0.726097305471857 0.006382819188858554 0.7122040726606216 0.9129786972055461 0.7406505171887647 0.9134146280166877
0 0.7829984375000002 0.0057343750000001 0.7472410004390615 0.005055852559787066 0.7301192375539923 0.9073552054639634 0.765876674614931 0.9080337279041764
0 0.7992784476176465 0.07755030549050343 0.77568125 0.07727343750000008 0.765901791109761 0.9107674922193321 0.7894989887274075 0.9110443602098354
0 0.8252718750000001 0.0783578125000001 0.8009135979854036 0.07787831087573241 0.7846246970368518 0.9053407040930759 0.8089829740514481 0.9058202057173436
0 0.8496609375000002 0.07293906250000011 0.8228234216492322 0.07239431369313637 0.8057499841492319 0.9135318136931364 0.8325875 0.9140765625000002
0 0.8716498284512391 0.08023029538683575 0.8447828125000001 0.07944218750000012 0.820310496188452 0.9137164330554741 0.847177512139691 0.9145045409423098
0 0.894518178570738 0.19946052485991078 0.8634796874999999 0.19867500000000013 0.8454064929316338 0.9128022248134308 0.8764449840023719 0.9135877496733414
0 0.9228265625000003 0.2116828125000001 0.892136240745729 0.21071325794791274 0.8699534432974751 0.9128884884504516 0.9006437650517464 0.9138580430025389
0 0.9529062500000001 0.2051796875000001 0.9204216207138668 0.20412688232289403 0.8976575582138668 0.9065190698228941 0.9301421875000001 0.9075718750000001
0 0.9997779941108181 0.09054185793601177 0.9380078676378296 0.09019235621321811 0.9333953125000001 0.9054046874999999 0.9951654389729885 0.9057541892227936