0 0.08710815624999999 0.8880614791666667 0.04115989768173465 0.16711141444769245 0.0017478531249999999 0.17157691666666663 0.04769611169326535 0.8925269813856409
0 0.12043932187499999 0.8880614791666666 0.07792560954744401 0.17513925884479667 0.03995675 0.17916449999999998 0.08247046232755598 0.89208672032187
0 0.15295753124999997 0.8848096583333332 0.1201294177137882 0.1702510359231849 0.07735269374999999 0.17374479583333327 0.11018080728621178 0.8883034182434816
0 0.2030212825991246 0.8923583920601742 0.1648497566492572 0.06530884656050889 0.11149681250000001 0.069686525 0.14966833844986746 0.8967360704996653
0 0.2620621454468922 0.8904455324197301 0.23804358549400914 0.08761818477318412 0.16759072500000002 0.09136533333333331 0.19160928495288304 0.8941926809798794
0 0.31148380624999994 0.8978169458333335 0.2877943596790505 0.10599040940904324 0.23669192187499996 0.108708375 0.26038136844594945 0.9005349114242903
0 0.33912428437500003 0.8967330041666667 0.32034635484163204 0.09445281320696716 0.29034696875 0.09570109166666668 0.309124898283368 0.8979812826263662
0 0.3675831900086141 0.893893070887311 0.3570093 0.097868975 0.32038020899687564 0.09873396719504897 0.3309540990054898 0.89475806308236
0 0.43342709375000005 0.08160986666666672 0.35944816562500004 0.08160986666666672 0.35944816562500004 0.894565125 0.43342709375000005 0.894565125
0 0.4700199532762069 0.20749696628696304 0.43424005 0.20734694583333338 0.4326118896716977 0.8976874090359835 0.46839179294790456 0.8978374294896132
0 0.5050938630210489 0.20833148776838495 0.4667582593749999 0.20734694583333338 0.45681616634747024 0.8955607555409333 0.49515176999351923 0.8965452974759849
0 0.5554885337742759 0.07049633994150749 0.5041542 0.06860258333333341 0.48696398810072417 0.8970071267251591 0.538298321875 0.8989008833333333
0 0.6025217875000002 0.0751062250000001 0.5545858301934823 0.07291679164546742 0.5333687708752721 0.8987499923618993 0.58130472818179 0.900939425716432
0 0.6504861468750002 0.06643470416666679 0.6026269468634458 0.063443504330632 0.5733023354354261 0.8975658308743732 0.6211615354469805 0.900557030710408
0 0.700889371875 0.07293834583333345 0.65373796875 0.0696865250000001 0.6214123330320811 0.902969597470756 0.6685637361570811 0.9062214183040892
0 0.7212132531250002 0.07727410833333345 0.7011166547618355 0.07561919791077049 0.6626897424628395 0.9052044529654926 0.6827863408260042 0.9068593633880556
0 0.7464148687500003 0.08377775000000015 0.7230493177578761 0.08171456653712245 0.6822556524876396 0.9030269666776897 0.7056212034797638 0.9050901501405674
0 0.7691776156250001 0.22685787500000013 0.7360954740218854 0.22396429033302276 0.7024865670893096 0.9070721513321935 0.7355687086924243 0.9099657359991709
0 0.8033217343750003 0.2301096958333335 0.7671502611543104 0.22634063227912693 0.7271091956721676 0.9094902591106223 0.7632806688928575 0.9132593226648288
0 0.8350583500123399 0.2198580055414411 0.8008828687499999 0.21601847083333345 0.7571275300417317 0.908398550693477 0.7913030113040718 0.9122380854015847
0 0.8707970218750003 0.23010969583333346 0.8334010781250001 0.22577393333333345 0.7888822360295548 0.9083960361881753 0.8262781797795549 0.9127317986881753
0 0.8968115906250003 0.22902575416666685 0.8660917351827354 0.22536746175484973 0.8204259617082424 0.9070921825327729 0.8511458171505073 0.9107504749445899
0 0.9268909343750001 0.2301096958333335 0.8940443857668041 0.22617303086196436 0.8480342750000001 0.9086563458333337 0.880880823608196 0.9125930108047027
0 0.9619085451657956 0.23263274763127867 0.9301427562499999 0.22794181250000015 0.8739883079592043 0.903965410702055 0.9057540968750001 0.9086563458333335
0 0.9919273531250001 0.2333615166666668 0.9606501596427014 0.22848280932116147 0.9011298665074504 0.9068511074699986 0.932407059989749 0.911729814815504
0 1.0221772971638428 0.24235288243235217 0.9889913045442077 0.23737907671165387 0.932581621875 0.9064884666666668 0.9657676144946352 0.911462272387365