0 1.0304780331777696 0.7458772376754743 0.7842609393192747 0.25929768678606957 0.7467235873018294 0.29306569572103836 0.9929406811603243 0.7796452466104431
0 0.9715395719902762 0.7427472577397864 0.6675582062500001 0.12279959999999993 0.6160837414343806 0.1676701353895308 0.9200651071746568 0.7876177931293173
0 0.917948425 0.7417295333333332 0.5935792781249999 0.1260514208333334 0.5524793381686965 0.1645464350719516 0.8768484850436966 0.7802245475719516
0 0.8657173845053047 0.753057008603193 0.5830108624999999 0.22577393333333345 0.5557169766423538 0.2517895928687766 0.8384234986476585 0.7790726681386363
0 0.8321494081198806 0.7597843677668161 0.5553191690927857 0.23326411315269144 0.528542859375 0.2582921416666667 0.8053730984020948 0.7848123962807915
0 0.800697754614389 0.754885295836996 0.5212262624999999 0.24745274166666678 0.4970227203856107 0.2711509541630041 0.7764942124999998 0.7785835083333335
0 0.7610480625000001 0.7438974166666669 0.4504991531250001 0.18458420000000003 0.40871146225006916 0.2258319983985004 0.7192603716250693 0.7851452150651673
0 0.7025152843749998 0.7525689374999999 0.37814613749999987 0.1835002583333334 0.3325719967833264 0.22968205422396906 0.6569411436583261 0.7987507333906355
0 0.6427465554941 0.7560398859512756 0.31137845915161877 0.18548675390605637 0.26921013125 0.22902575416666665 0.6005782275924811 0.7995788862118859
0 0.5903274593750001 0.7579886416666669 0.27083604375 0.24094910000000003 0.2453659802728124 0.2689287924369479 0.5648573958978125 0.7859683341036147
0 0.5334205906250001 0.7406455958333334 0.13895166081692498 0.09585119307801397 0.09523770937500001 0.14339446666666672 0.48970663918307505 0.7881888694219863
0 0.48301736562500014 0.7504010583333334 0.11273099682801183 0.16860015710731083 0.08710815625 0.1975914833333334 0.4573945250469883 0.7793923845593559
0 0.44480846874999996 0.7417295333333335 0.07747371949560351 0.17050092613209478 0.053776990625 0.19759148333333337 0.4211117398793965 0.7688200905345719
0 0.3963061020740426 0.7151753900518775 0.063532453125 0.21710241250000004 0.027487472925957424 0.2599156641147893 0.360261121875 0.7579886416666668
0 0.3325953608012164 0.7248570116317662 0.003373765625000058 0.2344454541666666 -0.03472948179826133 0.27991986513481587 0.294492113377955 0.7703314225999155
0 0.24633837143735735 0.7287028842465806 0.003373765625000047 0.36126647500000003 -0.04967173403863665 0.4236237087855234 0.19329287177372065 0.7910601180321041