0 0.05373780348957152 0.09814271366641443 0.022171115625000008 0.09720217916666667 0.007107777762195416 0.9959813017778752 0.03867446562676693 0.996921836277623
0 0.08079305000000013 0.09920635000000001 0.059062582571584955 0.09852651415350691 0.04326982945210224 0.9959559850751317 0.06500029688051742 0.996635820921625
0 0.10709776250000014 0.10121051666666671 0.08611501567802675 0.10058393219102653 0.07102348171376947 0.999033219683645 0.09200622853574288 0.9996598041592851
0 0.1401665468750001 0.17837101250000004 0.11232022577292688 0.17746322693639216 0.09728896014792687 0.9971682144363921 0.1251352812500001 0.998076
0 0.17473845625000017 0.09219175833333336 0.14995902230752836 0.09120387384583059 0.12966681293252824 0.9960860280124971 0.15444624687500005 0.9970739124999999
0 0.20404942187500003 0.09219175833333336 0.18075096249999997 0.09118967500000004 0.15883533617943266 0.9970364134192697 0.18213379555443268 0.998038496752603
0 0.22734788437500014 0.07515632500000005 0.20709309192776745 0.0743931009667546 0.1875150312500001 0.9980760000000001 0.2077698236972328 0.9988392240332457
0 0.25590728750000014 0.0771604916666667 0.23418987193868607 0.07636846338446088 0.21532287187500004 0.9960718291666667 0.23704028743631408 0.9968638574488725
0 0.28747294375000015 0.10321468750000008 0.2641765362421781 0.10213397131656272 0.24085081664651375 0.9960357950504768 0.2641472241543358 0.9971165112339142
0 0.3085167156250001 0.05912297500000007 0.2913321484557628 0.05845990483423803 0.2710043725693515 0.9950432862922172 0.2881889397385889 0.9957063564579793
0 0.33331830312500016 0.05411255416666672 0.31304289618704834 0.053334393499960414 0.2927338875000001 0.9940676625000002 0.31300929443795195 0.9948458231667064
0 0.35811989062500016 0.05411255416666673 0.33788197302153977 0.05339489751533154 0.3190386000000001 0.9980759999999999 0.3392765176034605 0.998793656651335
0 0.38743085625000007 0.058120891666666744 0.3671594713569448 0.05725459319236273 0.3445925212762776 0.9960397440725767 0.3648639061693329 0.9969060425468806
0 0.4182895071559045 0.09127576226403106 0.39194023437500003 0.09018759166666675 0.37082741430366417 0.9990441936757481 0.39717668708456866 1.0001323642731126
0 0.4588293656250002 0.08718133750000008 0.4228053857443742 0.08580597268266658 0.4032136843750001 0.998076 0.4392376642556261 0.9994513648173335
0 0.5061912890487791 0.08951115957117801 0.46409347149340424 0.08802426087987177 0.44604251369462516 0.9965891013086938 0.48814033125 0.9980760000000001
0 0.5505200812500002 0.09319384166666675 0.51151709789102 0.09192404427787024 0.4949044000000001 0.9990780833333334 0.5339073833589802 1.0003478807221298
0 0.5978685656250001 0.09018759166666675 0.5580996989656725 0.08883850044688857 0.5407497593749999 0.9980759999999999 0.5805186260343277 0.9994250912197782
0 0.6459686156250001 0.08818342083333346 0.6039850285866162 0.08675604081358372 0.5865951187500001 0.9960718291666667 0.628578705788384 0.9974992091864165
0 0.6925655375 0.08417508333333344 0.6565135842395823 0.08295880904839399 0.6392045468750001 0.9950697458333334 0.6752565001354178 0.9962860201182728
0 0.750465022435957 0.08571744042820513 0.7068452374999998 0.08417508333333344 0.6886887452558856 0.9970431310051188 0.7323085301918428 0.9985854880999905
0 0.8000390812500001 0.08718133750000015 0.7580040988115897 0.08563820304981618 0.7391635978972525 0.998020860995698 0.7811985803356629 0.9995639954458819
0 0.8383838133889048 0.0888669632267006 0.7983210231045925 0.08805761406059905 0.7880140687500001 0.9950697458333334 0.8280768590343124 0.9958790949994349
0 0.8819756348456984 0.09037275365398686 0.8472695541407932 0.08915499270531949 0.829350046875 0.9970739125 0.8640561275799052 0.9982916734486673
0 0.9157798218750001 0.09419592916666682 0.8731331015497318 0.0939277106963823 0.8699344624999998 0.998076 0.9125811828252681 0.9983442184702845
0 0.9559631521823395 0.0874084664370435 0.9285992582883035 0.08630088028222473 0.9078909160342403 0.9958437776038882 0.9352548099282764 0.996951363758707
0 0.9781661766096695 0.08857177187379592 0.9541318840272078 0.08811195466882632 0.944339225 0.9980760000000001 0.9683735175824617 0.9985358172049698