0 0.31862026599880694 0.4222526777484787 0.147353125 0.20011250000000005 0.12065785900119304 0.22069419725152142 0.291925 0.44283437500000006
0 0.2834976036818557 0.4338420882936623 0.10540625000000003 0.21081406249999995 0.09160708381814428 0.22183291170633773 0.26969843749999994 0.4448609375
0 0.25435940302220367 0.42684852660740813 0.07132500000000001 0.2017671875 0.048732451446437244 0.220139273136465 0.23176685446864087 0.44522061224387305
0 0.3429 0.44553593750000003 0.3249875 0.13806875 0.2981859295243878 0.13963016256908722 0.3160984295243878 0.44709735006908724
0 0.3834953125000001 0.44446250000000004 0.3687995670107299 0.13016707722503434 0.33009097994711534 0.13197700349985453 0.34478672543638555 0.4462724262748202
0 0.4125109375000001 0.44512656250000004 0.4022984375000001 0.12086250000000001 0.37366130212757087 0.12176440921169669 0.3838738021275709 0.44602847171169663
0 0.4385125 0.4447500000000001 0.4315061547385312 0.1254583676593241 0.40511406250000004 0.1260375 0.41212040776146885 0.44532913234067595
0 0.488746875 0.44495625 0.48654374999999994 0.1190125 0.43711896632938857 0.11934657290836015 0.4393220913293886 0.4452903229083601
0 0.21736666997325776 0.4242956550627177 0.049493750000000024 0.22284531250000006 0.034870830026742274 0.23503090743728242 0.20274374999999994 0.4364812500000001
0 0.5128640625 0.44766874999999995 0.5084245416516828 0.11926317886926721 0.4904686951005533 0.1195059133479743 0.49490821594887047 0.44791148447870704
0 0.52946875 0.44534843750000014 0.526346875 0.11876250000000002 0.5103525765597442 0.11891539145890791 0.5134744515597441 0.445501328958908
0 0.5733974523071415 0.44181155024916496 0.5726021499491262 0.12685306671423383 0.5289109476419849 0.1269633914650689 0.52970625 0.4419218750000001
0 0.6258934479033105 0.13448447977439323 0.5796095672575542 0.13382870360670163 0.5752243326169564 0.4433332063755751 0.6215082132627127 0.4439889825432667
0 0.6688578125 0.13242968750000006 0.6294617416561975 0.13193052126246824 0.6255153064591963 0.4433979822235659 0.6649113773029989 0.44389714846109773
0 0.6970171875000001 0.1299468750000001 0.67326474299208 0.1294567362282642 0.6668005976419253 0.4427134352992166 0.6905530421498455 0.44320357407095246
0 0.7394937500000002 0.1287218750000001 0.7026501706427191 0.12772768346531133 0.6941066664024437 0.4443399915397258 0.7309502457597248 0.4453341830744145
0 0.7540411834115248 0.1289835114033108 0.7408157965256953 0.12859487504940098 0.7315449256141706 0.44408480114609034 0.7447703125000003 0.44447343750000023
0 0.7808437500000002 0.10707968750000012 0.7620370670702645 0.10635502038043612 0.7489571037644801 0.4458084273081114 0.7677637866942157 0.44653309442767536
0 0.7999890625000001 0.12667968750000008 0.7834935107151278 0.12598030234547336 0.7700286421667731 0.44355987202647373 0.7865241939516453 0.4442592571810005
0 0.8181453125000001 0.12663125000000008 0.8017836140723009 0.12582999690168725 0.7862914250259674 0.44218262716888895 0.8026531234536666 0.4429838802672018
0 0.8449921875000002 0.12894062500000011 0.8197437629849313 0.12733244994455958 0.7998572953642408 0.4395509331835135 0.8251057198793095 0.441159108238954
0 0.9220140625000003 0.10212656250000014 0.8872081057875368 0.09965512327679234 0.8626750848765946 0.44516038831984517 0.8974810415890581 0.447631827543053
0 0.8735109375000002 0.12680156250000013 0.8495381700495402 0.12522116672895325 0.8287219425178893 0.4409791502380892 0.8526947099683493 0.442559546009136
0 0.9593890625 0.10444531250000011 0.9320305882540986 0.10207031683682095 0.902281656148426 0.4447595290632746 0.9296401303943276 0.4471345247264538
0 0.9518609375000002 0.5929046875000001 0.9053750318167083 0.5874149713354312 0.8635830111432898 0.9413021074094757 0.9100689168265819 0.9467918235740449
0 0.8962635775885193 0.601447304173227 0.8458578125000003 0.5961031250000001 0.8105487745008789 0.9291344507088359 0.8609545395893979 0.9344786298820628
0 0.7894608119880622 0.6311799592779007 0.73699375 0.6284812500000001 0.7213348717543588 0.932913943919773 0.7738019337424211 0.9356126531976736
0 0.7335062500000002 0.5902781250000002 0.6738642636818617 0.5884401691695591 0.6633190634045423 0.9306337519777872 0.7229610497226807 0.9324717078082282
0 0.6676692108789373 0.5874438241755958 0.5989171875 0.5869296875000002 0.5963921800664579 0.9245818689977809 0.6651442034453952 0.9250960056733766
0 0.5970911646650251 0.6034371991462849 0.5484765625000001 0.6028593750000001 0.5447671571612094 0.914946133529529 0.5933817593262345 0.915523957675814
0 0.5498852562456109 0.912259461810884 0.544996599085294 0.5956600303695168 0.5182345584761193 0.5960732668710895 0.5231232156364362 0.9126726983124567
0 0.8452734375000001 0.5899359375000002 0.7947983075153627 0.585817633267783 0.7667494279161258 0.9295928290436313 0.8172245579007631 0.9337111332758484
0 0.4815541615443223 0.9131773780874269 0.4717584046462472 0.5980786653408845 0.42496748573000936 0.5995332966935353 0.4347632426280845 0.9146320094400776
0 0.43433606340160835 0.9145669645699208 0.42432499999999995 0.584359375 0.3707540365639054 0.5859835118411383 0.3807650999655138 0.916191101411059
0 0.385413938993076 0.8992670964656251 0.3709739757074845 0.6103476330841521 0.32015360469097603 0.6128875945081756 0.33459356797656753 0.9018070578896484
0 0.28341754812080505 0.8886168644089762 0.27083789413622517 0.5932483965508697 0.22919687500000005 0.595021875 0.24177652898457985 0.8903903428581066
0 0.32904379049033994 0.8803363779803682 0.31983798579152684 0.5811549310649305 0.279425 0.5823984375 0.28863080469881314 0.8815798844154376
0 0.2374599987456636 0.8923082632492996 0.22259375000000006 0.5853171875000001 0.18007716134733742 0.5873760818218783 0.19494341009300092 0.8943671575711779
0 0.19189594389377576 0.8898230365650115 0.175471875 0.5853171875000001 0.14503164822798864 0.5869590357048237 0.16145571712176437 0.891464884769835