0 0.295225 0.8512078125000002 0.23466766471233186 0.03178380011503844 0.2023255528654268 0.034173957202727215 0.262882888153095 0.853597969587689
0 0.32341964800810424 0.847247054241803 0.26758169226598816 0.04471769248503305 0.2358796875 0.0469234375 0.2917176432421161 0.8494527992567699
0 0.41879375000000013 0.8501234375 0.407330466072537 0.0018309842944771032 0.278965625 0.0035656250000000015 0.2904289089274632 0.8518580782055227
0 0.4545640625000001 0.854459375 0.4496859375000001 0.05342812500000001 0.40495529498373173 0.05370052594006904 0.4098334199837318 0.8547317759400691
0 0.4935884108753676 0.8489935696858565 0.4927734374999999 0.1498984375 0.4513112922312258 0.14994677218711766 0.4521262656065935 0.8490419043729742
0 0.535859375 0.1509828125000001 0.4871004250053675 0.1506405932596245 0.48220673042163165 0.8478878001539796 0.5309656804162642 0.8482300193943553
0 0.5805718750000002 0.1553171875000001 0.535072105558866 0.15424574706242597 0.518812730558866 0.8447160595624258 0.5643125000000001 0.8457874999999999
0 0.6173080772669186 0.14986727045716236 0.5724421875 0.14881406250000004 0.5560128571320128 0.8486915370497077 0.6008787468989314 0.8497447450068698
0 0.6610546875 0.15423437500000006 0.6195937500000002 0.15315000000000006 0.6013946995992399 0.8489883319656821 0.6428556370992398 0.850072706965682
0 0.7179609375000002 0.05776250000000009 0.6667868139832789 0.054862872812398364 0.6219442315780335 0.846268009523369 0.6731183550947547 0.8491676367109708
0 0.7619463888432165 0.06403701657052316 0.7155218750000001 0.06101562500000009 0.6642207986567839 0.8492707959294771 0.7106453125000002 0.8522921875000001
0 0.8057609375000002 0.062098437500000124 0.7573078703219205 0.05863512680783565 0.7010157689044795 0.8461835779893597 0.7494688360825593 0.8496468886815242