0 0.13669842500000004 0.9780285291666666 0.02314212220523448 0.12513081168093215 -0.02751105004036631 0.1371202383083765 0.08604525275439925 0.9900179557941109
0 0.16140221764226628 0.9785588498303149 0.07670074802356085 0.2533371271756889 0.042395615625 0.260460025 0.12709708524370542 0.9856817476546261
0 0.190353471875 0.9845321708333333 0.10743203750000001 0.24203303750000002 0.07455335956111127 0.24856077488527392 0.15747479393611127 0.9910599082186073
0 0.22124577187500005 0.9823642916666666 0.1374057161131445 0.24588692471876555 0.10672664852760438 0.25209578351371403 0.1905667042894599 0.9885731504616151
0 0.271649 0.9693570083333333 0.18745221185214747 0.15518226201201676 0.12775591874999997 0.16615721666666666 0.21195270689785248 0.9803319629879833
0 0.30172834374999996 0.9639373041666668 0.22214789051446537 0.15044813600866386 0.18475194676446538 0.15695177767533047 0.26433239999999997 0.9704409458333333
0 0.322865178125 0.9639373041666668 0.26210456757572675 0.14613231177589805 0.21718099687500003 0.15206599166666665 0.27794160742427326 0.9698709840574353
0 0.35538339062500013 0.9574336625 0.28945468161564325 0.15109570081221976 0.252951028125 0.15640174999999998 0.31887973713435686 0.9627397116877802
0 0.397976904067067 0.9582541339158612 0.35267489400306223 0.22793079636229052 0.293598790625 0.23444545416666665 0.33890080068900474 0.9647687917202373
0 0.4377441676203924 0.949547061164784 0.39258309068761055 0.22697000383942753 0.3508700761922181 0.23160478434131035 0.396031153125 0.9541818416666668
0 0.46538506220510145 0.9499369136357956 0.42363609355635246 0.21864780135658154 0.385462734375 0.2225221125 0.42721170302374895 0.9538112247792141
0 0.5011743648387581 0.9381671993016537 0.46657904421133994 0.2177059440631627 0.42285867499999996 0.22143817083333334 0.4574539956274181 0.9418994260718243
0 0.5378760091908219 0.9418644018663436 0.507406021875 0.21168270833333333 0.46652296456356296 0.21471563683134498 0.49699295187938486 0.9448973303643552
0 0.578373410919342 0.9311544167839184 0.5552448040463547 0.22628258101616586 0.508218978125 0.22902575416666665 0.5313475849979874 0.9338975899344192
0 0.6092336319108489 0.9234269567667978 0.593579278125 0.22035423333333334 0.5528708555284224 0.22196560841278573 0.5685252093142713 0.9250383318462502
0 0.6431899249609201 0.9220014112431988 0.6333693812494032 0.23674565533569739 0.59601814375 0.23769727916666666 0.6058386874615167 0.9229530350741679
0 0.6920208157277978 0.9199618356318509 0.6870691343750001 0.23552939583333332 0.6301518777979005 0.23626145053808031 0.6351035591506983 0.9206938903365979
0 0.7187743875 0.22685787500000013 0.6854432218750001 0.22685787500000013 0.6854432218750001 0.9086563458333334 0.7187743875 0.9086563458333334
0 0.7642998843750001 0.05884712083333346 0.7196820132139122 0.05770307262931989 0.7073966189582144 0.9094902397797654 0.7520144901193022 0.9106342879837789
0 0.79681809375 0.22143817083333345 0.7635564029709576 0.21988206834551677 0.7455774214552578 0.9030833680363882 0.7788391122343002 0.904639470524205
0 0.8252968907070732 0.21707395606058516 0.7977313122031109 0.21595663126734568 0.7821848968750001 0.8978169458333335 0.8097504753789625 0.8989342706265728
0 0.8634804250000003 0.21927029166666678 0.830231403777916 0.2175430696089543 0.8105459189766302 0.8912240363663113 0.8437949401987146 0.8929512584240238
0 0.9016893218750003 0.18133237916666683 0.8605991490072613 0.17844885831514246 0.8324893127688433 0.8905647224006507 0.8735794856365823 0.893448243252175
0 0.9350204875000001 0.18458420000000017 0.8985636482357509 0.18172484002367703 0.8674246583716869 0.8875419352092435 0.9038814976359362 0.8904012951855667
0 0.979733025 0.18024843750000016 0.9402184001162036 0.17601695003954762 0.8980951491894302 0.8753179667103986 0.9376097740732267 0.8795494541708512
0 1.0358744199191 0.06409446034494301 0.98495042982192 0.05679956380901394 0.9196588708942063 0.8670845645354232 0.9705828609913862 0.8743794610713522