0 0.14843374062500003 0.9970739125000001 0.017467215383411915 0.2112747464454454 -0.042215748841173475 0.22895858736849886 0.08875077640041464 1.0147577534230536
0 0.18375721562500003 0.9940676624999998 0.0588246658706751 0.13172836441485528 0.013903918749999999 0.14329805833333334 0.1388364685043249 1.005637356418478
0 0.22659632187500006 0.998076 0.13809661914436427 0.29516456709191474 0.091314934375 0.30563572083333335 0.17981463710563572 1.0085471537414186
0 0.264174484375 0.9960718291666669 0.20212802619819067 0.3863313410599844 0.15519781249999998 0.39482122916666673 0.21724427067680932 1.0045617172733492
0 0.30024951874999994 0.9970739125 0.24210628222509203 0.2530418290610343 0.20254629687499998 0.2585377583333333 0.2606895333999079 1.002569841772299
0 0.34948297570780823 0.9942919593452351 0.30385186004206105 0.2489837526158699 0.25290103437499994 0.2545294208333334 0.29853215004074707 0.9998376275626986
0 0.395698053125 0.9950697458333335 0.38665301169925714 0.1428258760382529 0.30851671562500005 0.14430014583333334 0.31756175705074285 0.996544015628414
0 0.43026996250000016 0.42588584166666676 0.3987152629088138 0.4257379577364833 0.3972091867023019 0.9970422496179623 0.4287638862934881 0.9971901335481458
0 0.47010281249999997 0.42087542083333346 0.43778559375 0.42087542083333346 0.43778559375000003 0.998076 0.4701028125000001 0.998076
0 0.52496693125 0.13628347083333345 0.4829640133256682 0.1332192300959317 0.44757324409532373 0.9956496272130375 0.4895761620196556 0.9987138679504393
0 0.5573449404468752 0.2523956410640345 0.5272216218750001 0.24951900000000016 0.48710964261793616 0.9962577771977106 0.5172329611898113 0.999134418261745
0 0.5896013718750001 0.38680455416666676 0.5614117419474967 0.3829717535775998 0.5146369196880027 0.994565123910094 0.5428265496155061 0.9983979244991609
0 0.6474717406250001 0.14430014583333345 0.6197534395963515 0.1393927145664633 0.5345923994806002 0.9945200936051213 0.5623107005092487 0.9994275248719915
0 0.6797889625000002 0.14430014583333348 0.6551171947101386 0.13940657192737474 0.5598922952588874 0.9929037962819293 0.584564063048749 0.997797370187888
0 0.6993296062500002 0.24250440833333353 0.6777638207315381 0.23769291822394964 0.5827597947193033 0.9947091076805262 0.6043255802377654 0.9995205977899102
0 0.7519390343750001 0.23649190416666682 0.7130042080426404 0.2262603536472533 0.5992966611654194 0.9955033525574346 0.6382314874977789 1.005734903076848
0 0.7947781375000001 0.2224627208333335 0.7686566506739436 0.21498973383571324 0.6431939052502781 0.9946329897478415 0.6693153920763346 1.0021059767454619
0 0.829350046875 0.2224627208333335 0.8045546657030511 0.2149877997718589 0.6722944244633025 0.9949453418784395 0.6970898056352512 1.0024202629399142
0 0.8714375906250004 0.22546897500000024 0.8395948178317003 0.2148962334191723 0.6942017053696676 0.9933710496574423 0.7260444781629677 1.0039437912382703
0 0.9127735687500002 0.22847522916666685 0.8838072311791908 0.21831160198220248 0.7311873214360307 0.9915858138859209 0.7601536590068401 1.0017494410703853
0 0.9428361000000004 0.2294773125000003 0.9235374257268394 0.22267707134253284 0.7716742795481444 0.9888609820689623 0.7909729538213055 0.9956612232264298
0 1.0208995243397994 0.1479077265572201 0.9830037230483837 0.13233880149311586 0.7865835141072156 0.9822941440322829 0.8244793153986313 0.9978630690963871
0 1.0104969168914761 0.3925263519675143 0.980061885474371 0.3784765398423209 0.8229062997492408 0.9836927230494913 0.8533413311663459 0.9977425351746848