0 0.18834160000000003 0.8213245375000001 0.15508349118823622 0.1968521290222731 0.0950816875 0.20253314583333334 0.1283397963117638 0.8270055543110604
0 0.24644887499999996 0.8197206458333333 0.2173562846877901 0.1983570498144399 0.158152821875 0.20328494166666672 0.18724541218720986 0.8246485376855599
0 0.32694385466927134 0.81732558357986 0.29817690885124765 0.19758010020263936 0.2216158194016244 0.20389790150380674 0.2503827652196481 0.8236433848810273
0 0.40577417953206646 0.8206150414178209 0.37983993646068404 0.19752471651376632 0.30199337812500004 0.20328494166666672 0.32792762119638247 0.8263752665707214
0 0.4387433029448259 0.8228781262749918 0.41731738123873247 0.19644971397536307 0.38279264375 0.19854902083333328 0.4042185654560934 0.8249774331329621
0 0.4750398234827592 0.8194215718559984 0.4546506454571503 0.19546017911782307 0.4218604374999999 0.19736504166666669 0.44224961552560876 0.821326434404842
0 0.5186561864377297 0.813685844655294 0.5052379374999999 0.19732481249999997 0.45825172138439535 0.1991432928648501 0.4716699703221251 0.8155043250201442
0 0.5684000015751645 0.8128873570842483 0.5585753139185118 0.1959579611014072 0.5088751062499999 0.19736504166666666 0.5186997939066526 0.8142944376495078
0 0.6028941875000002 0.19472064583333343 0.5639324894683074 0.1944316552797872 0.5613517438968029 0.8129846205413539 0.6003134419284957 0.8132736110949002
0 0.638509175 0.19381307916666674 0.6030079722724005 0.193464888991375 0.5995964214701893 0.8118455083671451 0.6350976241977888 0.8121936985424367
0 0.7077656875 0.20210096250000012 0.642972979084742 0.20091742768302978 0.6366960231017293 0.8118195759275209 0.7014887315169873 0.8130031107444912
0 0.7415660625000002 0.1921164791666668 0.7087429858707861 0.19127157465691197 0.6997744812500001 0.8106686750000002 0.7325975578792141 0.811513579509755
0 0.7805738062500002 0.1997330000000001 0.7459848855438252 0.19817892561931838 0.7303593818822172 0.8164468385055434 0.7649483025883921 0.8180009128862252
0 0.8649247406250001 0.1440857458333335 0.7949457296305631 0.13821392887059894 0.7627499784162914 0.8203504895514059 0.8327289894107285 0.8262223065141404
0 0.9421724562500003 0.14526974583333355 0.8767670389160109 0.13806701106314534 0.8344139063689993 0.821788624656542 0.8998193237029886 0.8289913594267302