0 0.10012408836487285 0.8471974815141565 0.08374900014995758 0.23040253195137753 0.044021528125 0.232277575 0.06039661633991526 0.849072524562779
0 0.13274097873023444 0.8498162130636665 0.11628422359603974 0.2321393796218004 0.06759722812499999 0.23444545416666662 0.08405398325919469 0.8521222876085327
0 0.17250719519118757 0.8460738724687704 0.1553387005816906 0.23890866590008192 0.114748634375 0.2409491 0.13191712898449698 0.8481143065686886
0 0.20823848749999999 0.84687175 0.19184063331025197 0.23796468899076956 0.152144575 0.23986515833333336 0.16854242918974802 0.8487722193425637
0 0.24006908126341023 0.8466644950892351 0.222871684375 0.131471125 0.18789842729179468 0.13296616491555985 0.20509582418020492 0.8481595350047949
0 0.27002308750000004 0.8457878083333333 0.26108058125 0.131471125 0.217978822589639 0.13243039513313576 0.226921328839639 0.8467470784664691
0 0.2945014750528169 0.8426188383703128 0.282217415625 0.2376972791666667 0.2544872061971832 0.23869836996302066 0.26677126562500003 0.8436199291666668
0 0.3383412661447402 0.8408586848328172 0.32362725132200315 0.0670104531693242 0.274007044552263 0.06868775583650712 0.28872105937500003 0.8425359875000001
0 0.3855960328481762 0.8381897381085004 0.3667449791992343 0.07321948693311324 0.31702140885105806 0.0753978529912795 0.3358724624999999 0.8403681041666666
0 0.4253473720920775 0.8350091899282658 0.413880581576512 0.07274052492121935 0.36595180937499994 0.0740222875 0.3774185998905655 0.8362909525070463
0 0.45456393124999994 0.8349484041666666 0.4407022891379692 0.16306652075997088 0.415542078125 0.16398933333333332 0.4294037202370308 0.8358712167400291
0 0.4797915895040462 0.8343060618292721 0.46838416875 0.16615721666666666 0.43992697805389547 0.16702095806560494 0.45133439880794163 0.8351698032282103
0 0.501715334375 0.832780525 0.4821859058002782 0.08089747899641225 0.4611306333036539 0.08186972817214298 0.48066006187837573 0.8337527741757306
0 0.5277299031249999 0.8371162833333332 0.5220139054093039 0.2230548933680164 0.48870804999999995 0.22360605416666665 0.494424047715696 0.8376674441319836
0 0.5513201415659076 0.8291535098946139 0.5464153822363556 0.22423315906514898 0.51472261875 0.2246899916666667 0.5196273780795521 0.8296103424961316
0 0.579759040625 0.8284447625000001 0.5716294875 0.10870837500000001 0.5423819738474235 0.10929567451105492 0.5505115269724234 0.8290320620110551
0 0.6147806509293743 0.8281864740089842 0.5992699656249999 0.108708375 0.5642483553206257 0.11005060515768246 0.579759040625 0.8295287041666666
0 0.6301794357452596 0.8271217847045309 0.6260974906250001 0.11087625833333335 0.5943878878811248 0.1111975308043445 0.5984698330013842 0.8274430571755421
0 0.6651371792316485 0.8258792404597569 0.661054565625 0.17266085833333333 0.6195899517530183 0.1731215761206126 0.6236725653596668 0.8263399582470361
0 0.7000764187499999 0.8251929416666666 0.6951704554701624 0.17324489336539667 0.65780274375 0.17374479583333333 0.6627087070298374 0.8256928441346033
0 0.7253154225979598 0.819488613615095 0.7212104181230078 0.25573492240366213 0.6911339093750001 0.25612426250000003 0.6952389138499521 0.8198779537114329
0 0.7423500906249999 0.8165214166666667 0.7390982687500001 0.25287244166666667 0.7163181093043458 0.25310608438982546 0.7195699311793458 0.8167550593898253
0 0.7756812562500002 0.8230250625000001 0.7716072975961972 0.17336425037708356 0.737472359375 0.17374479583333338 0.7415463180288029 0.82340560795625
0 0.8082043694831395 0.8182483086590276 0.8032437211674225 0.16785215942895426 0.768364659375 0.16832509583333335 0.773325307690717 0.8187212450634067
0 0.8382828861360931 0.18032825757891244 0.803321734375 0.1802484375000001 0.8025018274349354 0.8186818598708797 0.8374629791960284 0.818761679949792
0 0.8748617968750002 0.18350025833333347 0.8342693523650242 0.1829354939206989 0.8293376307885069 0.813099954097611 0.8699300752984829 0.8136647185102457
0 0.9374593531250002 0.11737990000000016 0.9001813223949892 0.11619647051800287 0.8878916504943358 0.8044181347477969 0.9251696812243468 0.8056015642297942
0 0.965121643870137 0.2630004604387807 0.9277377291959559 0.2624969731456871 0.9236391125000003 0.8035141333333337 0.9610230271741814 0.8040176206264271
0 0.9968050843750001 0.10545655416666683 0.9691789105545547 0.10500039453493147 0.9626609656250003 0.8067659541666667 0.9902871394454456 0.8072221137984023