0 0.10174135 0.8468717499999999 0.05361528308655865 0.13232199997214944 0.018937861464712158 0.1364741417171507 0.06706392837815349 0.8510238917450011
0 0.13100774062500004 0.8468717500000001 0.08629520000000002 0.13038718333333332 0.05279014225474361 0.13410433560156534 0.09750268287974363 0.850588902268232
0 0.16677777187500004 0.8468717499999999 0.12562370804110695 0.12804742828496182 0.0919858875 0.13147112500000002 0.13313995133389311 0.8502954467150381
0 0.18872756249999997 0.8436199291666665 0.16023625121228982 0.13377926962172548 0.13182069375 0.1358068833333333 0.16031200503771018 0.8456475428782745
0 0.212303265625 0.8457878083333333 0.17779900396291498 0.1294136372844227 0.1537704875 0.13147112500000002 0.18827474916208503 0.8478452960489106
0 0.23524423050026982 0.8475337568957901 0.2097928880239747 0.13380147218142457 0.17815914374999997 0.13580688333333332 0.20361048622629513 0.8495391680476988
0 0.2605733375019069 0.847312979371809 0.23344010000000007 0.13472294583333336 0.20793277499809318 0.13644959562819095 0.23506601250000006 0.8490396291666666
0 0.2937921367263042 0.8424301827017536 0.2681298187601766 0.13713033795439936 0.23297939765887238 0.13940402191931234 0.258641715625 0.8447038666666666
0 0.31067085 0.8490396291666664 0.29515130032719605 0.13786307972203157 0.26433239999999997 0.1390587083333333 0.2798519496728039 0.8502352577779682
0 0.34318906250000003 0.8436199291666668 0.33097699036585465 0.13803367967568597 0.2961322711983551 0.13910582509430336 0.3083443433325005 0.8446920745852842
0 0.3676289334681869 0.8473130796264011 0.35781308760405134 0.13948148454611825 0.33099473125 0.14014264583333338 0.3408105771141356 0.8479742409136163
0 0.39765706250000005 0.8457878083333333 0.39110914464955643 0.13752120824934322 0.36351294375 0.1379747666666666 0.3700608616004436 0.8462413667506568
0 0.43017527187500015 0.8468717500000001 0.42692345312500013 0.1433944666666667 0.3927655972707544 0.14367516790450832 0.39601741602075435 0.8471524512378417
0 0.4659453031250001 0.8479556875 0.4577793312686457 0.20556570057075663 0.4244715129624759 0.20631841939312368 0.4326374848188303 0.848708406322367
0 0.49846760494662234 0.20851485106076648 0.461880528125 0.20843088750000008 0.46105918611624996 0.8446963848270242 0.4976462629378723 0.8447803483877906
0 0.5301687687500001 0.20409512500000007 0.493585784375 0.20409512500000007 0.493585784375 0.8457878083333333 0.5301687687500001 0.8457878083333333
0 0.5683803236259364 0.8478823185611797 0.5675647125000001 0.20517906666666666 0.5342295156486115 0.20525427277940891 0.5350451267745477 0.8479575246739219
0 0.6220327125 0.11196019583333341 0.5732808031370589 0.10983845101987294 0.5551617830857842 0.849972968972472 0.6039136924487254 0.8520947137859325
0 0.6643063875000002 0.11521202083333343 0.613135649483781 0.11399185427160503 0.6033347437500001 0.8447038666666666 0.6545054817662193 0.8459240332283949
0 0.7041411937500002 0.043671958333333455 0.6740738407283982 0.04216320228443742 0.6512991031250002 0.8490396291666668 0.6813664561466022 0.8505483852155628
0 0.7350334937500002 0.04367195833333346 0.7085344053908352 0.04200084462326315 0.6797525375000001 0.8533753916666666 0.706251625859165 0.855046505376737
0 0.7577962406250001 0.04909165833333347 0.7393731491447737 0.04775846314234882 0.7067655811819602 0.848817735001444 0.7251886726621866 0.8501509301924287
0 0.7846424374740448 0.04865479635707733 0.7579017557327314 0.04662293986961882 0.7236521187500001 0.8479556875000002 0.7503928004913135 0.8499875439874587
0 0.8049476468749999 0.20951482916666678 0.7792408849831204 0.20735066473035 0.748853734375 0.8490396291666668 0.7745604962668796 0.8512037936029836
0 0.836684754529775 0.21319338243073532 0.80657355625 0.21059876666666683 0.7756494017202252 0.8486128925692652 0.8057606000000002 0.8512075083333336
0 0.8634804250000003 0.21710241250000017 0.8393274498302651 0.21515571325316518 0.8106383312500004 0.8479556875000003 0.8347913064197356 0.8499023867468353
0 0.8960193034068757 0.2200039315309013 0.8683581562499999 0.21710241250000015 0.8313702332176378 0.8439791904936007 0.8590313803745137 0.8468807095245018
0 0.9212002468750002 0.14556235000000017 0.8985481019156429 0.14345190165335453 0.8618545125000001 0.843619929166667 0.8845066574593574 0.8457303775133125
0 0.9585961875000002 0.15531781250000018 0.9310152757365294 0.1522101043005391 0.8871156944865295 0.8448479793005391 0.9146966062500003 0.8479556875000002
0 0.9829848468750002 0.15098205000000017 0.956513481329236 0.14820290403113198 0.9155095593750001 0.8425359875000001 0.9419809249207644 0.8453151334688684
0 0.9998169765911713 0.1501950005307059 0.9776929716432704 0.14818598827312587 0.9421628700520991 0.8437787960757533 0.964286875 0.8457878083333334