0 0.7419729149790973 0.013321650512083028 0.7380196427456492 -0.017052393247703045 0.1421686027665518 0.06049939374021392 0.146121875 0.0908734375
0 0.7471267786007942 0.04417073908847743 0.7431984546249301 0.014152489559909697 0.1414859375 0.09289531250000002 0.1454142614758642 0.12291356202856774
0 0.6825997261897252 0.09259812717658338 0.677628125 0.05235000000000001 0.14478046575198714 0.11816936210440532 0.14975206694171234 0.1584174892809887
0 0.6840393534554896 0.1310711091246302 0.6799968750000001 0.09757031249999999 0.1520946232947352 0.1612712896150938 0.1561371017502248 0.19477208623972397
0 0.7143213082281982 0.16433515338404475 0.710140625 0.12977812500000002 0.154051986835387 0.1970533089981625 0.15823267006358513 0.23161033738220724
0 0.7151328125 0.20242343749999997 0.7108625 0.16619374999999997 0.15693788824439908 0.23148360914210803 0.16120820074439907 0.267713296642108
0 0.7124739014805062 0.2655939998370254 0.707228125 0.2099515625 0.16650038147140672 0.26092950335076803 0.17174615795191284 0.31657194068779343
0 0.7110854614809317 0.3199860929400328 0.7067484375000002 0.2686578125 0.17563003400383215 0.3135350854756281 0.17996705798476367 0.3648633659156609
0 0.7014858345749605 0.3658385178621969 0.697665625 0.3215921875 0.1733126029250395 0.3668646071378032 0.17713281250000001 0.41111093750000005
0 0.7290890625000002 0.40085625 0.7259078125000002 0.36279062500000003 0.16990751578903926 0.40925711396246267 0.17308876578903926 0.44732273896246266
0 0.7308340285037127 0.4380818500805903 0.727953125 0.4018046875 0.16732847149628727 0.44632596241940964 0.170209375 0.48260312499999997
0 0.7763265625 0.5104093749999999 0.7713240703937024 0.4391716274009724 0.17119513515768783 0.48131417629481044 0.17619762726398536 0.552551923893838
0 0.7815515625 0.5874890625000001 0.7773943064788132 0.5165736458129823 0.17736917164894064 0.5517487631734866 0.18152642767012747 0.6226641798605044
0 0.7961812499999998 0.6667234374999998 0.7931789096145353 0.5931533141396351 0.18172109711453535 0.6181064391396351 0.18472343749999998 0.6916765624999999
0 0.77386875 0.7123703124999998 0.7721760426588686 0.6715896611376655 0.18970054267433417 0.6957668265804816 0.1913932500154655 0.736547477942816
0 0.7889182474411713 0.7835596500193598 0.7880521446923596 0.723431588718666 0.17197787206835724 0.7323057085464033 0.17284397481716907 0.7924337698470971
0 0.765025 0.8150828125 0.7644514119782649 0.7822952117912937 0.1994782246932152 0.7921788826248872 0.2000518127149502 0.8249664833335935
0 0.7684374999999999 0.85758125 0.7678609875162185 0.8177485573174648 0.20489456464884545 0.8258965671273861 0.205471077132627 0.8657292598099213
0 0.7737999999999999 0.91139375 0.7736187252569043 0.8663717069499974 0.20829281735190608 0.8686479099336563 0.2084740920950018 0.9136699529836589
0 0.7760989321877289 0.9142152163781182 0.21166406250000014 0.9116562500000003 0.2114791928122714 0.9524332211218823 0.7759140625000002 0.9549921875000003