0 0.10174135 0.9617694249999998 0.06989336629496387 0.24641474274093458 0.02938833125 0.24962062083333333 0.061236314955036106 0.9649753030923985
0 0.13263365000000002 0.9704409458333333 0.10650209640744772 0.222425242296078 0.07003609375 0.22468999166666667 0.0961676473425523 0.972705695203922
0 0.165151859375 0.9628533666666669 0.13425916105576016 0.22468047393330212 0.10427318382769801 0.22691144239293937 0.13516588214693784 0.9650843351263041
0 0.22449759375 0.9650212458333333 0.20407939360981214 0.2506564797441712 0.13913729062500002 0.2539563833333333 0.15955549076518785 0.9683211494224955
0 0.25538989375000004 0.9661051875000001 0.23072052963101258 0.08129739056354254 0.202547803125 0.08269380833333333 0.22721716724398747 0.9675016052697908
0 0.2814044625000001 0.9747767083333334 0.2643324 0.08919745 0.23343961434369093 0.09025619921238422 0.250511676843691 0.9758354575457175
0 0.33424655312499996 0.9682730666666667 0.3153703580236198 0.2548076456784411 0.2609986929868547 0.25736500430087184 0.27987488808823485 0.9708304252890975
0 0.3716966341971415 0.9693918315583058 0.35776735486357475 0.12380252494482076 0.317987446875 0.12496748333333334 0.33191672620856677 0.9705567899468183
0 0.40822647564317743 0.9671287482952692 0.40741139556522743 0.12814067822564523 0.36188703125000005 0.12821930416666666 0.36270211132795005 0.9672073742362904
0 0.44724733437499997 0.9769445874999998 0.4464332506735901 0.1433238995053948 0.40578661562499996 0.1433944666666666 0.40660069932640985 0.9770151546612716
0 0.500987759157337 0.14330430712037615 0.45781575312499995 0.14231052916666675 0.4471232364129406 0.9681017890456128 0.4902952424452776 0.9690955669993221
0 0.5431760531250001 0.23878121666666677 0.4976892383982097 0.23815132993669438 0.491935071245954 0.9768766988207767 0.5374218859727444 0.9775065855507491
0 0.5805719937500001 0.23769727916666678 0.5448342389168347 0.23734220968136438 0.5407071290457376 0.9758199660923684 0.5764448838789029 0.9761750355776707
0 0.6147329443103089 0.2460860482031512 0.5781331281250001 0.24528485833333344 0.5691737931896913 0.9728915767968491 0.6057736093750001 0.9736927666666669
0 0.6504861468750003 0.2463688000000001 0.6196530935434477 0.24556754121149976 0.6090577229429137 0.9703995324786601 0.6398907762744662 0.9712007912671604
0 0.6919468656250002 0.24311697916666683 0.6577852019959392 0.24170199909949402 0.640713142620939 0.9744456699328273 0.6748748062500001 0.9758606500000002
0 0.7236521187500002 0.24853667916666683 0.6878975140257035 0.24754644298491638 0.6765161421507034 0.9781222346515831 0.7122707468750001 0.9791124708333335
0 0.7645412331358623 0.11998237115247044 0.7255566699609539 0.11837476013531842 0.7057671031250001 0.9715248875000003 0.7447516662999085 0.9731324985171523
0 0.8073865125000003 0.12063172083333348 0.7652442055581561 0.11799001734070054 0.7350657632582955 0.9738614448994116 0.7772080702001397 0.9765031483920447
0 0.8488472281250002 0.1433944666666668 0.8083452592273123 0.14106189267859073 0.7813840551116085 0.9733189089823433 0.8218860240092966 0.9756514829704195
0 0.89355976875 0.13147112500000016 0.8553761513997495 0.1286869028000135 0.8208642628784384 0.9701195827307193 0.8590478802286888 0.9729038049307059
0 0.9366463968750003 0.13689082500000016 0.8963016901473478 0.13318819394299994 0.8529503404732696 0.9729501959349777 0.8932950472009219 0.976652826991978
0 0.9740423375 0.13689082500000016 0.9360823169018209 0.13329890919066328 0.8913697794018208 0.9733526716906634 0.9293298 0.9769445875000002
0 0.9992439531250001 0.24420092083333353 0.9666916087891041 0.2417574855785372 0.9357993087891041 0.973417214745204 0.9683516531250002 0.9758606500000003