0 0.2014718476813408 0.20470887911719982 0.15008519448082627 0.20231216865681462 0.11606718750000011 0.931675 0.16745384070051467 0.9340717104603853
0 0.25380066705839965 0.2105325786291859 0.2021456412728812 0.20825725588614255 0.1702281250000001 0.9328578124999998 0.2218831507855185 0.9351331352430432
0 0.3335168091217693 0.21868390089257222 0.2571528129143305 0.215197777281307 0.22438756629256135 0.9329248138887346 0.3007515625000001 0.9364109374999998
0 0.36563577760866955 0.33024229268265215 0.3344906250000001 0.32902656250000006 0.3113365421751122 0.9221988415017199 0.34248169478378165 0.923414571684372
0 0.39845520319968447 0.3326852184013626 0.36379218750000003 0.3313937500000001 0.34160597478687305 0.9268717646229753 0.37626899048655743 0.9281632330243378
0 0.44471234687677413 0.3092939499904614 0.3994511804800052 0.30754832678989624 0.3753343750000001 0.9328578125 0.4205955413967691 0.9346034357005651
0 0.4916630170371339 0.3106654247131061 0.44547968750000005 0.30889843750000007 0.42149323296286634 0.935826762786894 0.46767656250000017 0.9375937500000001
0 0.541382388663856 0.29752479415404254 0.5040812500000001 0.29705937500000007 0.49606535276674935 0.9394955352131926 0.5333664914306053 0.9399609543672351
0 0.6044189550630159 0.9413400366785698 0.5882244822048776 0.30197135593823937 0.5484765625000001 0.302978125 0.5646710353581383 0.9423468057403304
0 0.6479259546747445 0.9495812537330958 0.6282978432166165 0.24291900131354277 0.5910015760418721 0.243954935080447 0.6106296875 0.9506171875
0 0.6985890847290441 0.9516824640963796 0.6806509656944016 0.25441128330483 0.6299837559653576 0.25571475670845045 0.6479218750000001 0.9529859374999999
0 0.7501108074877755 0.9531377711624097 0.7348870477225938 0.2581227072076994 0.6869890625 0.259171875 0.7022128222651817 0.9541869389547102
0 0.774003125 0.9518015625 0.7642309474394634 0.3499339283207469 0.7393749999999999 0.35033749999999997 0.7491471775605365 0.9522051341792531
0 0.799753125 0.9553546875000001 0.7933135151269505 0.3500376190784336 0.765125 0.35033749999999997 0.7715646098730495 0.9556545684215665
0 0.8284800813333811 0.9525584609407833 0.8192875000000003 0.3538906250000001 0.7914480436666191 0.35431810155921684 0.800640625 0.9529859375
0 0.8574671875 0.9518015625 0.8469425787993881 0.3522519461441155 0.8194468423459321 0.352734611563646 0.829971451046544 0.9522842279195304
0 0.8867671874999999 0.9541703125 0.88321442508838 0.35842535532266756 0.8494749999999998 0.3586265624999999 0.8530277624116197 0.9543715196773324
0 0.9134046874999999 0.9518015625 0.9124633654662784 0.36094998397473776 0.8849921875 0.36099374999999995 0.8859335095337215 0.951845328525262