0 0.12046135333931604 0.9101545974100512 0.1084354456322308 0.3198439431156742 0.06463659229291474 0.32073622070562285 0.0766625 0.9110468749999999
0 0.16619375 0.9031546875 0.15730529661639173 0.26020810700840846 0.11143906250000002 0.2608421875 0.12032751588360831 0.9037887679915915
0 0.20984843750000004 0.9061140625 0.20540042899393612 0.26053126651005903 0.1602734375 0.26084218750000004 0.16472144600606392 0.9064249834899412
0 0.2594455024238509 0.9106291521081177 0.25416918648192355 0.3028518659716296 0.2060518090580726 0.3032695888635117 0.21132812499999995 0.9110468749999999
0 0.3097396123928053 0.305367506727047 0.2586828125 0.30524218750000004 0.2571983035056765 0.9100518439930237 0.3082551033984818 0.9101771632200707
0 0.35837339731796225 0.3073719827462316 0.31195781250000004 0.307215625 0.3099303802549063 0.9090691026999222 0.35634596507286853 0.9092254604461537
0 0.4029711970104762 0.3222367463516804 0.3607921875000001 0.322015625 0.357694427989524 0.91291481614832 0.3998734375000001 0.9131359375000004
0 0.4328266808010091 0.34781632857913214 0.40545098957166614 0.3476618888287938 0.40222812500000005 0.9189406249999997 0.42960381622934307 0.9190950647503382
0 0.4617218750000003 0.3488984375000001 0.4347869844160427 0.34881361199505045 0.4329914980765815 0.918939638678897 0.45992638866053903 0.9190244641838469
0 0.5191394068214382 0.32318767000075294 0.4666046875 0.3228578125 0.4628806440745195 0.915967187463093 0.5154153633959577 0.9162970449638459
0 0.5820334927714941 0.3035161739670592 0.5228500468557931 0.30308600823587156 0.5183687878934095 0.9196305821196212 0.5775522338091104 0.9200607478508089
0 0.6187859375000001 0.34672968750000016 0.5850549121127487 0.3463016555882324 0.5778939746127487 0.9106188430882325 0.6116250000000001 0.9110468750000003
0 0.6538000000000002 0.34964218750000003 0.6210433946673849 0.3493104784835551 0.615325 0.9140078124999998 0.6480816053326153 0.9143395215164448
0 0.7344515624999999 0.29340156250000005 0.6692880511406913 0.2921587170455371 0.6570353949660895 0.9345765630844735 0.7221989063253981 0.9358194085389364
0 0.79290625 0.2549234375000001 0.7455793686260764 0.25377627699236116 0.7291703523809421 0.9307413225330204 0.7764972337548657 0.9318884830406595
0 0.8173573588416773 0.34436351914861585 0.7921656250000001 0.34372187500000007 0.7774396163497042 0.921882980760568 0.8026313501913813 0.9225246249091837
0 0.8450242881879543 0.34337128142133355 0.8180624999999999 0.34273437500000004 0.8044050187608489 0.9208885653439942 0.8313668069488033 0.9215254717653277
0 0.8669953125000001 0.35649531250000016 0.8447170893716844 0.355904277718663 0.8298217768716846 0.9173620902186629 0.8521000000000001 0.917953125
0 0.8868750000000002 0.35556093750000006 0.8668911622118005 0.3551161067719231 0.8543187500000002 0.9199265625000004 0.8743025877881999 0.9203713932280774