6 0.78815 0.7185125 0.756859375 0.7191921875 0.7504328124999999 0.8737328124999999 0.7808796874999999 0.8719140624999999 0.78815 0.7185125
6 0.7349828125 0.7009296875000001 0.6640921875 0.7088109375 0.66045625 0.86585 0.7304390625 0.8561484374999999 0.7349828125 0.7009296875000001
6 0.64971875 0.7143625 0.6186390625 0.717128125 0.6134593749999999 0.877471875 0.644884375 0.872403125 0.64971875 0.7143625
6 0.6144953125 0.7198921875 0.583415625 0.723578125 0.5823796875 0.8839234375 0.6127687500000001 0.8788546875 0.6144953125 0.7198921875
6 0.5720203125000001 0.7387828125 0.543203125 0.7388375 0.54025 0.8935984375 0.568221875 0.8954421874999999 0.5720203125000001 0.7387828125
6 0.5385 0.7421015625 0.5091953124999999 0.741690625 0.5091953124999999 0.9001515625 0.537575 0.89768125 0.5385 0.7421015625
6 0.5070359375 0.7244046875000001 0.474646875 0.7264625 0.474646875 0.8836875 0.5058015625000001 0.8783375 0.5070359375 0.7244046875000001
6 0.46909375000000003 0.7264625 0.43779531250000003 0.7283921875 0.43855468750000004 0.882453125 0.470328125 0.88080625 0.46909375000000003 0.7264625
6 0.43647187499999995 0.877165625 0.43596406249999997 0.71343125 0.4207515625 0.7157984374999999 0.400409375 0.7149390624999999 0.400975 0.8795328124999999 0.43647187499999995 0.877165625
6 0.39930937499999997 0.747109375 0.3620828125 0.751165625 0.366771875 0.916784375 0.40110156249999995 0.911209375 0.39930937499999997 0.747109375
6 0.35721875000000003 0.73914375 0.3240171875 0.741709375 0.33035312499999997 0.9084203125 0.36408593749999996 0.9044375 0.35721875000000003 0.73914375
6 0.816421875 0.1442703125 0.7770578125000001 0.1456546875 0.7489015625000001 0.9184187500000001 0.7787765624999999 0.9160265624999999 0.816421875 0.1442703125
6 0.7597234375 0.23383125 0.6656171875 0.23252968749999997 0.6488937499999999 0.9132921875 0.7307578125 0.8987281250000001 0.7597234375 0.23383125
6 0.6707234375 0.0633203125 0.635040625 0.061639062499999994 0.61446875 0.93245 0.6434359374999999 0.9268484375 0.6707234375 0.0633203125
6 0.6291625 0.0633203125 0.5963359374999999 0.0610375 0.580884375 0.9401781250000001 0.6106906249999999 0.9334562500000001 0.6291625 0.0633203125
6 0.5842421875 0.1468953125 0.549625 0.1478328125 0.5393234375 0.945446875 0.56745 0.9443265625 0.5842421875 0.1468953125
6 0.548559375 0.1491359375 0.517084375 0.1485328125 0.5086765625 0.9482484375 0.5355453125 0.945446875 0.548559375 0.1491359375
6 0.5135546875 0.15156562499999998 0.47662187500000003 0.1505453125 0.47188749999999996 0.9359984375 0.5052203125 0.9345484374999999 0.5135546875 0.15156562499999998
6 0.47225 0.150115625 0.43404218749999995 0.1511484375 0.4381921875 0.93948125 0.4711625 0.9360968749999999 0.47225 0.150115625
6 0.429134375 0.16123437499999999 0.389196875 0.16141875 0.40159687499999996 0.939578125 0.43601718749999996 0.9352281250000001 0.429134375 0.16123437499999999
6 0.38710468750000004 0.1593015625 0.3470703125 0.1583984375 0.365003125 0.9428640625 0.40159687499999996 0.9385140625 0.38710468750000004 0.1593015625
6 0.344771875 0.9578421875 0.36509843750000004 0.9527109375 0.33268593750000003 0.0068359375 0.2914828125 0.00976875 0.328840625 0.954178125 0.344771875 0.9578421875