6 0.07528125 0.5824 0.0251671875 0.5875125 0.0328359375 0.7244671874999999 0.0815796875 0.71789375 0.07528125 0.5824
6 0.12320468749999999 0.5824 0.0750078125 0.5849562500000001 0.0815796875 0.72045 0.1286828125 0.7186250000000001 0.12320468749999999 0.5824
6 0.181809375 0.5911640625000001 0.131146875 0.592625 0.1390890625 0.7226421875 0.1850953125 0.7171640625 0.181809375 0.5911640625000001
6 0.2302796875 0.5860515625 0.1829046875 0.587878125 0.1894765625 0.7058421874999999 0.23329218749999997 0.7029203125000001 0.2302796875 0.5860515625
6 0.256021875 0.576921875 0.23137500000000003 0.5772859375 0.2341140625 0.71460625 0.2587609375 0.7164328125 0.256021875 0.576921875
6 0.29244375 0.614903125 0.255475 0.6159984374999999 0.2587609375 0.7558765625 0.2938140625 0.756240625 0.29244375 0.614903125
6 0.3230765625 0.729896875 0.3229078125 0.72765 0.3232453125 0.5944203124999999 0.2947734375 0.59531875 0.295953125 0.7321421875 0.3230765625 0.729896875
6 0.35171562500000003 0.5939703125 0.3247609375 0.5944203124999999 0.325265625 0.7301203125 0.35171562500000003 0.729446875 0.35171562500000003 0.5939703125
6 0.392146875 0.5789171875 0.3534 0.5793125 0.3527265625 0.710575 0.38860937500000003 0.7087765625 0.392146875 0.5789171875
6 0.44167500000000004 0.5986328125 0.4024234375 0.6003499999999999 0.40175 0.74566875 0.4388109375 0.74185 0.44167500000000004 0.5986328125
6 0.4893515625 0.5944625 0.4480765625 0.5955859375 0.4463921875 0.741625 0.4856453125 0.7375812500000001 0.4893515625 0.5944625
6 0.5151828125 0.5902265625 0.4902203125 0.591359375 0.48563437499999995 0.7292828124999999 0.5116171875 0.7283765625 0.5151828125 0.5902265625
6 0.5462609375 0.59090625 0.522315625 0.5927171875 0.51891875 0.731546875 0.5415046875 0.7301890625 0.5462609375 0.59090625
6 0.582940625 0.586603125 0.5466 0.5870562500000001 0.542015625 0.7211296875000001 0.5773375 0.7181859375 0.582940625 0.586603125
6 0.6230187500000001 0.5859234375 0.5865078125000001 0.5843375 0.58039375 0.720903125 0.61809375 0.719996875 0.6230187500000001 0.5859234375
6 0.6581375 0.6082453125 0.63139375 0.6082453125 0.6266359375 0.7511296875 0.653215625 0.7489421875 0.6581375 0.6082453125
6 0.7121171875 0.5979609375 0.6752015625000001 0.5977421875 0.6689671875000001 0.743909375 0.7055546875 0.7432531250000001 0.7121171875 0.5979609375
6 0.7514953125 0.595115625 0.7138718749999999 0.594675 0.7075234375 0.7393140625 0.7441125000000001 0.7353765625 0.7514953125 0.595115625
6 0.78605625 0.5861171875 0.7518609374999999 0.5866640624999999 0.7433421874999999 0.7255375 0.7778640625000001 0.7255375 0.78605625 0.5861171875
6 0.8201875 0.582475 0.7865234375 0.5825671875 0.7788390625 0.716434375 0.8133625 0.7151328125 0.8201875 0.582475
6 0.8683640625000001 0.5751921875 0.8271109375 0.5773015625 0.8205781249999999 0.7130515625 0.8593921874999999 0.7120124999999999 0.8683640625000001 0.5751921875
6 0.8859484375 0.574496875 0.8688578124999999 0.5748765625 0.8604593749999999 0.70206875 0.8779296875 0.7011140625000001 0.8859484375 0.574496875
6 0.9122406249999999 0.5644703125 0.8874765625000001 0.5644703125 0.8813265625 0.6909625 0.9030140624999999 0.6909625 0.9122406249999999 0.5644703125
6 0.9567515625 0.5754796875 0.9308937500000001 0.5752312500000001 0.9238937500000001 0.7056421875 0.9480109375 0.705209375 0.9567515625 0.5754796875
6 0.055293749999999996 0.19626875 0.0040984375000000005 0.192346875 0.0343703125 0.7646875 0.08423125000000001 0.761125 0.055293749999999996 0.19626875
6 0.104709375 0.197690625 0.057640625 0.1950765625 0.084675 0.7572046875 0.1287484375 0.7566109375 0.104709375 0.197690625
6 0.15991093750000002 0.16325625 0.10827031250000001 0.1626625 0.13898749999999999 0.761953125 0.18795625 0.7548296875 0.15991093750000002 0.16325625
6 0.20977031249999997 0.16385 0.1612953125 0.16235312500000001 0.1924078125 0.7429546874999999 0.233809375 0.7411734375 0.20977031249999997 0.16385
6 0.24795625000000002 0.165346875 0.219846875 0.1659546875 0.234228125 0.7498984375 0.2587421875 0.7498984375 0.24795625000000002 0.165346875
6 0.29535 0.767334375 0.2858703125 0.126025 0.2826015625 0.1149546875 0.24632187499999997 0.1132109375 0.26037656249999996 0.770821875 0.29535 0.767334375
6 0.3156140625 0.126896875 0.28783125 0.1254171875 0.2986171875 0.772565625 0.3244390625 0.7703859375000001 0.3156140625 0.126896875
6 0.3469921875 0.12803124999999999 0.3195359375 0.1271609375 0.32509375 0.769078125 0.352875 0.767334375 0.3469921875 0.12803124999999999
6 0.395365625 0.12498125 0.355190625 0.12018124999999999 0.35385625 0.7499890625 0.38915625 0.74868125 0.395365625 0.12498125
6 0.4496734375 0.1061625 0.4068203125 0.1014140625 0.39902812499999996 0.7894765625 0.4391 0.7850234375 0.4496734375 0.1061625
6 0.4997625 0.0576234375 0.45690937500000006 0.0516859375 0.4435515625 0.7838328125 0.4841796875 0.7771515625000001 0.4997625 0.0576234375
6 0.528703125 0.1146203125 0.5015078125 0.1128015625 0.4847359375 0.7744765625000001 0.5108937499999999 0.7715078125 0.528703125 0.1146203125
6 0.54041875 0.7692109375 0.5615640625 0.1114203125 0.5328046875 0.11266562499999999 0.516734375 0.7737234374999999 0.54041875 0.7692109375
6 0.5987828125 0.1809140625 0.5614015625000001 0.1770796875 0.54295625 0.759846875 0.5750984375 0.7592828125 0.5987828125 0.1809140625
6 0.6414984375 0.17787031250000002 0.599628125 0.1756140625 0.578059375 0.7641359375000001 0.6169687500000001 0.761315625 0.6414984375 0.17787031250000002
6 0.6791390625 0.11605000000000001 0.6503796875 0.1132296875 0.6250046874999999 0.770903125 0.6529171875 0.766390625 0.6791390625 0.11605000000000001
6 0.73708125 0.1042046875 0.69859375 0.101384375 0.66814375 0.786696875 0.7032468749999999 0.7861328125 0.73708125 0.1042046875
6 0.7788406250000001 0.107296875 0.7410625 0.106328125 0.705825 0.7798375 0.7410625 0.7754765625 0.7788406250000001 0.107296875
6 0.775596875 0.7647265625 0.8092937499999999 0.17327187500000002 0.8113093750000001 0.17211875000000001 0.7756031250000001 0.171140625 0.7407468749999999 0.7670312499999999 0.775596875 0.7647265625
6 0.8043968749999999 0.16789375 0.8092937499999999 0.1690453125 0.7767484375 0.753971875 0.8115984375 0.753971875 0.8412625 0.14484687499999999 0.806703125 0.14521718749999998 0.8043968749999999 0.16789375
6 0.894834375 0.11834375 0.8522078125 0.11542343749999999 0.8173578125000001 0.75535625 0.8573921875 0.750746875 0.894834375 0.11834375
6 0.9357312500000001 0.1234890625 0.91101875 0.12275156250000001 0.87928125 0.7355343750000001 0.9017453124999999 0.7366875 0.9357312500000001 0.1234890625
6 0.9063546875 0.1949328125 0.8896375000000001 0.194903125 0.8582562499999999 0.7399921875000001 0.8764015625000001 0.7392234375 0.9063546875 0.1949328125
6 0.9869984374999999 0.11358281249999999 0.95799375 0.1132453125 0.9219062499999999 0.7545875 0.9437953125 0.7526671875 0.9869984374999999 0.11358281249999999