6 0.176646875 0.682390625 0.133215625 0.687403125 0.14908593750000002 0.8455734375 0.1900109375 0.84111875 0.176646875 0.682390625
6 0.23054375 0.6753671875 0.1866203125 0.678265625 0.20200468749999997 0.83801875 0.242584375 0.8350453124999999 0.23054375 0.6753671875
6 0.293865625 0.649496875 0.25417812500000003 0.6523953125 0.265103125 0.8091765625 0.3056828125 0.8070953125000001 0.293865625 0.649496875
6 0.3391265625 0.6462265625 0.294534375 0.6506859375 0.3043453125 0.8017421875 0.3489375 0.7984718749999999 0.3391265625 0.6462265625
6 0.3853390625 0.6406828124999999 0.3413140625 0.6437984375 0.3520234375 0.79483125 0.3948578125 0.7927906250000001 0.3853390625 0.6406828124999999
6 0.4288140625 0.6364578125 0.388996875 0.6413921874999999 0.3979609375 0.7921484375000001 0.43673593750000006 0.78825625 0.4288140625 0.6364578125
6 0.46922968750000005 0.6307671874999999 0.4294640625 0.6354234375 0.438 0.7846921874999999 0.47621250000000004 0.7810703125 0.46922968750000005 0.6307671874999999
6 0.49357187500000005 0.7450578125 0.5163031250000001 0.7408484375 0.512725 0.6100390625000001 0.4689453125 0.61425 0.4742078125 0.744215625 0.49357187500000005 0.7450578125
6 0.5550312500000001 0.6075140625000001 0.52114375 0.6114437500000001 0.524721875 0.7725671875 0.559871875 0.7675140625 0.5550312500000001 0.6075140625000001
6 0.5976484375 0.6264328124999999 0.556028125 0.628803125 0.5600265624999999 0.77280625 0.60105625 0.7688546875 0.5976484375 0.6264328124999999
6 0.6397875 0.6161359375 0.5967359375 0.6175890625 0.6014578125 0.7566484375 0.64233125 0.7537421875 0.6397875 0.6161359375
6 0.7133578125 0.788628125 0.7144468749999999 0.633821875 0.657771875 0.6369703125 0.6604953124999999 0.7934734375 0.7133578125 0.788628125
6 0.7837015625 0.6293828125 0.7239765625000001 0.6322078125 0.72456875 0.7923640625 0.7811390625 0.7865796875 0.7837015625 0.6293828125
6 0.8556453125000001 0.6339406249999999 0.7953296875 0.64025 0.791584375 0.8006015625 0.8497312499999999 0.7945562500000001 0.8556453125000001 0.6339406249999999
6 0.9086671875000001 0.616328125 0.8566312500000001 0.6196796875 0.8505203124999999 0.7716859375 0.9029515625 0.766428125 0.9086671875000001 0.616328125
6 0.981021875 0.61781875 0.9210687500000001 0.621378125 0.914909375 0.7755421874999999 0.9719875 0.770065625 0.981021875 0.61781875
6 0.1279328125 0.17629062499999998 0.0837015625 0.1817359375 0.15447187499999998 0.891434375 0.1959828125 0.8887109375 0.1279328125 0.17629062499999998
6 0.1850953125 0.1735671875 0.1401828125 0.1760640625 0.20346875 0.88508125 0.24769999999999998 0.88054375 0.1850953125 0.1735671875
6 0.261253125 0.238715625 0.22116093750000002 0.24231406249999998 0.2660734375 0.84515 0.30622343750000003 0.8397046874999999 0.261253125 0.238715625
6 0.301759375 0.13740000000000002 0.254146875 0.14040468749999999 0.30851562499999996 0.8453203125 0.3513015625 0.8393124999999999 0.301759375 0.13740000000000002
6 0.3529109375 0.1352546875 0.3049765625 0.137721875 0.3529109375 0.83716875 0.398271875 0.83330625 0.3529109375 0.1352546875
6 0.39794999999999997 0.1112296875 0.356771875 0.1145546875 0.3998796875 0.8367390625000001 0.438484375 0.829875 0.39794999999999997 0.1112296875
6 0.4429890625 0.1103703125 0.4011671875 0.11294531249999999 0.43945 0.8285875 0.4786984375 0.825584375 0.4429890625 0.1103703125
6 0.4996078125 0.145553125 0.44684843750000003 0.14855625 0.47901875 0.7813921875000001 0.5176234375 0.780534375 0.4996078125 0.145553125
6 0.538534375 0.083340625 0.5008953125 0.0837703125 0.5292046874999999 0.8410296875000001 0.562340625 0.8341640625 0.538534375 0.083340625
6 0.5899765625 0.1396296875 0.5424234375 0.1400671875 0.5624296875 0.8140468750000001 0.6024390625 0.8096734375000001 0.5899765625 0.1396296875
6 0.6362171875 0.1391921875 0.5906328125 0.14039375 0.6001421875 0.796553125 0.6427765625 0.795240625 0.6362171875 0.1391921875
6 0.7155609375 0.1591703125 0.6512265625 0.16428281250000001 0.6614515625 0.8418734375 0.71343125 0.8336343749999999 0.7155609375 0.1591703125
6 0.7911859375 0.1517828125 0.726425 0.15405625 0.7238687500000001 0.8427250000000001 0.780534375 0.839315625 0.7911859375 0.1517828125
6 0.8703078124999999 0.1459734375 0.802628125 0.149228125 0.7904234375 0.84735625 0.8483390625 0.8411421875 0.8703078124999999 0.1459734375
6 0.924896875 0.1450859375 0.8705296875 0.1482671875 0.8485609375 0.8183546875 0.8993781249999999 0.8118437500000001 0.924896875 0.1450859375
6 0.9513281250000001 0.8179671875000001 0.970590625 0.815078125 1 0.1423359375 0.9320656250000001 0.14618906250000002 0.9152109375 0.8231046875000001 0.9513281250000001 0.8179671875000001