6 0.6592421875000001 0.6820171875 0.62176875 0.6854250000000001 0.6223359375 0.857690625 0.6589578125 0.852390625 0.6592421875000001 0.6820171875
6 0.6058703125 0.6823953125 0.5713125 0.6848468750000001 0.5706671875 0.8520125000000001 0.6067218750000001 0.8467125 0.6058703125 0.6823953125
6 0.5720125 0.6926046875 0.5320140624999999 0.698503125 0.5289015625 0.8723281249999999 0.5697765625 0.8659390625000001 0.5720125 0.6926046875
6 0.522834375 0.6960124999999999 0.479571875 0.6994609374999999 0.4784453125 0.8770125 0.52091875 0.8689203125 0.522834375 0.6960124999999999
6 0.4710421875 0.70255 0.43337812500000006 0.7037312499999999 0.4324921875 0.880421875 0.46927031250000006 0.876284375 0.4710421875 0.70255
6 0.42928125 0.7010109375 0.37765 0.705425 0.37725 0.8874062500000001 0.42734375 0.8796546875000001 0.42928125 0.7010109375
6 0.3714375 0.7128234375 0.3166328125 0.721203125 0.3224515625 0.9066765625000001 0.3725453125 0.895603125 0.3714375 0.7128234375
6 0.2969046875 0.7127359375 0.229540625 0.713765625 0.22928281250000002 0.8996140625000001 0.29638906249999997 0.8896703125000001 0.2969046875 0.7127359375
6 0.2017453125 0.7217749999999999 0.1321703125 0.7213984375 0.129353125 0.906221875 0.198646875 0.906221875 0.2017453125 0.7217749999999999
6 0.10965312499999999 0.7392125 0.06594531249999999 0.7404359375 0.0650296875 0.9140796874999999 0.1084296875 0.915303125 0.10965312499999999 0.7392125
6 0.040271875 0.9352750000000001 0.059221875 0.9336453125 0.0598328125 0.76163125 0.01368125 0.761225 0.014292187500000001 0.9328296875 0.040271875 0.9352750000000001
6 0.664484375 0.098071875 0.6202156249999999 0.0964671875 0.620965625 0.9114125 0.65923125 0.908409375 0.664484375 0.098071875
6 0.611275 0.10308124999999999 0.5743734375 0.100971875 0.5675203125 0.9027328125 0.6065296874999999 0.8985140625 0.611275 0.10308124999999999
6 0.5738453125 0.09605 0.5289890625 0.09419374999999999 0.5316734375000001 0.9228421875 0.5680468750000001 0.9158125 0.5738453125 0.09605
6 0.5248203124999999 0.09605 0.48264687500000003 0.09183125 0.4800109375 0.9326859375 0.5242921875000001 0.9235453124999999 0.5248203124999999 0.09605
6 0.4784296875 0.0016953125 0.4404734375 0.0000109375 0.43151093749999997 0.9363468749999999 0.46999375 0.93001875 0.4784296875 0.0016953125
6 0.4304578125 0.0871890625 0.377190625 0.0854953125 0.37615937499999996 0.9394375 0.42782187499999996 0.9345156250000001 0.4304578125 0.0871890625
6 0.3735234375 0.0815640625 0.31670937499999996 0.07837812499999999 0.3208078125 0.9577171874999999 0.37141406250000003 0.9499828125 0.3735234375 0.0815640625
6 0.3068828125 0.039890625 0.236525 0.0353140625 0.2268015625 0.954721875 0.2971578125 0.9463312500000001 0.3068828125 0.039890625
6 0.2142171875 0.049203125 0.140978125 0.04900625 0.12727187499999998 0.960825 0.197628125 0.9638765625 0.2142171875 0.049203125
6 0.0772796875 0 0.06263437499999999 0.9760828125 0.1089671875 0.9753187499999999 0.12155156250000002 0 0.0772796875 0
6 0.0683546875 0.0006828125 0.022590625 0.00009531249999999999 0.011153125 0.9837109375 0.056914062499999994 0.979896875 0.0683546875 0.0006828125