6 0.5859296875 0.7608406249999999 0.5276015625 0.757809375 0.5139671875 0.9447046875 0.570021875 0.9452093749999999 0.5859296875 0.7608406249999999
6 0.51926875 0.7512421875 0.45563906249999997 0.746696875 0.445790625 0.9295500000000001 0.5071484374999999 0.9346015624999999 0.51926875 0.7512421875
6 0.38291875000000003 0.9138921874999999 0.3882203125 0.9194484375 0.4351859375 0.9164171874999999 0.441625 0.9123765625000001 0.4518515625 0.741140625 0.3897359375 0.741140625 0.38291875000000003 0.9138921874999999
6 0.315121875 0.9088406250000001 0.3219390625 0.9138921874999999 0.36776875000000003 0.9108609375000001 0.37496406250000003 0.9098515624999999 0.3848125 0.7391203125 0.323075 0.7376046875 0.315121875 0.9088406250000001
6 0.32080312499999997 0.7153796875 0.277625 0.712853125 0.273459375 0.8957078125000001 0.3158796875 0.8962125000000001 0.32080312499999997 0.7153796875
6 0.2756296875 0.717134375 0.2263734375 0.7148046875 0.225325 0.897903125 0.2724859375 0.8993 0.2756296875 0.717134375
6 0.1977265625 0.8890499999999999 0.22357812500000002 0.888584375 0.224975 0.7115437499999999 0.1760671875 0.70863125 0.1792125 0.883925 0.1977265625 0.8890499999999999
6 0.1648890625 0.6840546875 0.1250640625 0.6821921875 0.1264609375 0.8657546875 0.1645390625 0.8690171875000001 0.1648890625 0.6840546875
6 0.12471406249999999 0.7008281249999999 0.07930000000000001 0.6955859375 0.0838421875 0.8676187499999999 0.1257625 0.872278125 0.12471406249999999 0.7008281249999999
6 0.07824687500000001 0.6998953125 0.030735937499999998 0.696634375 0.036325 0.8694828125 0.0838359375 0.8708796875000001 0.07824687500000001 0.6998953125
6 0.030385937499999998 0.687315625 0.0006921875 0.686734375 0 0.85736875 0.035976562499999996 0.857834375 0.030385937499999998 0.687315625
6 0.630790625 0.2256125 0.5623218750000001 0.21857031249999997 0.5076921875 0.9910953125 0.5674203125 0.9910953125 0.630790625 0.2256125
6 0.5659640625 0.1158421875 0.4909390625 0.10782812500000001 0.43849375 0.982353125 0.5025937500000001 0.987209375 0.5659640625 0.1158421875
6 0.49385312499999995 0.0420140625 0.42028437500000004 0.032056249999999994 0.3838640625 0.9726390625000001 0.43776562500000005 0.9668093750000001 0.49385312499999995 0.0420140625
6 0.418828125 0.033271875 0.34453125 0.024528125 0.3153953125 0.9638953125 0.3751234375 0.96778125 0.418828125 0.033271875
6 0.3387046875 0.0954421875 0.2884453125 0.0935 0.2709640625 0.9658390625 0.3139390625 0.9668093750000001 0.3387046875 0.0954421875
6 0.2891734375 0.0206421875 0.23017343750000002 0.017728125 0.22434531249999998 0.9522390625 0.27023437499999997 0.9590390624999999 0.2891734375 0.0206421875
6 0.22871562499999998 0.017728125 0.174815625 0.0116578125 0.176271875 0.9366953125 0.22434531249999998 0.9425250000000001 0.22871562499999998 0.017728125
6 0.162784375 0.13365156250000002 0.118196875 0.127340625 0.1287125 0.9358437500000001 0.1674109375 0.9392093750000001 0.162784375 0.13365156250000002
6 0.117684375 0.21947812500000002 0.067709375 0.2180453125 0.0843671875 0.9182234375 0.12735625 0.9239578125 0.117684375 0.21947812500000002
6 0.040815625 0.9201296875 0.0839640625 0.9193515624999999 0.0670546875 0.22570625 0.018659375 0.226484375 0.016909374999999997 0.2233734375 0.040815625 0.9201296875
6 0 0.903021875 0.013410937500000001 0.9053546875 0.0379 0.9053546875 0.0174921875 0.207821875 0 0.20859843749999998 0 0.903021875