6 0.5367124999999999 0.742684375 0.466834375 0.7393546875 0.4556046875 0.913340625 0.52610625 0.918334375 0.5367124999999999 0.742684375
6 0.4643390625 0.729365625 0.3917234375 0.7283953125 0.38947031249999997 0.9075124999999999 0.45810000000000006 0.9100109375000001 0.4643390625 0.729365625
6 0.3913421875 0.7110515625 0.3433625 0.712790625 0.345796875 0.8833718749999999 0.38947031249999997 0.8800421875 0.3913421875 0.7110515625
6 0.29713124999999996 0.8833718749999999 0.34205312499999996 0.8800421875 0.34142968749999997 0.716046875 0.2934421875 0.7179921874999999 0.29588437500000003 0.8209359375 0.29713124999999996 0.8833718749999999
6 0.2553296875 0.716046875 0.2458609375 0.7117515625 0.25033906250000004 0.8833718749999999 0.26156875 0.8891984374999999 0.27966250000000004 0.89003125 0.29588437500000003 0.88170625 0.2896453125 0.7093859375 0.28278125 0.7152140625000001 0.2553296875 0.716046875
6 0.238484375 0.716878125 0.1725390625 0.722153125 0.177965625 0.900853125 0.23973125 0.8950265625 0.238484375 0.716878125
6 0.166734375 0.71021875 0.116821875 0.7110515625 0.123684375 0.88586875 0.171725 0.8833718749999999 0.166734375 0.71021875
6 0.077515625 0.8717171875 0.12118906250000001 0.8733812500000001 0.1155734375 0.691071875 0.06801718749999999 0.6909453125 0.0656609375 0.6935703125 0.077515625 0.8717171875
6 0.0625421875 0.6103234375000001 0.00015625 0.6098046874999999 0.010132812500000001 0.8009578125000001 0.06878125 0.797628125 0.0625421875 0.6103234375000001
6 0.46051875000000003 0.9675953125 0.5271484375 0.9701000000000001 0.5703171874999999 0.1111296875 0.49652031250000006 0.10201875 0.45957968749999994 0.9438046874999999 0.46051875000000003 0.9675953125
6 0.480225 0.10236562499999999 0.4061796875 0.09263125 0.3910734375 0.9675953125 0.4558265625 0.9675953125 0.480225 0.10236562499999999
6 0.3910734375 0.1236515625 0.34039687500000004 0.11613906249999999 0.3469671875 0.9312828124999999 0.389196875 0.9325359375 0.3910734375 0.1236515625
6 0.33664375 0.1198953125 0.2841609375 0.11297187500000001 0.2981671875 0.9337875 0.34039687500000004 0.9350390624999999 0.33664375 0.1198953125
6 0.29629062500000003 0.9312828124999999 0.2728296875 0.052279687500000005 0.2512453125 0.047271875000000005 0.22080625 0.04881875 0.2549984375 0.9413 0.29629062500000003 0.9312828124999999
6 0.222153125 0.0572890625 0.151584375 0.047254687499999996 0.184615625 0.9560828125 0.2427984375 0.9448140625000001 0.222153125 0.0572890625
6 0.1608546875 0.93883125 0.1744328125 0.9347406250000001 0.1501671875 0.099515625 0.0880953125 0.092021875 0.1280046875 0.93883125 0.1608546875 0.93883125
6 0.0878078125 0.0954140625 0.037390625 0.0937625 0.07751875 0.92655625 0.125878125 0.924496875 0.0878078125 0.0954140625
6 0 0.5810562499999999 0.0171421875 0.9159078125000001 0.07523437499999999 0.912678125 0.040378125 0.0928578125 0.0486078125 0.0922125 0.0457046875 0.003075 0 0.002428125 0 0.5810562499999999