6 0.5436671875 0.7525375000000001 0.5096203125 0.7462718749999999 0.4991359375 0.89701875 0.51309375 0.9032234375 0.5430015625 0.9049953125 0.5712531249999999 0.90129375 0.584209375 0.7463328125 0.5689234375 0.750765625 0.5436671875 0.7525375000000001
6 0.493971875 0.6926109375 0.4364671875 0.688921875 0.43074375 0.8340046875 0.486628125 0.8374109375 0.493971875 0.6926109375
6 0.429465625 0.699425 0.3732484375 0.698503125 0.3678328125 0.8446515625 0.42275937499999994 0.8446515625 0.429465625 0.699425
6 0.37262343750000004 0.6768531249999999 0.3402015625 0.677425 0.33621875 0.81058125 0.366875 0.8110062499999999 0.37262343750000004 0.6768531249999999
6 0.3161046875 0.8132765624999999 0.3338515625 0.8103906249999999 0.3386125 0.675021875 0.30238125 0.6740390625 0.29900625000000003 0.81096875 0.3161046875 0.8132765624999999
6 0.293109375 0.6888796875 0.2290484375 0.6884015625 0.2292328125 0.8398359375 0.2891171875 0.8420296875 0.293109375 0.6888796875
6 0.22278125000000001 0.6954953125000001 0.1747375 0.6954953125000001 0.1787203125 0.8477109374999999 0.22357812500000002 0.84665 0.22278125000000001 0.6954953125000001
6 0.044262499999999996 0.6644359375 0.0553625 0.818878125 0.0718625 0.8228781250000001 0.09946406249999999 0.823678125 0.129465625 0.8228781250000001 0.121365625 0.6696375 0.08356406250000001 0.6688375 0.044262499999999996 0.6644359375
6 0.021748437500000002 0.6608734375 0.00035625 0.662003125 0 0.80945 0.0353046875 0.8088843750000001 0.021748437500000002 0.6608734375
6 0.5274156249999999 0.9451656249999999 0.5654265625 0.93809375 0.64851875 0.0445 0.5442109375 0.035068749999999996 0.4894046875 0.920409375 0.5274156249999999 0.9451656249999999
6 0.5291421875 0.1615875 0.46224999999999994 0.1530921875 0.4277421875 0.8819250000000001 0.485609375 0.88475625 0.5291421875 0.1615875
6 0.458534375 0.15195625 0.38951875 0.1462921875 0.366159375 0.8875890625 0.42349531249999994 0.8911296875 0.458534375 0.15195625
6 0.3873953125 0.1824 0.35178750000000003 0.18086875 0.3337765625 0.8557281250000001 0.36562968749999997 0.8550203125 0.3873953125 0.1824
6 0.349703125 0.18055625 0.3098859375 0.1765890625 0.2966140625 0.8581328125000001 0.33218281250000004 0.8567171874999999 0.349703125 0.18055625
6 0.29992968750000004 0.133078125 0.229628125 0.1244171875 0.2306109375 0.8907515625 0.28862187499999997 0.8940296875 0.29992968750000004 0.133078125
6 0.21213593749999998 0.1221859375 0.1615703125 0.1187734375 0.17990625 0.8872656250000001 0.22602656250000003 0.8843015624999999 0.21213593749999998 0.1221859375
6 0 0.078646875 0.000040625 0.3622140625 0.039978124999999996 0.8640734374999999 0.0786734375 0.8769171874999999 0.1340359375 0.8822671874999999 0.1709453125 0.8704968750000001 0.1484796875 0.0861375 0 0.078646875
6 0.0370125 0.8495265625 0.0008468750000000001 0.39423125 0 0.8511078124999999 0.0257484375 0.854271875 0.0370125 0.8495265625