6 0.10513593750000001 0.7018390625 0.055040624999999996 0.7031015625 0.06050625 0.8759015625 0.10719375 0.8725468749999999 0.10513593750000001 0.7018390625
6 0.1377203125 0.8682343749999999 0.158909375 0.863921875 0.15926875000000001 0.6885375 0.11258125000000001 0.6894953125 0.11437656249999999 0.8677546875000001 0.1377203125 0.8682343749999999
6 0.1858453125 0.9247781249999999 0.21134375 0.9180703125 0.21349999999999997 0.7436453125 0.1590359375 0.74743125 0.16070625 0.9266953125 0.1858453125 0.9247781249999999
6 0.2389984375 0.9041734375000001 0.26449687499999996 0.8979437499999999 0.26916562499999996 0.7326234375 0.21964999999999998 0.7378515625000001 0.21755 0.905928125 0.2389984375 0.9041734375000001
6 0.28541875 0.8843671875 0.30198281250000003 0.8800546875 0.307234375 0.7108015625 0.2713203125 0.7127796875 0.26925937499999997 0.8805937500000001 0.28541875 0.8843671875
6 0.3460171875 0.7178078125 0.311725 0.7215359375 0.30561875 0.8924515625 0.339553125 0.8886796875 0.3460171875 0.7178078125
6 0.1580453125 0.9792156249999999 0.181809375 0.9828734375 0.2137984375 0.9743375000000001 0.22568125 0.116778125 0.1634078125 0.10623281250000001 0.1580453125 0.9792156249999999
6 0.216059375 0.9450328125 0.220625 0.9488406250000001 0.265153125 0.943509375 0.2822796875 0.132134375 0.22690468749999998 0.1214703125 0.216059375 0.9450328125
6 0.3228125 0.08307656249999999 0.283421875 0.080184375 0.2640125 0.93238125 0.30283125 0.9308578125 0.3228125 0.08307656249999999
6 0.3176734375 0.9416765625 0.3376546875 0.9363453125 0.365628125 0.091609375 0.32852031249999997 0.08399218750000001 0.30283125 0.9416765625 0.3176734375 0.9416765625
6 0.1363265625 0.92263125 0.15943125 0.9170265625 0.16223125 0.0512234375 0.10696406249999998 0.04459375 0.113221875 0.9188953124999999 0.1363265625 0.92263125
6 0.0894171875 0.9347765625 0.109021875 0.925434375 0.09571874999999999 0.0017125 0.043065625 0.0002328125 0.0621125 0.9301046875000001 0.0894171875 0.9347765625