6 0.504225 0.6850265624999999 0.4615171875 0.683434375 0.44767343750000005 0.8669046874999999 0.49202812500000004 0.8706015624999999 0.504225 0.6850265624999999
6 0.46097968749999996 0.693159375 0.4147390625 0.691059375 0.402209375 0.878734375 0.44767343750000005 0.878734375 0.46097968749999996 0.693159375
6 0.413296875 0.6798515625 0.37060624999999997 0.67689375 0.357853125 0.8669046874999999 0.4011 0.866165625 0.413296875 0.6798515625
6 0.32965625 0.6721 0.32333124999999996 0.67145 0.3123828125 0.848465625 0.3255203125 0.8506734375 0.3430390625 0.851321875 0.35508125 0.8491609375 0.3661703125 0.6761546875 0.32965625 0.6721
6 0.31879843750000003 0.6993437499999999 0.27053906250000004 0.6974421875 0.26221875 0.89816875 0.303821875 0.8994375 0.31879843750000003 0.6993437499999999
6 0.26570625 0.7023937499999999 0.21769375000000002 0.7008 0.211721875 0.9002015625 0.256390625 0.9005203125 0.26570625 0.7023937499999999
6 0.14300625 0.898221875 0.2011453125 0.8998625 0.21068125000000001 0.6988609375 0.2079125 0.69968125 0.1559265625 0.6972203125 0.14561249999999998 0.6941734375 0.14300625 0.898221875
6 0.1433140625 0.665634375 0.0771765625 0.6603015625 0.0756375 0.8641734375000001 0.13593125 0.86499375 0.1433140625 0.665634375
6 0.0725609375 0.648815625 0.055642187499999995 0.6496359375 0.055334375000000005 0.8407921875 0.0704078125 0.8395609374999999 0.0725609375 0.648815625
6 0.05164375 0.668915625 0.0031531249999999997 0.666096875 0.0039625 0.8576109375 0.0491828125 0.8576109375 0.05164375 0.668915625
6 0.5461953125 0.1053015625 0.50248125 0.100740625 0.4463265625 0.919575 0.48844062499999996 0.9243890625000001 0.5461953125 0.1053015625
6 0.41925468749999995 0.9256781249999999 0.4427171875 0.923271875 0.5010749999999999 0.1016203125 0.4567984375 0.09321874999999999 0.40240937499999996 0.9248765625 0.41925468749999995 0.9256781249999999
6 0.45053906250000003 0.09727812500000001 0.406603125 0.0872015625 0.35548281249999997 0.91941875 0.39759687499999996 0.9186156249999999 0.45053906250000003 0.09727812500000001
6 0.3380359375 0.900809375 0.3518734375 0.89519375 0.39759687499999996 0.2014140625 0.35133125 0.19250625 0.30915781249999996 0.894390625 0.3380359375 0.900809375
6 0.281484375 0.9691578125 0.302540625 0.967553125 0.35548281249999997 0.0005359375000000001 0.30508281249999997 0.0007015625 0.25741875 0.96835625 0.281484375 0.9691578125
6 0.2469921875 0 0.207484375 0.9611359374999999 0.21530624999999998 0.9659484375 0.25260625000000003 0.9595312500000001 0.29953281249999997 0 0.2469921875 0
6 0.230346875 0.17397968749999998 0.161828125 0.1639234375 0.1413078125 0.9643437499999999 0.1990625 0.9643437499999999 0.230346875 0.17397968749999998
6 0.16356718750000002 0.14525625 0.091975 0.14044218749999998 0.074528125 0.932096875 0.13348593749999998 0.9328984374999999 0.16356718750000002 0.14525625
6 0.08716093750000001 0.0024546875 0.069334375 0 0.054071875000000005 0.8988734375 0.070315625 0.902728125 0.08716093750000001 0.0024546875
6 0.0673078125 0 0 0.0007015625 0.0023328125000000003 0.91941875 0.0498609375 0.9138031249999999 0.0673078125 0