6 0.55075625 0.9148937500000001 0.5582890625 0.9190296874999999 0.6096859375 0.919621875 0.6251953125 0.703934375 0.6167765625 0.7051171875 0.5680359375 0.7031968749999999 0.55075625 0.9148937500000001
6 0.564934375 0.7116171875 0.5104359374999999 0.709253125 0.49625624999999995 0.9255296875000001 0.5489843750000001 0.9273031250000001 0.564934375 0.7116171875
6 0.506890625 0.73998125 0.452834375 0.7388 0.4382125 0.9663046874999999 0.4931546875 0.963940625 0.506890625 0.73998125
6 0.43776875000000004 0.709253125 0.377065625 0.7091062499999999 0.3686484375 0.9137124999999999 0.42802187500000005 0.9125296875 0.43776875000000004 0.709253125
6 0.3757375 0.727571875 0.310603125 0.7269812499999999 0.306171875 0.9385312499999999 0.364659375 0.9355765625 0.3757375 0.727571875
6 0.2990828125 0.9243484375 0.3044 0.9219843750000001 0.3097171875 0.71398125 0.2467984375 0.7127984374999999 0.241925 0.9237578125000001 0.2990828125 0.9243484375
6 0.5775078125 0.99490625 0.6033796875 0.9896421875 0.677925 0.001315625 0.6156578125000001 0 0.5511984375 0.9925671875000001 0.5775078125 0.99490625
6 0.492 0.9908125 0.498578125 0.998415625 0.512609375 0.9972453124999999 0.5454984375 0.9925671875000001 0.6143421874999999 0.00073125 0.55470625 0.000146875 0.492 0.9908125
6 0.4871765625 0 0.43674843750000003 1 0.49112343750000004 1 0.55470625 0 0.4871765625 0
6 0.47251093749999995 0.0417921875 0.403553125 0.035449999999999995 0.3665265625 0.9859031249999999 0.42325468749999995 0.9854499999999999 0.47251093749999995 0.0417921875
6 0.36245 1 0.4038921875 0.034090625 0.39675937499999997 0.030012499999999998 0.33221875 0.0236703125 0.30470312499999996 1 0.36245 1
6 0.3315359375 0.026803125 0.2627890625 0.020148437499999998 0.24338593749999998 0.9968765625 0.30048906249999996 0.9961375 0.3315359375 0.026803125
6 0.1995875 0.9266343750000001 0.24283125 0.9295921875 0.260571875 0.01866875 0.2772046875 0.01866875 0.27665 0.0009249999999999999 0.21455625 0.0007390624999999999 0.1995875 0.9266343750000001
6 0.154125 0 0.14525468749999998 0.9111078125000001 0.1995875 0.911846875 0.21344687499999998 0 0.154125 0
6 0.154125 0.0009249999999999999 0.0898140625 0.0007390624999999999 0.0887046875 0.911846875 0.145809375 0.9088890624999999 0.154125 0.0009249999999999999
6 0.0875234375 0.000184375 0.034300000000000004 0 0.0376265625 0.90815 0.085859375 0.90815 0.0875234375 0.000184375
6 0.0343734375 0.0009249999999999999 0.002771875 0.0029578125 0.007207812500000001 0.8807937499999999 0.0410265625 0.8807937499999999 0.0343734375 0.0009249999999999999
6 0.24691875 0.689246875 0.20316562500000002 0.689246875 0.1992328125 0.8905234375 0.2429859375 0.8885578125 0.24691875 0.689246875
6 0.20267343750000003 0.6702328125 0.1495796875 0.668921875 0.1466296875 0.8675765625 0.200215625 0.865609375 0.20267343750000003 0.6702328125
6 0.1461390625 0.6748234375 0.0891125 0.6741671874999999 0.0905859375 0.872165625 0.144171875 0.8695437500000001 0.1461390625 0.6748234375
6 0.0871453125 0.6649890625 0.0376640625 0.6638046875 0.043884374999999996 0.8583984375 0.086653125 0.8551203125000001 0.0871453125 0.6649890625
6 0.0374921875 0.6400750000000001 0.0045546875 0.6348296875 0.007996875 0.821028125 0.041425000000000003 0.82365 0.0374921875 0.6400750000000001