6 0.14331093749999999 0.7459484375 0.0774359375 0.733140625 0.094590625 0.8936953125 0.1580640625 0.9055890625 0.14331093749999999 0.7459484375
6 0.252071875 0.7299390625 0.1800640625 0.7228421875000001 0.18997187499999998 0.8854625 0.25653281250000004 0.8904937500000001 0.252071875 0.7299390625
6 0.36941250000000003 0.707621875 0.2841234375 0.7085421875 0.2855046875 0.8710484375 0.3669953125 0.8627625 0.36941250000000003 0.707621875
6 0.4667875 0.7062406250000001 0.386678125 0.7085421875 0.38046250000000004 0.8696671874999999 0.459190625 0.864603125 0.4667875 0.7062406250000001
6 0.475075 0.8415859375 0.48474375 0.84665 0.505115625 0.8461890625 0.52238125 0.8411250000000001 0.53343125 0.6799999999999999 0.4830453125 0.680671875 0.475075 0.8415859375
6 0.5357203125 0.8301546875 0.53675625 0.8315359375 0.5560937499999999 0.8315359375 0.5647249999999999 0.82969375 0.5761203125 0.6782359375 0.5464249999999999 0.6782359375 0.5357203125 0.8301546875
6 0.616865625 0.68744375 0.5851890625 0.6864281250000001 0.5747390625000001 0.8361390625 0.6061609375 0.83798125 0.616865625 0.68744375
6 0.0721734375 0.6769109375 0.0371875 0.6750890625 0.056867187500000006 0.836159375 0.087753125 0.8394390625 0.0721734375 0.6769109375
6 0 0.8674984374999999 0.035546875 0.8674984374999999 0.0123140625 0.7097078125 0 0.710071875 0 0.8674984374999999
6 0.567065625 0.90443125 0.5690890625 0.901834375 0.5820203125 0.9081046875000001 0.6004375 0.904446875 0.6669609375000001 0.0850796875 0.62568125 0.08113437500000001 0.567065625 0.90443125
6 0.54574375 0.9026546874999999 0.5610203125 0.900390625 0.6232609375 0.0857 0.583653125 0.08192812499999999 0.5270703125 0.8996359375 0.54574375 0.9026546874999999
6 0.49651562499999996 0.8951109374999999 0.5180171875 0.8920921875 0.580259375 0.07287656249999999 0.5143140625 0.06970156250000001 0.47048750000000006 0.8943562500000001 0.49651562499999996 0.8951109374999999
6 0.424090625 0.9163781249999999 0.4580390625 0.9065703125000001 0.5016078125 0.0722671875 0.3974953125 0.0632140625 0.3782578125 0.9171312500000001 0.424090625 0.9163781249999999
6 0.3793890625 0.0660875 0.2724484375 0.0577890625 0.2831984375 0.9184953124999999 0.366940625 0.9101984375000001 0.3793890625 0.0660875
6 0.23463281249999998 0.058784375 0.14593125 0.0524859375 0.19114375 0.93698125 0.258934375 0.9378328125 0.23463281249999998 0.058784375
6 0.092653125 0.0621953125 0.0178265625 0.059637499999999996 0.10032812499999999 0.9412437499999999 0.1617234375 0.9497703124999999 0.092653125 0.0621953125
6 0 0.356359375 0.0645125 0.8858218750000001 0.09393281249999999 0.8883796875 0.0171875 0.0598015625 0 0.058882812500000006 0 0.356359375
6 0 0.8662124999999999 0.0047015625 0.9091250000000001 0.040464062499999995 0.9091250000000001 0 0.6245234375 0 0.8662124999999999