6 0.5915578125 0.6001562500000001 0.5488859374999999 0.600565625 0.5495 0.7316421875 0.5912499999999999 0.7304140625 0.5915578125 0.6001562500000001
6 0.5445875 0.59114375 0.501915625 0.59114375 0.502221875 0.7201734375 0.54213125 0.7168953124999999 0.5445875 0.59114375
6 0.492090625 0.6022046875 0.461796875 0.602565625 0.4626203125 0.7406531249999999 0.4927046875 0.739425 0.492090625 0.6022046875
6 0.4537171875 0.6026140625 0.44020937499999996 0.6026140625 0.42240312500000005 0.600975 0.4135 0.59483125 0.4150359375 0.71894375 0.42025468750000006 0.723859375 0.434990625 0.72795625 0.4521828125 0.7259078125 0.4564796875 0.7214015625 0.45586562500000005 0.6013843750000001 0.4537171875 0.6026140625
6 0.4058265625 0.62145625 0.3530234375 0.6235046875 0.357934375 0.75089375 0.4088953125 0.7463875 0.4058265625 0.62145625
6 0.3486125 0.7589625 0.34376093750000003 0.6213796874999999 0.30348593749999997 0.6236453125 0.30979375 0.761553125 0.3486125 0.7589625
6 0.30348593749999997 0.7505453125 0.2979046875 0.615553125 0.272915625 0.618790625 0.2569015625 0.6191140625 0.264665625 0.753459375 0.30348593749999997 0.7505453125
6 0.24380000000000002 0.76601875 0.254475 0.7654375 0.24622656250000002 0.627140625 0.220265625 0.6268171875 0.22948593750000001 0.7647890625 0.24380000000000002 0.76601875
6 0.20865312500000002 0.7716890624999999 0.2177265625 0.7711125 0.2093015625 0.6321765625 0.183715625 0.6318718750000001 0.194178125 0.769384375 0.20865312500000002 0.7716890624999999
6 0.177759375 0.623240625 0.1617734375 0.6242765625 0.17624843750000002 0.7685187499999999 0.19050625000000002 0.7685187499999999 0.177759375 0.623240625
6 0.134984375 0.6193765625000001 0.14881093750000002 0.752146875 0.15377968749999998 0.7538765625 0.1654453125 0.75589375 0.173871875 0.7547421875 0.1617734375 0.619953125 0.147946875 0.6208171874999999 0.134984375 0.6193765625000001
6 0.07425000000000001 0.6236375 0.0897453125 0.7589718750000001 0.0946765625 0.7602249999999999 0.10829375000000001 0.7617906249999999 0.11392968750000002 0.7608515625 0.117215625 0.7583453125 0.1033640625 0.622696875 0.07425000000000001 0.6236375
6 0.08011875 0.746440625 0.086928125 0.7436203124999999 0.073075 0.6129859375 0.049959375 0.6131265625 0.06720625 0.7458140625 0.08011875 0.746440625
6 0.0045171875 0.74769375 0.05194531249999999 0.751453125 0.0359796875 0.6189375 0 0.6188109374999999 0.000290625 0.718559375 0.0045171875 0.74769375
6 0.603328125 0.1122078125 0.555621875 0.10922499999999999 0.550546875 0.770959375 0.5901328125 0.770959375 0.603328125 0.1122078125
6 0.547246875 0.11359999999999999 0.5004187499999999 0.11359375000000001 0.5030375 0.7589921875 0.5427125 0.7567234375 0.547246875 0.11359999999999999
6 0.4888671875 0.10497343750000002 0.453159375 0.10739687499999999 0.4650625 0.7786546875 0.492834375 0.7756296875 0.4888671875 0.10497343750000002
6 0.417384375 0.1189390625 0.40040312499999997 0.120596875 0.41655625 0.764921875 0.42897968750000004 0.7682375 0.45507187499999996 0.764921875 0.4592125 0.7593953124999999 0.452171875 0.12335937500000001 0.446375 0.12004375 0.417384375 0.1189390625
6 0.39460625 0.0984921875 0.3345546875 0.0994859375 0.35898906249999996 0.79365625 0.41117187499999996 0.7886828125 0.39460625 0.0984921875
6 0.3403515625 0.799734375 0.351534375 0.7958671875000001 0.31923124999999997 0.0304125 0.2729703125 0.029831249999999997 0.3113609375 0.8019453125 0.3403515625 0.799734375
6 0.2993515625 0.7919984375 0.305978125 0.7864734375 0.2687046875 0.0347203125 0.22119218749999997 0.0325921875 0.2674625 0.7919984375 0.2993515625 0.7919984375
6 0.21569375000000002 0.079040625 0.18587499999999998 0.079040625 0.232259375 0.8048203125000001 0.257521875 0.802609375 0.21569375000000002 0.079040625
6 0.20606249999999998 0.8107859375 0.219315625 0.8085765625000001 0.17085937499999998 0.0700859375 0.1432453125 0.06919062499999999 0.1965375 0.8080234374999999 0.20606249999999998 0.8107859375
6 0.19032500000000002 0.8081359375 0.19529375 0.8042671875 0.141040625 0.2240421875 0.12613125 0.2268046875 0.1807984375 0.805925 0.19032500000000002 0.8081359375
6 0.17053125 0.7951015625 0.1786203125 0.793303125 0.11660625 0.153525 0.0851484375 0.15592343749999998 0.1539046875 0.793303125 0.17053125 0.7951015625
6 0.11570625000000001 0.8042187500000001 0.1215484375 0.799421875 0.055490625 0.1560453125 0.02539375 0.156746875 0.095484375 0.8012203124999999 0.11570625000000001 0.8042187500000001
6 0.0015640625 0.19454218750000002 0.0721171875 0.7832328125 0.0815546875 0.7874296875 0.0936875 0.7862296875 0.0262796875 0.1561671875 0 0.156746875 0.0015640625 0.19454218750000002
6 0.0568375 0.789828125 0.00021562500000000002 0.26049687499999996 0 0.7112812500000001 0.0105515625 0.7862296875 0.0568375 0.789828125