6 0.60265625 0.7371749999999999 0.5063703125 0.738903125 0.4943359375 0.9372671875 0.5831453125 0.9336781249999999 0.60265625 0.7371749999999999
6 0.49298906249999996 0.7219218749999999 0.39408750000000003 0.72281875 0.3839953125 0.9238078125 0.48020625 0.9139375 0.49298906249999996 0.7219218749999999
6 0.3880328125 0.720128125 0.286903125 0.7187187500000001 0.2797109375 0.9175265625 0.375921875 0.9139375 0.3880328125 0.720128125
6 0.23059687499999998 0.9220124999999999 0.25818125 0.9094515624999999 0.26894687500000003 0.6967984375 0.2131046875 0.6923125 0.2070484375 0.9157328124999999 0.23059687499999998 0.9220124999999999
6 0.135059375 0.8977875 0.1478421875 0.9040671874999999 0.169371875 0.9058624999999999 0.1888828125 0.900478125 0.196284375 0.6887234375 0.1400890625 0.684403125 0.135059375 0.8977875
6 0.07787031250000001 0.8816359374999999 0.092671875 0.8950953125 0.1209296875 0.89150625 0.133040625 0.8879171875 0.135059375 0.6815453125000001 0.081059375 0.6773374999999999 0.07787031250000001 0.8816359374999999
6 0.078809375 0.6750203124999999 0.0678484375 0.67783125 0.047190625 0.6800796874999999 0.0235828125 0.6750203124999999 0.007640625 0.6697968750000001 0.007984375 0.86168125 0.0168375 0.866740625 0.0324359375 0.8718 0.0492984375 0.8701140625000001 0.0627890625 0.867865625 0.0771234375 0.8628046875000001 0.078809375 0.6750203124999999
6 0.004190625 0.669959375 0.0005265625 0.67169375 0 0.866178125 0.0058765625 0.8644921875 0.004190625 0.669959375
6 0.661790625 0.160253125 0.549065625 0.1443765625 0.49148125 0.9930609374999999 0.5784671875 0.985734375 0.661790625 0.160253125
6 0.5418421875 0.1473046875 0.4285640625 0.130640625 0.38252031249999996 0.9830625 0.475915625 0.9732937500000001 0.5418421875 0.1473046875
6 0.42372343749999997 0.1363140625 0.31012343750000004 0.11553125 0.27813750000000004 0.9737765625 0.3724484375 0.9701140625000001 0.42372343749999997 0.1363140625
6 0.20030781250000002 0.9566812499999999 0.2149578125 0.967671875 0.24151250000000002 0.9737765625 0.25799375 0.9627874999999999 0.306521875 0.087953125 0.2452375 0.071578125 0.20030781250000002 0.9566812499999999
6 0.18943749999999998 0.0654390625 0.1636625 0.06483124999999999 0.133771875 0.948871875 0.1511671875 0.9544390625 0.1720421875 0.9590796875 0.1901328125 0.9562953125 0.2346640625 0.08121406249999999 0.22561874999999998 0.073790625 0.18943749999999998 0.0654390625
6 0.1184640625 0.0555984375 0.09635468750000001 0.0596125 0.0774109375 0.934759375 0.0899359375 0.9412546875000001 0.11707343750000002 0.9421828124999999 0.13238125 0.9319750000000001 0.1623 0.066734375 0.14072968749999998 0.0620953125 0.1184640625 0.0555984375
6 0.0530578125 0.0388953125 0.009478125 0.0408234375 0.005743750000000001 0.9204718749999999 0.0273125 0.9306796875 0.057232812499999994 0.9325359375 0.07949843749999999 0.9186171875 0.0941109375 0.054671875 0.09132812500000001 0.051887499999999996 0.0530578125 0.0388953125