6 0.670271875 0.6396328125 0.6220875 0.6388484375 0.6177359375 0.8417046875 0.66529375 0.8409671875000001 0.670271875 0.6396328125
6 0.6210546875 0.6514328125 0.5674140624999999 0.6492203125 0.560778125 0.8542421875 0.615525 0.8542421875 0.6210546875 0.6514328125
6 0.5624374999999999 0.6278328125 0.5107453125 0.6222562500000001 0.505478125 0.8424421875 0.5580140625000001 0.8402296874999999 0.5624374999999999 0.6278328125
6 0.50603125 0.6322578125 0.45600781250000005 0.6313828125 0.4523921875 0.8276921875 0.5032671875 0.8269546875 0.50603125 0.6322578125
6 0.45017968750000004 0.6359453125 0.394428125 0.6347 0.392115625 0.8299046875 0.44354375 0.8321171875 0.45017968750000004 0.6359453125
6 0.37663125000000003 0.6315203125 0.325384375 0.6297234375 0.31746093750000004 0.8247421875000001 0.3716546875 0.8321171875 0.37663125000000003 0.6315203125
6 0.32354375 0.6285703125000001 0.2725125 0.62889375 0.26824375 0.8240046875000001 0.31746093750000004 0.8269546875 0.32354375 0.6285703125000001
6 0.27266875 0.6167703125 0.24079062499999998 0.6156203125 0.2356171875 0.8026171874999999 0.268796875 0.8055671875 0.27266875 0.6167703125
6 0.187575 0.6238234375 0.173215625 0.6218250000000001 0.16812031249999998 0.8218 0.18842187500000002 0.8280046875 0.203646875 0.827440625 0.21591093749999998 0.8246203124999999 0.2205640625 0.6232593750000001 0.21125937499999997 0.625515625 0.187575 0.6238234375
6 0.1218375 0.623728125 0.1207515625 0.81954375 0.13682343749999998 0.8234921875 0.15712500000000001 0.8240562499999999 0.167696875 0.820671875 0.1719265625 0.6221328125000001 0.14401406249999998 0.6260796875 0.1218375 0.623728125
6 0.1207515625 0.6249515625 0.06365625 0.6226953125 0.06111875 0.8184156249999999 0.11863749999999999 0.8240562499999999 0.1207515625 0.6249515625
6 0 0.8201078125000001 0.0518140625 0.8234921875 0.052237500000000006 0.6249515625 0 0.62563125 0 0.8201078125000001
6 0.6919578125 0.0024156250000000002 0.64568125 0.001403125 0.6138171875 0.8988406250000001 0.6631296875 0.9018765625 0.6919578125 0.0024156250000000002
6 0.642425 0.0017562500000000002 0.5916750000000001 0 0.5642421875 0.9113828125 0.6121000000000001 0.9113828125 0.642425 0.0017562500000000002
6 0.570875 0.00011093749999999999 0.5255859375 0.00007968749999999999 0.5064328125 0.9036687499999999 0.5561859375 0.9024046875 0.570875 0.00011093749999999999
6 0.5154359375 0.05786718749999999 0.463759375 0.0590765625 0.449571875 0.8895156249999999 0.5021671875 0.8939390625 0.5154359375 0.05786718749999999
6 0.45762656249999994 0.056353125000000004 0.404596875 0.05694375 0.3917625 0.8939390625 0.444359375 0.895834375 0.45762656249999994 0.056353125000000004
6 0.3874984375 0.020082812499999998 0.3404359375 0.0234484375 0.31736875000000003 0.9031671875 0.3666484375 0.9139109375000001 0.3874984375 0.020082812499999998
6 0.337915625 0.02479375 0.28500000000000003 0.0261375 0.2658484375 0.8969390625000001 0.3152375 0.900971875 0.337915625 0.02479375
6 0.283990625 0.09066093750000001 0.252240625 0.09066093750000001 0.23460312499999997 0.866021875 0.2678640625 0.8700546875 0.283990625 0.09066093750000001
6 0.1859984375 0.0719046875 0.16455 0.8876703125000001 0.1756375 0.8896859375 0.1968046875 0.895734375 0.21343593749999998 0.8903578124999999 0.237121875 0.078828125 0.199325 0.069825 0.1859984375 0.0719046875
6 0.15547968750000002 0.08125 0.13271093750000001 0.08702499999999999 0.1146578125 0.883903125 0.1338078125 0.8906234375000001 0.1539671875 0.892640625 0.1665671875 0.8859187500000001 0.1837015625 0.087971875 0.17311875000000002 0.0839390625 0.15547968750000002 0.08125
6 0.1257453125 0.1178109375 0.07205625 0.119534375 0.0627484375 0.8805421875 0.117178125 0.8865921875 0.1257453125 0.1178109375
6 0.0012640625 0.8872640625000001 0.05014999999999999 0.8865921875 0.058717187500000004 0.113778125 0.005165625 0.1119734375 0.0037843750000000004 0.16190312499999998 0.0012640625 0.8872640625000001