6 0.3926515625 0.7011546875 0.3667375 0.6989015625 0.3244875 0.6881953125 0.31209375 0.8566750000000001 0.322796875 0.8641875000000001 0.339134375 0.8701984375 0.364484375 0.8724515625 0.3864546875 0.8664421875 0.3988484375 0.6989015625 0.3926515625 0.7011546875
6 0.30420625 0.7154296875 0.28054531250000003 0.7206890625 0.2551953125 0.7176828125 0.22026718750000002 0.70923125 0.21238125000000002 0.8904828124999999 0.2197046875 0.8972453125 0.23491562500000002 0.9010015625 0.2580125 0.9017531249999999 0.276603125 0.9025046874999999 0.2951921875 0.89649375 0.30420625 0.7154296875
6 0.17238437499999998 0.746984375 0.1368921875 0.736278125 0.13351249999999998 0.9122718750000001 0.139709375 0.9212875 0.16055312500000002 0.92504375 0.18139687499999999 0.9242921875000001 0.19660781249999998 0.91828125 0.202240625 0.743228125 0.17238437499999998 0.746984375
6 0.097459375 0.743228125 0.0698546875 0.734025 0.0670375 0.91828125 0.0890078125 0.926546875 0.11210625 0.927296875 0.1261890625 0.9212875 0.1318234375 0.7372171875 0.1194296875 0.743228125 0.097459375 0.743228125
6 0.03718125 0.9348109375 0.05802500000000001 0.934059375 0.0614046875 0.739471875 0.0411234375 0.7392828125 0.0388703125 0.739471875 0.03718125 0.9348109375
6 0.035490625 0.7357140625 0.014646875 0.734025 0.0118296875 0.9288000000000001 0.02929375 0.9318046875 0.035490625 0.7357140625
6 0.006196875 0.73045625 0.0011265625 0.7295171875 0 0.9190328125 0.002253125 0.9220390625 0.006196875 0.73045625
6 0.446265625 0.0402203125 0.41078593750000003 0.032859375 0.3650546875 0.0318078125 0.30355468750000003 0.9119328124999999 0.31774843750000004 0.9171906249999999 0.342978125 0.9245515624999999 0.368209375 0.9245515624999999 0.38713125000000004 0.9182421875 0.4549390625 0.047581250000000005 0.446265625 0.0402203125
6 0.342978125 0.013932812499999999 0.3185359375 0.008674999999999999 0.26728593749999996 0.0034171874999999997 0.2515171875 0.0055203125 0.20894062500000002 0.947684375 0.21209531250000002 0.9518906250000001 0.2302296875 0.9624062500000001 0.260190625 0.960303125 0.2901515625 0.9560968750000001 0.3548046875 0.0170875 0.342978125 0.013932812499999999
6 0.21603750000000002 0.06335468749999999 0.175825 0.055993749999999995 0.156903125 0.0528390625 0.130884375 0.9718703124999999 0.14428749999999999 0.9771281249999999 0.1616328125 0.9813328125 0.175825 0.982384375 0.19474843749999998 0.97081875 0.227075 0.0675609375 0.21603750000000002 0.06335468749999999
6 0.1564609375 0.054903125 0.145175 0.05216562500000001 0.1164484375 0.043271875 0.088234375 0.0425875 0.0656625 0.9709703125000001 0.075409375 0.9743921875 0.0866953125 0.978496875 0.102084375 0.9798640625000001 0.1164484375 0.9771281249999999 0.12516875 0.9702875000000001 0.1564609375 0.054903125
6 0.07181875 0.18146875 0.0502734375 0.1773640625 0.0379609375 0.9867062499999999 0.057454687500000004 0.988075 0.07181875 0.18146875
6 0.0451421875 0.1759953125 0.028214062499999998 0.1773640625 0.0087203125 0.9826015625 0.0271890625 0.9826015625 0.0451421875 0.1759953125
6 0.000675 0.9798625 0.0155140625 0.179240625 0 0.17474218749999998 0.000675 0.9798625