6 0.082353125 0.9069437499999999 0.082353125 0.83194375 0.075 0.0708328125 0.0683828125 0.055556249999999995 0.0007359374999999999 0.055556249999999995 0 0.9291671875 0.0764703125 0.93194375 0.082353125 0.9069437499999999
6 0.090440625 0.9305562500000001 0.11470625000000001 0.93194375 0.1941171875 0.9236109375 0.1882359375 0.06805625 0.1816171875 0.052778124999999995 0.1713234375 0.0611109375 0.0875 0.052778124999999995 0.0794125 0.0708328125 0.0838234375 0.915278125 0.090440625 0.9305562500000001
6 0.2882359375 0.93194375 0.3014703125 0.9208328124999999 0.3 0.0736109375 0.2933828125 0.0611109375 0.19779375 0.0611109375 0.192646875 0.10416718750000001 0.1985296875 0.9125 0.205146875 0.9305562500000001 0.2882359375 0.93194375
6 0.37720625 0.0583328125 0.3125 0.055556249999999995 0.30441250000000003 0.08194375000000001 0.30441250000000003 0.9236109375 0.3867640625 0.9291671875 0.38529375 0.07638906250000001 0.37720625 0.0583328125
6 0.46029375000000006 0.9347218749999999 0.472059375 0.9263890625 0.46911718750000003 0.0791671875 0.4639703125 0.0611109375 0.39485312499999997 0.0611109375 0.3882359375 0.0736109375 0.3911765625 0.915278125 0.39485312499999997 0.9305562500000001 0.46029375000000006 0.9347218749999999
6 0.4911765625 0.93194375 0.542646875 0.9236109375 0.5397062499999999 0.06805625 0.5125 0.0583328125 0.4786765625 0.0583328125 0.472059375 0.07638906250000001 0.4735296875 0.890278125 0.47647031249999994 0.9263890625 0.4911765625 0.93194375
6 0.6102937500000001 0.93194375 0.6117640625 0.0736109375 0.544853125 0.06944375 0.5455875 0.9263890625 0.6102937500000001 0.93194375
6 0.677940625 0.9263890625 0.6794125 0.0736109375 0.6242640625 0.0611109375 0.61470625 0.0791671875 0.6132359375 0.9125 0.619853125 0.9333328125 0.66029375 0.9347218749999999 0.677940625 0.9263890625
6 0.7441171875 0.9263890625 0.747059375 0.0736109375 0.6830875 0.06944375 0.6808828124999999 0.9069437499999999 0.682353125 0.9263890625 0.6889703125 0.9333328125 0.727940625 0.93194375 0.7441171875 0.9263890625
6 0.7566171875000001 0.9361109375 0.8044125 0.9347218749999999 0.8088234375000001 0.9291671875 0.8102937499999999 0.79305625 0.8117640625 0.0736109375 0.755146875 0.0611109375 0.75 0.06805625 0.7485296875 0.11805625 0.7455875 0.9263890625 0.7566171875000001 0.9361109375
6 0.8735296874999999 0.9263890625 0.8808828125 0.0736109375 0.8198531250000001 0.0666671875 0.8147062500000001 0.0736109375 0.8102937499999999 0.9236109375 0.8154406249999999 0.9333328125 0.86029375 0.93194375 0.8735296874999999 0.9263890625
6 0.9338234375000001 0.9291671875 0.9441171875000001 0.0736109375 0.8875 0.06388906250000001 0.8823531250000001 0.08194375000000001 0.875 0.9236109375 0.880146875 0.9333328125 0.925 0.9347218749999999 0.9338234375000001 0.9291671875