6 0.23967812500000002 0.0498046875 0.241415625 0.08984375 0.8440843750000001 0.1005859375 0.8510312499999999 0.0634765625 0.8423468749999999 0.05859375 0.23967812500000002 0.0498046875
6 0.8301890625 0.1396484375 0.8440843750000001 0.1357421875 0.8475578125000001 0.1220703125 0.8475578125000001 0.1083984375 0.8388734375 0.1015625 0.241415625 0.08984375 0.23273125 0.0947265625 0.2344671875 0.12890625 0.8301890625 0.1396484375
6 0.8406109374999999 0.1767578125 0.8510312499999999 0.1708984375 0.8545046875000001 0.1591796875 0.8545046875000001 0.1474609375 0.8423468749999999 0.140625 0.2275203125 0.130859375 0.21883593750000002 0.1474609375 0.2205734375 0.166015625 0.8406109374999999 0.1767578125
6 0.8440843750000001 0.2294921875 0.8475578125000001 0.2001953125 0.8423468749999999 0.1796875 0.24488906250000003 0.16796875 0.21536249999999998 0.1708984375 0.2171 0.224609375 0.8371359375 0.2333984375 0.8440843750000001 0.2294921875
6 0.8388734375 0.234375 0.2136265625 0.224609375 0.2049421875 0.2431640625 0.210153125 0.265625 0.8336625 0.2724609375 0.8440843750000001 0.2529296875 0.8388734375 0.234375
6 0.20667968750000001 0.267578125 0.20146875 0.2919921875 0.1910484375 0.2958984375 0.20320468749999998 0.30859375 0.8475578125000001 0.3134765625 0.8458203125000001 0.275390625 0.20667968750000001 0.267578125
6 0.8475578125000001 0.3310546875 0.8423468749999999 0.31640625 0.19973125 0.310546875 0.1910484375 0.3271484375 0.19625781250000002 0.33984375 0.24836249999999999 0.341796875 0.8406109374999999 0.3466796875 0.8475578125000001 0.3310546875
6 0.8353999999999999 0.34765625 0.19625781250000002 0.341796875 0.1910484375 0.3505859375 0.19625781250000002 0.380859375 0.8336625 0.3857421875 0.8406109374999999 0.3818359375 0.8353999999999999 0.34765625
6 0.750296875 0.4384765625 0.8301890625 0.4345703125 0.8371359375 0.4130859375 0.8319265625 0.388671875 0.192784375 0.3828125 0.18409999999999999 0.3916015625 0.1806265625 0.4248046875 0.1893109375 0.43359375 0.750296875 0.4384765625
6 0.826715625 0.4794921875 0.8336625 0.4482421875 0.8249796875 0.4375 0.7311921875 0.44140625 0.4289890625 0.435546875 0.18409999999999999 0.4365234375 0.1806265625 0.4697265625 0.1893109375 0.4765625 0.826715625 0.4794921875
6 0.8371359375 0.4892578125 0.828453125 0.48046875 0.1875734375 0.4794921875 0.1893109375 0.51953125 0.81976875 0.5244140625 0.8336625 0.5205078125 0.8371359375 0.4892578125
6 0.828453125 0.525390625 0.1893109375 0.521484375 0.18409999999999999 0.5283203125 0.1893109375 0.572265625 0.826715625 0.5732421875 0.8336625 0.5615234375 0.828453125 0.525390625
6 0.828453125 0.576171875 0.1893109375 0.57421875 0.1806265625 0.5888671875 0.18583750000000002 0.607421875 0.81976875 0.6103515625 0.8301890625 0.6064453125 0.828453125 0.576171875
6 0.81976875 0.6552734375 0.81976875 0.6201171875 0.8110843750000001 0.611328125 0.178890625 0.607421875 0.1736796875 0.6123046875 0.178890625 0.662109375 0.812821875 0.6630859375 0.81976875 0.6552734375
6 0.81976875 0.7041015625 0.8232421875 0.6787109375 0.8145578125 0.6640625 0.1736796875 0.6650390625 0.17020625 0.7041015625 0.178890625 0.708984375 0.8093484375 0.7099609375 0.81976875 0.7041015625
6 0.8110843750000001 0.7109375 0.178890625 0.708984375 0.17020625 0.7138671875 0.1754171875 0.763671875 0.8093484375 0.7626953125 0.8162953125 0.7587890625 0.8110843750000001 0.7109375
6 0.17020625 0.7666015625 0.1754171875 0.80859375 0.8058734375000001 0.8076171875 0.8162953125 0.8017578125 0.8110843750000001 0.763671875 0.17020625 0.7666015625
6 0.8110843750000001 0.80859375 0.17020625 0.8134765625 0.17020625 0.8505859375 0.18236406249999998 0.85546875 0.8058734375000001 0.8544921875 0.812821875 0.8505859375 0.8110843750000001 0.80859375
6 0.6391421875 0.9091796875 0.8076109375 0.908203125 0.8162953125 0.9013671875 0.8162953125 0.8603515625 0.8076109375 0.85546875 0.1754171875 0.857421875 0.17020625 0.8681640625 0.1754171875 0.91015625 0.6391421875 0.9091796875
6 0.178890625 0.912109375 0.14068125 0.908203125 0.13199687499999999 0.9150390625 0.1372078125 0.94921875 0.3299921875 0.9501953125 0.8388734375 0.947265625 0.8545046875000001 0.9404296875 0.857978125 0.9189453125 0.8249796875 0.880859375 0.8162953125 0.8876953125 0.8162953125 0.9052734375 0.8041375000000001 0.91015625 0.178890625 0.912109375