6 0.7359093750000001 0.6923828125 0.7498609375 0.7236328125 0.7847375000000001 0.7333984375 0.9085515624999999 0.537109375 0.8126390625000001 0.5498046875 0.7359093750000001 0.6923828125
6 0.9033203125 0.6611328125 0.98005 0.5400390625 0.9678437499999999 0.533203125 0.9207593749999999 0.5380859375 0.826590625 0.6826171875 0.8021765625 0.7255859375 0.840540625 0.7314453125 0.9033203125 0.6611328125
6 0.7359093750000001 0.5712890625 0.6626671875000001 0.7236328125 0.69405625 0.7333984375 0.8039203125000001 0.546875 0.7550921875000001 0.55078125 0.7359093750000001 0.5712890625
6 0.42899062499999996 0.7080078125 0.44294062500000003 0.7607421875 0.49525625 0.7666015625 0.59116875 0.560546875 0.5231578125 0.5712890625 0.42899062499999996 0.7080078125
6 0.6923125 0.556640625 0.6155828125 0.560546875 0.5964 0.5732421875 0.5161828125000001 0.7509765625 0.5580359374999999 0.7646484375 0.6068640624999999 0.7333984375 0.6923125 0.556640625
6 0.3173828125 0.7978515625 0.41155156249999997 0.6787109375 0.42550156250000004 0.6376953125 0.4063203125 0.6171875 0.2162390625 0.8056640625 0.20926406250000001 0.8349609375 0.2580921875 0.8408203125 0.3173828125 0.7978515625
6 0.09765625 0.4716796875 0.8457734374999999 0.44140625 0.8579796875 0.4130859375 0.7062640625000001 0.322265625 0.106375 0.333984375 0.0697546875 0.3486328125 0.045340625 0.4267578125 0.048828125 0.4677734375 0.09765625 0.4716796875
6 0.050571875 0.470703125 0.048828125 0.5244140625 0.1185828125 0.5263671875 0.842284375 0.490234375 0.8544921875 0.4443359375 0.050571875 0.470703125
6 0.842284375 0.54296875 0.87541875 0.5341796875 0.88239375 0.4990234375 0.8562359374999999 0.48828125 0.040109375 0.52734375 0.0348765625 0.5673828125 0.0697546875 0.5830078125 0.842284375 0.54296875
6 0.9957453125000001 0.009765625 0.9661 0.0146484375 0.924246875 0.3642578125 0.927734375 0.3876953125 0.9661 0.3896484375 0.9974890625 0.3740234375 0.9957453125000001 0.009765625
6 0.924246875 0.3701171875 0.9626109375 0.0439453125 0.9504046875000001 0.001953125 0.8544921875 0.0087890625 0.8719312499999999 0.0517578125 0.8544921875 0.3818359375 0.8928578125 0.3896484375 0.924246875 0.3701171875
6 0.8579796875 0.0791015625 0.842284375 0.0546875 0.7655546875 0.0546875 0.739396875 0.0751953125 0.7638109375 0.1357421875 0.7672984375 0.3466796875 0.8370531250000001 0.3779296875 0.8579796875 0.0791015625
6 0.3766734375 0.3154296875 0.29994375 0.0009765625 0.155203125 0 0.247628125 0.3232421875 0.3173828125 0.3271484375 0.3714421875 0.326171875 0.3766734375 0.3154296875
6 0.45340468749999996 0.3251953125 0.4708421875 0.3193359375 0.3731859375 0.0185546875 0.350515625 0.001953125 0.31912656250000004 0.00390625 0.30343125 0.0126953125 0.38365 0.2822265625 0.4080640625 0.3232421875 0.45340468749999996 0.3251953125
6 0.5650109375000001 0.3076171875 0.5057203125 0.0634765625 0.39585625 0.064453125 0.47432968750000004 0.3193359375 0.526646875 0.3232421875 0.5597796875000001 0.322265625 0.5650109375000001 0.3076171875
6 0.0732421875 0.3369140625 0.10811875 0.3310546875 0.10811875 0.3076171875 0.052315625 0.0556640625 0.00174375 0.052734375 0 0.1943359375 0.055803124999999995 0.3759765625 0.0732421875 0.3369140625
6 0.1691546875 0.330078125 0.1778734375 0.3076171875 0.13253281249999999 0.0498046875 0.0819609375 0.046875 0.059290625 0.0615234375 0.1116078125 0.3193359375 0.13602187500000001 0.3310546875 0.1691546875 0.330078125
6 0.148228125 0.06640625 0.1883375 0.3251953125 0.2197265625 0.3291015625 0.18136093749999999 0.1044921875 0.1708984375 0.0712890625 0.148228125 0.06640625
6 0.6138390625000001 0.0830078125 0.5841937500000001 0.072265625 0.6208140625 0.3193359375 0.6522046875 0.3173828125 0.6487171875 0.2626953125 0.6138390625000001 0.0830078125
6 0.5929125 0.3212890625 0.5405968750000001 0.0673828125 0.5109515625000001 0.0625 0.5650109375000001 0.3193359375 0.5929125 0.3212890625
6 0.542340625 0.060546875 0.5929125 0.3056640625 0.6173265625 0.3193359375 0.5824499999999999 0.0771484375 0.57373125 0.060546875 0.542340625 0.060546875
6 0.7010328125 0.0400390625 0.688825 0.025390625 0.5841937500000001 0.02734375 0.5684984375 0.0478515625 0.6138390625000001 0.0810546875 0.6556921874999999 0.3134765625 0.7184703125 0.3212890625 0.7010328125 0.0400390625
6 0.2022875 0.8193359375 0.39236875000000004 0.59375 0.3261015625 0.580078125 0.28599375 0.5869140625 0.10811875 0.8056640625 0.1133515625 0.82421875 0.1743859375 0.8310546875 0.2022875 0.8193359375
6 0.059290625 0.7783203125 0.059290625 0.7958984375 0.09068125 0.8017578125 0.28076249999999997 0.5859375 0.20577499999999999 0.5966796875 0.059290625 0.7783203125
6 0.0732421875 0.7568359375 0.20054375000000002 0.59375 0.13253281249999999 0.5966796875 0.0244140625 0.7509765625 0.0732421875 0.7568359375
6 0.0697546875 0.6044921875 0 0.7119140625 0.0104625 0.7626953125 0.10114375 0.6474609375 0.1133515625 0.59765625 0.0697546875 0.6044921875
6 0.0034875 0.7060546875 0.0662671875 0.6162109375 0.054059375 0.603515625 0.0034875 0.6103515625 0.0034875 0.7060546875