6 0.6054515625 0.8974984375 0.6272390624999999 0.9039546875 0.7345625 0.0807109375 0.7105406249999999 0.06456875 0.59738125 0.884584375 0.6054515625 0.8974984375
6 0.9532437500000001 0.860371875 0.9701890625 0.8506859375 0.9693828124999999 0.1646484375 0.950015625 0.1694921875 0.9220015625 0.1662625 0.9185453125 0.8474578125000001 0.9322625 0.860371875 0.9532437500000001 0.860371875
6 0.803959375 0.14850625 0.7337546875000001 0.8684421875 0.746665625 0.88135625 0.7668390625 0.8861984375 0.7870140625000001 0.8765140625000001 0.8539890625 0.1549640625 0.8241328125 0.1501203125 0.805778125 0.1436640625 0.803959375 0.14850625
6 0.630465625 0.1614203125 0.61288125 0.14527812499999998 0.5045828125 0.8748984375 0.527178125 0.8910406249999999 0.549771875 0.8942703125 0.6530609375 0.1678765625 0.630465625 0.1614203125
6 0.6740406250000001 0.15657812499999998 0.6580781250000001 0.1436640625 0.5546140625 0.8861984375 0.5739796875 0.9055687499999999 0.5917328125 0.8974984375 0.6926015624999999 0.1581921875 0.6740406250000001 0.15657812499999998
6 0.6780765625 0.908796875 0.702284375 0.8991125 0.7918546875 0.1694921875 0.761190625 0.1549640625 0.7331390625 0.1404359375 0.636115625 0.8765140625000001 0.651446875 0.8926546875 0.6780765625 0.908796875
6 0.5239499999999999 0.1791765625 0.4869734375 0.163034375 0.37627968749999996 0.8894265625 0.38434843750000003 0.9055687499999999 0.40371562499999997 0.9184828125 0.4206609375 0.913640625 0.5239499999999999 0.1791765625
6 0.48763750000000006 0.8894265625 0.4997421875 0.8910406249999999 0.5949609375 0.21791718750000003 0.5757546875 0.20661875 0.47391875 0.8765140625000001 0.48763750000000006 0.8894265625
6 0.8418859375000001 0.8781281249999999 0.90966875 0.8748984375 0.913703125 0.238903125 0.8477484375 0.2372875 0.8418859375000001 0.8781281249999999
6 0.4505171875 0.9023406250000001 0.46746406250000005 0.9023406250000001 0.5538062499999999 0.274415625 0.5176421875 0.2534296875 0.42711718750000005 0.8894265625 0.4505171875 0.9023406250000001
6 0.3585265625 0.9217109375 0.367403125 0.923325 0.44729062500000005 0.35028281250000004 0.4312828125 0.3389828125 0.3512640625 0.9200968749999999 0.3585265625 0.9217109375
6 0.34036093749999996 0.9209046875 0.3488640625 0.915234375 0.42313437499999995 0.35497968750000003 0.40395000000000003 0.348175 0.3284546875 0.912965625 0.34036093749999996 0.9209046875