6 0.6754249999999999 0.0532421875 0.6697109375 0.0684296875 0.611925 0.9487687499999999 0.645634375 0.9653484375 0.7041062499999999 0.07395625 0.6754249999999999 0.0532421875
6 0.5720265625 0.1389125 0.555690625 0.1258453125 0.5534546875 0.1430578125 0.5486375 0.270203125 0.50805 0.9128359375 0.5169953125 0.9128359375 0.531440625 0.9142171875 0.5864734375 0.1333859375 0.5720265625 0.1389125
6 0.7247421875 0.1444390625 0.7063890625 0.1279171875 0.700665625 0.13061875 0.6559515625000001 0.9100671874999999 0.66489375 0.9225078124999999 0.6834687500000001 0.9321828125 0.7041062499999999 0.9308015624999999 0.7495078125 0.1416765625 0.7247421875 0.1444390625
6 0.530753125 0.9059234375 0.5458875 0.9238890625 0.562396875 0.936328125 0.5926640625 0.9487687499999999 0.6029828125 0.9432359375000001 0.6091734375 0.900396875 0.666959375 0.152734375 0.6525125 0.147203125 0.628434375 0.148584375 0.5947281249999999 0.1264734375 0.5926640625 0.1292359375 0.5871609375 0.1264734375 0.530753125 0.9059234375
6 0.31416093749999996 0.1320671875 0.26040312499999996 0.933565625 0.2762265625 0.9556765625000001 0.2954875 0.9404734375 0.34914375 0.148584375 0.31416093749999996 0.1320671875
6 0.3977671875 0.1486625 0.39523281250000003 0.151353125 0.334009375 0.9377093750000001 0.3622140625 0.95015 0.4289421875 0.1734640625 0.3977671875 0.1486625
6 0.8447015625000001 0.146584375 0.8437531249999999 0.154115625 0.8657640625 0.9598218749999999 0.9166703125 0.9612031249999999 0.8994734375 0.148584375 0.8447015625000001 0.146584375
6 0.741940625 0.9321828125 0.76945625 0.9390921875 0.771521875 0.18451718749999999 0.7518046875 0.186 0.7488203125 0.20386406250000003 0.740565625 0.2632953125 0.741940625 0.9321828125
6 0.3931703125 0.97916875 0.4021125 0.9708796875000001 0.46264843750000006 0.17899062500000001 0.4337578125 0.1679328125 0.364965625 0.94738125 0.373221875 0.9846953125000001 0.3931703125 0.97916875
6 0.473115625 0.2295609375 0.47503124999999996 0.23288906250000002 0.4344453125 0.9225078124999999 0.5046109375000001 0.9404734375 0.5520765625 0.2646765625 0.473115625 0.2295609375
6 0.3113078125 0.9321828125 0.332634375 0.933565625 0.375284375 0.255 0.345125 0.24615468749999997 0.34914375 0.2508546875 0.29617499999999997 0.9155984374999999 0.3113078125 0.9321828125
6 0.9781953124999999 1 0.991653125 0.992990625 0.97720625 0.21077812499999998 0.9531296875 0.2163046875 0.930428125 0.2190671875 0.9118562499999999 0.22183125 0.9001609374999999 0.22044999999999998 0.9256125000000001 0.9750234375 0.946996875 1 0.9781953124999999 1
6 0.4502671875 0.301990625 0.40417812499999994 0.9238890625 0.417934375 0.928034375 0.4681515625 0.3116625 0.4681515625 0.304753125 0.4502671875 0.301990625
6 0.7889640625000001 0.2731203125 0.793534375 0.3227203125 0.7942218750000001 0.97916875 0.845815625 0.9888453125 0.8492546875 0.271584375 0.7889640625000001 0.2731203125