6 0.218803125 0.78838125 0.22709843749999997 0.7787625 0.2144375 0.149984375 0.192215625 0.15383125 0.2052671875 0.7720312500000001 0.209196875 0.78741875 0.218803125 0.78838125
6 0.183871875 0.1567140625 0.164040625 0.158159375 0.178196875 0.8027984375000001 0.199153125 0.801840625 0.183871875 0.1567140625
6 0.13031718750000001 0.1657984375 0.14965625 0.8119156249999999 0.1593515625 0.8161859375 0.1716328125 0.80906875 0.158059375 0.17006875 0.13031718750000001 0.1657984375
6 0.280803125 0.2913171875 0.247253125 0.292275 0.24718281250000002 0.7729953125 0.277746875 0.767228125 0.280803125 0.2913171875
6 0.29826874999999997 0.3038140625 0.2846015625 0.295159375 0.2794921875 0.7653015625 0.293465625 0.7729953125 0.29826874999999997 0.3038140625
6 0.31748125 0.29708437499999996 0.30098125 0.3038140625 0.296084375 0.776840625 0.31355 0.767228125 0.31748125 0.29708437499999996
6 0.134790625 0.28819062500000003 0.118678125 0.2896140625 0.1335 0.796259375 0.1490125 0.79910625 0.134790625 0.28819062500000003
6 0.9527468750000001 0.272084375 0.925396875 0.272084375 0.9230578125 0.85279375 0.9514374999999999 0.8422171875 0.9527468750000001 0.272084375
6 0.9173796875000001 0.2778578125 0.90428125 0.27497343750000003 0.8942406249999999 0.273046875 0.87983125 0.2788140625 0.8741562500000001 0.85279375 0.915196875 0.8518359375 0.9173796875000001 0.2778578125
6 0.9758890625 0.2740109375 0.9555359375 0.283625 0.9571125 0.85279375 0.9793828124999999 0.848946875 0.9758890625 0.2740109375
6 0.10798125 0.3259046875 0.092490625 0.3259046875 0.0995796875 0.8268578124999999 0.11638437500000001 0.8268578124999999 0.10798125 0.3259046875