6 0.302715625 0.1510734375 0.35025 0.7894921874999999 0.37436250000000004 0.7831750000000001 0.345084375 0.2294546875 0.3387671875 0.1434875 0.302715625 0.1510734375
6 0.18468437499999998 0.15865625 0.20499687500000002 0.7932859375 0.21705312499999999 0.79075625 0.22566562499999998 0.781909375 0.2078671875 0.1523390625 0.18468437499999998 0.15865625
6 0.1791609375 0.1561265625 0.1579765625 0.15865625 0.177440625 0.7970796874999999 0.19753437499999998 0.79455 0.1791609375 0.1561265625
6 0.152178125 0.172565625 0.13040625 0.173825 0.14873281249999998 0.8236296875000001 0.17227187500000002 0.8059312500000001 0.152178125 0.172565625
6 0.3881421875 0.20037500000000003 0.3707765625 0.2079625 0.409959375 0.8236296875000001 0.42890625 0.8211 0.3881421875 0.20037500000000003
6 0.368621875 0.21933906250000001 0.34579375 0.2307203125 0.3737890625 0.8071953125 0.4024953125 0.8021375000000001 0.368621875 0.21933906250000001
6 0.2526484375 0.280021875 0.219146875 0.2876078125 0.23255468750000002 0.7743234375 0.2629828125 0.7730578125 0.2526484375 0.280021875
6 0.268253125 0.312259375 0.2865234375 0.76041875 0.295709375 0.7578890625 0.29800468750000003 0.7300796875 0.2825046875 0.3040421875 0.268253125 0.312259375
6 0.2536078125 0.302778125 0.271596875 0.762946875 0.2825046875 0.7654765625 0.2836515625 0.7414546875 0.267003125 0.311625 0.2536078125 0.302778125
6 0.2975453125 0.291396875 0.29800468750000003 0.2964546875 0.315228125 0.7831750000000001 0.32958125 0.7857031250000001 0.311209375 0.2888671875 0.2975453125 0.291396875
6 0.1349546875 0.28634375 0.1200671875 0.291396875 0.132084375 0.79455 0.148159375 0.8021375000000001 0.1349546875 0.28634375
6 0.29628437500000004 0.29898437499999997 0.28462187499999997 0.29898437499999997 0.299728125 0.7857031250000001 0.3169515625 0.79075625 0.29628437500000004 0.29898437499999997
6 0.95616875 0.2749625 0.9238875 0.272434375 0.919425 0.84638125 0.9515765625 0.8438578124999999 0.95616875 0.2749625
6 0.9557640624999999 0.28570937500000004 0.9532984375 0.8552328125 0.9768359375 0.8552328125 0.975690625 0.642846875 0.973965625 0.272434375 0.9557640624999999 0.28570937500000004
6 0.8799468750000001 0.2781265625 0.8780890625 0.28254999999999997 0.8734953125 0.852703125 0.9142578125 0.845121875 0.9182765625 0.276228125 0.8799468750000001 0.2781265625
6 0.10912031250000001 0.32553437500000004 0.09163750000000001 0.32553437500000004 0.0987859375 0.8286828125 0.11658125 0.822365625 0.10912031250000001 0.32553437500000004