6 0.21228906250000001 0.0446609375 0.19120625 0.055046874999999995 0.2639109375 0.8236328125 0.2854984375 0.82259375 0.21745156250000003 0.1651421875 0.221675 0.152678125 0.21228906250000001 0.0446609375
6 0.2470171875 0.7945515624999999 0.2587484375 0.784165625 0.196334375 0.1038625 0.17286875 0.1267125 0.1592890625 0.128790625 0.221675 0.7914359375 0.23434531249999999 0.8018218750000001 0.2470171875 0.7945515624999999
6 0.20571875 0.7800109375 0.2118203125 0.7768953125 0.16348281250000002 0.152678125 0.1452078125 0.157871875 0.1939875 0.773778125 0.20571875 0.7800109375
6 0.0780734375 0.1370984375 0.062596875 0.13190625 0.062117187500000004 0.13606093749999998 0.07478749999999999 0.81116875 0.082296875 0.8205171874999999 0.09590625 0.82259375 0.10763750000000001 0.8132468749999999 0.1001296875 0.12567343749999998 0.09309062500000001 0.12982812500000002 0.0780734375 0.1370984375
6 0.4896109375 0.1445765625 0.47795781249999997 0.1539265625 0.5802859375 0.81423125 0.5949109375 0.81279375 0.6027109375 0.8070390625 0.49968593749999995 0.13666406250000002 0.4896109375 0.1445765625
6 0.15879062500000002 0.78831875 0.180378125 0.7810484375 0.1461203125 0.1796828125 0.1226546875 0.19006875 0.10906562500000001 0.20253281250000002 0.10716875 0.21915 0.1461203125 0.7831265625 0.15879062500000002 0.78831875
6 0.28080625000000003 0.278353125 0.287375 0.24719375000000002 0.27282812500000003 0.106978125 0.257340625 0.135021875 0.2395078125 0.1506015625 0.21843125 0.1599484375 0.218390625 0.1651421875 0.2925375 0.8444062499999999 0.306146875 0.8610234374999999 0.3258578125 0.859984375 0.3404046875 0.8444062499999999 0.28080625000000003 0.278353125
6 0.4662109375 0.2869953125 0.4645859375 0.255346875 0.4626359375 0.247434375 0.4454109375 0.13666406250000002 0.4320859375 0.1589625 0.42172187499999997 0.1611203125 0.4207109375 0.172628125 0.5182109374999999 0.8250203125000001 0.5237359374999999 0.8300562499999999 0.5325109375 0.8314953125000001 0.5406359375 0.818546875 0.4662109375 0.2869953125
6 0.6218843749999999 0.8243015625 0.627084375 0.81423125 0.5217859375 0.1488921875 0.5107359375 0.1618390625 0.5036375 0.1618390625 0.606284375 0.8120734374999999 0.613434375 0.8322140625 0.6218843749999999 0.8243015625
6 0.5591609375 0.23952187500000002 0.550825 0.2427109375 0.635534375 0.7610046875 0.646259375 0.7610046875 0.6534093750000001 0.7588468749999999 0.5669609375 0.22945156249999998 0.5591609375 0.23952187500000002
6 0.8932125 0.2237984375 0.8813093750000001 0.220646875 0.8860921875000001 0.8179671875000001 0.9024703125 0.8226953124999999 0.9167125 0.8274234375 0.911728125 0.22537500000000002 0.8932125 0.2237984375
6 0.3336125 0.20499687500000002 0.325828125 0.2093125 0.3235375 0.2107515625 0.3261375 0.230171875 0.4090109375 0.902703125 0.4151859375 0.9098968749999999 0.42233593750000004 0.9048624999999999 0.4265609375 0.8890375 0.3440125 0.1862953125 0.3336125 0.20499687500000002
6 0.9708328125 0.21119062500000002 0.9537421875 0.222221875 0.9430609375 0.21749374999999999 0.9290312500000001 0.20173437500000002 0.9281062500000001 0.2064625 0.9402125 0.901496875 0.9551671875000001 0.9172578124999999 0.9715453125 0.9219859375 0.9865 0.9156812499999999 0.97439375 0.258471875 0.9708328125 0.21119062500000002
6 0.5640359375 0.8688968750000001 0.5695609375 0.860265625 0.48571093750000005 0.256065625 0.47271093750000004 0.27332812500000003 0.46625625 0.2833984375 0.5481109375 0.8739328125 0.5549359375 0.876090625 0.5640359375 0.8688968750000001
6 0.3507296875 0.43207031249999994 0.3267953125 0.24303906249999999 0.30098437499999997 0.26173437499999996 0.282265625 0.2741984375 0.29019062500000004 0.35209531250000003 0.346975 0.8755640625 0.3619921875 0.8828343750000001 0.3831109375 0.8901046875 0.3910875 0.8901046875 0.3619921875 0.5556671875 0.3507296875 0.43207031249999994
6 0.4379359375 0.30353906249999996 0.4320859375 0.3078546875 0.4181109375 0.32080156249999997 0.4087203125 0.33087187500000004 0.4067359375 0.33446875 0.4099859375 0.3510109375 0.4701109375 0.851634375 0.4785609375 0.8581078124999999 0.49416093749999995 0.8609859375 0.5022859375000001 0.8566703125 0.4379359375 0.30353906249999996
6 0.4509359375 0.902703125 0.45971093749999997 0.8940718750000001 0.3895109375 0.26829375 0.3729359375 0.28483749999999997 0.3619109375 0.298503125 0.43273593750000006 0.901984375 0.44183593749999994 0.9041421875 0.4509359375 0.902703125