6 0.5200781250000001 0.9306640625 0.5518421874999999 0.94140625 0.6411828125000001 0.1015625 0.6173703125000001 0.08203125 0.5200781250000001 0.9306640625
6 0.7833734375 0.904296875 0.7993625 0.8917624999999999 0.8189609375 0.1486015625 0.79559375 0.14453125 0.7705953125 0.8974609375 0.7833734375 0.904296875
6 0.64228125 0.9154656250000001 0.6709640625 0.8954625 0.72739375 0.1601546875 0.6914687500000001 0.1533203125 0.664734375 0.1357421875 0.5974859375 0.8994140625 0.6182375 0.91015625 0.64228125 0.9154656250000001
6 0.468259375 0.16796875 0.46014375 0.1591796875 0.3389828125 0.880859375 0.3481296875 0.8937359375 0.363784375 0.8858953125 0.47557968749999996 0.169921875 0.468259375 0.16796875
6 0.5977328125 0.16015625 0.5890500000000001 0.1474609375 0.4843484375 0.9052734375 0.5039 0.9208890625 0.5235624999999999 0.91811875 0.6069 0.1624734375 0.5977328125 0.16015625
6 0.38444687499999997 0.9108984375 0.482515625 0.2470703125 0.503996875 0.1788328125 0.4791875 0.162109375 0.36200625 0.8955078125 0.38444687499999997 0.9108984375
6 0.4726296875 0.928221875 0.572128125 0.1767578125 0.5586218749999999 0.178225 0.5435421875 0.173828125 0.5289921875 0.162109375 0.4210015625 0.91015625 0.435159375 0.9296875 0.4726296875 0.928221875
6 0.8955015625 0.1944015625 0.8634640625 0.1904296875 0.8525765625 0.8984375 0.88186875 0.9091796875 0.9106734375000001 0.8880296875000001 0.922390625 0.186003125 0.8955015625 0.1944015625
6 0.9287375000000001 0.83984375 0.9468 0.837890625 0.95021875 0.2900390625 0.9313359374999999 0.2890625 0.9287375000000001 0.83984375
6 0.949271875 0.841796875 0.9648640625 0.8427734375 0.966084375 0.2880859375 0.9537968749999999 0.2880859375 0.949271875 0.841796875
6 0.69939375 0.9013671875 0.7705578125 0.8982093750000001 0.787103125 0.2578140625 0.7218625000000001 0.2568359375 0.69939375 0.9013671875
6 0.38389843749999997 0.92578125 0.4085328125 0.9311609375 0.5066828125 0.24609375 0.4884640625 0.2294921875 0.38389843749999997 0.92578125
6 0.818096875 0.8740234375 0.8545296875 0.86328125 0.8583875000000001 0.3068046875 0.8248906249999999 0.30859375 0.818096875 0.8740234375