4 0.54594951875 0.083639425 0.52707451875 0.0605625 0.3909302875 0.88097115625 0.41996394375 0.8919375 0.54594951875 0.083639425
4 0.3903822125 0.862326925 0.50760576875 0.14725 0.46816586562499996 0.0978990375 0.46926201875 0.10009134374999999 0.33122355625 0.8228413437500001 0.338346153125 0.83929326875 0.35203846250000004 0.851360575 0.36628125 0.862326925 0.37942788437499997 0.8656153874999999 0.3903822125 0.862326925
4 0.5903197125 0.15821634375 0.57881730625 0.14944230625 0.565670671875 0.13957211249999998 0.5590961531249999 0.12531730624999998 0.43091826875 0.845875 0.441326921875 0.863423075 0.45173317187500006 0.874389425 0.46542788437500004 0.8787788437499999 0.4769302875 0.8765817312499999 0.599084134375 0.1593125 0.5903197125 0.15821634375
4 0.29671394375000004 0.862326925 0.30821875 0.8700048062500001 0.32245913437499996 0.8667115375 0.32519951874999997 0.8579375 0.44023076874999995 0.1505384625 0.425439903125 0.1560240375 0.4188677875 0.1505384625 0.41284134687499996 0.14066826875 0.29671394375000004 0.862326925
4 0.806829328125 0.19291826875 0.795516828125 0.18891826875 0.779548078125 0.1822596125 0.76491105625 0.16893750000000002 0.753415865625 0.14512980625 0.637822115625 0.82572115625 0.6464735562499999 0.84703365625 0.6557884625 0.8590240375 0.67042548125 0.8656874999999999 0.686396634375 0.8630240375 0.69770673125 0.85769230625 0.806829328125 0.19291826875
4 0.3856634625 0.23343269375000003 0.340427884375 0.1803365375 0.227091346875 0.8250384625 0.29505048125 0.8585625 0.3856634625 0.23343269375000003
4 0.713009615625 0.15694711249999999 0.6976610562500001 0.1418028875 0.578603365625 0.8736778875000001 0.5912451937500001 0.8869999999999999 0.6098774031249999 0.9003221124999999 0.6205240375 0.89765865625 0.73496875 0.16760576875 0.72631730625 0.16493750000000001 0.713009615625 0.15694711249999999
4 0.615516828125 0.2130528875 0.59763701875 0.19346634375 0.479670671875 0.879875 0.506509615625 0.8930336562500001 0.615516828125 0.2130528875
4 0.5213004812500001 0.8612307687499999 0.5360913468749999 0.8721971125 0.5536177875 0.8787788437499999 0.56950480625 0.8787788437499999 0.673033653125 0.244860575 0.630521634375 0.21401923125 0.5213004812500001 0.8612307687499999
4 0.862721153125 0.30615384375 0.844122596875 0.29159134375 0.7569254812499999 0.82971634375 0.78021394375 0.8377115375 0.862721153125 0.30615384375
4 0.782875 0.83504326875 0.8001754812499999 0.849701925 0.8813509625 0.29949519375 0.866048078125 0.28750480624999997 0.8640528843749999 0.28484134375000003 0.782875 0.83504326875
4 0.9498870187499999 0.21156730625 0.93458173125 0.2075721125 0.9199447125000001 0.19558173125 0.9106971156249999 0.1750865375 0.799509615625 0.9336298062499999 0.813483171875 0.9509471125 0.834110578125 0.9656009624999999 0.85207451875 0.9656009624999999 0.8653822124999999 0.9482836562499999 0.962528846875 0.2128990375 0.9498870187499999 0.21156730625
4 0.89133173125 0.3048221125 0.87990625 0.29825 0.800841346875 0.8510336562499999 0.810822115625 0.8603557687500001 0.89133173125 0.3048221125
4 0.70303125 0.8403750000000001 0.720329328125 0.8630240375 0.7469447125 0.8656874999999999 0.834110578125 0.33146634375 0.80882451875 0.33146634375 0.79086298125 0.30324519375 0.70303125 0.8403750000000001
4 0.9971274031249999 0.28350480624999996 0.9606274031250001 0.24831730625 0.87137019375 0.9203076937500001 0.90996394375 0.94295673125 0.9971274031249999 0.28350480624999996