4 0.707706025 0.07493581761006289 0.67401686875 0.05407774213836478 0.613930121875 0.9345445157232705 0.645187953125 0.9545005660377359 0.707706025 0.07493581761006289
4 0.509477109375 0.9007768427672956 0.523202409375 0.9099862075471697 0.53006265 0.9053791006289308 0.576571084375 0.1378737610062893 0.568185540625 0.13480396855345914 0.5577686749999999 0.12695249056603772 0.509477109375 0.9007768427672956
4 0.607831325 0.9299422578616352 0.6634867468750001 0.15476001886792454 0.65586265 0.15629249056603772 0.6413759031249999 0.15322270440251573 0.6207903625 0.14247601886792455 0.6032554218749999 0.1271270754716981 0.586354215625 0.11352883018867924 0.5841951812499999 0.11638038993710692 0.5338746999999999 0.8946372641509434 0.5437879531250001 0.9084488867924528 0.556749396875 0.9207328930817611 0.581144578125 0.9330120503144654 0.597156625 0.9376143081761007 0.607831325 0.9299422578616352
4 0.723718071875 0.13480396855345914 0.7054626500000001 0.12503689937106918 0.647477109375 0.8992395220125786 0.661961446875 0.9145933144654087 0.67949879375 0.9284049433962265 0.700081928125 0.9299422578616352 0.7465903625 0.13940622641509434 0.73667951875 0.1378737610062893 0.723718071875 0.13480396855345914
4 0.344033734375 0.1486204465408805 0.3333590375 0.14554580503144654 0.32116144687500003 0.1317341823899371 0.3188747 0.1317341823899371 0.26245542187500004 0.9191955723270441 0.276939759375 0.9376143081761007 0.2868530125 0.9391516226415094 0.296 0.9330120503144654 0.35852048124999997 0.14554580503144654 0.344033734375 0.1486204465408805
4 0.43323614375 0.1639693899371069 0.3986409625 0.14804819496855345 0.332597590625 0.9406840943396226 0.361568675 0.9591076729559749 0.43323614375 0.1639693899371069
4 0.770987953125 0.17931832704402517 0.74643614375 0.17681109433962267 0.7351542156249999 0.9161257861635219 0.76488915625 0.9314747295597484 0.770987953125 0.17931832704402517
4 0.8624771093750001 0.14554580503144654 0.8455325312499999 0.1422917358490566 0.864766265625 0.9529681006289308 0.8807759031250001 0.965247251572327 0.89831084375 0.9698495094339623 0.9097469874999999 0.9621774654088051 0.8929759031250001 0.14401333333333333 0.8777253 0.15015291194968555 0.8624771093750001 0.14554580503144654
4 0.17096385625 0.8992395220125786 0.184686746875 0.9084488867924528 0.19764819375 0.9099862075471697 0.2090843375 0.9038466289308176 0.250255421875 0.2299722641509434 0.21283373437500003 0.2190025031446541 0.17096385625 0.8992395220125786
4 0.45839518124999995 0.18392544025157231 0.44848433749999994 0.17778101257861637 0.43580240937500003 0.16722345911949685 0.36766746875 0.9483609937106918 0.374530121875 0.9683170440251573 0.381392771875 0.9775264088050315 0.392828915625 0.9805961949685534 0.4004530125 0.9759939371069182 0.46525783125000003 0.18545790566037737 0.45839518124999995 0.18392544025157231
4 0.549122890625 0.2637447924528302 0.474869878125 0.22475411320754715 0.43476144687499996 0.9207328930817611 0.50414216875 0.9422214150943397 0.549122890625 0.2637447924528302
4 0.304387953125 0.9284049433962265 0.3097253 0.9345445157232705 0.320397590625 0.9376143081761007 0.33031084375 0.9314747295597484 0.38367951875 0.254535427672956 0.35385783125 0.24968583647798745 0.304387953125 0.9284049433962265
4 0.9509180718750001 0.21309085534591193 0.928045784375 0.21616064150943398 0.9036481937499999 0.203876641509434 0.921185540625 0.9729241509433962 0.93033253125 0.9821335157232705 0.9493927718749999 0.9928753522012578 0.96921686875 0.9944126666666667 0.9852265062500001 0.9867357735849056 0.96921686875 0.20541395597484274 0.9509180718750001 0.21309085534591193
4 0.295238553125 0.3236080943396227 0.253807228125 0.3053008993710692 0.21137349374999997 0.9069164213836478 0.25406746875 0.917663106918239 0.295238553125 0.3236080943396227
4 0.46820000000000006 0.30338046540880503 0.457633734375 0.29751246540880505 0.40350120624999997 0.9191955723270441 0.41722650625 0.9268724716981133 0.46820000000000006 0.30338046540880503
4 0.8457060249999999 0.26834705031446543 0.7908096375 0.2637447924528302 0.792334940625 0.9759939371069182 0.84646746875 0.9867357735849056 0.8457060249999999 0.26834705031446543