6 0.45943125 0.7450171875 0.4821359375 0.7737078125 0.582121875 0.2754359375 0.6052640625000001 0.23526875 0.607446875 0.2065765625 0.5952203125 0.2008390625 0.5877984374999999 0.18649374999999999 0.5801000000000001 0.17310468750000002 0.45943125 0.7450171875
6 0.355078125 0.7976171875 0.36555624999999997 0.7976171875 0.3742890625 0.7976171875 0.494796875 0.21518437499999998 0.46412812499999995 0.1688 0.4642328125 0.1740609375 0.3336828125 0.7708390625 0.355078125 0.7976171875
6 0.292203125 0.7603187499999999 0.2991890625 0.781359375 0.307921875 0.7880546875000001 0.314471875 0.7947484375 0.32494999999999996 0.7909234374999999 0.33280937499999996 0.7717953125 0.44851562500000003 0.23335625000000002 0.41367656249999996 0.1802765625 0.292203125 0.7603187499999999
6 0.777609375 0.82965625 0.799440625 0.8334828125 0.8330609375 0.1821890625 0.8126984374999999 0.1716703125 0.777609375 0.82965625
6 0.3664296875 0.8377859375 0.3869515625 0.8588265625 0.518375 0.20370781249999997 0.5040953125 0.16593125 0.3664296875 0.8377859375
6 0.54020625 0.2266609375 0.532925 0.21183749999999998 0.4070359375 0.8081375 0.4118390625 0.8148328125000001 0.42057031250000004 0.824396875 0.4288671875 0.8224843749999999 0.4384734375 0.8157890625 0.5563609375 0.2343125 0.5467562499999999 0.23526875 0.54020625 0.2266609375
6 0.7577296875 0.8650421875 0.768209375 0.8621734375000001 0.773884375 0.8535656250000001 0.8048859374999999 0.2051421875 0.7871453125000001 0.1974921875 0.78829375 0.20227343750000001 0.749434375 0.8535656250000001 0.7577296875 0.8650421875
6 0.799878125 0.850696875 0.8024968749999999 0.8679109374999999 0.8090468749999999 0.8679109374999999 0.8203984375 0.8573906250000001 0.8448499999999999 0.34955625 0.8487796875000001 0.3390359375 0.8518359375 0.209925 0.8323546875 0.2003609375 0.799878125 0.850696875
6 0.5378234375 0.829178125 0.5395703125 0.8492625 0.5469921875 0.8578703125 0.557471875 0.8645640625000001 0.5653312500000001 0.8616953125 0.69020625 0.2677859375 0.67405 0.25439687499999997 0.663965625 0.236225 0.5378234375 0.829178125
6 0.9232484375000001 0.8382640625000001 0.9538109374999999 0.8420890625 0.9573046875 0.2692203125 0.9273609374999999 0.2692203125 0.9232484375000001 0.8382640625000001
6 0.8749765625 0.8449578125 0.9160203125 0.850696875 0.9251890625 0.27400156249999996 0.8867375 0.2720890625 0.8749765625 0.8449578125
6 0.86013125 0.8124421875 0.8754140625 0.8153109374999999 0.8845828125 0.3113 0.8710125 0.307953125 0.86013125 0.8124421875
6 0.9559953125 0.8535656250000001 0.9795718750000001 0.846871875 0.9760796875000001 0.27304531249999997 0.9588109375 0.28500000000000003 0.9559953125 0.8535656250000001
6 0.4686 0.8454359374999999 0.48781093750000004 0.8626515625 0.59653125 0.30412812499999997 0.5827203125 0.2763921875 0.4686 0.8454359374999999
6 0.6065968749999999 0.8181796875 0.622753125 0.8124421875 0.7057109374999999 0.3686828125 0.6914859375 0.35529375 0.6065968749999999 0.8181796875
6 0.60875625 0.3251671875 0.601721875 0.3165609375 0.49261406250000006 0.8511749999999999 0.523178125 0.871259375 0.6231656250000001 0.35481562499999997 0.617925 0.3356875 0.60875625 0.3251671875
6 0.6262453125 0.8200921875 0.636725 0.8440015624999999 0.7166265625 0.39833124999999997 0.7026546875 0.377290625 0.6262453125 0.8200921875
6 0.8199624999999999 0.8813015625 0.8382999999999999 0.8899078125000001 0.86624375 0.3543375 0.8454593750000001 0.3466859375 0.8199624999999999 0.8813015625
6 0.7114109375 0.8879953125 0.7459046875 0.8813015625 0.7738484375 0.38111562499999996 0.7393156249999999 0.3682046875 0.7114109375 0.8879953125
6 0.63978125 0.8449578125 0.6550625 0.855478125 0.734528125 0.4107640625 0.71769375 0.40406875 0.63978125 0.8449578125
6 0.569484375 0.8535656250000001 0.5843296875 0.8688671875 0.6821328125 0.40215625 0.6665875 0.39259218749999997 0.569484375 0.8535656250000001