4 0.688954328125 0.7877670972222223 0.697298078125 0.8063141041666666 0.709079328125 0.8128632499999999 0.7223317312499999 0.8128632499999999 0.7993990375 0.18330128472222224 0.788110578125 0.18876068055555556 0.777310096875 0.18221154166666664 0.7656322125 0.15930021527777777 0.764548078125 0.15821047222222223 0.688954328125 0.7877670972222223
4 0.811673078125 0.2356730763888889 0.797545671875 0.21276175 0.72822355625 0.8041346180555555 0.74589423125 0.8183173055555556 0.811673078125 0.2356730763888889
4 0.412509615625 0.8434134583333334 0.396310096875 0.16475427083333333 0.37078605625 0.18657585416666667 0.350252403125 0.19421474305555556 0.376185096875 0.8521420972222222 0.38109375 0.8663247847222223 0.39140144375 0.8652350416666666 0.412509615625 0.8434134583333334
4 0.8416153843749999 0.21385149305555556 0.8216033656249999 0.18876068055555556 0.744423078125 0.8303205138888888 0.7650384625 0.8445032083333334 0.8416153843749999 0.21385149305555556
4 0.34133173125 0.17457265277777778 0.316865384375 0.1876655972222222 0.3491875 0.8597809861111112 0.369802884375 0.8445032083333334 0.34133173125 0.17457265277777778
4 0.853396634375 0.21167200694444444 0.8470144218750001 0.18657585416666667 0.7704375 0.8314102569444445 0.77583894375 0.8488675208333334 0.7910552875 0.8423237152777777 0.86566826875 0.21276175 0.853396634375 0.21167200694444444
4 0.247576921875 0.8248664513888889 0.25935576875 0.8390491458333333 0.27555528749999997 0.8325 0.29224519375 0.8128632499999999 0.292735578125 0.3393269236111111 0.302552884375 0.3131410277777778 0.303045671875 0.19857906250000001 0.29077403749999997 0.20730769444444444 0.2731009625 0.2083974375 0.259420671875 0.19857906250000001 0.247576921875 0.8248664513888889
4 0.9291177875000001 0.27715277777777775 0.89437019375 0.25135149305555554 0.853509615625 0.8609348263888889 0.86345673125 0.8660950833333333 0.876721153125 0.8705181597222222 0.89065144375 0.8734668819444444 0.9291177875000001 0.27715277777777775
4 0.8911947124999999 0.32077991666666666 0.8805240375000001 0.3065972222222222 0.82737980625 0.8117735069444445 0.8416153843749999 0.8215918819444444 0.8911947124999999 0.32077991666666666
4 0.25052163437499997 0.31860043055555554 0.22063221249999998 0.3240544861111111 0.214197115625 0.8084989305555556 0.2235240375 0.8194070486111111 0.234322115625 0.8161378194444445 0.24512259687500002 0.8106784166666666 0.25052163437499997 0.31860043055555554
4 0.9609543281249999 0.28599359027777776 0.9358341343750001 0.2734668819444444 0.903252403125 0.8690438055555556 0.91087980625 0.8742040625 0.9238125 0.8749412361111112 0.931771634375 0.872729701388889 0.9609543281249999 0.28599359027777776
4 0.9437091343749999 0.8653579027777778 0.94868269375 0.8690438055555556 0.956641828125 0.8690438055555556 0.9675865375000001 0.8624091875 0.97421875 0.6206410277777779 0.9738870187499999 0.481330125 0.9735552875 0.2823076944444444 0.965021634375 0.2808333333333333 0.955646634375 0.5159722222222222 0.9437091343749999 0.8653579027777778
4 0.87155769375 0.33278311805555555 0.85646394375 0.31750534027777777 0.7974375 0.8183173055555556 0.8121634625 0.8357745694444445 0.87155769375 0.33278311805555555
4 0.1881802875 0.33278311805555555 0.17447836562500002 0.3295085486111111 0.1675625 0.8401388888888889 0.176889421875 0.8390491458333333 0.1881802875 0.33278311805555555
4 0.32660576875 0.33278311805555555 0.294771634375 0.3382371805555555 0.29077403749999997 0.8423237152777777 0.32415144375 0.8412286319444444 0.32660576875 0.33278311805555555
4 0.17639903750000002 0.8477777777777777 0.183271634375 0.8510523472222222 0.18916105625 0.8466880347222223 0.1999615375 0.3447863263888889 0.18675240312500002 0.34587606944444443 0.17639903750000002 0.8477777777777777
4 0.105221153125 0.3131410277777778 0.07382451875 0.31641559722222223 0.061533653125 0.9077884583333334 0.092459134375 0.9034241458333333 0.105221153125 0.3131410277777778