6 0.739653125 0.11127499999999999 0.7249421875000001 0.0834609375 0.6363875 0.7799 0.6568671875 0.7923703125 0.739653125 0.11127499999999999
6 0.6176515625000001 0.7866140625 0.6346437500000001 0.7741421875000001 0.7152546875 0.16499999999999998 0.7026171875 0.16499999999999998 0.688675 0.1419734375 0.6774375 0.11415312500000001 0.5875859375 0.7520796875 0.603709375 0.7818203125000001 0.6176515625000001 0.7866140625
6 0.17228125 0.7952484375 0.18796875 0.7818203125000001 0.20713906249999997 0.1448515625 0.1958125 0.15156562499999998 0.1814328125 0.15444375 0.1701296875 0.14772968749999998 0.149625 0.7952484375 0.16008125 0.8010046875000001 0.17228125 0.7952484375
6 0.6756031250000001 0.7952484375 0.6869328125 0.7933328125 0.76710625 0.1688359375 0.7605703125 0.17746562500000002 0.7501125 0.17171406250000001 0.742375 0.15156562499999998 0.660353125 0.7779843750000001 0.6677593749999999 0.794290625 0.6756031250000001 0.7952484375
6 0.4990765625 0.8019624999999999 0.5138921875 0.7875765625 0.5988578125 0.19569375 0.5853515625 0.1976140625 0.5753296875 0.18706406250000002 0.56804375 0.162121875 0.4729328125 0.7760640624999999 0.485134375 0.8029265625 0.4990765625 0.8019624999999999
6 0.710896875 0.8096406249999999 0.7226609374999999 0.8096406249999999 0.8019640625 0.188021875 0.7893265625 0.19665625 0.778 0.1861 0.7684140625 0.161159375 0.6899828125 0.7866140625 0.6991328125 0.8029265625 0.710896875 0.8096406249999999
6 0.6437953125 0.265725 0.6098828125 0.20528593750000002 0.52701875 0.7645500000000001 0.541834375 0.77510625 0.560134375 0.7808625 0.5793078125 0.7866140625 0.6437953125 0.265725
6 0.4376390625 0.803884375 0.54395625 0.220634375 0.5335 0.21487812499999998 0.5275125 0.20432812500000003 0.417596875 0.794290625 0.4193390625 0.8000468749999999 0.4302328125 0.8067624999999999 0.4376390625 0.803884375
6 0.8154718750000001 0.235984375 0.8007765625 0.215840625 0.724403125 0.7981265625 0.7435765625 0.81251875 0.8154718750000001 0.235984375
6 0.7814859375000001 0.8403390625 0.790634375 0.8355390625 0.869065625 0.21200000000000002 0.8634015625 0.2139203125 0.8542500000000001 0.20720624999999998 0.8500265625000001 0.188978125 0.7710265625 0.8221109375 0.7714640625 0.831703125 0.7814859375000001 0.8403390625
6 0.8407421875000001 0.2129625 0.8238749999999999 0.1918578125 0.7435765625 0.8211484375 0.762746875 0.8403390625 0.8407421875000001 0.2129625
6 0.49864218749999994 0.3463015625 0.47782656250000005 0.30505312500000004 0.3796875 0.767428125 0.40975312500000005 0.7914125000000001 0.49864218749999994 0.3463015625
6 0.2202109375 0.30217499999999997 0.20412499999999997 0.316565625 0.2629140625 0.7981265625 0.274678125 0.7894921874999999 0.2202109375 0.30217499999999997
6 0.92835625 0.27435468749999997 0.8944812499999999 0.252290625 0.852103125 0.8556828124999999 0.890446875 0.8662375000000001 0.92835625 0.27435468749999997
6 0.8895453124999999 0.31944374999999997 0.8800984375 0.3069734375 0.8268000000000001 0.8058046875 0.8407421875000001 0.8163546875 0.8895453124999999 0.31944374999999997
6 0.9605984375000001 0.2801109375 0.9345765625 0.2714765625 0.9009031249999999 0.8643171875 0.9104906250000001 0.8662375000000001 0.9196421875 0.8681531250000001 0.93140625 0.8633593749999999 0.9605984375000001 0.2801109375
6 0.9732359374999999 0.28203125 0.965521875 0.28106875 0.9449140625 0.86048125 0.95885625 0.8643171875 0.9667 0.8556828124999999 0.9732359374999999 0.6388843750000001 0.9732359374999999 0.28203125
6 0.8573000000000001 0.3242375 0.7967359375 0.8134765625 0.8119859375 0.831703125 0.87255 0.330953125 0.8574343750000001 0.3175234375 0.8573000000000001 0.3242375
6 0.10687968750000001 0.3098515625 0.073375 0.310809375 0.0580796875 0.900771875 0.09250312499999999 0.899809375 0.10687968750000001 0.3098515625