4 0.5814567312500001 0.28322015862068967 0.611060096875 0.2115915103448276 0.59241826875 0.1964774551724138 0.5815552875 0.17537400689655172 0.45948798125 0.7458461517241379 0.468209134375 0.7660053034482759 0.48139182812500003 0.7775968137931034 0.5814567312500001 0.28322015862068967
4 0.331108171875 0.7639893931034483 0.35177163437500003 0.8022864689655173 0.3723197125 0.809342172413793 0.494228365625 0.21442971034482758 0.46737980625000003 0.16831830344827586 0.331108171875 0.7639893931034483
4 0.83327644375 0.1837188344827586 0.8145168281249999 0.17705570344827587 0.7790240374999999 0.8319628620689655 0.7988341343750001 0.8376763931034482 0.83327644375 0.1837188344827586
4 0.5435600968750001 0.2335225448275862 0.5322307687500001 0.20863660689655172 0.40730048124999996 0.809342172413793 0.42211778750000006 0.8305092827586207 0.43784855624999997 0.8254854137931035 0.5541177875 0.23987798620689654 0.5435600968750001 0.2335225448275862
4 0.516576921875 0.19654111724137932 0.503002403125 0.17436604827586205 0.36638221249999997 0.8496604758620689 0.384709134375 0.8688222827586207 0.516576921875 0.19654111724137932
4 0.798954328125 0.8595702896551725 0.80603125 0.8728965517241379 0.821264421875 0.8643607448275862 0.8571322125 0.20416975862068965 0.8347884625 0.19894959999999998 0.798954328125 0.8595702896551725
4 0.7523125 0.8681379310344828 0.760814903125 0.8710185655172413 0.77405048125 0.8652785172413793 0.805127403125 0.20657824827586205 0.786048078125 0.20465782758620688 0.7523125 0.8681379310344828
4 0.6740072125000001 0.25873209655172413 0.6614783656250001 0.24189389655172414 0.5348822125 0.8405888620689655 0.5509134625 0.8678037103448275 0.564951921875 0.8706153862068966 0.689653846875 0.27125729655172415 0.6740072125000001 0.25873209655172413
4 0.923158653125 0.8433899172413793 0.930829328125 0.8485623310344828 0.95153125 0.8460689655172414 0.959110578125 0.267023875862069 0.92709375 0.270339524137931 0.923158653125 0.8433899172413793
4 0.9240913468749999 0.27718833103448276 0.8861177874999999 0.27414853793103444 0.8751947124999999 0.8526684344827586 0.9157355781250001 0.8519575586206897 0.9240913468749999 0.27718833103448276
4 0.973341346875 0.2807586206896552 0.959875 0.2855702896551724 0.958079328125 0.8551777172413794 0.9791322125 0.85 0.973341346875 0.2807586206896552
4 0.8842956718749999 0.3160318275862069 0.8723149031249999 0.31412732413793104 0.8617812499999999 0.8233952275862069 0.875197115625 0.8204456206896551 0.8842956718749999 0.3160318275862069
4 0.5997740375 0.31124137931034485 0.584295671875 0.28523607586206895 0.46821153750000005 0.8466366068965517 0.48683173125 0.8669124689655172 0.5997740375 0.31124137931034485
4 0.70337980625 0.3698992068965517 0.691622596875 0.36183554482758623 0.609997596875 0.8184137931034483 0.6227836531250001 0.8232042413793104 0.70337980625 0.3698992068965517
4 0.6239254812499999 0.35881166896551725 0.6011947125 0.32051458620689655 0.49737980625 0.8607480137931035 0.52420673125 0.8768700275862069 0.6239254812499999 0.35881166896551725
4 0.715959134375 0.4002546413793104 0.70349519375 0.3850185655172414 0.624153846875 0.8274854137931034 0.63990144375 0.8491936344827586 0.715959134375 0.4002546413793104
4 0.86725 0.3603342206896552 0.84816105625 0.35315649655172415 0.8195 0.8881273241379309 0.840802884375 0.8949973448275863 0.86725 0.3603342206896552
4 0.737170671875 0.4082015931034483 0.71856730625 0.40416975862068966 0.642076921875 0.8496604758620689 0.65953125 0.859872675862069 0.737170671875 0.4082015931034483
4 0.6809038468749999 0.40936339310344827 0.66878605625 0.3930822275862069 0.5708942312499999 0.8557082206896551 0.583826921875 0.8710875310344828 0.6809038468749999 0.40936339310344827
4 0.77067548125 0.3856392551724138 0.742915865625 0.376 0.713471153125 0.8919363379310346 0.746677884375 0.8824774551724138 0.77067548125 0.3856392551724138