6 0.21293437499999998 0.046315625 0.19170937500000002 0.056609374999999997 0.26428124999999997 0.8233953125 0.285559375 0.824421875 0.21848593749999998 0.168796875 0.22172343749999998 0.15644375 0.21293437499999998 0.046315625
6 0.250575 0.796428125 0.257334375 0.7806359375 0.194465625 0.09701562500000001 0.1880453125 0.11506406250000001 0.17520156250000002 0.12559375 0.1600265625 0.13010625 0.22353593749999998 0.794925 0.23469062499999999 0.800940625 0.250575 0.796428125
6 0.19410624999999998 0.781390625 0.2126953125 0.78289375 0.192415625 0.502375 0.16064375 0.151165625 0.145490625 0.16018749999999998 0.19410624999999998 0.781390625
6 0.0974375 0.8287703125 0.10859062500000001 0.8137265625 0.099465625 0.11957812500000001 0.0872984375 0.131609375 0.07411562499999999 0.13536874999999998 0.061987499999999994 0.13536874999999998 0.07546875 0.8220000000000001 0.0856078125 0.8272625 0.0974375 0.8287703125
6 0.5802546875 0.8203046875 0.5941328125 0.819278125 0.602459375 0.8120749999999999 0.49791875 0.138946875 0.47995 0.154384375 0.5802546875 0.8203046875
6 0.1650390625 0.7843953124999999 0.18058593750000002 0.7798828125 0.145771875 0.1804921875 0.1325890625 0.1902734375 0.120084375 0.19553437499999998 0.10694999999999999 0.2053109375 0.145771875 0.7858984375 0.154896875 0.7866531250000001 0.1650390625 0.7843953124999999
6 0.5256734375 0.83574375 0.533071875 0.8316250000000001 0.5409375 0.8161875000000001 0.4655390625 0.286128125 0.4655390625 0.25628281249999996 0.44657187499999995 0.1358609375 0.43176875 0.15644375 0.4202640625 0.158503125 0.5168828125 0.8275140625 0.5256734375 0.83574375
6 0.310075 0.8625078125 0.325340625 0.8625078125 0.339215625 0.8450109375 0.282321875 0.27995156250000003 0.286021875 0.23981249999999998 0.2739953125 0.1152734375 0.24253906249999999 0.14718124999999999 0.21715625 0.159534375 0.292959375 0.853240625 0.310075 0.8625078125
6 0.6283624999999999 0.8203046875 0.5210453125 0.14718124999999999 0.5131828125 0.159534375 0.5040078125 0.163646875 0.50439375 0.168796875 0.605696875 0.8203046875 0.6158750000000001 0.833684375 0.6283624999999999 0.8203046875
6 0.567303125 0.22951875 0.5635046874999999 0.23133125 0.5599453125 0.23925625 0.5508265625 0.2408390625 0.5506515624999999 0.24495781249999998 0.635303125 0.7667859375 0.6528796875 0.76266875 0.567303125 0.22951875
6 0.8853796875000001 0.819171875 0.899621875 0.823925 0.917425 0.8286796875 0.9067421875000001 0.22182343750000003 0.8917890625 0.22024062500000002 0.8791734375000001 0.228165625 0.88039375 0.22499531250000002 0.8775453125 0.22974843749999999 0.8853796875000001 0.819171875
6 0.3346296875 0.20687656250000003 0.3258828125 0.20996718749999999 0.406790625 0.9108828125 0.42298125000000003 0.9108828125 0.42991875 0.8974968750000001 0.3438796875 0.1904125 0.3346296875 0.20687656250000003
6 0.9850749999999999 0.9110687499999999 0.9708343749999999 0.2012296875 0.94946875 0.2154859375 0.9290312500000001 0.20439531249999998 0.9387890625 0.9031499999999999 0.9565906249999999 0.9221609374999999 0.97296875 0.9253312499999999 0.9850749999999999 0.9110687499999999
6 0.38963749999999997 0.8913265625 0.32904062500000003 0.24495781249999998 0.3059109375 0.2583421875 0.283778125 0.2748078125 0.28370937500000004 0.27995156250000003 0.34476874999999996 0.8800046874999999 0.3748359375 0.8913265625 0.38963749999999997 0.8913265625
6 0.466 0.28921874999999997 0.5483390625 0.8841171875 0.5700796875 0.8686796875 0.485428125 0.2552515625 0.46745625 0.286128125 0.466 0.28921874999999997
6 0.4095671875 0.334503125 0.40771562499999997 0.3458234375 0.4701640625 0.85633125 0.4747890625 0.8614765625 0.49329062500000004 0.867653125 0.5039296875 0.8553000000000001 0.438709375 0.308775 0.43084375 0.30774375 0.4211296875 0.3211234375 0.409625 0.330384375 0.4095671875 0.334503125
6 0.45998593750000005 0.8974968750000001 0.3892140625 0.271721875 0.377184375 0.2830421875 0.3624328125 0.2974484375 0.43176875 0.9098499999999999 0.438709375 0.9098499999999999 0.44842343749999997 0.9077921874999999 0.45998593750000005 0.8974968750000001