4 0.83078125 0.18108753103448275 0.808045671875 0.17674801379310345 0.778228365625 0.8371193655172413 0.798858171875 0.8403766551724138 0.83078125 0.18108753103448275
4 0.8499375 0.2092785172413793 0.82868269375 0.19952254482758622 0.79934855625 0.8555543793103448 0.8018052875 0.8739893931034483 0.809170671875 0.8761591517241379 0.8199759625 0.866397875862069 0.8499375 0.2092785172413793
4 0.7492524031250001 0.8674854137931035 0.759564903125 0.8739893931034483 0.773810096875 0.8685676413793103 0.8022956718750001 0.20819628965517242 0.78117548125 0.20494429655172414 0.7492524031250001 0.8674854137931035
4 0.9565144218749999 0.2689177724137931 0.92670673125 0.2710875310344828 0.92115144375 0.8468806344827586 0.95012980625 0.8382068965517242 0.9565144218749999 0.2689177724137931
4 0.8754759625 0.8523023862068965 0.915259615625 0.8468806344827586 0.923608171875 0.27976127586206895 0.9069086531250001 0.27433952413793106 0.88431730625 0.2754270551724138 0.8754759625 0.8523023862068965
4 0.88431730625 0.31229177931034485 0.8692187499999999 0.31012732413793104 0.859759615625 0.8208541103448276 0.874985578125 0.8110981448275861 0.88431730625 0.31229177931034485
4 0.975177884375 0.2754270551724138 0.9606081718749999 0.2873527862068965 0.9555312499999999 0.8588116689655173 0.979108171875 0.8533846137931035 0.975177884375 0.2754270551724138
4 0.69840144375 0.3643448275862069 0.6871730781250001 0.34916180689655174 0.60705048125 0.8273633931034483 0.621783653125 0.8306153862068966 0.69840144375 0.3643448275862069
4 0.7133990375 0.39253580689655176 0.6974927875 0.3816923103448276 0.62351923125 0.8262758620689655 0.639235578125 0.8533846137931035 0.7133990375 0.39253580689655176
4 0.844533653125 0.3567533172413793 0.81801201875 0.8891724137931035 0.837658653125 0.8945941655172414 0.8607427875000001 0.35783554482758617 0.8441586531249999 0.3507904482758621 0.844533653125 0.3567533172413793
4 0.674826921875 0.4012095517241379 0.6606418281249999 0.38820159310344826 0.56972355625 0.860976124137931 0.583966346875 0.8718196275862069 0.674826921875 0.4012095517241379
4 0.732552884375 0.4098885931034483 0.71296875 0.4012095517241379 0.6397259625 0.8555543793103448 0.658389421875 0.8631458896551725 0.732552884375 0.4098885931034483
4 0.768896634375 0.3816923103448276 0.735079328125 0.37518833103448274 0.713889421875 0.9000159172413793 0.7472884625 0.8935066344827586 0.768896634375 0.3816923103448276