6 0.6157046875 0.9337203125 0.647428125 0.9501328125 0.7086875 0.0737078125 0.6747765625000001 0.0583890625 0.67368125 0.057295312499999994 0.6157046875 0.9337203125
6 0.5085015625 0.895425 0.51670625 0.9008953125 0.5227234375 0.9041781249999999 0.5292859375 0.9041781249999999 0.5812468749999999 0.1382640625 0.5785125 0.144828125 0.5670265624999999 0.13935781249999998 0.5561203124999999 0.1291453125 0.5085015625 0.895425
6 0.6107828125 0.13498125 0.5845687500000001 0.1130984375 0.537490625 0.89651875 0.556634375 0.9162140624999999 0.5757765625 0.92825 0.5932796875 0.9337203125 0.6075 0.9238734375 0.6616484375 0.1557703125 0.6397703124999999 0.1503 0.6107828125 0.13498125
6 0.650709375 0.8921421875 0.6616484375 0.9096484374999999 0.6840734375 0.922778125 0.6988421875 0.9260609375 0.75025625 0.14264062500000002 0.7398640624999999 0.1415453125 0.7218140625 0.13498125 0.7071140625 0.126228125 0.650709375 0.8921421875
6 0.34793124999999997 0.1441828125 0.337759375 0.1441828125 0.3269515625 0.1352796875 0.31741406250000004 0.1301921875 0.26083124999999996 0.9200062499999999 0.271003125 0.9301812500000001 0.27799687500000003 0.9365406249999999 0.28816875 0.9365406249999999 0.2970703125 0.9327249999999999 0.35238281250000003 0.1403671875 0.34793124999999997 0.1441828125
6 0.33282968749999997 0.9314390625 0.360553125 0.9495906250000001 0.4265875 0.16507031249999998 0.400253125 0.15128906250000002 0.33282968749999997 0.9314390625
6 0.7376750000000001 0.914025 0.7661171875 0.9249671875000001 0.77268125 0.18421875000000001 0.747234375 0.178746875 0.7376750000000001 0.914025
6 0.8664515625 0.9486734374999999 0.8834078125 0.9607093750000001 0.897628125 0.9650859374999999 0.9113015624999999 0.9628984375 0.895440625 0.1444640625 0.87903125 0.147746875 0.8631703125 0.149934375 0.8478546874999999 0.14118124999999998 0.8664515625 0.9486734374999999
6 0.4462453125 0.1791875 0.4345390625 0.1687671875 0.36861875 0.9455562499999999 0.372146875 0.9626984375 0.3792046875 0.9747999999999999 0.389790625 0.9758078125 0.39835937499999996 0.971775 0.46288125 0.18120468750000002 0.4573359375 0.18322031249999998 0.4462453125 0.1791875
6 0.54655625 0.2649 0.5354671875 0.2598578125 0.5153046875 0.24977343749999997 0.4921171875 0.23666562500000002 0.47437031249999995 0.22792500000000002 0.43515625 0.914296875 0.5057265625 0.9374890625000001 0.54655625 0.2649
6 0.3167 0.92740625 0.32980468749999997 0.9253890625000001 0.3771875 0.24977343749999997 0.35050625 0.24674843750000003 0.3015765625 0.9173218750000001 0.3167 0.92740625
6 0.9889687500000001 0.9814984375 0.9709203125 0.2024546875 0.961621875 0.21230156249999999 0.9474 0.21339531250000002 0.9271640624999999 0.216678125 0.9062515624999999 0.20208906249999997 0.924428125 0.9694625 0.9309921875 0.9771218749999999 0.94411875 0.9869703124999999 0.9632625000000001 0.993534375 0.98021875 0.9924406250000001 0.9889687500000001 0.9814984375
6 0.4044078125 0.9112718750000001 0.41650625 0.9193390625 0.4694328125 0.305234375 0.4560515625 0.299184375 0.4044078125 0.9112718750000001
6 0.7948000000000001 0.9694625 0.8478546874999999 0.978215625 0.8462140625 0.2691984375 0.790971875 0.265915625 0.7948000000000001 0.9694625
6 0.2169625 0.94035625 0.2582875 0.951803125 0.2970703125 0.3438609375 0.2538515625 0.324784375 0.25320156250000003 0.324784375 0.2169625 0.94035625