6 0.693925 0.758053125 0.7127890625 0.7766437500000001 0.7193734375 0.13031718750000001 0.697346875 0.12290000000000001 0.693925 0.758053125
6 0.7342796875000001 0.1413015625 0.7265921875 0.12290000000000001 0.7142046875 0.7663156250000001 0.7217796875 0.7788203125 0.73495625 0.76954375 0.7472171875 0.1321953125 0.7342796875000001 0.1413015625
6 0.9244937500000001 0.7559812499999999 0.9509578125000001 0.7519859375 0.95335625 0.20339843750000003 0.9294218750000001 0.20242343749999997 0.9244937500000001 0.7559812499999999
6 0.747453125 0.73016875 0.7632531250000001 0.7424000000000001 0.7758828125 0.23185625 0.7594796875000001 0.227209375 0.747453125 0.73016875
6 0.8113578125 0.7766437500000001 0.8472015624999999 0.780775 0.8608859375 0.22115 0.8242328125 0.21275 0.8113578125 0.7766437500000001
6 0.9533156249999999 0.8282812500000001 0.9724359375 0.8416750000000001 0.9695171874999999 0.1724734375 0.9525 0.17144062499999999 0.9533156249999999 0.8282812500000001
6 0.794753125 0.76011875 0.8104156250000001 0.7618515625 0.823203125 0.26325937499999996 0.8081953125 0.26335625 0.794753125 0.76011875
6 0.8831187500000001 0.8085953124999999 0.9080406249999999 0.8024625000000001 0.9173984374999999 0.2303109375 0.8935734375 0.2385703125 0.8831187500000001 0.8085953124999999
6 0.7707984375 0.7911015625 0.7882484375 0.7880046875 0.7967375 0.2871109375 0.7803656250000001 0.2829796875 0.7707984375 0.7911015625
6 0.8465328124999999 0.8324125 0.874084375 0.8282812500000001 0.8858750000000001 0.25509375 0.8591390625 0.253028125 0.8465328124999999 0.8324125
6 0.5533812499999999 0.7890375 0.5477218749999999 0.7725125 0.54725 0.7425625 0.55125 0.7126453125000001 0.23083749999999997 0.7993640625 0.2213609375 0.8489375000000001 0.2199453125 0.9038484375 0.5533812499999999 0.7890375