4 0.47481490312499997 0.07191511724137932 0.4512884625 0.08380371034482759 0.512697115625 0.7933846137931034 0.530439903125 0.7915649862068965 0.47481490312499997 0.07191511724137932
4 0.33728365312499997 0.2504933655172414 0.342247596875 0.23279575862068963 0.334697115625 0.13777188275862068 0.3014615375 0.15302917931034482 0.300146634375 0.15758620689655173 0.35090144375 0.7842864689655172 0.373983171875 0.776519896551724 0.33728365312499997 0.2504933655172414
4 0.44378605625 0.787920427586207 0.45864182812500004 0.7870132620689655 0.47709375 0.7706153862068966 0.41861538437499995 0.14210079310344828 0.384423078125 0.16578249655172414 0.44378605625 0.787920427586207
4 0.433110578125 0.15758620689655173 0.4215697125 0.15667373793103448 0.4838125 0.7870132620689655 0.493302884375 0.7897453586206896 0.50980769375 0.7769920413793104 0.44873798125000003 0.14300795862068966 0.433110578125 0.15758620689655173
4 0.201353365625 0.15118833103448276 0.184240384375 0.15576127586206895 0.208127403125 0.7943023862068965 0.21431730624999998 0.793395227586207 0.22509615312500003 0.7851883310344827 0.20503365312500002 0.14756498620689656 0.201353365625 0.15118833103448276
4 0.17911298125 0.1527745379310345 0.1555240375 0.15467904827586207 0.17958173125000002 0.8009867379310345 0.199665865625 0.7954907172413793 0.17911298125 0.1527745379310345
4 0.1516875 0.16650397931034483 0.12829326875 0.17142705517241377 0.152358171875 0.8193368689655172 0.1702115375 0.8070504 0.1516875 0.16650397931034483
4 0.35657451875 0.23871087586206893 0.339021634375 0.2486737379310345 0.378548078125 0.8006896551724138 0.39433173125 0.7944137931034483 0.35657451875 0.23871087586206893
4 0.37744951875 0.21941113793103448 0.360072115625 0.2240795724137931 0.40578125 0.823448275862069 0.42517548125 0.8193474827586207 0.37744951875 0.21941113793103448
4 0.279560096875 0.29580371034482755 0.269266828125 0.3005941655172414 0.29065625 0.7578620689655172 0.299733171875 0.7510291793103449 0.279560096875 0.29580371034482755
4 0.26333173125 0.29330504137931035 0.25399519375 0.29330504137931035 0.27373798125 0.7615066344827587 0.28735336562499997 0.7615066344827587 0.26333173125 0.29330504137931035
4 0.2357740375 0.7733474827586206 0.253516828125 0.7797241379310345 0.26387019375 0.7728912482758621 0.248490384375 0.2841962896551724 0.217259615625 0.29330504137931035 0.2357740375 0.7733474827586206
4 0.308216346875 0.29319363448275865 0.2936177875 0.2978620689655172 0.317889421875 0.787920427586207 0.3315072125 0.7920265241379311 0.308216346875 0.29319363448275865
4 0.1327884625 0.2851777172413793 0.12025721250000002 0.2891936344827586 0.131514421875 0.7952891241379311 0.14534375 0.8009124689655172 0.1327884625 0.2851777172413793
4 0.2811634625 0.3051511931034483 0.30509855625000004 0.7856445655172414 0.317134615625 0.7810822275862069 0.292615384375 0.3005941655172414 0.2845384625 0.3024137931034483 0.2811634625 0.3051511931034483
4 0.906048078125 0.8990557034482759 0.92709375 0.8810344827586207 0.93142548125 0.2514058344827586 0.91674519375 0.2532307724137931 0.8998653843750001 0.2561644551724138 0.88384855625 0.2468541103448276 0.8802860562499999 0.8817453586206897 0.8920192312499999 0.9004190965517241 0.906048078125 0.8990557034482759
4 0.8004134625000001 0.9017559655172414 0.802677884375 0.23865251724137934 0.776860578125 0.24322015862068966 0.7600240375 0.23774535862068968 0.76080048125 0.9063395241379311 0.771528846875 0.9127161793103449 0.785146634375 0.9133952275862068 0.8004134625000001 0.9017559655172414
4 0.10608653750000001 0.3287745379310345 0.09223076875 0.3317718827586207 0.10021875 0.8326259931034482 0.112423078125 0.8330450896551724 0.10608653750000001 0.3287745379310345
4 0.9737211531250001 0.29694960000000004 0.934204328125 0.3051511931034483 0.93287019375 0.8799204275862069 0.9728966343750001 0.8817453586206897 0.9737211531250001 0.29694960000000004
4 0.8776274031250001 0.31605304827586206 0.8215240375 0.3133474827586207 0.8197283656250001 0.8935862068965517 0.876752403125 0.8966525172413793 0.8776274031250001 0.31605304827586206