4 0.075189903125 0.11332799305555555 0.064375 0.10645833333333334 0.0636009625 0.10645833333333334 0.06823798125 0.7263194444444445 0.08214182812500001 0.7452029930555555 0.10068269375000001 0.7486378194444444 0.11072355625000001 0.733183763888889 0.10686057812500001 0.09787393055555554 0.09295673125000001 0.1081730763888889 0.0836875 0.1081730763888889 0.075189903125 0.11332799305555555
4 0.219646634375 0.8379273472222222 0.186427884375 0.06009615277777777 0.161709134375 0.05666132638888889 0.1972427875 0.8344925208333334 0.21114903749999997 0.84651175 0.219646634375 0.8379273472222222
4 0.10763461562500001 0.14423077083333335 0.115358171875 0.7743963680555556 0.136216346875 0.7726762847222222 0.12771875 0.1373664513888889 0.10763461562500001 0.14423077083333335
4 0.045834134375 0.8104540625000001 0.055877403125 0.7984348263888889 0.0566490375 0.11676281944444446 0.0373365375 0.11504273611111111 0.023459134375 0.11160790277777778 0.024204328125 0.8018696597222221 0.045834134375 0.8104540625000001
4 0.184884615625 0.7932852569444444 0.16866105625 0.18715811805555557 0.148576921875 0.1905929513888889 0.13158173125 0.2008974375 0.13240625 0.2043322638888889 0.148576921875 0.7984348263888889 0.184884615625 0.7932852569444444
4 0.19492548125 0.18887820833333333 0.19569951875 0.18372329166666668 0.27681009687499997 0.8499465833333333 0.294576921875 0.8447970069444444 0.3146634625 0.8259081180555555 0.22582692187500003 0.1373664513888889 0.21810096250000002 0.15453525694444445 0.201877403125 0.15625534027777777 0.1910625 0.15453525694444445 0.19492548125 0.18887820833333333
4 0.77563701875 0.20465277777777777 0.7503990375 0.17719551388888888 0.67063701875 0.8302831180555555 0.681665865625 0.8508760694444445 0.77563701875 0.20465277777777777
4 0.6393149031250001 0.19778845833333333 0.616372596875 0.16934829166666668 0.5991875 0.14450854861111112 0.526372596875 0.8361645277777777 0.537403846875 0.8567574791666667 0.551521634375 0.8763728611111111 0.567403846875 0.8861752152777778 0.5775504812500001 0.8763728611111111 0.65651923125 0.21151709722222223 0.6393149031250001 0.19778845833333333
4 0.79460576875 0.214455125 0.7871057687499999 0.20759615277777776 0.780403846875 0.19680555555555557 0.6878437500000001 0.8283226527777778 0.69313701875 0.841068375 0.697108171875 0.8557799166666666 0.705490384375 0.8655822638888888 0.712548078125 0.8646047013888889 0.802548078125 0.22230234722222222 0.79460576875 0.214455125
4 0.8677259625 0.2043269236111111 0.8586586531249999 0.19157585416666667 0.780814903125 0.8662393194444444 0.7883149031250001 0.8799679513888888 0.793610578125 0.8868322638888889 0.802875 0.8897702986111111 0.8893437499999999 0.22001602777777776 0.8783149031249999 0.21315170833333333 0.8677259625 0.2043269236111111
4 0.682548078125 0.22916666666666666 0.672733171875 0.21903311805555556 0.586814903125 0.8763728611111111 0.592108171875 0.8861752152777778 0.600490384375 0.8959829027777777 0.60755048125 0.8940224374999999 0.69401923125 0.23504807638888886 0.689608171875 0.23504807638888886 0.682548078125 0.22916666666666666
4 0.7346081718749999 0.3115384583333334 0.6921490375 0.2556410277777778 0.6150504812500001 0.8332264930555556 0.6644615375 0.8734294861111112 0.7346081718749999 0.3115384583333334
4 0.80066826875 0.32494123611111114 0.7909951937499999 0.3184027777777778 0.7194927875 0.8152457291666667 0.72566826875 0.8309348263888889 0.80066826875 0.32494123611111114
4 0.8536081718749999 0.8750641041666667 0.8628750000000001 0.8868322638888889 0.8712572125 0.8907532083333334 0.8805216343750001 0.8946741458333334 0.93963701875 0.29846154166666666 0.9074927875000001 0.2700267083333333 0.8536081718749999 0.8750641041666667
4 0.8214038468749999 0.3170940138888889 0.8209615375 0.3170940138888889 0.7552283656250001 0.9015384583333333 0.76008173125 0.9103632500000001 0.7662572125 0.9172275625 0.774197115625 0.9172275625 0.8456682687500001 0.3347435902777778 0.8214038468749999 0.3170940138888889