4 0.5973822125 0.8901499748427674 0.6054519218750001 0.9031446540880502 0.62723798125 0.9096419937106918 0.7345625 0.0812191572327044 0.710540865625 0.06497338993710691 0.5973822125 0.8901499748427674
4 0.9701899031250001 0.8560377358490567 0.9693822125 0.16568456603773585 0.950016828125 0.1705563647798742 0.922 0.16731011320754718 0.918545671875 0.8527866477987421 0.932264421875 0.8657813270440252 0.9532427875 0.8657813270440252 0.9701899031250001 0.8560377358490567
4 0.746665865625 0.8868988867924528 0.7668389437500001 0.8917706792452831 0.787014421875 0.8820270943396227 0.8539903843750001 0.15593613836477987 0.8241322125 0.1510643459119497 0.8057788468749999 0.14456700628930816 0.8039591343750001 0.14943879874213836 0.73375480625 0.8739042075471699 0.746665865625 0.8868988867924528
4 0.630466346875 0.1624334779874214 0.6128798062499999 0.1461925471698113 0.504584134375 0.8804015471698113 0.527177884375 0.8966473144654088 0.549771634375 0.8998935660377358 0.653060096875 0.1689308176100629 0.630466346875 0.1624334779874214
4 0.674040865625 0.15756168553459118 0.658079328125 0.14456700628930816 0.55461298125 0.8917706792452831 0.57398076875 0.9112626981132076 0.591733171875 0.9031446540880502 0.6926009625 0.15918722641509434 0.674040865625 0.15756168553459118
4 0.7022836531250001 0.9047653584905659 0.79185576875 0.1705563647798742 0.76119230625 0.15593613836477987 0.733139421875 0.14132075471698113 0.636115384375 0.8820270943396227 0.651447115625 0.8982680188679245 0.678076921875 0.914513786163522 0.7022836531250001 0.9047653584905659
4 0.5239495187500001 0.1803047924528302 0.48697355625 0.1640590251572327 0.376278846875 0.8950217735849056 0.38434855625000003 0.9112626981132076 0.403716346875 0.9242573773584905 0.42066105625 0.9193855849056605 0.5239495187500001 0.1803047924528302
4 0.47391826875 0.8820270943396227 0.48763701875 0.8950217735849056 0.499740384375 0.8966473144654088 0.5949615374999999 0.21928882389937107 0.57575480625 0.20791969182389936 0.47391826875 0.8820270943396227
4 0.9137043281249999 0.24040638364779873 0.8477475968749999 0.2387808427672956 0.8418846156249999 0.8836526352201257 0.90966826875 0.8804015471698113 0.9137043281249999 0.24040638364779873
4 0.42711538437499996 0.8950217735849056 0.45051682812499994 0.9080164465408805 0.46746394375 0.9080164465408805 0.5538076937499999 0.27613933333333335 0.517641828125 0.2550217735849057 0.42711538437499996 0.8950217735849056
4 0.351264421875 0.9258829245283019 0.35852644375 0.927508465408805 0.367403846875 0.9291340125786163 0.447290865625 0.35248669811320754 0.43128365312500005 0.34111272327044023 0.351264421875 0.9258829245283019
4 0.328454328125 0.9187082704402515 0.340360578125 0.9266956918238994 0.348865384375 0.9209917735849057 0.423134615625 0.3572133522012579 0.40394951875 0.3503628427672956 0.328454328125 0.9187082704402515