4 0.18953365312499998 0.15106100689655175 0.172310096875 0.1430822275862069 0.14925480625 0.798631296551724 0.16268028750000002 0.7997718827586207 0.18953365312499998 0.7530291793103449 0.20915625000000002 0.14649867586206897 0.18953365312499998 0.15106100689655175
4 0.8576322125000001 0.2183289103448276 0.848853365625 0.1932466827586207 0.759002403125 0.8191511931034483 0.76106730625 0.8408169793103448 0.779139421875 0.8351140551724138 0.8664086531249999 0.21946949655172415 0.8576322125000001 0.2183289103448276
4 0.843689903125 0.2183289103448276 0.82323076875 0.19438726896551722 0.724403846875 0.8214323586206896 0.746608171875 0.8408169793103448 0.843689903125 0.2183289103448276
4 0.927860578125 0.27989389655172414 0.892197115625 0.25595225517241377 0.8483365375 0.8556339517241379 0.88912980625 0.8601962896551724 0.927860578125 0.27989389655172414
4 0.8152884625000001 0.8054748 0.83284375 0.8123130000000001 0.8839663468750001 0.372238724137931 0.88912980625 0.3220742689655173 0.87669951875 0.3106737379310345 0.8152884625000001 0.8054748
4 0.8700240375 0.33689655172413796 0.8542259624999999 0.3209336896551724 0.785853365625 0.8168753310344827 0.80444230625 0.8271352758620689 0.8700240375 0.33689655172413796
4 0.899459134375 0.8647586206896551 0.91908173125 0.8750185655172413 0.93147355625 0.8624774551724138 0.9603918281249999 0.2810291793103448 0.933266828125 0.2730504 0.899459134375 0.8647586206896551
4 0.944384615625 0.869315648275862 0.96658894375 0.8636180344827586 0.97226923125 0.5785941655172413 0.9717524031250001 0.2833103448275862 0.96245673125 0.27875331724137936 0.944384615625 0.869315648275862
4 0.0723125 0.31637665517241376 0.05785576875 0.9012413793103449 0.090903846875 0.9046578275862069 0.10742788437499999 0.3106737379310345 0.0738990375 0.3123819655172414 0.0723125 0.31637665517241376
4 0.20408173125 0.6407320965517241 0.19521394375 0.6914641931034483 0.192115384375 0.7359257310344828 0.482841346875 0.7119840827586207 0.48335817187499996 0.6595384620689655 0.49265384687499997 0.6059575586206897 0.20408173125 0.6407320965517241
4 0.160615384375 0.8066100827586207 0.15855048124999999 0.8373952275862069 0.38524519375 0.8316923103448275 0.38524519375 0.8043342206896552 0.160615384375 0.8066100827586207