4 0.152197115625 0.8032211527777778 0.168295671875 0.806474361111111 0.174514421875 0.3298290625 0.19537019375 0.2916025625 0.1961009625 0.15332265277777776 0.167108171875 0.15088140972222222 0.152197115625 0.8032211527777778
4 0.8082644218749999 0.22530982638888888 0.79520673125 0.20822649305555557 0.72630769375 0.8060683750000001 0.74789423125 0.8166452986111111 0.8082644218749999 0.22530982638888888
4 0.776798078125 0.8443002152777778 0.79326201875 0.832911326388889 0.863875 0.20985577083333334 0.84571875 0.19114850694444444 0.771310096875 0.8264049166666667 0.776798078125 0.8443002152777778
4 0.35567548125 0.8544658125 0.365920671875 0.8438942291666667 0.341040865625 0.17935363194444445 0.317625 0.1883012847222222 0.34543028750000004 0.8569070486111111 0.35567548125 0.8544658125
4 0.8386298062499999 0.21066773611111111 0.8215625 0.19114850694444444 0.7431370187499999 0.8320993611111112 0.76472355625 0.8475534166666666 0.8386298062499999 0.21066773611111111
4 0.30372115312500003 0.20212606944444445 0.275915865625 0.20619658333333335 0.25989423125 0.1996848263888889 0.246646634375 0.8154220069444444 0.255060096875 0.8381997847222222 0.261646634375 0.8406410277777777 0.29055048125 0.8194925208333333 0.288721153125 0.34528311805555556 0.3022572125 0.3160042708333333 0.30372115312500003 0.20212606944444445
4 0.8536802874999999 0.8544658125 0.892096153125 0.8674786319444444 0.927951921875 0.2753311944444444 0.916610578125 0.26557158333333336 0.9045360562500001 0.2574358958333333 0.8934855781250001 0.25947115277777777 0.8536802874999999 0.8544658125
4 0.8426562499999999 0.817457263888889 0.88290144375 0.4131997847222222 0.8902187500000001 0.31641025694444447 0.87866105625 0.3107158125 0.8265576937500001 0.8093215833333334 0.8426562499999999 0.817457263888889
4 0.927951921875 0.8723611111111111 0.9319759624999999 0.8634134583333333 0.9601490374999999 0.2826549166666667 0.933564903125 0.27045406250000004 0.9045360562500001 0.869919875 0.927951921875 0.8723611111111111
4 0.223908653125 0.8235576944444445 0.24732451875 0.8146100416666666 0.2568365375 0.32006944444444446 0.23189423125 0.3363354722222222 0.231591346875 0.3298290625 0.223908653125 0.8235576944444445
4 0.9469783656249999 0.8593482916666667 0.94807451875 0.8666666666666667 0.9663677875 0.8552777777777778 0.9736874999999999 0.5104006388888889 0.97222355625 0.2810256388888889 0.9643124999999999 0.2777724375 0.9469783656249999 0.8593482916666667
4 0.22354326875 0.8235576944444445 0.22903125000000002 0.36317841666666667 0.230860578125 0.33471154166666667 0.2209134625 0.3265758541666666 0.21000480625 0.8056623958333333 0.22354326875 0.8235576944444445
4 0.8708269218750001 0.3302350416666667 0.85615144375 0.3180341875 0.7961899031249999 0.8142040625 0.8126538468750001 0.8345405972222222 0.8708269218750001 0.3302350416666667
4 0.17780769375 0.8333173055555556 0.184759615625 0.35341880555555555 0.1917115375 0.3265758541666666 0.17479326875 0.3290170972222222 0.166466346875 0.8357585486111111 0.17780769375 0.8333173055555556
4 0.324576921875 0.33308226388888884 0.290641828125 0.3412179513888889 0.29055048125 0.8406410277777777 0.3223822125 0.8430769236111111 0.324576921875 0.33308226388888884
4 0.19939423125 0.34365918749999996 0.184677884375 0.3485363263888889 0.1767115375 0.8479594027777778 0.18988221249999998 0.846330125 0.19939423125 0.34365918749999996
4 0.09437740312500001 0.9016452986111112 0.104622596875 0.3127510694444445 0.091451921875 0.31112179166666665 0.07157451875000001 0.314375 0.05998557812500001 0.9073344027777777 0.09437740312500001 0.9016452986111112