6 0.56004375 0.7596515625 0.581646875 0.7745203125 0.7044765625 0.0892125 0.6859609375 0.062178124999999994 0.56004375 0.7596515625
6 0.75385625 0.1486859375 0.7328703125 0.1378734375 0.7199078125 0.11219062500000002 0.7120375 0.0865078125 0.59584375 0.7272109375 0.6026328125 0.7420796875 0.6125093749999999 0.755596875 0.6304093749999999 0.76370625 0.64151875 0.7488390625 0.6520125 0.731265625 0.75385625 0.1486859375
6 0.7686703125000001 0.1757203125 0.7569421875 0.1595 0.6588015625 0.7123421875 0.7100328124999999 0.7447828125 0.795828125 0.22843593750000002 0.7810140624999999 0.1959953125 0.7686703125000001 0.1757203125
6 0.724228125 0.76370625 0.7328703125 0.7542453124999999 0.8328625000000001 0.16490625 0.8223687500000001 0.156796875 0.8169890625 0.1459828125 0.7137359375 0.740728125 0.7162046875 0.7569484375 0.724228125 0.76370625
6 0.5119 0.765059375 0.520540625 0.7893890625 0.5353546875 0.7975 0.5477000000000001 0.7947953125 0.6637390625 0.1757203125 0.648309375 0.179775 0.6347296874999999 0.1662578125 0.6286937499999999 0.1432796875 0.5119 0.765059375
6 0.8050859375 0.778575 0.8137281249999999 0.80290625 0.8285406249999999 0.8069609375000001 0.83533125 0.7961484375000001 0.9334718750000001 0.171665625 0.9242125 0.17436875000000002 0.9143375 0.16490625 0.90650625 0.1500375 0.8050859375 0.778575
6 0.755090625 0.7691140625 0.7686703125000001 0.765059375 0.851996875 0.2487109375 0.8237796875000001 0.218975 0.738425 0.7569484375 0.755090625 0.7691140625
6 0.8637234375 0.80290625 0.8847093750000001 0.8191265624999999 0.98285 0.1892375 0.961246875 0.1730171875 0.961246875 0.171665625 0.8637234375 0.80290625
6 0.9964296875 0.1932921875 0.9871703125 0.1811265625 0.8871781249999999 0.8042578125000001 0.8952031249999999 0.8299406250000001 0.90878125 0.8299406250000001 0.9964296875 0.2689875 0.9964296875 0.1932921875
6 0.7748421875 0.7623546875 0.8063203124999999 0.77316875 0.879771875 0.3054828125 0.8507625000000001 0.266284375 0.7748421875 0.7623546875
6 0.83533125 0.8353468749999999 0.8575515625 0.840753125 0.9390265624999999 0.2879109375 0.918853125 0.2798 0.83533125 0.8353468749999999