4 0.46883173125 0.15451922916666666 0.46108653750000006 0.12738781944444444 0.33928605625 0.7115544861111112 0.35081490312499997 0.7326602569444445 0.36132932812499996 0.7379326944444444 0.373197115625 0.7319017083333333 0.48816105624999995 0.175625 0.478665865625 0.1695940138888889 0.46883173125 0.15451922916666666
4 0.51190144375 0.13944444444444443 0.5075552875 0.11231303472222222 0.37658894374999996 0.7160737152777777 0.3813365375 0.7356730763888888 0.39083173125 0.7507478611111111 0.40304086562499997 0.7597916666666666 0.5227524031249999 0.16130341666666667 0.5197019218750001 0.1560309861111111 0.51190144375 0.13944444444444443
4 0.40405769375 0.18994658333333334 0.396978365625 0.16507478472222223 0.279259615625 0.7100427361111111 0.29519951875 0.7221047013888888 0.310459134375 0.7356730763888888 0.329451921875 0.7417040625 0.42203125 0.23441773611111114 0.412197115625 0.2080395277777778 0.40405769375 0.18994658333333334
4 0.79917548125 0.7989903819444444 0.81579326875 0.8065277777777777 0.8486899031249999 0.17185897222222224 0.8510624999999999 0.16582799305555557 0.8527572125 0.15075320833333333 0.834877403125 0.1401976527777778 0.79917548125 0.7989903819444444
4 0.568875 0.1952243611111111 0.562165865625 0.17261218055555555 0.4400072125 0.760544875 0.4467884625 0.7831623958333334 0.45730048125 0.7861752152777778 0.467814903125 0.7771314097222223 0.58583173125 0.20276175 0.577353365625 0.20502136805555557 0.568875 0.1952243611111111
4 0.53631730625 0.17110577083333334 0.52824519375 0.1371848263888889 0.393545671875 0.8125587638888888 0.412197115625 0.8366773472222222 0.53631730625 0.17110577083333334
4 0.8494615375000001 0.17185897222222224 0.8144375 0.8306463680555556 0.8140985562499999 0.8381837638888889 0.819185096875 0.8532585486111111 0.8327500000000001 0.8479861111111111 0.8697139437500001 0.17864315972222222 0.8578461531249999 0.18391559722222223 0.8494615375000001 0.17185897222222224
4 0.8046875 0.17788995833333335 0.766959134375 0.841955125 0.7700120187499999 0.8494925208333333 0.776454328125 0.8525053402777778 0.78832451875 0.8442147430555555 0.822915865625 0.1824091875 0.8093509624999999 0.1854273472222222 0.8046875 0.17788995833333335
4 0.6882475968749999 0.2329113263888889 0.683596153125 0.2102991458333333 0.5556490375 0.8133119652777778 0.5617524031250001 0.8321527777777777 0.572264421875 0.8434615416666666 0.5848125 0.841955125 0.7096105781250001 0.2510042708333333 0.69570673125 0.24422008333333334 0.6882475968749999 0.2329113263888889
4 0.8862115375 0.7829647430555555 0.89178125 0.7819337638888889 0.902454328125 0.2744017083333333 0.8942355781250001 0.2713034166666667 0.880641828125 0.7798717916666666 0.8862115375 0.7829647430555555
4 0.93819230625 0.8221688055555556 0.9456177875 0.8242307708333334 0.9549014437500001 0.8231997847222222 0.9660384625 0.8221688055555556 0.9725360562500001 0.242419875 0.9439038468750001 0.24448184027777778 0.93819230625 0.8221688055555556
4 0.91544951875 0.24654914583333332 0.9030552875 0.24448184027777778 0.8908533656250001 0.8293856805555556 0.90059855625 0.8335149583333333 0.9159158656249999 0.8324839722222221 0.9289110562499999 0.8304166666666667 0.94051201875 0.24654914583333332 0.92798076875 0.247580125 0.91544951875 0.24654914583333332
4 0.6163509625 0.2841666666666667 0.605920671875 0.2525106805555556 0.49087500000000006 0.8223557708333333 0.508509615625 0.840443375 0.6163509625 0.2841666666666667
4 0.637377403125 0.7839155972222223 0.643141828125 0.7937126041666667 0.726228365625 0.3369337638888889 0.716497596875 0.32110043055555554 0.63330769375 0.7786378194444444 0.637377403125 0.7839155972222223
4 0.5135961531250001 0.8291399583333333 0.520040865625 0.8374305555555556 0.532247596875 0.8442147430555555 0.5431009625 0.8472275625000001 0.64416105625 0.3324091875 0.622540865625 0.29095085416666666 0.5135961531250001 0.8291399583333333
4 0.649622596875 0.8057745694444445 0.654709134375 0.8178311944444444 0.733045671875 0.37612713888888893 0.7202283656249999 0.3542681597222222 0.644872596875 0.7891880347222222 0.649622596875 0.8057745694444445
4 0.67607451875 0.8268803402777778 0.750002403125 0.3904487152777778 0.733798078125 0.37838675 0.65403125 0.8261217916666667 0.6648822125 0.8321527777777777 0.67607451875 0.8268803402777778
4 0.858954328125 0.33216880555555556 0.8309807687499999 0.8747756388888889 0.83330048125 0.875806625 0.839334134375 0.8830288472222222 0.8495456718750001 0.8850908125 0.8764639437499999 0.3383547013888889 0.867646634375 0.33939102777777774 0.858954328125 0.33216880555555556
4 0.595665865625 0.841955125 0.602447115625 0.8442147430555555 0.696045671875 0.3844177361111111 0.683596153125 0.37462072916666667 0.5888822125 0.8306463680555556 0.595665865625 0.841955125
4 0.768653846875 0.35728632638888885 0.754826921875 0.3520085486111111 0.7255865375 0.8751175208333334 0.7337259625 0.8773824791666667 0.748985578125 0.8781356805555556 0.7581418281250001 0.8728579027777777 0.7859495187500001 0.36029914583333333 0.77916826875 0.3580395277777778 0.768653846875 0.35728632638888885