6 0.2690390625 0.821040625 0.28925 0.8190062499999999 0.21483750000000001 0.0432 0.19366875 0.0599578125 0.2690390625 0.821040625
6 0.1852390625 0.12007343749999999 0.1779671875 0.1289265625 0.16815 0.132146875 0.16148437499999999 0.127903125 0.22378125 0.79294375 0.22959843750000003 0.7961625 0.237596875 0.7985781249999999 0.251778125 0.7921390625 0.2594140625 0.781675 0.196875 0.1071953125 0.1852390625 0.12007343749999999
6 0.1932390625 0.7768453125 0.2121453125 0.77845625 0.1637875 0.15226875 0.1478515625 0.16007968749999998 0.1932390625 0.7768453125
6 0.09181249999999999 0.1259484375 0.0816515625 0.1326125 0.07262031249999999 0.1384453125 0.0631953125 0.13446249999999998 0.0775125 0.813215625 0.08315625 0.8223796875 0.091059375 0.8240453125 0.103103125 0.8215468749999999 0.11062968749999999 0.8123828124999999 0.099715625 0.11678593749999999 0.09181249999999999 0.1259484375
6 0.14451562499999998 0.783284375 0.1812390625 0.7792609374999999 0.1488796875 0.175609375 0.10888281250000001 0.20860937499999999 0.14451562499999998 0.783284375
6 0.3277828125 0.8593718750000001 0.3384 0.854853125 0.346159375 0.84400625 0.354325 0.8313515625000001 0.277965625 0.1064078125 0.26694062500000004 0.12900625 0.24693125 0.1488921875 0.23468125 0.16064375 0.22324687499999998 0.167875 0.307365625 0.854853125 0.31880000000000003 0.862084375 0.3277828125 0.8593718750000001
6 0.6086640625 0.781234375 0.660309375 0.8112203125 0.73354375 0.249915625 0.6810937499999999 0.181690625 0.6086640625 0.781234375
6 0.6670828125 0.8168421875 0.6717390625 0.8262140625000001 0.679359375 0.8327734375 0.6852859375 0.8327734375 0.780109375 0.1796359375 0.7758765624999999 0.182446875 0.767409375 0.1777609375 0.7602125 0.169328125 0.6670828125 0.8168421875
6 0.880859375 0.20212500000000003 0.8736625 0.19744062499999998 0.8656203124999999 0.1871328125 0.8583281250000001 0.1758375 0.7682562500000001 0.8552625 0.7746062499999999 0.8665078125000001 0.780109375 0.8730671875 0.788575 0.8805640625000001 0.7953484375000001 0.8786890625 0.8884796875 0.2011890625 0.880859375 0.20212500000000003
6 0.6962921875 0.8299625 0.7204203125 0.8402703125000001 0.8000046875000001 0.2742796875 0.7678328125 0.251790625 0.6962921875 0.8299625
6 0.8355640624999999 0.8843125000000001 0.8524968749999999 0.9002421875 0.9418171875000001 0.222740625 0.9198046874999999 0.2030625 0.8355640624999999 0.8843125000000001
6 0.95409375 0.223678125 0.946153125 0.21798281249999998 0.858846875 0.8843125000000001 0.8622328125 0.8955562499999999 0.8673140625 0.9058640625000001 0.8740859375 0.9096125 0.8804359375 0.9058640625000001 0.9684875 0.2396078125 0.9625609374999999 0.2330484375 0.95409375 0.223678125
6 0.7301578125 0.8299625 0.7614828124999999 0.8458921875 0.8283671874999999 0.3417484375 0.7978890625 0.305203125 0.795771875 0.303328125 0.7301578125 0.8299625
6 0.9608671875000001 0.305203125 0.945628125 0.4110921875 0.9388546874999999 0.8599484374999999 0.9593796875 0.86654375 0.9663703124999999 0.305203125 0.9608671875000001 0.305203125
6 0.9041421875 0.3230078125 0.8821359375 0.3116375 0.8105890625000001 0.9133609375 0.814821875 0.9189828125 0.8215953125000001 0.9217953124999999 0.8292140625 0.9161718750000001 0.9041421875 0.3230078125