6 0.11089374999999999 0.723771875 0.10437812500000002 0.09590937499999999 0.0940578125 0.1079359375 0.08591093749999999 0.1139515625 0.0772234375 0.1139515625 0.0658171875 0.09711093750000001 0.061473437500000006 0.0983140625 0.0696203125 0.726175 0.07504999999999999 0.7357984375 0.091340625 0.7550421875 0.11089374999999999 0.723771875
6 0.162371875 0.0539578125 0.1592265625 0.07906875 0.1988703125 0.8332234375 0.2216796875 0.8356328124999999 0.1869234375 0.053807812499999996 0.162371875 0.0539578125
6 0.0620171875 0.0935046875 0.044096875 0.10913906250000001 0.0343203125 0.1139515625 0.026715625 0.1079359375 0.023459374999999998 0.10913906250000001 0.0250890625 0.7791015625 0.035949999999999996 0.79353125 0.046809375 0.8019515625 0.0593 0.7875156249999999 0.0620171875 0.0935046875
6 0.11795156250000001 0.773084375 0.13533125 0.7766921875 0.1260984375 0.14161718750000002 0.108371875 0.1441390625 0.1054609375 0.147628125 0.111978125 0.768271875 0.11795156250000001 0.773084375
6 0.28828125 0.839084375 0.3034609375 0.8306812499999999 0.3107421875 0.8127765625000001 0.31563281249999997 0.8296171875 0.2318921875 0.19643125 0.229721875 0.15439843749999999 0.2243 0.1315796875 0.208034375 0.1604046875 0.2042375 0.1616015625 0.1890578125 0.162803125 0.1993578125 0.23005312500000002 0.2747265625 0.8342812500000001 0.28828125 0.839084375
6 0.1318078125 0.1982453125 0.128815625 0.1957390625 0.14619218750000001 0.794734375 0.183665625 0.791128125 0.1657421875 0.18010625 0.1318078125 0.1982453125
6 0.3885859375 0.8402875 0.396178125 0.8546968749999999 0.405396875 0.8558984374999999 0.4097328125 0.829478125 0.30996875 0.1557875 0.30074999999999996 0.170196875 0.2913 0.1709203125 0.3885859375 0.8402875
6 0.6642375 0.8287234375000001 0.676709375 0.8467390625 0.7721375 0.19946250000000001 0.7500718749999999 0.17317031249999998 0.748278125 0.18025 0.7076156250000001 0.4468453125 0.6642375 0.8287234375000001
6 0.6946015625 0.8551437500000001 0.707071875 0.8575421875 0.800871875 0.2210796875 0.7775390625 0.20018125000000003 0.7759328125 0.1958609375 0.685925 0.8275218750000001 0.6946015625 0.8551437500000001
6 0.24884843750000002 0.1924625 0.235465625 0.195484375 0.3250453125 0.9052609374999999 0.35261718750000004 0.9230265624999999 0.3651484375 0.9108078125000001 0.375175 0.8741703125000001 0.2854421875 0.1458296875 0.26639375 0.1791390625 0.24884843750000002 0.1924625
6 0.88816875 0.212675 0.873528125 0.207871875 0.86648125 0.2018671875 0.8568828125 0.1821703125 0.8426218750000001 0.3303609375 0.779728125 0.8683515625 0.7856921875 0.8791593750000001 0.7943671875 0.885165625 0.80304375 0.88756875 0.88816875 0.212675
6 0.664625 0.2181859375 0.6599015625 0.227084375 0.6008 0.8191171875000001 0.65610625 0.8767609375 0.7227953125 0.3015375 0.664625 0.2181859375
6 0.715321875 0.8130375000000001 0.7239734375 0.8267234374999999 0.7993750000000001 0.318425 0.7887546875 0.309484375 0.786603125 0.3138609375 0.7552890624999999 0.5201015625000001 0.715321875 0.8130375000000001
6 0.9067265624999999 0.2677078125 0.9044343749999999 0.2739203125 0.8523828124999999 0.8683515625 0.8800359375 0.89356875 0.9380499999999999 0.2931328125 0.9067265624999999 0.2677078125
6 0.8176828125 0.3135484375 0.7515343750000001 0.89356875 0.75858125 0.9055796875000001 0.7634609375 0.911584375 0.77159375 0.9127875 0.84370625 0.3315640625 0.8202624999999999 0.3104734375 0.8176828125 0.3135484375