4 0.26428124999999997 0.8282678881118881 0.285560096875 0.8293006993006993 0.218485578125 0.1697955874125874 0.22172355625 0.15736955244755244 0.21293509687499998 0.04658956643356644 0.19170913437499998 0.056944594405594406 0.26428124999999997 0.8282678881118881
4 0.175201921875 0.12633674125874125 0.16002644375 0.13087681818181818 0.22353605625 0.7996288321678322 0.234689903125 0.8056804755244755 0.25057451875000003 0.8011403986013986 0.257334134375 0.7852555104895105 0.194466346875 0.09759010489510489 0.18804567187500001 0.11574502097902098 0.175201921875 0.12633674125874125
4 0.2126947125 0.7875255524475524 0.192415865625 0.5053469580419581 0.16064423125 0.15206024475524474 0.145490384375 0.16113502097902097 0.19410576875000002 0.7860139860139861 0.2126947125 0.7875255524475524
4 0.07411538437500001 0.13616998601398603 0.061987981250000004 0.13616998601398603 0.07546875 0.8268639020979022 0.085608171875 0.8321570769230769 0.0974375 0.833674020979021 0.10859134687500001 0.8185422237762238 0.099466346875 0.1202850979020979 0.087298078125 0.13238837762237762 0.07411538437500001 0.13616998601398603
4 0.5941322125 0.8241258741258741 0.602459134375 0.816880041958042 0.49791826875 0.13976869230769232 0.47994951874999997 0.15529854545454547 0.5802548062499999 0.8251586853146853 0.5941322125 0.8241258741258741
4 0.12008413437500001 0.19669176923076925 0.10694951875 0.20652501398601397 0.14577163437500001 0.7905486853146854 0.154896634375 0.7913071538461539 0.1650384625 0.7890371188811188 0.1805865375 0.7844970419580419 0.14577163437500001 0.181559979020979 0.13258894375000002 0.1913986013986014 0.12008413437500001 0.19669176923076925
4 0.446572115625 0.13666487412587414 0.43176923125 0.15736955244755244 0.42026442187499996 0.15944055944055943 0.5168822125 0.8324098951048952 0.525673078125 0.8406885454545455 0.533072115625 0.8365465314685314 0.5409375 0.8210166783216782 0.46553846249999997 0.28782141258741256 0.46553846249999997 0.25779989510489515 0.446572115625 0.13666487412587414
4 0.27399519375 0.11595481118881118 0.2425384625 0.1480527132867133 0.21715625 0.16047875524475524 0.292959134375 0.8582894055944056 0.31007451874999997 0.8676116223776223 0.325341346875 0.8676116223776223 0.339216346875 0.8500107552447552 0.282322115625 0.28160839160839163 0.286021634375 0.24123184615384613 0.27399519375 0.11595481118881118
4 0.5040072125 0.1646153846153846 0.5043942312499999 0.1697955874125874 0.6056971156250001 0.8251586853146853 0.6158750000000001 0.8386175384615384 0.62836298125 0.8251586853146853 0.521045671875 0.1480527132867133 0.5131826937499999 0.16047875524475524 0.5040072125 0.1646153846153846
4 0.5508269218749999 0.24226465734265737 0.55065144375 0.24640667132867133 0.6353028843749999 0.7713232937062937 0.65287980625 0.7671812797202797 0.567302884375 0.23087681818181818 0.56350480625 0.2327003776223776 0.5599447125 0.2406724055944056 0.5508269218749999 0.24226465734265737
4 0.8917884624999999 0.22154383916083917 0.8791730781249999 0.22951586713286712 0.88039423125 0.22632597902097903 0.877545671875 0.23110812587412588 0.8853798062499999 0.8240182867132867 0.899622596875 0.8288004335664335 0.9174254812499999 0.8335825734265735 0.9067427875 0.2231360979020979 0.8917884624999999 0.22154383916083917
4 0.406790865625 0.9162721888111889 0.42298076875 0.9162721888111889 0.42991826875 0.9028079580419581 0.34387980625000003 0.19153846153846155 0.33462980625 0.2081011328671329 0.3258822125 0.21121032867132866 0.406790865625 0.9162721888111889
4 0.9290312500000001 0.20560516083916083 0.9387884625 0.9084938111888111 0.956591346875 0.9276169999999999 0.97296875 0.9308068881118882 0.98507451875 0.9164604615384615 0.970834134375 0.20242065734265735 0.94946875 0.2167616993006993 0.9290312500000001 0.20560516083916083
4 0.283778846875 0.2764335664335664 0.283709134375 0.28160839160839163 0.34476923125000003 0.8852124825174825 0.3748365375 0.8966003216783216 0.38963701875 0.8966003216783216 0.329040865625 0.24640667132867133 0.30591105625 0.2598708951048951 0.283778846875 0.2764335664335664
4 0.5483389437499999 0.8893491118881119 0.5700793281250001 0.8738192587412588 0.48542788437500006 0.2567616993006993 0.46745673125 0.28782141258741256 0.466 0.2909306083916084 0.5483389437499999 0.8893491118881119
4 0.438709134375 0.3106024755244755 0.43084375 0.3095642797202797 0.42112980625 0.32302313286713286 0.409625 0.332339965034965 0.40956730625000004 0.33648197902097904 0.407716346875 0.3478698251748252 0.47016346249999996 0.8613986013986015 0.4747884625 0.8665734265734266 0.493290865625 0.8727864475524476 0.5039302875 0.8603604055944056 0.438709134375 0.3106024755244755
4 0.36243269375 0.29920925174825175 0.43176923125 0.9152340000000001 0.438709134375 0.9152340000000001 0.448423078125 0.9131629930069931 0.45998557812499996 0.9028079580419581 0.38921394375 0.2733297482517483 0.377185096875 0.2847175874125874 0.36243269375 0.29920925174825175