6 0.31158437499999997 0.14430625 0.35250312500000003 0.78134375 0.364146875 0.786978125 0.38120625 0.7755609375 0.3452234375 0.132915625 0.31158437499999997 0.14430625
6 0.2115046875 0.1478671875 0.19210312499999999 0.1528515625 0.20630312499999998 0.7879890625 0.22355312500000002 0.7765984375 0.2115046875 0.1478671875
6 0.1847265625 0.151190625 0.160184375 0.1537984375 0.1799953125 0.798434375 0.199834375 0.794396875 0.1847265625 0.151190625
6 0.151746875 0.1680421875 0.13085625 0.1689890625 0.1511015625 0.8145718750000001 0.1683515625 0.8046031250000001 0.151746875 0.1680421875
6 0.26198125 0.28576718749999996 0.25939843749999997 0.28576718749999996 0.2740125 0.7595078125 0.28284375 0.7633390624999999 0.2700703125 0.2972640625 0.26198125 0.28576718749999996
6 0.28695 0.2905125 0.27190156249999997 0.3038046875 0.28695 0.7620734375 0.29945625 0.7523921875 0.28695 0.2905125
6 0.2545890625 0.2855875 0.22531718750000002 0.2886140625 0.235628125 0.769953125 0.2648921875 0.765021875 0.2545890625 0.2855875
6 0.31745625 0.2895609375 0.3025265625 0.293359375 0.31541406250000004 0.786121875 0.3282421875 0.77944375 0.31745625 0.2895609375
6 0.3008203125 0.29421718750000003 0.286996875 0.29810625 0.30074999999999996 0.783228125 0.3147671875 0.7805125 0.3008203125 0.29421718750000003
6 0.1364640625 0.28671406250000003 0.12438437499999999 0.28576718749999996 0.132125 0.7955875 0.1487015625 0.7995078125 0.1364640625 0.28671406250000003
6 0.9541734375 0.2715234375 0.9262312500000001 0.269625 0.923184375 0.8468515625 0.95066875 0.8413921875 0.9541734375 0.2715234375
6 0.918121875 0.2755296875 0.8805093749999999 0.2753234375 0.876096875 0.8518625 0.9157359375 0.8508890625 0.918121875 0.2755296875
6 0.9735234374999999 0.27816874999999996 0.9577187500000001 0.282915625 0.9584296875 0.8563484375 0.9778359375000001 0.851046875 0.9735234374999999 0.27816874999999996
6 0.10689375000000001 0.3284875 0.090309375 0.3313328125 0.101934375 0.829290625 0.11616875 0.825015625 0.10689375000000001 0.3284875