6 0.5216125 0.9340125 0.554275 0.944115625 0.642225 0.1039984375 0.6187140624999999 0.08173749999999999 0.619528125 0.0872484375 0.5216125 0.9340125
6 0.3664078125 0.8908484375000001 0.37573124999999996 0.8908484375000001 0.48017031250000003 0.1680671875 0.46166875 0.1515359375 0.3602875 0.8835015625 0.3664078125 0.8908484375000001
6 0.59741875 0.8963578125 0.6096578125 0.9082984375 0.6256375000000001 0.9128890625 0.6460328125 0.9112671875 0.6700328125 0.897965625 0.7255874999999999 0.1588828125 0.6943484375 0.152578125 0.667390625 0.1350046875 0.59741875 0.8963578125
6 0.7834375 0.9037062499999999 0.7985890625 0.8890109374999999 0.8187906249999999 0.14602500000000002 0.7950468749999999 0.1451078125 0.77115625 0.895440625 0.7834375 0.9037062499999999
6 0.5045453125 0.17725156250000002 0.4804953125 0.16347499999999998 0.37389375 0.9037062499999999 0.3904234375 0.90955625 0.48913593750000006 0.2249859375 0.5001546875 0.2156015625 0.5045453125 0.17725156250000002
6 0.5035734374999999 0.9218093749999999 0.5212749999999999 0.9165640625 0.6108046875 0.1699046875 0.5888671875 0.1515359375 0.48867656249999997 0.9082984375 0.5035734374999999 0.9218093749999999
6 0.449590625 0.9330953125000001 0.4703765625 0.93221875 0.4781171875 0.9220734374999999 0.4832203125 0.9178265624999999 0.5712296875 0.17817031249999998 0.5523828125 0.17725156250000002 0.539640625 0.173634375 0.5300890625 0.157046875 0.5286203125 0.16163906249999999 0.5295390624999999 0.16163906249999999 0.4244 0.9138078125 0.4318171875 0.9239109375 0.449590625 0.9330953125000001
6 0.879396875 0.9089984375 0.91199375 0.8866578125 0.9229312500000001 0.18979375 0.86163125 0.1910265625 0.854684375 0.9000328124999999 0.879396875 0.9089984375
6 0.9496437500000001 0.83758125 0.9634171874999999 0.845978125 0.9642140625 0.286540625 0.9530125 0.2819484375 0.9496437500000001 0.83758125
6 0.9286375 0.844928125 0.9468890625 0.8426328125 0.9504140624999999 0.28837812500000004 0.9314296875 0.285621875 0.9286375 0.844928125
6 0.6993890625 0.901459375 0.7696640625 0.898309375 0.7873125 0.2589890625 0.722953125 0.2507234375 0.6993890625 0.901459375
6 0.2357640625 0.892684375 0.28261250000000004 0.913509375 0.3557734375 0.26909062499999997 0.3174796875 0.24429375000000003 0.2357640625 0.892684375
6 0.39068125 0.925746875 0.418359375 0.9379156249999999 0.510771875 0.24331874999999997 0.49105781249999997 0.2240890625 0.39068125 0.925746875
6 0.179590625 0.9183999999999999 0.2257328125 0.9221999999999999 0.2949234375 0.270928125 0.2642125 0.24705 0.179590625 0.9183999999999999
6 0.8167109375000001 0.8715624999999999 0.8509296875000001 0.8660515625 0.859653125 0.3058265625 0.8235171875 0.30674531250000003 0.8167109375000001 0.8715624999999999
6 0.31393125 0.9009499999999999 0.333490625 0.9101343749999999 0.414096875 0.330853125 0.39370625000000004 0.3159296875 0.31393125 0.9009499999999999
6 0.2922140625 0.8972765624999999 0.3113375 0.906934375 0.387884375 0.3334375 0.368909375 0.3241953125 0.2922140625 0.8972765624999999