4 0.35025 0.7915862068965517 0.37436298125 0.7852519862068965 0.345084134375 0.23006366206896553 0.338766828125 0.1438673724137931 0.302716346875 0.1514748 0.35025 0.7915862068965517
4 0.20499759687500002 0.7953899172413793 0.217052884375 0.7928541103448277 0.225665865625 0.7839840827586206 0.20786778749999998 0.15274270344827587 0.184685096875 0.15907692413793104 0.20499759687500002 0.7953899172413793
4 0.17916105625 0.1565411172413793 0.15797596249999998 0.15907692413793104 0.177439903125 0.7991936344827586 0.19753365312499999 0.7966578275862068 0.17916105625 0.1565411172413793
4 0.152177884375 0.17302387586206897 0.13040625 0.17428646896551725 0.148733171875 0.825814324137931 0.17227163437499998 0.8080689655172414 0.152177884375 0.17302387586206897
4 0.38814182812500003 0.20090715862068964 0.37077644374999996 0.20851458620689656 0.40995913437500003 0.825814324137931 0.42890625 0.8232785172413792 0.38814182812500003 0.20090715862068964
4 0.368622596875 0.2199204275862069 0.34579326875 0.23133156551724135 0.3737884625 0.8093368689655173 0.40249519375 0.8042652551724138 0.368622596875 0.2199204275862069
4 0.2526490375 0.28076392413793105 0.219146634375 0.2883713517241379 0.2325552875 0.7763766551724137 0.26298317187500003 0.775108751724138 0.2526490375 0.28076392413793105
4 0.2865240375 0.7624350137931034 0.295709134375 0.7598992068965517 0.29800480625 0.7320159172413793 0.28250480625 0.30484880689655175 0.268252403125 0.3130875310344828 0.2865240375 0.7624350137931034
4 0.271596153125 0.7649708206896553 0.28250480625 0.7675066344827586 0.28365144375 0.7434217517241379 0.267002403125 0.3124509310344828 0.253608171875 0.3035809034482759 0.271596153125 0.7649708206896553
4 0.29800480625 0.29724137931034483 0.315228365625 0.7852519862068965 0.32958173125 0.7877878 0.311209134375 0.289633951724138 0.297545671875 0.29216975862068967 0.29800480625 0.29724137931034483
4 0.134954328125 0.2871034482758621 0.12006730624999999 0.29216975862068967 0.132084134375 0.7966578275862068 0.148158653125 0.8042652551724138 0.134954328125 0.2871034482758621
4 0.296283653125 0.29977718620689653 0.28462259687499997 0.29977718620689653 0.299728365625 0.7877878 0.316951921875 0.7928541103448277 0.296283653125 0.29977718620689653
4 0.9561682687499999 0.2756923103448276 0.92388701875 0.27315649655172414 0.91942548125 0.8486259931034483 0.951576921875 0.8460954896551725 0.9561682687499999 0.2756923103448276
4 0.953298078125 0.857501324137931 0.9768365375 0.857501324137931 0.975689903125 0.6445517241379309 0.973966346875 0.27315649655172414 0.9557644218749999 0.28646684137931033 0.953298078125 0.857501324137931
4 0.8780889437500001 0.28329973793103447 0.87349519375 0.8549655172413793 0.9142572124999999 0.8473633931034483 0.91827644375 0.2769602137931034 0.879947115625 0.278864724137931 0.8780889437500001 0.28329973793103447
4 0.10912019375 0.326397875862069 0.09163701875 0.326397875862069 0.09878605625 0.8308806344827586 0.11658173125 0.8245464206896551 0.10912019375 0.326397875862069