6 0.44518281249999997 0.670771875 0.4495078125 0.675 0.45575312500000004 0.6834546875 0.4648796875 0.691909375 0.4720859375 0.69296875 0.5748921874999999 0.0894765625 0.5491703125 0.0657625 0.44518281249999997 0.670771875
6 0.39801406250000004 0.69520625 0.40364843749999996 0.704740625 0.415778125 0.7104609375 0.4266109375 0.701878125 0.437009375 0.6942546875 0.443075 0.6809093749999999 0.5353625 0.12041249999999999 0.5292953125000001 0.124228125 0.521496875 0.1185078125 0.510665625 0.10992656249999999 0.5024328125 0.10039687500000001 0.4957734375 0.0886765625 0.394115625 0.6828140625 0.39801406250000004 0.69520625
6 0.7050796874999999 0.0820796875 0.685490625 0.0587828125 0.5705671875 0.76589375 0.5936281250000001 0.7711796875 0.7050796874999999 0.0820796875
6 0.714684375 0.0831375 0.6003515625 0.7363015625 0.6075578125 0.7479265625 0.6147640625 0.7574390625 0.6238921875 0.7637828125 0.6359015625 0.7648359375 0.645990625 0.7616671875 0.6546375 0.748984375 0.7584015625 0.13915312500000002 0.747353125 0.13492656249999999 0.7372640625 0.1275234375 0.72765625 0.1137828125 0.7209296875 0.0989890625 0.71455 0.0820421875 0.714684375 0.0831375
6 0.7580859375 0.15048125 0.7575265625000001 0.15035937500000002 0.659565625 0.7159203125 0.714134375 0.7477453125 0.7982890625 0.2226828125 0.7580859375 0.15048125
6 0.8351062499999999 0.151809375 0.829846875 0.15759218749999998 0.823271875 0.154703125 0.8181062499999999 0.14093125 0.7161062499999999 0.7477453125 0.72005 0.7593171875 0.724653125 0.7651 0.731228125 0.7679953125 0.7364875 0.7593171875 0.8351062499999999 0.151809375
6 0.589303125 0.2078515625 0.5570968749999999 0.17740781249999998 0.46728125 0.7246765625 0.5042718749999999 0.737359375 0.589303125 0.2078515625
6 0.553753125 0.7965453124999999 0.5599968750000001 0.7880906249999999 0.6680859375 0.1634609375 0.66184375 0.171915625 0.6517546875 0.1729734375 0.6431078125 0.16557187499999998 0.6359015625 0.15394687499999998 0.632125 0.13670312499999998 0.5230078125000001 0.7754078125 0.5302140625 0.78703125 0.539340625 0.7954875 0.553753125 0.7965453124999999
6 0.42263906249999994 0.2417140625 0.4085859375 0.2327984375 0.3351421875 0.708053125 0.3473515625 0.7117890625000001 0.42263906249999994 0.2417140625
6 0.5988390625 0.17275625 0.5984296875 0.17402656249999998 0.49946875 0.7648359375 0.5206062499999999 0.7764656249999999 0.6123609375 0.196221875 0.5988390625 0.17275625
6 0.38330000000000003 0.7170109375 0.45824999999999994 0.2573859375 0.4385796875 0.256640625 0.4279828125 0.24019062500000002 0.3527765625 0.694625 0.3629515625 0.7170109375 0.38330000000000003 0.7170109375
6 0.8364203124999999 0.78824375 0.9337265625000001 0.166275 0.9297812499999999 0.1735078125 0.9212328125000001 0.1677203125 0.9113703125000001 0.16193125 0.9070484375 0.15048125 0.8068359375 0.7810109375 0.8088078124999999 0.7983703125 0.8212999999999999 0.8070468749999999 0.8305046875000001 0.8027093750000001 0.8364203124999999 0.78824375
6 0.38942031250000003 0.2399046875 0.3773359375 0.2358515625 0.29991093750000003 0.71716875 0.31219687500000004 0.72334375 0.38942031250000003 0.2399046875
6 0.40330937499999997 0.2446984375 0.3895625 0.23854531250000002 0.31343437500000004 0.7222328124999999 0.32496562500000004 0.7319312499999999 0.40330937499999997 0.2446984375
6 0.7634453125 0.7723328125 0.7733046875 0.7607625 0.8541734375000001 0.24293593750000003 0.826059375 0.22210000000000002 0.7397765625 0.7578671875 0.7496375 0.76365625 0.7634453125 0.7723328125
6 0.982378125 0.18796875 0.9600234375 0.174953125 0.8646921875 0.804153125 0.8844156249999999 0.8215125000000001 0.982378125 0.18796875
6 0.996253125 0.1999359375 0.9858781249999999 0.1844078125 0.8885140625 0.8065187500000001 0.8914546874999999 0.825915625 0.896840625 0.8323750000000001 0.9027156250000001 0.8345343749999999 0.9100625000000001 0.8280687500000001 0.9952734375000001 0.2678140625 0.996253125 0.1999359375
6 0.8804718749999999 0.3051328125 0.852090625 0.268259375 0.77725 0.76655 0.806178125 0.7723328125 0.8804718749999999 0.3051328125
6 0.91789375 0.27940156250000003 0.8403656249999999 0.8432109375 0.85154375 0.84755 0.8587734375 0.8359781249999999 0.9409562499999999 0.2906671875 0.91789375 0.27940156250000003