6 0.6330671875 0.775565625 0.6569796875 0.790915625 0.7419109374999999 0.11195625000000001 0.7259171875 0.0848703125 0.6330671875 0.775565625
6 0.618225 0.7827890625 0.634303125 0.7746625 0.7159375 0.1688375 0.6916125 0.1480703125 0.6780828125 0.1191796875 0.586890625 0.7475765625 0.600084375 0.7746625 0.618225 0.7827890625
6 0.1720671875 0.7927203125 0.1840234375 0.7809828125 0.20834843749999998 0.1399453125 0.1836109375 0.1480703125 0.17045625 0.14355625 0.149390625 0.7854984375 0.1568125 0.7945265625 0.1720671875 0.7927203125
6 0.7501562500000001 0.1715453125 0.742 0.1498765625 0.6615140625 0.7746625 0.671821875 0.7927203125 0.6862515625000001 0.789109375 0.7654109375 0.1724484375 0.7501562500000001 0.1715453125
6 0.4718 0.7719546875 0.48293125000000003 0.7990406250000001 0.49694843750000006 0.8035546874999999 0.512203125 0.790915625 0.599196875 0.1941171875 0.5901265625 0.19863124999999998 0.5773453125 0.187796875 0.5688046875 0.1607109375 0.4718 0.7719546875
6 0.722121875 0.8089718749999999 0.7988062499999999 0.1887 0.7909734375 0.19592343750000002 0.7786046875 0.18508906249999998 0.770040625 0.158003125 0.6874890625 0.7773718749999999 0.7048046875 0.8062640625 0.722121875 0.8089718749999999
6 0.5637390625 0.7791781249999999 0.58064375 0.7827890625 0.6445484375 0.2627359375 0.6112796875 0.20495156250000002 0.5282828125 0.7629265625 0.5637390625 0.7791781249999999
6 0.32585000000000003 0.7737609375 0.33780625 0.7990406250000001 0.3530609375 0.8008468750000001 0.36996406249999997 0.790915625 0.489940625 0.2509984375 0.476746875 0.244678125 0.463965625 0.2284265625 0.454578125 0.20224375 0.32585000000000003 0.7737609375
6 0.5361171875 0.21759218749999998 0.52715625 0.2031453125 0.4202640625 0.7864 0.43015781249999996 0.8026515625 0.441290625 0.79994375 0.5472484375 0.2203 0.5361171875 0.21759218749999998
6 0.72665625 0.7918171875 0.7468578124999999 0.8035546874999999 0.8152984375000001 0.234746875 0.80055625 0.21036875 0.72665625 0.7918171875
6 0.77571875 0.8378640624999999 0.7897359374999999 0.834253125 0.8680703125000001 0.2040484375 0.8577640625 0.20766093749999998 0.849215625 0.1887 0.84910625 0.1832828125 0.769946875 0.8198062500000001 0.77571875 0.8378640624999999
6 0.746034375 0.818903125 0.7637625 0.8369609375 0.8433343750000001 0.21397968750000002 0.8244734375 0.19050625000000002 0.746034375 0.818903125
6 0.27266406249999997 0.790915625 0.2772 0.7854984375 0.222778125 0.30155937499999996 0.2063328125 0.3141984375 0.2623578125 0.7927203125 0.27266406249999997 0.790915625
6 0.4070703125 0.7827890625 0.41655312499999997 0.7800796875 0.501896875 0.34850781249999996 0.49035312500000006 0.33045 0.4813828125 0.3141984375 0.38521875 0.767440625 0.3963515625 0.7773718749999999 0.4070703125 0.7827890625
6 0.853228125 0.8559218749999999 0.8903343749999999 0.8658531249999999 0.9299140625 0.27447343750000003 0.8962265625000001 0.252803125 0.853228125 0.8559218749999999
6 0.8268421874999999 0.8026515625 0.8396234375 0.8143890624999999 0.8903343749999999 0.3160046875 0.8817921875 0.3069765625 0.8268421874999999 0.8026515625
6 0.9175453125 0.86495 0.9319750000000001 0.8604359374999999 0.962071875 0.279890625 0.9354015625000001 0.268153125 0.9014656249999999 0.8604359374999999 0.9175453125 0.86495
6 0.9732046875 0.27718125 0.9650921875 0.27627812500000004 0.94475625 0.8523093749999999 0.952178125 0.8604359374999999 0.9657828125 0.8568250000000001 0.9736171875 0.5579734375000001 0.9732046875 0.27718125
6 0.8721937499999999 0.33315937500000004 0.8570515625 0.3178109375 0.7975703125 0.8053609375 0.79963125 0.810778125 0.807053125 0.822515625 0.8124125 0.8216125 0.8721937499999999 0.33315937500000004
6 0.0784765625 0.897453125 0.09249531250000001 0.8947453124999999 0.10651250000000001 0.3069765625 0.07478749999999999 0.3105875 0.058687500000000004 0.8938421875 0.0784765625 0.897453125