6 0.5813109375 0.7679 0.6142671875 0.09484375 0.6110671875 0.09839375 0.58054375 0.0931484375 0.5698140625 0.7848531249999999 0.5813109375 0.7679
6 0.6142671875 0.7797671875 0.6387921875 0.13553125 0.640325 0.11688281250000002 0.6119671875 0.1101015625 0.5928078125 0.7679 0.6142671875 0.7797671875
6 0.537625 0.8187609374999999 0.5690484375 0.8492765625 0.583609375 0.072803125 0.5636828125 0.052459374999999996 0.55371875 0.0439828125 0.537625 0.8187609374999999
6 0.6616671875 0.1289296875 0.642625 0.12366406249999999 0.6147437499999999 0.7704640625 0.6329359375 0.805409375 0.6434671875 0.7874078124999999 0.6621359375 0.1453984375 0.6616671875 0.1289296875
6 0.4418203125 0.43899999999999995 0.17751875 0.39866562499999997 0.17587031250000001 0.40170312499999994 0.177403125 0.5034234375 0.4502515625 0.5390265624999999 0.4510171875 0.49325156249999996 0.4418203125 0.43899999999999995
6 0.848878125 0.186928125 0.817778125 0.1874765625 0.8387453125000001 0.25189374999999997 0.839328125 0.7917046875 0.8538875000000001 0.789128125 0.8527234375000001 0.1836125 0.848878125 0.186928125
6 0.6501140624999999 0.7513515625 0.6697890625 0.250846875 0.6720171875000001 0.2332625 0.6594328125 0.2359578125 0.640325 0.752640625 0.6501140624999999 0.7513515625
6 0.7135234374999999 0.778821875 0.7612828125 0.81360625 0.7659421875 0.218396875 0.7230359375 0.196596875 0.7135234374999999 0.778821875
6 0.712359375 0.295696875 0.7024578125 0.7813984375 0.7088640625 0.7852625 0.7193484375 0.2506046875 0.7020625 0.244940625 0.701875 0.25318125 0.7042046875 0.2686421875 0.712359375 0.295696875
6 0.819525 0.8548328125 0.8399093750000001 0.8599859375 0.8369984374999999 0.237721875 0.8191656249999999 0.2391390625 0.8166125 0.23385625000000002 0.819525 0.8548328125
6 0.6890625 0.81360625 0.7024578125 0.822625 0.712359375 0.285390625 0.6960515625 0.276371875 0.6948859374999999 0.294409375 0.6890625 0.81360625
6 0.90921875 0.20422500000000002 0.8911625000000001 0.19520781250000002 0.8853390624999999 0.199071875 0.9063062499999999 0.8896171875000001 0.9202843749999999 0.905078125 0.9342625 0.906365625 0.9494046875000001 0.8831765624999999 0.9290203125 0.199071875 0.9249437500000001 0.2106671875 0.90921875 0.20422500000000002
6 0.79448125 0.878021875 0.8224375 0.8818875 0.8183609374999999 0.26735312499999997 0.792075 0.2604109375 0.789821875 0.26348906250000004 0.79448125 0.878021875
6 0.1988625 0.5814109375000001 0.460215625 0.61023125 0.460215625 0.55089375 0.19591875 0.5335328125000001 0.1996296875 0.53733125 0.1988625 0.5814109375000001
6 0.1766359375 0.8306281249999999 0.17816875000000001 0.903528125 0.1827671875 0.9357390625 0.46098125 0.8306281249999999 0.46328125 0.8018062499999999 0.46328125 0.7662046874999999 0.45255 0.7238203125 0.17433749999999998 0.8238468749999999 0.1766359375 0.8306281249999999