4 0.594826921875 0.16882732867132866 0.5747307687500001 0.15324905594405594 0.5230552875 0.7768316293706293 0.545197115625 0.7887842937062938 0.594826921875 0.16882732867132866
4 0.64751201875 0.8400215174825174 0.653622596875 0.8263582587412587 0.69714423125 0.1397955874125874 0.6879807687499999 0.14150080419580421 0.6788197125 0.138084993006993 0.66962980625 0.12505648251748253 0.626896634375 0.8212372237762238 0.636060096875 0.8349004825174826 0.64751201875 0.8400215174825174
4 0.47800480624999997 0.824653041958042 0.48716826874999997 0.8383163006993007 0.496329328125 0.8417321118881119 0.504728365625 0.8366056993006993 0.576502403125 0.16370629370629372 0.5658125 0.16029047552447553 0.553596153125 0.150043034965035 0.541978365625 0.134454006993007 0.472658653125 0.8109897762237762 0.47800480624999997 0.824653041958042
4 0.670420671875 0.10222162237762238 0.648634615625 0.08183432167832168 0.594064903125 0.8793060769230769 0.6184975968749999 0.8946745594405594 0.670420671875 0.10222162237762238
4 0.721576921875 0.15345884615384614 0.69650480625 0.13633136363636364 0.657439903125 0.8383163006993007 0.6788197125 0.8502689650349651 0.721576921875 0.15345884615384614
4 0.7017259625000001 0.8588111888111888 0.7070697125 0.8485637412587413 0.743721153125 0.16370629370629372 0.724216346875 0.15136632867132868 0.6833990375 0.824653041958042 0.68721875 0.8400215174825174 0.6925625 0.8605164055944056 0.7017259625000001 0.8588111888111888
4 0.56962980625 0.884427111888112 0.582610578125 0.884427111888112 0.64216826875 0.18078537062937064 0.6291875 0.18420118181818182 0.6162067312499999 0.17565895804195802 0.60496394375 0.16452393706293705 0.54672355625 0.8536847762237761 0.548252403125 0.8690586363636363 0.56962980625 0.884427111888112
4 0.920865384375 0.2337278111888112 0.8896586531249999 0.2321785874125874 0.8941394218750001 0.8417321118881119 0.92468269375 0.8434373286713286 0.920865384375 0.2337278111888112
4 0.7521201937499999 0.273006993006993 0.740173078125 0.2641258741258741 0.7070697125 0.807573965034965 0.726923078125 0.8195266293706294 0.7521201937499999 0.273006993006993
4 0.7857163468749999 0.22689618181818183 0.77731730625 0.8468531468531468 0.8132043281250001 0.8639322237762238 0.826185096875 0.24739106993006993 0.7857163468749999 0.2320172167832168 0.7857163468749999 0.22689618181818183
4 0.7841875 0.2917966643356643 0.77040625 0.2866756293706294 0.758228365625 0.8366056993006993 0.772735578125 0.8383163006993007 0.7841875 0.2917966643356643
4 0.9391899031250001 0.22518558041958042 0.92912980625 0.20774609790209791 0.9307908656249999 0.20981710489510488 0.9285 0.20298547552447552 0.9368990374999999 0.9185852587412586 0.9437716343749999 0.9271274895104895 0.959040865625 0.939080153846154 0.9811850968750001 0.93737493006993 0.991110578125 0.9237116713286713 0.97583894375 0.21664873426573425 0.962096153125 0.22860139860139858 0.95140625 0.2320172167832168 0.9391899031250001 0.22518558041958042
4 0.865889421875 0.8912587412587413 0.8788701937500001 0.8980903706293706 0.8865048062499999 0.8963851538461538 0.88803125 0.2661753636363636 0.87118269375 0.2735233986013986 0.865889421875 0.8912587412587413
4 0.7696802875000001 0.32082840559440556 0.753610578125 0.3186229160839161 0.7521201937499999 0.32082840559440556 0.753646634375 0.322539 0.74219230625 0.8707638531468532 0.75441105625 0.8741796643356644 0.7696802875000001 0.32082840559440556
4 0.8674158656250001 0.29008606993006997 0.83675 0.2847982797202797 0.8307644218749999 0.922001076923077 0.858252403125 0.9288327062937064 0.8674158656250001 0.29008606993006997