4 0.20144951875 0.14589389655172413 0.16458653750000002 0.14690185517241378 0.155920671875 0.8006100827586208 0.1877427875 0.7926684344827586 0.20144951875 0.14589389655172413
4 0.804396634375 0.8044721517241379 0.81631730625 0.8052413793103449 0.82057451875 0.14284880689655172 0.802084134375 0.1413474827586207 0.799622596875 0.7999575586206897 0.804396634375 0.8044721517241379
4 0.766204328125 0.8473262620689656 0.77476201875 0.8488275862068966 0.787704328125 0.841315648275862 0.7878052875 0.17818567586206896 0.7799447125000001 0.18344827586206897 0.769377403125 0.17743235862068965 0.766204328125 0.8473262620689656
4 0.815146634375 0.8465729448275863 0.82074519375 0.8522122 0.83164423125 0.8480742689655173 0.840920671875 0.1796923103448276 0.82142548125 0.17891246896551724 0.815146634375 0.8465729448275863
4 0.89908894375 0.2789336896551724 0.8858894218750001 0.27592573103448276 0.88020673125 0.7826684344827587 0.888528846875 0.783416448275862 0.89908894375 0.2789336896551724
4 0.94745673125 0.8247692275862069 0.96516826875 0.8121803724137932 0.969951921875 0.24387267586206898 0.941079328125 0.24209018620689654 0.9358365375 0.8195066344827586 0.94745673125 0.8247692275862069
4 0.9342235562500001 0.25110344827586206 0.8971322125000001 0.24810610344827588 0.8875072125000001 0.8262705586206897 0.9249759624999999 0.8277771862068966 0.9342235562500001 0.25110344827586206
4 0.67569230625 0.2360795724137931 0.66908894375 0.8804031862068965 0.677310096875 0.8961962896551725 0.6933197125 0.8963607448275862 0.71784375 0.865501324137931 0.7227908656250001 0.23527320689655173 0.6984711531250001 0.2462281172413793 0.67569230625 0.2360795724137931
4 0.62836298125 0.3309602137931034 0.61340144375 0.3194058344827586 0.5517740375 0.8323183034482758 0.5704302875 0.8280053034482758 0.62836298125 0.3309602137931034
4 0.64101923125 0.8346790482758621 0.65312019375 0.8366472137931035 0.6586802875 0.3416392551724138 0.64466826875 0.33275862068965517 0.645052884375 0.3383236068965517 0.64101923125 0.8346790482758621
4 0.6742259625 0.34020689655172415 0.660701921875 0.3473527862068966 0.6573677874999999 0.8368010620689654 0.66879326875 0.8335490689655173 0.6742259625 0.34020689655172415
4 0.10340625 0.3093899172413793 0.071798078125 0.31050397931034485 0.06133173125 0.9002970827586207 0.09496875 0.8981167103448275 0.10340625 0.3093899172413793
4 0.8574615375000001 0.33682758620689657 0.8416009624999999 0.33607426896551723 0.830283653125 0.8789018551724138 0.8479951937499999 0.8865358068965518 0.8574615375000001 0.33682758620689657
4 0.73521394375 0.8690557034482759 0.7536081718750001 0.8675384620689655 0.755141828125 0.3586259931034483 0.72338701875 0.3638885931034483 0.721408653125 0.8713793103448275 0.73521394375 0.8690557034482759