6 0.8075281249999999 0.17126406249999998 0.777715625 0.82451875 0.797278125 0.8337515625 0.8294203124999999 0.1825453125 0.8210359374999999 0.1825453125 0.8135843749999999 0.1784390625 0.8075281249999999 0.17126406249999998
6 0.8401343750000001 0.203053125 0.8345453125000001 0.20099999999999998 0.8304421874999999 0.198953125 0.7977453125 0.8450312500000001 0.800540625 0.8655390625000001 0.8196390625 0.8604125 0.8489859375 0.199978125 0.8401343750000001 0.203053125
6 0.78478125 0.198953125 0.7497671875 0.8634921875 0.761878125 0.8696453125 0.7725906250000001 0.8624656249999999 0.8033359375 0.2020265625 0.79029375 0.2020265625 0.78478125 0.198953125
6 0.905815625 0.26971406249999996 0.8937015625000001 0.26971406249999996 0.8843875000000001 0.282021875 0.8727406249999999 0.8491328125000001 0.8974296875000001 0.8491328125000001 0.9141999999999999 0.8481062500000001 0.9230484375 0.2768890625 0.905815625 0.26971406249999996
6 0.9426125000000001 0.8440046875 0.9514640625 0.8419531250000001 0.9547234375 0.274840625 0.926309375 0.2758671875 0.9225843749999999 0.8419531250000001 0.9426125000000001 0.8440046875
6 0.8714421874999999 0.3107359375 0.8578359375 0.81734375 0.87320625 0.8132375 0.8820578125 0.31175625 0.8714421874999999 0.3107359375
6 0.9590359375 0.2809953125 0.9570531250000001 0.8511859375 0.9691640625 0.854259375 0.9789468749999999 0.8481062500000001 0.9742890624999999 0.2768890625 0.963575 0.282021875 0.9590359375 0.2809953125
6 0.6966734375 0.36712656250000003 0.6799734374999999 0.3543234375 0.605115625 0.8217671875000001 0.622540625 0.8239046875 0.6966734375 0.36712656250000003
6 0.71160625 0.389275 0.699728125 0.3745984375 0.6231609375 0.82816875 0.6363578125 0.8473968749999999 0.71160625 0.389275
6 0.844884375 0.3486765625 0.8191734374999999 0.884 0.8378046875 0.890153125 0.8596999999999999 0.3558578125 0.844884375 0.3486765625
6 0.732090625 0.3980796875 0.7137890625 0.3948734375 0.641309375 0.8516515625000001 0.6569765624999999 0.8615234375 0.732090625 0.3980796875
6 0.7349281249999999 0.37533906250000004 0.7134328125 0.8870796875 0.7334640625 0.890153125 0.747903125 0.8788734375 0.76420625 0.3814921875 0.7483703125 0.37841874999999997 0.7349281249999999 0.37533906250000004