6 0.7782296875 0.8305125 0.7988578125 0.8337406250000001 0.83078125 0.17965781249999999 0.8080453125 0.1753546875 0.7782296875 0.8305125
6 0.8499359375 0.207628125 0.82868125 0.19794687500000002 0.7993484375000001 0.8488015624999999 0.8018046875 0.867090625 0.809171875 0.8692421875 0.8199765625 0.8595593750000001 0.8499359375 0.207628125
6 0.759565625 0.867090625 0.773809375 0.8617109375 0.8022953125000001 0.20655312499999998 0.7811765625 0.20332499999999998 0.7492515625 0.8606359375 0.759565625 0.867090625
6 0.9211515625000001 0.8401953125 0.9501296874999999 0.8315890625 0.9565140624999999 0.266796875 0.92670625 0.2689484375 0.9211515625000001 0.8401953125
6 0.9152578124999999 0.8401953125 0.9236078125 0.2775546875 0.906909375 0.2721765625 0.8843171875 0.2732515625 0.8754765624999999 0.845575 0.9152578124999999 0.8401953125
6 0.859759375 0.8143765625 0.874984375 0.80469375 0.8843171875 0.309828125 0.8692187499999999 0.30767656250000003 0.859759375 0.8143765625
6 0.9555328125000001 0.8520296875 0.9791078125 0.84665 0.975178125 0.2732515625 0.960609375 0.2850859375 0.9555328125000001 0.8520296875
6 0.60705 0.82083125 0.6217843750000001 0.8240578125000001 0.6984015625 0.3614671875 0.6871734375 0.34640624999999997 0.60705 0.82083125
6 0.62351875 0.8197546875 0.6392359375 0.84665 0.7133984375 0.3894375 0.6974921875 0.3786796875 0.62351875 0.8197546875
6 0.8180125 0.8821515625 0.8376578125 0.8875296875 0.8607421875 0.3550125 0.8441593749999999 0.34801875 0.844534375 0.3539359375 0.8180125 0.8821515625
6 0.569721875 0.8541812500000001 0.583965625 0.8649390625000001 0.674828125 0.39804375 0.660640625 0.385134375 0.569721875 0.8541812500000001
6 0.6397265625 0.8488015624999999 0.658390625 0.8563328125 0.732553125 0.40664999999999996 0.71296875 0.39804375 0.6397265625 0.8488015624999999
6 0.7138890625000001 0.892909375 0.7472875 0.8864546875 0.7688984375000001 0.3786796875 0.7350796875000001 0.372225 0.7138890625000001 0.892909375