6 0.798015625 0.7943671875 0.815828125 0.801459375 0.842278125 0.1418515625 0.8181484375 0.1383046875 0.798015625 0.7943671875
6 0.5447765625 0.8345578124999999 0.5771890625 0.8372171875 0.6457921875 0.183225 0.6129875 0.166675 0.5447765625 0.8345578124999999
6 0.8617109375 0.17495 0.840825 0.170221875 0.84281875 0.17495 0.8125765625 0.8321937500000001 0.81669375 0.8487125000000001 0.8318875 0.8415765625 0.8617109375 0.17495
6 0.8109703125 0.17731406249999998 0.78899375 0.17495 0.7882984375000001 0.179678125 0.766184375 0.8440140625 0.7745640625 0.8522890625 0.78991875 0.8374 0.8109703125 0.17731406249999998
6 0.8800046874999999 0.77545625 0.8865562499999999 0.7731265625 0.8970671875 0.276609375 0.888875 0.2777921875 0.8800046874999999 0.77545625
6 0.9384593750000001 0.816828125 0.9653515625000001 0.8085515624999999 0.96845625 0.24351093750000002 0.9417859375000001 0.23996562500000002 0.9384593750000001 0.816828125
6 0.8881609375 0.826875 0.925946875 0.8156921875 0.93336875 0.249421875 0.8996734375000001 0.23996562500000002 0.8881609375 0.826875
6 0.6393140625 0.7766359375 0.663065625 0.3558109375 0.672915625 0.29788749999999997 0.6609359375 0.28839375 0.627878125 0.7801750000000001 0.6393140625 0.7766359375
6 0.49953125 0.8345578124999999 0.53459375 0.8416499999999999 0.5876812499999999 0.2860640625 0.5600765625 0.2612421875 0.49953125 0.8345578124999999
6 0.7229734375 0.2387828125 0.7004515625 0.2257796875 0.665259375 0.8782953125 0.6868171875 0.89248125 0.71380625 0.8629328125000001 0.7487546875 0.24035937500000001 0.7229734375 0.2387828125
6 0.6365968750000001 0.8203734375 0.649309375 0.8287953124999999 0.6779109375 0.336896875 0.6658968749999999 0.328621875 0.6365968750000001 0.8203734375
6 0.6541750000000001 0.8286468749999999 0.6661765625 0.8294609375 0.6949703125 0.3345421875 0.6810140625 0.3439890625 0.6541750000000001 0.8286468749999999
6 0.5815859375 0.836921875 0.598290625 0.8333765625 0.6447125 0.32980468749999997 0.6297234375 0.32744062500000004 0.5815859375 0.836921875
6 0.84740625 0.8806593749999999 0.8676484375 0.3357140625 0.8609500000000001 0.33570625 0.8527015625000001 0.33216875 0.8285078125 0.872384375 0.84740625 0.8806593749999999
6 0.7241140625 0.8698921875 0.7575296875 0.8618937499999999 0.7726140625 0.35462812499999996 0.7425625 0.35226406250000003 0.7241140625 0.8698921875