6 0.745625 0.8175421875 0.764521875 0.8313359374999999 0.8384265624999999 0.202315625 0.8221265624999999 0.18484375 0.745625 0.8175421875
6 0.77711875 0.83225625 0.7922359375 0.8239796875 0.8674015624999999 0.2032359375 0.8543843750000001 0.20783437500000002 0.84606875 0.1894421875 0.7712390625000001 0.8138640625000001 0.77291875 0.8175421875 0.77711875 0.83225625
6 0.3457703125 0.8469703125000001 0.36340625000000004 0.836853125 0.339890625 0.17840625000000002 0.3181046875 0.1857625 0.3457703125 0.8469703125000001
6 0.8539640625 0.8469703125000001 0.88965625 0.856165625 0.9295500000000001 0.274965625 0.8947906250000001 0.2528953125 0.8539640625 0.8469703125000001
6 0.827928125 0.80006875 0.8422062499999999 0.8055859375000001 0.8900765625 0.3154296875 0.8796703125 0.30531406250000004 0.8762203124999999 0.30439375 0.827928125 0.80006875
6 0.224540625 0.802690625 0.24725000000000003 0.7997062500000001 0.256334375 0.318290625 0.2245828125 0.3153078125 0.21364062499999997 0.7977171875 0.224540625 0.802690625
6 0.902675 0.8534062499999999 0.9308093749999999 0.8589249999999999 0.9593640625000001 0.2795640625 0.9351125 0.26760937500000004 0.902675 0.8534062499999999
6 0.7976953124999999 0.8028281249999999 0.8123921875000001 0.8202999999999999 0.8728609374999999 0.3283046875 0.855309375 0.31175156249999997 0.7976953124999999 0.8028281249999999
6 0.966921875 0.8506484375 0.973640625 0.43314062499999995 0.9740609375 0.280484375 0.9670343750000001 0.2795640625 0.94340625 0.8534062499999999 0.966921875 0.8506484375
6 0.16957968750000002 0.8218296875 0.1775578125 0.8218296875 0.1887265625 0.320765625 0.17662031250000002 0.320765625 0.16957968750000002 0.8218296875
6 0.29159999999999997 0.8313359374999999 0.3209953125 0.8304171874999999 0.32351406250000003 0.3292234375 0.2920640625 0.3347421875 0.29118125 0.3393390625 0.29159999999999997 0.8313359374999999
6 0.17866875 0.8325312500000001 0.19093125 0.8345203124999999 0.20046875000000003 0.3391796875 0.188240625 0.3401734375 0.17866875 0.8325312500000001
6 0.060634375 0.8875546875 0.0927546875 0.8854859375 0.1050359375 0.3051625 0.07481875 0.30723124999999996 0.060634375 0.8875546875