6 0.58589375 0.5718375 0.475465625 0.5866953125000001 0.4748046875 0.604646875 0.586775 0.589040625 0.58589375 0.5718375
6 0.5828140625 0.5550265624999999 0.4809640625 0.5648 0.4803046875 0.5780937500000001 0.5832546875 0.56831875 0.5828140625 0.5550265624999999
6 0.5831999999999999 0.6034140625 0.4967578125 0.6118765625 0.494925 0.640521875 0.5842984375 0.6320578125 0.5831999999999999 0.6034140625
6 0.583034375 0.508890625 0.497903125 0.5104546875 0.49636250000000004 0.5498968750000001 0.5828140625 0.546815625 0.583034375 0.508890625
6 0.5949140625 0.372046875 0.48998437499999997 0.35484375 0.48954375 0.3732203125 0.5944734375 0.38495 0.5949140625 0.372046875
6 0.5977734375 0.3521078125 0.4926234375 0.3345125 0.49240312499999994 0.3520125 0.5982125 0.3693109375 0.5984328125 0.35914531250000004 0.5977734375 0.3521078125
6 0.493503125 0.45994999999999997 0.600853125 0.45728125000000003 0.601953125 0.440078125 0.5995328125 0.42873906249999993 0.4948234375 0.430303125 0.4948234375 0.446725 0.493503125 0.45994999999999997
6 0.495703125 0.42365624999999996 0.6010734375 0.42482968750000005 0.6039328125 0.403325 0.601953125 0.386121875 0.4959234375 0.3771296875 0.496803125 0.396678125 0.495703125 0.42365624999999996
6 0.6001937500000001 0.3110546875 0.50978125 0.2946328125 0.5104421875 0.3148609375 0.6001937500000001 0.3349046875 0.6001937500000001 0.3110546875
6 0.6026125 0.33803125 0.5199015625000001 0.31965625000000003 0.519240625 0.335196875 0.6010734375 0.3524984375 0.6026125 0.33803125
6 0.6254906250000001 0.40645312499999997 0.7046828125 0.41388125000000003 0.7046828125 0.40293437499999996 0.7033625 0.398634375 0.62593125 0.3876859375 0.62725 0.396678125 0.6254906250000001 0.40645312499999997
6 0.63055 0.4658828125 0.7088625000000001 0.46627343750000005 0.7101828125 0.45415312500000005 0.7090828124999999 0.44789687499999997 0.63055 0.4416421875 0.630990625 0.454934375 0.63055 0.4658828125
6 0.633409375 0.438440625 0.7073234375 0.4451609375 0.7086421875 0.42834843749999996 0.7066625 0.4154453125 0.6342890625 0.40801718749999993 0.6353890625 0.42482968750000005 0.633409375 0.438440625
6 0.709521875 0.3388140625 0.63715 0.324346875 0.6362703125 0.3388140625 0.7090828124999999 0.35171562500000003 0.709521875 0.3388140625
6 0.6455093749999999 0.38681875 0.704903125 0.396678125 0.70314375 0.375565625 0.6470484375 0.36500937499999997 0.6455093749999999 0.3865140625 0.6452890625000001 0.386121875 0.6455093749999999 0.38681875
6 0.7110624999999999 0.3536703125 0.6477078125 0.3427234375 0.6441890625 0.3574875 0.7117218750000001 0.37243750000000003 0.7110624999999999 0.3536703125