6 0.57431875 0.2890625 0.46119374999999996 0.2582015625 0.4621203125 0.26292499999999996 0.4629875 0.2799125 0.4627171875 0.2901890625 0.46182187499999994 0.3004234375 0.5752375 0.3247703125 0.57645 0.3209625 0.5775703125 0.3145671875 0.5776734375 0.30421875 0.5767640625 0.2944421875 0.57431875 0.2890625
6 0.4620390625 0.32239062500000004 0.4621421875 0.327828125 0.46156874999999997 0.33340468749999996 0.46002187499999997 0.338834375 0.5827984374999999 0.3941734375 0.5841796875 0.39361875 0.585415625 0.3888640625 0.5856203125 0.3830671875 0.584334375 0.3784953125 0.46101093750000005 0.3208359375 0.4620390625 0.32239062500000004
6 0.5900234375 0.492003125 0.5913406250000001 0.48662968749999996 0.5922453125 0.4788421875 0.592928125 0.46984375 0.5933171875000001 0.46168437500000004 0.5924375000000001 0.4549078125 0.591109375 0.4495609375 0.46630937499999997 0.39489687500000004 0.46687500000000004 0.396725 0.46677187499999995 0.40500781249999995 0.4659671875 0.41703906249999995 0.4647984375 0.4282296875 0.46334375000000005 0.43862187500000005 0.461596875 0.446465625 0.46184843750000004 0.4468234375 0.5900234375 0.492003125
6 0.5733875 0.2557640625 0.5725265625 0.24294375 0.489140625 0.21887500000000001 0.48934531249999996 0.2203375 0.48530937500000004 0.2184328125 0.4865796875 0.2304015625 0.48687031249999996 0.22974062499999998 0.486559375 0.2306640625 0.5462921875 0.248490625 0.5695046875 0.25367656250000004 0.56955625 0.2550484375 0.5733875 0.2557640625
6 0.5743078125000001 0.28542968750000003 0.5735078125 0.2729828125 0.48468906250000005 0.2488625 0.484553125 0.2624125 0.5743078125000001 0.28542968750000003
6 0.57184375 0.2704609375 0.5732515625 0.25745625 0.5693703125 0.2565921875 0.569678125 0.2543390625 0.49002187499999994 0.23271250000000002 0.49002187499999994 0.23545625 0.4867390625 0.23415 0.48567968749999996 0.24800781249999998 0.57184375 0.2704609375
6 0.48620625000000006 0.310209375 0.485228125 0.3320328125 0.5344875 0.3559328125 0.57603125 0.370765625 0.576896875 0.35400624999999997 0.5757515625 0.34535625 0.48620625000000006 0.310209375
6 0.48265156249999996 0.355175 0.4778015625 0.3992515625 0.5394734375 0.42706406250000006 0.584359375 0.4450640625 0.5849249999999999 0.4426859375 0.5857046875 0.40267656250000006 0.48265156249999996 0.355175
6 0.706890625 0.49257343750000004 0.7052968749999999 0.48995937500000003 0.6177546875 0.4598484375 0.618940625 0.46260781250000005 0.6193593749999999 0.46675468750000004 0.6189281249999999 0.47184687500000005 0.6181484375 0.47651093749999995 0.6162453125 0.48034999999999994 0.7063890625 0.5103156249999999 0.7075437499999999 0.5071343749999999 0.7081500000000001 0.5026359375 0.7081390625 0.49732656249999996 0.706890625 0.49257343750000004
6 0.6253546875 0.3103390625 0.6259015625 0.31448125 0.6285453125 0.3154109375 0.630096875 0.31475624999999996 0.6997359375000001 0.33354218750000003 0.6993765625 0.31358593749999997 0.625665625 0.292946875 0.6255015625 0.2970015625 0.6253765625 0.3045859375 0.6253546875 0.3103390625
6 0.7078921874999999 0.4841875 0.7074734375 0.4737453125 0.62015 0.4400765625 0.6182109375 0.4571546875 0.7069421874999999 0.48860468749999997 0.7078921874999999 0.4841875
6 0.6140484374999999 0.48110156249999997 0.6117765625 0.49814375 0.7140078125 0.53120625 0.7149484375 0.5288828125 0.715296875 0.5213953124999999 0.7150937500000001 0.5149546875000001 0.6140484374999999 0.48110156249999997
6 0.7079093750000001 0.456825 0.7070515625 0.45544531250000003 0.6198203125 0.4225203125 0.6208109375 0.42596875 0.62044375 0.4331125 0.6183453125 0.4391359375 0.704753125 0.471309375 0.70701875 0.47049062499999994 0.7085703125 0.4662859375 0.7088796875 0.4626203125 0.7079093750000001 0.456825
6 0.7081609375 0.29021093750000004 0.707665625 0.2838984375 0.7069687499999999 0.2782734375 0.70574375 0.27494687500000003 0.619815625 0.253378125 0.6207546875000001 0.2540328125 0.6229171874999999 0.2623125 0.6230296875 0.27081875 0.622421875 0.2797328125 0.62035625 0.284303125 0.706753125 0.3042203125 0.7074609374999999 0.3013109375 0.7081609375 0.2955203125 0.7081609375 0.29021093750000004
6 0.6301640625 0.3605171875 0.6295796874999999 0.367371875 0.629425 0.373734375 0.62908125 0.38390625 0.6291140625 0.3901109375 0.7048734375000001 0.4089828125 0.705325 0.3841796875 0.6301640625 0.3605171875
6 0.7064265625 0.342934375 0.7059656249999999 0.338821875 0.6308374999999999 0.3163765625 0.6312156250000001 0.32382656249999997 0.6317953125 0.3319640625 0.7060578125 0.3523953125 0.7066125000000001 0.3488296875 0.7064265625 0.342934375
6 0.6349984375 0.4163953125 0.6354890625 0.41755624999999996 0.635365625 0.4195171875 0.6350390625 0.4232203125 0.6341187500000001 0.42760468749999997 0.7024859375 0.45319062499999996 0.703384375 0.4431234375 0.6349984375 0.4163953125
6 0.6373859375 0.39387812499999997 0.636978125 0.40345624999999996 0.638965625 0.4041796875 0.6413625 0.40338124999999997 0.7038359375 0.4214015625 0.7042453125 0.412215625 0.6373859375 0.39387812499999997
6 0.710490625 0.3621828125 0.709790625 0.35700625 0.6345859375 0.33461875 0.6340984375 0.34824687499999996 0.6342234375 0.3556421875 0.710278125 0.375734375 0.7104828125 0.370659375 0.710490625 0.3621828125
6 0.70785 0.433496875 0.7083359375 0.424834375 0.64168125 0.4039453125 0.6412671875 0.4139421875 0.70785 0.433496875
6 0.6750859375 0.5780890624999999 0.6809078125 0.7858953125 0.6808953125 0.7864109375 0.69093125 0.7837796875 0.6846453125 0.57645 0.6841765625 0.576615625 0.6830828125 0.5772265625 0.6814328125 0.5774484375 0.6791437499999999 0.5780937500000001 0.6750859375 0.5780890624999999
6 0.70044375 0.7660921875 0.6941296875 0.5746609375 0.6880390625 0.5758484375 0.6947140625 0.7674265625000001 0.70044375 0.7660921875
6 0.7298125 0.8052531249999999 0.7343390624999999 0.8034171875 0.738146875 0.8022609375 0.7159890625 0.5906703125 0.7127640625 0.5894984375 0.709409375 0.590278125 0.7059234375 0.590271875 0.725878125 0.8049203125 0.7298125 0.8052531249999999