6 0.625234375 0.43305625000000003 0.618815625 0.43352500000000005 0.6131671875 0.4335859375 0.605753125 0.43099999999999994 0.5953593749999999 0.633378125 0.6023859375 0.6361421875 0.606996875 0.6363109375 0.6121921875 0.6349140625 0.6154625 0.6308281250000001 0.630421875 0.42980937499999994 0.625234375 0.43305625000000003
6 0.61615625 0.6320812499999999 0.623375 0.63046875 0.6371109374999999 0.4724609375 0.6288328125 0.47202968749999996 0.61615625 0.6320812499999999
6 0.65599375 0.47435625000000003 0.648584375 0.47572656249999995 0.6487515625 0.4761265625 0.6375515625 0.6236484375 0.637171875 0.6236484375 0.6370421875 0.63075625 0.6441609374999999 0.6287671875 0.6556968750000001 0.48088749999999997 0.6553640625 0.48139374999999995 0.65599375 0.47435625000000003
6 0.62805625 0.6283890624999999 0.6362203125 0.6303828125 0.6359828125 0.62336875 0.637628125 0.6237296875 0.64796875 0.4840265625 0.6468281250000001 0.4841953125 0.64693125 0.47643593749999996 0.6394359374999999 0.47572656249999995 0.62805625 0.6283890624999999
6 0.34693125 0.6115625 0.46277656250000004 0.6123000000000001 0.46218750000000003 0.591265625 0.3451015625 0.590828125 0.34693125 0.6115625
6 0.4216984375 0.6419875 0.428528125 0.6404124999999999 0.42798749999999997 0.6306890625 0.4247671875 0.6317328125 0.42474375000000003 0.6315609375 0.4216984375 0.6419875
6 0.317578125 0.6351625000000001 0.41854375 0.649959375 0.41818906250000004 0.6399765625 0.316590625 0.625521875 0.317578125 0.6351625000000001
6 0.320353125 0.665509375 0.3984765625 0.6471703125 0.37385 0.6437671875000001 0.319459375 0.6556890625 0.320353125 0.665509375
6 0.6102765625 0.86751875 0.6167312500000001 0.8702 0.6237421875 0.8686624999999999 0.6270374999999999 0.8644015625 0.6383203125 0.7141390624999999 0.6324609375 0.71751875 0.624484375 0.7165234375 0.620503125 0.7133875 0.6102765625 0.86751875
6 0.4774859375 0.8711109374999999 0.4860640625 0.8697640625 0.438578125 0.722521875 0.4296796875 0.728590625 0.4297140625 0.7289921875 0.4774859375 0.8711109374999999
6 0.4438140625 0.7281109375 0.44059218749999995 0.7278734375 0.4873609375 0.8706734375 0.48971875000000004 0.8736109375 0.49305625 0.871309375 0.4951890625 0.868184375 0.44926093749999996 0.7219765625 0.4464984375 0.726121875 0.4438140625 0.7281109375
6 0.49842031249999996 0.8567609375 0.50540625 0.857075 0.46905625000000006 0.74301875 0.462225 0.7464171875 0.49842031249999996 0.8567609375
6 0.4148484375 0.7246890625 0.4105046875 0.7304968749999999 0.4069671875 0.7329687500000001 0.40383281249999997 0.733115625 0.45287187500000003 0.87678125 0.45541406249999994 0.8782140625 0.45956875 0.8771796875 0.46185468749999997 0.8739234375 0.42641406249999997 0.7620921875 0.4253125 0.7547296875 0.4148484375 0.7246890625
6 0.343665625 0.8366281250000001 0.3113640625 0.746290625 0.3125640625 0.7408984375000001 0.3039375 0.7138859375 0.2943734375 0.7191921875 0.35322343749999996 0.8914078125 0.361340625 0.890984375 0.343665625 0.8366281250000001
6 0.33518593750000003 0.8882703125000001 0.33849999999999997 0.8901703124999999 0.3468640625 0.8875796875 0.3497046875 0.88423125 0.2984125 0.7313171875 0.291209375 0.7383453125 0.286034375 0.740803125 0.2825796875 0.7393578125 0.33518593750000003 0.8882703125000001
6 0.3446796875 0.770284375 0.346140625 0.7636796875 0.33474375 0.729021875 0.3299515625 0.734996875 0.3208953125 0.7416734375 0.3113296875 0.745034375 0.3652828125 0.893890625 0.36843593750000003 0.897196875 0.376771875 0.8969578125 0.38406250000000003 0.8903234375 0.37868124999999997 0.8718562500000001 0.3446796875 0.770284375
6 0.32385625 0.8880328125 0.3308703125 0.8870015625000001 0.28453125 0.746359375 0.27772968750000004 0.7487812500000001 0.32385625 0.8880328125
6 0.434378125 0.752609375 0.43066875 0.75615 0.4262328125 0.76151875 0.46531874999999995 0.885503125 0.46912656249999996 0.8852296875000001 0.4734234375 0.8798078125 0.434378125 0.752609375
6 0.4115234375 0.8984328125 0.415075 0.900275 0.418415625 0.8978078125 0.419884375 0.8938937499999999 0.36998125000000004 0.7437265625 0.36958437499999997 0.7451625 0.36605625 0.7496625 0.3621875 0.750621875 0.4115234375 0.8984328125
6 0.3172234375 0.8884046874999999 0.2784796875 0.7542109375 0.2668171875 0.7600921875 0.262065625 0.7644453125 0.3035296875 0.8918421875 0.3172234375 0.8884046874999999
6 0.2491234375 0.745065625 0.24428437500000003 0.7475203125000001 0.2392125 0.7483953125 0.23680625000000002 0.7459953125000001 0.2766921875 0.9033484375 0.28064374999999997 0.9043265625 0.2854625 0.90340625 0.288184375 0.9017937500000001 0.28975 0.89885 0.2532125 0.7417906249999999 0.2491234375 0.745065625
6 0.4056 0.7725609375 0.40153125 0.7762859375 0.43573281250000007 0.8857390625000001 0.44274218750000005 0.886109375 0.4475953125 0.8839171875 0.4142578125 0.7670546875 0.4056 0.7725609375
6 0.386671875 0.8975546874999999 0.39514062499999997 0.8985859375 0.4020859375 0.8984624999999999 0.40525312500000005 0.8971859375 0.378615625 0.7989609375 0.36472812499999996 0.7592640625 0.3572109375 0.7624953125 0.3450890625 0.7703640625 0.386671875 0.8975546874999999
6 0.42339843750000006 0.8981703124999999 0.4321765625 0.8949343750000001 0.43231093749999994 0.8944578125 0.3928671875 0.7627046875 0.3907578125 0.763325 0.38059375 0.7711703125 0.42112343750000003 0.8977734375 0.42339843750000006 0.8981703124999999