6 0.46234374999999994 0.27735937499999996 0.46260781250000005 0.288771875 0.4626421875 0.29881250000000004 0.46118750000000003 0.3119953125 0.575025 0.330471875 0.5765796875 0.31798125 0.576675 0.3097828125 0.5758890625 0.300546875 0.573590625 0.294734375 0.46051875000000003 0.26813750000000003 0.46234374999999994 0.27735937499999996
6 0.5742953125 0.2935 0.5733890625 0.28066562500000003 0.484509375 0.256246875 0.4842671875 0.270965625 0.5742953125 0.2935
6 0.485575 0.2226765625 0.486346875 0.23584999999999998 0.48657031249999994 0.23555156249999998 0.569553125 0.25546250000000004 0.569553125 0.2561390625 0.57355 0.25636875 0.57243125 0.24371562500000002 0.4892484375 0.22320625 0.489534375 0.2237984375 0.485575 0.2226765625
6 0.57221875 0.2723453125 0.5733406249999999 0.25783125 0.5693953125 0.25825312500000003 0.5695984375 0.25532656249999997 0.491015625 0.2369453125 0.491109375 0.238971875 0.48674531249999997 0.23878906249999998 0.486346875 0.2521140625 0.57221875 0.2723453125
6 0.562753125 0.7721234375 0.56316875 0.566175 0.5513375 0.5672234375 0.551090625 0.775375 0.562753125 0.7721234375
6 0.5798671875 0.639203125 0.5789828124999999 0.6270609375 0.5735125 0.6280203125 0.5740999999999999 0.633746875 0.5740031250000001 0.6337890625 0.5798671875 0.639203125
6 0.5760296874999999 0.8243046875 0.5843515625 0.6448125 0.5787375 0.6454421875 0.57060625 0.8260624999999999 0.5760296874999999 0.8243046875
6 0.5930984375 0.8193718750000001 0.5827828125 0.6804875 0.5808687499999999 0.7242656249999999 0.587575 0.8209593749999999 0.5930984375 0.8193718750000001
6 0.7067296875 0.303953125 0.7082375 0.29247968750000003 0.707371875 0.2800140625 0.704975 0.2741546875 0.6204531249999999 0.254096875 0.6223546875 0.26451250000000004 0.6217937499999999 0.2786953125 0.6200296875 0.2857734375 0.7067296875 0.303953125
6 0.70875 0.540025 0.7079921875 0.5247734375 0.62516875 0.60919375 0.6285828125 0.6250140625 0.6288078125000001 0.6249515625 0.70875 0.540025
6 0.6283125 0.5998875 0.628178125 0.6056140625 0.708503125 0.5224703125 0.71015625 0.5182781249999999 0.7088625000000001 0.51234375 0.7071031249999999 0.5085531249999999 0.6248609375 0.590203125 0.62719375 0.5951140625 0.6283125 0.5998875
6 0.700678125 0.5028078125000001 0.7008546875 0.49038750000000003 0.6366968749999999 0.555009375 0.6386093749999999 0.56715625 0.700678125 0.5028078125000001
6 0.6263875 0.65138125 0.6296546875 0.6591046875 0.6310453125000001 0.6653921875 0.631128125 0.6709640625 0.7119390625 0.5837828125 0.7127453125 0.5792625 0.7121625 0.571878125 0.7103312500000001 0.5678140625 0.6474265625 0.63081875 0.643284375 0.632778125 0.6263875 0.65138125
6 0.689353125 0.7779281250000001 0.6385375 0.8353531249999999 0.6355046875 0.8332203125 0.6203109375 0.8485546875000001 0.6232953125 0.8655578125 0.7201671875 0.7609359375 0.719928125 0.74650625 0.689353125 0.7779281250000001
6 0.7184015625 0.793003125 0.7194703125 0.7871125 0.7180140625 0.772240625 0.7161296875 0.7671921875 0.630115625 0.858378125 0.6340703125 0.8711828125000001 0.6354515625 0.8803828125000001 0.6346390625 0.8865265625 0.7184015625 0.793003125
6 0.652034375 0.7761250000000001 0.6483203125 0.7735265625000001 0.628825 0.7937875 0.6321859375 0.8023078124999999 0.635940625 0.8184093750000001 0.63783125 0.8354125 0.7215640624999999 0.739496875 0.7234234374999999 0.7338921875 0.7232890624999999 0.719071875 0.71955625 0.7061109375 0.70916875 0.7156796875 0.652034375 0.7761250000000001
6 0.71826875 0.8131453125 0.7176890625000001 0.800675 0.638578125 0.8830546874999999 0.6399390625 0.895146875 0.71826875 0.8131453125
6 0.64209375 0.616659375 0.644084375 0.6232562500000001 0.6471046874999999 0.6311421875 0.7168453125 0.56165625 0.7166921875 0.5548859375 0.7136421875 0.5472484375 0.64209375 0.616659375
6 0.7241187499999999 0.6572921875 0.7251546875 0.650978125 0.7237671875 0.645040625 0.721565625 0.642428125 0.637096875 0.73114375 0.637903125 0.7318515624999999 0.640434375 0.738121875 0.640975 0.7449984374999999 0.7241187499999999 0.6572921875
6 0.7184781250000001 0.8249359374999999 0.64299375 0.8938140625000001 0.6463015624999999 0.9145468749999999 0.6487499999999999 0.9229953125 0.7204109375 0.8492796874999999 0.7184781250000001 0.8249359374999999
6 0.63785 0.9460031250000001 0.6392296875000001 0.9546046875 0.639721875 0.963621875 0.638371875 0.9679015625 0.726884375 0.8969906249999999 0.7274328125 0.8899671874999999 0.726915625 0.8814 0.7260093750000001 0.8765609375000001 0.724353125 0.8737765625 0.6360078125 0.9387328125 0.63785 0.9460031250000001
6 0.6533156250000001 0.667821875 0.6554109375 0.6750546875000001 0.716978125 0.6142531250000001 0.7171875 0.601790625 0.715953125 0.5931625 0.65021875 0.6524296875 0.6533156250000001 0.667821875
6 0.723625 0.7014703124999999 0.7242046875 0.6864171875 0.7241359375 0.67406875 0.7234171875000001 0.6684390625 0.668165625 0.71579375 0.6458359375 0.7404843750000001 0.6476531249999999 0.753846875 0.6520796875 0.775396875 0.723625 0.7014703124999999
6 0.7239703125 0.63618125 0.7221515625 0.6205765624999999 0.7218828125 0.6203375 0.647771875 0.690459375 0.6481203125 0.6942062499999999 0.652534375 0.712278125 0.723746875 0.6402234375 0.7239703125 0.63618125