6 0.5189609374999999 0.46404843749999997 0.520046875 0.24057656249999998 0.508921875 0.24057656249999998 0.50980625 0.46404843749999997 0.51415 0.4651515625 0.5189609374999999 0.46404843749999997
6 0.5801093749999999 0.4590828125 0.591125 0.260165625 0.5815046875000001 0.25961406249999996 0.571109375 0.45880625 0.5801093749999999 0.4590828125
6 0.558853125 0.46046250000000005 0.5683171875 0.46046250000000005 0.5703343750000001 0.45742656249999997 0.58041875 0.2607171875 0.57514375 0.26237187500000003 0.5672312500000001 0.2626484375 0.5633921875000001 0.2607171875 0.5563703125 0.45742656249999997 0.558853125 0.46046250000000005
6 0.52749375 0.4632203125 0.5301312499999999 0.26513125 0.52040625 0.265959375 0.5189609374999999 0.46377187500000006 0.5236140625 0.46404843749999997 0.52749375 0.4632203125
6 0.601984375 0.45356406250000003 0.6133109375 0.2761671875 0.60156875 0.2780984375 0.591434375 0.45577187500000005 0.601984375 0.45356406250000003
6 0.5005421875 0.2673375 0.500653125 0.46377187500000006 0.5035999999999999 0.465428125 0.5096515625 0.46487656250000003 0.508565625 0.347346875 0.508565625 0.2667859375 0.5005421875 0.2673375
6 0.4927390625 0.4646 0.488240625 0.265959375 0.47555625 0.2673375 0.4806375 0.46625625 0.486534375 0.467634375 0.4927390625 0.4646
6 0.6144015625 0.45190937499999995 0.6272796875 0.285271875 0.6142953125 0.28692656250000004 0.603696875 0.454115625 0.609903125 0.45384062500000005 0.6144015625 0.45190937499999995
6 0.463415625 0.47094531249999994 0.47179374999999996 0.471496875 0.4800171875 0.46625625 0.47412187499999997 0.269821875 0.467915625 0.2725796875 0.4598484375 0.2734078125 0.45103593750000004 0.273684375 0.45860625 0.467359375 0.463415625 0.47094531249999994
6 0.41440625000000003 0.2736390625 0.42821875 0.46904531250000003 0.43394843749999995 0.47050000000000003 0.4414546875 0.4692546875 0.430059375 0.2709109375 0.4225625 0.27451875000000003 0.41440625000000003 0.2736390625
6 0.5000312499999999 0.46211718749999997 0.498325 0.281409375 0.4892125 0.281409375 0.49227499999999996 0.46184062499999995 0.49599843750000006 0.46266875 0.5000312499999999 0.46211718749999997
6 0.4452640625 0.47039375000000005 0.4524 0.47094531249999994 0.45845156249999997 0.46846249999999995 0.44960781250000004 0.273684375 0.445884375 0.2764421875 0.4371953125 0.2780984375 0.4314828125 0.27754687499999997 0.44200625000000004 0.469290625 0.4452640625 0.47039375000000005
6 0.5899296875 0.28830625 0.5807296875 0.45577187500000005 0.5846078125 0.456046875 0.5884875 0.456875 0.590503125 0.4532890625 0.5991921875 0.28996093749999996 0.5899296875 0.28830625
6 0.428465625 0.4661046875 0.41370781250000005 0.2829171875 0.3936828125 0.2871171875 0.40957499999999997 0.4697796875 0.41872499999999996 0.4724046875 0.428465625 0.4661046875
6 0.5560609375000001 0.45742656249999997 0.560559375 0.31396406250000003 0.5542359375 0.3136875 0.5493890625 0.457978125 0.5560609375000001 0.45742656249999997
6 0.5360453125 0.46404843749999997 0.540234375 0.3089984375 0.5326328124999999 0.308721875 0.52921875 0.46377187500000006 0.5360453125 0.46404843749999997
6 0.5490781250000001 0.45742656249999997 0.5537328125000001 0.31451562499999997 0.540390625 0.31451562499999997 0.5366671875 0.45935781249999996 0.5490781250000001 0.45742656249999997
6 0.5888015625 0.6651734375 0.59531875 0.5435046875 0.57611875 0.5446078125 0.5709593749999999 0.6651734375 0.5888015625 0.6651734375
6 0.60793125 0.548746875 0.6004390625 0.6682078125 0.6043171875 0.6684828125 0.6131609375 0.66793125 0.6223140625 0.5459875000000001 0.6154875 0.5462640624999999 0.60793125 0.548746875
6 0.626659375 0.6690359375 0.6358125 0.54791875 0.6258828125 0.5490234375 0.61641875 0.6698625 0.6218484375 0.6712421875000001 0.626659375 0.6690359375
6 0.593921875 0.66406875 0.5996625 0.557575 0.5945859375 0.557575 0.5897328125 0.66406875 0.593921875 0.66406875
6 0.5988875 0.6654484375 0.6060234375 0.5597828125000001 0.600171875 0.5581265625 0.5943875000000001 0.665725 0.5988875 0.6654484375