6 0.41422187499999996 0.4290765625 0.5252421875 0.400540625 0.5254390625 0.38308593750000003 0.4144984375 0.41234843750000005 0.41422187499999996 0.4290765625
6 0.41740625 0.44604999999999995 0.5195578125 0.4219421875 0.5187140625 0.4063296875 0.41699062500000006 0.4317828125 0.41740625 0.44604999999999995
6 0.4258984375 0.32403593750000004 0.42562187500000004 0.334121875 0.49981406249999993 0.318378125 0.49981406249999993 0.307553125 0.4258984375 0.32403593750000004
6 0.41657500000000003 0.3907015625 0.5039171875 0.377909375 0.5040546875 0.34986562499999996 0.41726718749999997 0.36462500000000003 0.41657500000000003 0.3907015625
6 0.40309999999999996 0.6285453125 0.4022875 0.6331687500000001 0.4029375 0.64328125 0.509915625 0.661484375 0.5082890625 0.657728125 0.5081265625 0.6496375 0.509009375 0.643428125 0.40618906250000003 0.6265234375000001 0.40309999999999996 0.6285453125
6 0.402125 0.62305625 0.5082890625 0.63576875 0.509103125 0.6187218750000001 0.4029375 0.6074531249999999 0.402125 0.62305625
6 0.4115921875 0.33731875 0.41186875 0.3572453125 0.49962656250000004 0.340025 0.499040625 0.31844843749999996 0.4115921875 0.33731875
6 0.3990359375 0.6857562500000001 0.49008124999999997 0.704825 0.48910468749999997 0.6874890625 0.3993609375 0.668996875 0.3983859375 0.675065625 0.3990359375 0.6857562500000001
6 0.4813015625 0.6767984375 0.48113906249999994 0.67073125 0.48180625 0.6624078124999999 0.3991984375 0.64559375 0.397409375 0.6585953124999999 0.4813015625 0.6767984375
6 0.3919546875 0.08299375 0.315959375 0.1217 0.31560781250000003 0.13210625 0.31584218750000004 0.13980625 0.316778125 0.1414703125 0.3917203125 0.1067171875 0.3919546875 0.08299375
6 0.3082375 0.5097921875 0.3082375 0.5184593750000001 0.30953906249999996 0.520771875 0.38708906249999997 0.5164375 0.38627656250000003 0.51008125 0.3861140625 0.5040125 0.3870359375 0.497565625 0.3097015625 0.5048796875 0.3082375 0.5097921875
6 0.302709375 0.58289375 0.301246875 0.5932953125 0.302546875 0.6051421875 0.37961093749999997 0.6161218749999999 0.3791234375 0.6057187500000001 0.3794484375 0.595028125 0.3810390625 0.5799859374999999 0.3046609375 0.5750921875 0.302709375 0.58289375
6 0.37229375 0.5331953125 0.3732703125 0.5251046875000001 0.37577343750000003 0.5188859375 0.30482343749999996 0.5199046875 0.302871875 0.5230828125 0.301734375 0.53030625 0.301246875 0.5386859375 0.301571875 0.548509375 0.3739203125 0.5493765625 0.37310781249999997 0.544175 0.37229375 0.5331953125
6 0.377675 0.5524265625 0.300434375 0.548509375 0.29864531250000004 0.5542875 0.2981578125 0.564690625 0.2991328125 0.5727796875 0.378471875 0.5776921875000001 0.376196875 0.5739359375 0.37505781250000003 0.5652671875 0.376684375 0.5557328125 0.377675 0.5524265625
6 0.29002812499999997 0.65455 0.3625390625 0.6681296875 0.363634375 0.6527875 0.2919796875 0.64068125 0.29002812499999997 0.65455
6 0.2916546875 0.63808125 0.35750000000000004 0.6505046875 0.3612953125 0.6145671875 0.29620625 0.6051421875 0.2916546875 0.63808125