4 0.363959134375 0.5156623944444445 0.333435096875 0.6035555555555555 0.33590624999999996 0.62113675 0.367625 0.5310427333333334 0.363959134375 0.5156623944444445
4 0.55423798125 0.4614316222222222 0.542326921875 0.6768034166666667 0.551545671875 0.6781965833333333 0.5638990374999999 0.46265384444444446 0.55423798125 0.4614316222222222
4 0.57115625 0.6757564111111112 0.5852740375 0.48985897222222224 0.5854711531250001 0.4856752111111111 0.5751322125 0.4849743611111111 0.56252644375 0.6729658111111111 0.57115625 0.6757564111111112
4 0.5869038468750001 0.4870683777777778 0.5717427875000001 0.6740128222222223 0.5809615375 0.6747094 0.596454328125 0.4874188055555555 0.5869038468750001 0.4870683777777778
4 0.5645384625000001 0.4881153833333334 0.5529182687499999 0.6761068388888889 0.5613509624999999 0.6757564111111112 0.5729206718750001 0.4895085444444444 0.5645384625000001 0.4881153833333334
4 0.6032427874999999 0.6841282055555555 0.6065384625 0.6812008555555555 0.617247596875 0.5193247888888889 0.6053990375 0.5222521388888889 0.5925312500000001 0.6812008555555555 0.6032427874999999 0.6841282055555555
4 0.5948509625 0.5320598277777778 0.58115625 0.6795940166666666 0.588216346875 0.6813376055555556 0.60390625 0.5338034166666666 0.5948509625 0.5320598277777778
4 0.3611009625 0.6425299166666666 0.363545671875 0.6674829055555556 0.46127163437499996 0.6799572666666667 0.4617740375 0.6594615388888888 0.3611009625 0.6425299166666666
4 0.266860578125 0.6906538444444444 0.2863677875 0.8323504277777778 0.29789423125000003 0.8270000000000001 0.27834855625 0.6924359 0.266860578125 0.6906538444444444
4 0.49995673125 0.7004572666666666 0.5028677874999999 0.8439316222222222 0.5113894218749999 0.8376965833333333 0.51038701875 0.7031282055555556 0.49995673125 0.7004572666666666
4 0.54596875 0.7120427333333332 0.5464687500000001 0.7111495722222222 0.545072115625 0.7120427333333332 0.541959134375 0.8572991444444445 0.5595 0.8581923055555556 0.565514421875 0.7182777777777777 0.554990384375 0.7236282055555555 0.54596875 0.7120427333333332
4 0.54045673125 0.8572991444444445 0.5429615375 0.7245170944444443 0.527927884375 0.7147136777777777 0.52903125 0.715606838888889 0.5289302874999999 0.8572991444444445 0.54045673125 0.8572991444444445
4 0.527927884375 0.8501709388888888 0.527927884375 0.7271923055555555 0.512391828125 0.7254102555555556 0.513490384375 0.7262991444444444 0.512391828125 0.8510641000000001 0.527927884375 0.8501709388888888
4 0.587064903125 0.8706666666666667 0.5935793281249999 0.7441239333333333 0.5865625 0.7432307666666668 0.5871802875000001 0.7441239333333333 0.579545671875 0.8697777777777778 0.587064903125 0.8706666666666667
4 0.566125 0.7459059833333334 0.560002403125 0.8608675222222222 0.579045671875 0.8697777777777778 0.585560096875 0.7565982888888889 0.566125 0.7459059833333334