4 0.48584855625 0.6463333333333333 0.48635817187499997 0.6551196555555555 0.623235578125 0.6778418777777778 0.623235578125 0.6573034166666667 0.48687019375 0.6372435888888889 0.48584855625 0.6463333333333333
4 0.610110578125 0.8005641 0.4873822125 0.7599700833333333 0.4872115375 0.7778418777777778 0.6094302875000001 0.8190470111111111 0.610110578125 0.8005641
4 0.48772355625 0.7581495722222222 0.60891826875 0.7972307666666667 0.6077235562500001 0.7890299166666667 0.607552884375 0.7763034166666666 0.608576921875 0.7651837611111112 0.488403846875 0.7317692333333332 0.487552884375 0.7372222222222221 0.48669951874999995 0.7475213666666666 0.48772355625 0.7581495722222222
4 0.60704326875 0.6948076944444445 0.6072139437499999 0.6878376055555555 0.60704326875 0.6757222222222222 0.4880625 0.6548162388888888 0.4872115375 0.6596623944444444 0.4872115375 0.6672393166666667 0.4880625 0.6720854722222223 0.60704326875 0.6948076944444445
4 0.607384615625 0.5875170944444444 0.48618750000000005 0.5808504277777777 0.4853365375 0.5899401722222223 0.48618750000000005 0.6020598277777778 0.6082355781250001 0.6120555555555556 0.607384615625 0.6032692333333334 0.607384615625 0.5875170944444444
4 0.60653125 0.6347777777777778 0.487552884375 0.6193247888888889 0.48618750000000005 0.6232649555555555 0.48550721250000006 0.6308376055555556 0.48618750000000005 0.6365940166666667 0.6067019218749999 0.6520470111111111 0.60653125 0.6347777777777778
4 0.48601923124999996 0.5029914555555556 0.60516826875 0.49571795 0.604485578125 0.4887521388888889 0.603634615625 0.4757222222222222 0.6043149031249999 0.46602991666666665 0.48584855625 0.4778461555555556 0.48499519375 0.48784187777777777 0.48584855625 0.49602136666666663 0.48601923124999996 0.5029914555555556
4 0.4836322125 0.5435854722222222 0.48277884687499995 0.5587350444444444 0.48346153750000004 0.56842735 0.48550721250000006 0.57963675 0.60601923125 0.5853931611111111 0.60346394375 0.5775170944444444 0.60346394375 0.5690341888888889 0.603122596875 0.5514615388888888 0.6039735562499999 0.5382094 0.485677884375 0.5363162388888889 0.4836322125 0.5435854722222222
4 0.59834855625 0.8387393166666666 0.48874519375 0.7999572666666667 0.48959855625 0.8208632499999999 0.599201921875 0.8629743611111111 0.59834855625 0.8387393166666666
4 0.4843125 0.5075341888888889 0.483802884375 0.52086325 0.484141828125 0.53207265 0.48635817187499997 0.5360128222222222 0.602610578125 0.5351025666666667 0.60209855625 0.5311666666666667 0.601247596875 0.5211666666666667 0.60090625 0.5090512833333334 0.60141826875 0.49972222222222223 0.48584855625 0.5045042722222222 0.4843125 0.5075341888888889
4 0.598177884375 0.6126623944444444 0.48772355625 0.6023589722222222 0.48772355625 0.6184188055555556 0.59834855625 0.6302350444444444 0.598177884375 0.6126623944444444
4 0.598689903125 0.46451282222222223 0.596985578125 0.44512393333333333 0.596134615625 0.4236623944444444 0.4872115375 0.4408846166666666 0.484483171875 0.45057692222222223 0.48499519375 0.4663333333333333 0.4872115375 0.4766324777777778 0.598689903125 0.46451282222222223
4 0.593576921875 0.8609401722222223 0.5928942312500001 0.8599444444444444 0.4899375 0.822679488888889 0.48942788437500007 0.8335854722222222 0.490278846875 0.8463119666666666 0.5934062499999999 0.88963675 0.593576921875 0.8609401722222223
4 0.4899375 0.7996581222222221 0.590677884375 0.8335854722222222 0.59204326875 0.8132906000000001 0.4890865375 0.778752138888889 0.488915865625 0.7829914555555555 0.48857451875 0.7875384611111111 0.488233171875 0.7926880333333333 0.4899375 0.7996581222222221
4 0.48942788437500007 0.7275256388888889 0.5390312500000001 0.7417649555555557 0.57704326875 0.752974361111111 0.576872596875 0.7384316222222221 0.48959855625 0.7160128222222222 0.48942788437500007 0.7275256388888889
4 0.57704326875 0.7121495722222223 0.488915865625 0.6908675222222223 0.48959855625 0.7154102555555555 0.576872596875 0.7375256388888889 0.57704326875 0.7121495722222223
4 0.48669951874999995 0.6835982888888888 0.48687019375 0.6902606833333333 0.578576921875 0.7114700833333334 0.5790865375 0.6957863222222223 0.4872115375 0.6769316222222221 0.48669951874999995 0.6835982888888888
4 0.43661298125 0.7594871777777779 0.36447355625 0.7390042722222222 0.36425 0.7748504277777777 0.43672355625000003 0.7984829055555556 0.43661298125 0.7594871777777779
4 0.43118269375 0.8256666666666667 0.360814903125 0.7978931611111111 0.359927884375 0.8075470111111112 0.360483171875 0.8233034166666666 0.433733171875 0.8546196555555555 0.43306730625 0.8297991444444445 0.43118269375 0.8256666666666667
4 0.4284134625 0.7959230777777778 0.36391826875 0.7756367499999999 0.36391826875 0.7854871777777777 0.428302884375 0.8067564111111111 0.4284134625 0.7959230777777778
4 0.358709134375 0.8368931611111111 0.35848798125000003 0.8496923055555555 0.43173798124999996 0.882388888888889 0.43173798124999996 0.8615769222222222 0.35948557812500004 0.8309829055555555 0.358709134375 0.8368931611111111
4 0.425752403125 0.8062222222222223 0.363141828125 0.7858803444444444 0.36303125 0.7951367500000001 0.425752403125 0.8191666666666666 0.425752403125 0.8062222222222223