6 0.46215312500000005 0.44933750000000006 0.341840625 0.44501718749999997 0.342534375 0.461921875 0.4626734375 0.465075 0.46336875 0.45890312499999997 0.46215312500000005 0.44933750000000006
6 0.45659687499999996 0.3493625 0.3498265625 0.32992187500000003 0.3505203125 0.3477234375 0.45694375000000004 0.3638640625 0.45659687499999996 0.3493625
6 0.3520828125 0.3739578125 0.45746562500000004 0.3888578125 0.4592015625 0.38114375 0.4576390625 0.36479062500000003 0.35086875 0.346584375 0.3520828125 0.3555328125 0.3520828125 0.3739578125
6 0.453125 0.31538750000000004 0.35798593749999996 0.2950234375 0.359028125 0.3137734375 0.4548609375 0.332359375 0.453125 0.31538750000000004
6 0.4513890625 0.2962578125 0.3623265625 0.27342343750000003 0.3635421875 0.29317187499999997 0.453125 0.3138453125 0.4529515625 0.301503125 0.4513890625 0.2962578125
6 0.46128437499999997 0.4357609375 0.355034375 0.42928125 0.35555625 0.4452546875 0.46215312500000005 0.4484109375 0.46232656250000004 0.44316562499999995 0.46128437499999997 0.4357609375
6 0.455034375 0.3330078125 0.36579843749999996 0.31850625 0.3651046875 0.3330078125 0.45555625 0.3487453125 0.455034375 0.3330078125
6 0.4640625 0.4653828125 0.3567703125 0.46476562499999996 0.358159375 0.47889687500000006 0.463715625 0.47957656249999997 0.46475625000000004 0.47340625000000003 0.4640625 0.4653828125
6 0.46493124999999996 0.494696875 0.3564234375 0.4987078125 0.357465625 0.505496875 0.35798593749999996 0.5184031250000001 0.46649375 0.512284375 0.46649375 0.5048796875 0.466840625 0.5024109375 0.46493124999999996 0.494696875
6 0.3625 0.558834375 0.46909687499999997 0.5499296874999999 0.46979218749999996 0.5428328125 0.47013906250000004 0.534809375 0.4689234375 0.520615625 0.465971875 0.51259375 0.359028125 0.51938125 0.3611109375 0.5270953125 0.3623265625 0.5425234375 0.3625 0.558834375
6 0.4640625 0.4811203125 0.3651046875 0.48235312500000005 0.3654515625 0.49710625 0.4642359375 0.49438750000000004 0.4640625 0.4811203125
6 0.47100625 0.569678125 0.470659375 0.5591875 0.46909687499999997 0.5499296874999999 0.36336875 0.56258125 0.36440937500000004 0.5690609375 0.36579843749999996 0.5820203125 0.365278125 0.5937109375 0.4703125 0.5777 0.47100625 0.569678125
6 0.3638890625 0.6202546875 0.47100625 0.602078125 0.471875 0.5922031249999999 0.4704859375 0.5798609375 0.3630203125 0.59590625 0.3640625 0.606396875 0.3638890625 0.6202546875
6 0.4578125 0.389475 0.38038125 0.38021875 0.3807296875 0.3925609375 0.458159375 0.40089218750000005 0.4578125 0.389475
6 0.4607640625 0.42125781250000005 0.3786453125 0.412309375 0.37881875 0.4251921875 0.46128437499999997 0.432675 0.4607640625 0.42125781250000005
6 0.45850625 0.400275 0.38038125 0.39132656250000003 0.3810765625 0.412309375 0.45972187499999995 0.4200234375 0.45850625 0.400275
6 0.47274374999999996 0.6270718750000001 0.47274374999999996 0.6193578125 0.47222187499999996 0.6097921875 0.46979218749999996 0.60176875 0.3697921875 0.6215171875000001 0.371528125 0.6332421874999999 0.3729171875 0.657909375 0.4720484375 0.6347859375 0.47274374999999996 0.6270718750000001
6 0.5670453125 0.2775203125 0.5011515625 0.260790625 0.5018687500000001 0.2644546875 0.50240625 0.2776796875 0.5681203125 0.2923390625 0.5683 0.287559375 0.5679421875 0.2811859375 0.5670453125 0.2775203125
6 0.504378125 0.30520468749999996 0.568928125 0.318471875 0.567671875 0.297915625 0.5014203125 0.2826203125 0.5022265625 0.2912234375 0.502675 0.30062500000000003 0.504378125 0.30520468749999996
6 0.5685765625 0.3388390625 0.50243125 0.3280390625 0.503125 0.3594515625 0.5704859375 0.36784374999999997 0.5685765625 0.3388390625
6 0.5678515625 0.3374328125 0.5677625 0.32994375 0.5094000000000001 0.3200640625 0.50966875 0.3287921875 0.5678515625 0.3374328125
6 0.51020625 0.3097078125 0.5099375 0.3197453125 0.5677625 0.329465625 0.5677625 0.32516406249999996 0.5670453125 0.3221359375 0.51020625 0.3097078125