4 0.4633677875 0.45890171111111105 0.462153846875 0.4493376055555556 0.341841346875 0.4450170944444444 0.342533653125 0.46192307777777775 0.462673078125 0.46507265 0.4633677875 0.45890171111111105
4 0.350521634375 0.34772222222222227 0.4569447125 0.36386324999999997 0.456596153125 0.34936325 0.349826921875 0.32992307777777774 0.350521634375 0.34772222222222227
4 0.35208413437499997 0.3739572666666667 0.457466346875 0.3888589722222222 0.459201921875 0.3811453 0.457639421875 0.36479059999999996 0.35086778750000003 0.34658547222222225 0.35208413437499997 0.3555341888888889 0.35208413437499997 0.3739572666666667
4 0.359028846875 0.31377350555555555 0.454860578125 0.3323589722222222 0.453125 0.3153888888888889 0.357985578125 0.2950213666666667 0.359028846875 0.31377350555555555
4 0.452951921875 0.3015042722222222 0.451389421875 0.2962564111111111 0.362326921875 0.2734230777777778 0.363540865625 0.2931709388888889 0.453125 0.31384615555555556 0.452951921875 0.3015042722222222
4 0.462326921875 0.44316666666666665 0.461283653125 0.4357606833333333 0.355033653125 0.42928205 0.3555552875 0.4452564111111111 0.462153846875 0.4484102555555556 0.462326921875 0.44316666666666665
4 0.365103365625 0.33300854444444444 0.4555552875 0.3487435888888889 0.455033653125 0.33300854444444444 0.365798078125 0.3185042722222222 0.365103365625 0.33300854444444444
4 0.4647572125 0.47340598333333334 0.4640625 0.4653846166666667 0.356771634375 0.4647649555555555 0.358158653125 0.47889743333333334 0.46371634687499996 0.47957692222222226 0.4647572125 0.47340598333333334
4 0.356423078125 0.49870939999999997 0.357466346875 0.5054957277777778 0.357985578125 0.5184017111111111 0.4664927875 0.5122863222222223 0.4664927875 0.5048803444444444 0.466841346875 0.5024102555555555 0.4649302875 0.49469658333333333 0.356423078125 0.49870939999999997
4 0.470139421875 0.5348119666666666 0.468923078125 0.5206153833333333 0.46597115312500004 0.5125940166666667 0.359028846875 0.5193803444444445 0.361110578125 0.5270940166666667 0.362326921875 0.5425256388888889 0.3625 0.5588333333333334 0.469096153125 0.5499316222222222 0.469790865625 0.5428333333333333 0.470139421875 0.5348119666666666
4 0.365451921875 0.4971068388888889 0.464235578125 0.4943888888888889 0.4640625 0.4811196555555556 0.365103365625 0.4823547 0.365451921875 0.4971068388888889
4 0.469096153125 0.5499316222222222 0.3633677875 0.5625811944444444 0.36440865312500004 0.5690598277777777 0.365798078125 0.5820213666666667 0.365278846875 0.5937094 0.4703125 0.5777008555555555 0.4710072125 0.569679488888889 0.470658653125 0.5591880333333333 0.469096153125 0.5499316222222222
4 0.363889421875 0.6202564111111111 0.4710072125 0.6020769222222222 0.471875 0.5922051277777778 0.470485578125 0.5798589722222223 0.363021634375 0.5959059833333333 0.3640625 0.6063974333333333 0.363889421875 0.6202564111111111
4 0.380728365625 0.3925598277777778 0.45815865312500004 0.4008931611111111 0.4578125 0.3894743611111111 0.3803822125 0.38021795 0.380728365625 0.3925598277777778
4 0.3788197125 0.4251923055555556 0.461283653125 0.4326752111111111 0.460764421875 0.4212564111111111 0.378646634375 0.41230769444444443 0.3788197125 0.4251923055555556
4 0.381076921875 0.41230769444444443 0.459721153125 0.4200256388888889 0.4585072125 0.4002735055555556 0.3803822125 0.39132906111111115 0.381076921875 0.41230769444444443
4 0.472221153125 0.6097906000000001 0.469790865625 0.6017692333333333 0.369790865625 0.6215170944444444 0.371528846875 0.6332435888888889 0.372915865625 0.6579102555555555 0.472048078125 0.6347863222222222 0.4727427875 0.62707265 0.4727427875 0.6193589722222222 0.472221153125 0.6097906000000001
4 0.50115144375 0.2607906 0.5018677874999999 0.26445298888888885 0.50240625 0.2776794888888889 0.56812019375 0.29233760555555555 0.56830048125 0.2875598277777778 0.56794230625 0.2811837611111111 0.567045671875 0.27752136666666666 0.50115144375 0.2607906
4 0.50437980625 0.30520512777777775 0.5689278843750001 0.3184700833333333 0.567673078125 0.29791452777777777 0.501420671875 0.28261965555555557 0.502228365625 0.2912222222222222 0.5026754812500001 0.3006239333333333 0.50437980625 0.30520512777777775
4 0.503125 0.3594529888888889 0.570485578125 0.3678461555555555 0.568576921875 0.33883760555555553 0.5024302875 0.3280384611111111 0.503125 0.3594529888888889
4 0.5093990374999999 0.3200641 0.50966826875 0.3287948722222222 0.5678509625 0.3374316222222222 0.56776201875 0.32994444444444443 0.5093990374999999 0.3200641
4 0.567045671875 0.32213674999999997 0.51020673125 0.3097094 0.5099375 0.3197478611111111 0.56776201875 0.3294658111111111 0.56776201875 0.32516239444444445 0.567045671875 0.32213674999999997