6 0.46346718750000004 0.2786046875 0.461378125 0.2994421875 0.57481875 0.32382656249999997 0.5765953125000001 0.3176703125 0.57721875 0.30834843749999996 0.57673125 0.29626406250000004 0.575059375 0.2890078125 0.461659375 0.257140625 0.463090625 0.2623171875 0.46346718750000004 0.2786046875
6 0.5817625 0.3945484375 0.58515 0.3929359375 0.5854796875 0.3850953125 0.58496875 0.37825000000000003 0.46101093750000005 0.31988906250000004 0.46214062499999997 0.320665625 0.4615890625 0.330484375 0.459059375 0.3379078125 0.5817625 0.3945484375
6 0.5920578125 0.48050781249999996 0.5931921874999999 0.46502968750000007 0.5913984375 0.44923437499999996 0.466703125 0.3953390625 0.46664374999999997 0.40309062500000004 0.4641921875 0.42965 0.4611203125 0.446578125 0.589878125 0.49263124999999997 0.5920578125 0.48050781249999996
6 0.5696640625 0.2525359375 0.57020625 0.25403125000000004 0.5733296875 0.2556328125 0.5719765625 0.24191250000000003 0.4884875 0.219865625 0.4884875 0.2206140625 0.48490312500000005 0.2187390625 0.48583125000000005 0.230203125 0.5696640625 0.2525359375
6 0.5747140625 0.27966406250000003 0.5739140625 0.2731296875 0.48510156249999997 0.2493953125 0.48504218750000005 0.2633828125 0.5738859374999999 0.286328125 0.5747140625 0.27966406250000003
6 0.571403125 0.271296875 0.5735328125 0.2565359375 0.5697687499999999 0.255865625 0.5700093749999999 0.2536234375 0.49063749999999995 0.23264843750000003 0.4905765625 0.23531718750000002 0.48647343750000005 0.2341140625 0.48634374999999996 0.247896875 0.571403125 0.271296875
6 0.5757375 0.369053125 0.5744906249999999 0.3444390625 0.48663437500000006 0.30967968749999997 0.48556718749999994 0.3306796875 0.53588125 0.3555609375 0.5757375 0.369053125
6 0.5855312500000001 0.43725312499999996 0.585575 0.4012640625 0.48275468750000006 0.3542046875 0.47972187499999996 0.37785625 0.4779453125 0.39984375 0.5153046875 0.41625625 0.5841046875 0.4450125 0.5855312500000001 0.43725312499999996
6 0.625503125 0.3008265625 0.62595625 0.313775 0.631153125 0.31449531249999996 0.700134375 0.3334078125 0.6994234374999999 0.3131421875 0.6256265625 0.292640625 0.625503125 0.3008265625
6 0.70765 0.4859984375 0.7080031250000001 0.4735046875 0.620221875 0.4379921875 0.618175 0.45420156250000004 0.70729375 0.4883703125 0.70765 0.4859984375
6 0.7081921875 0.4966375 0.7056328125 0.490328125 0.6183703125 0.455896875 0.6192624999999999 0.46596562500000005 0.6177859375 0.47668437499999994 0.7070015625 0.5099578124999999 0.7085828125 0.5029 0.7081921875 0.4966375
6 0.6123125 0.48716406250000005 0.61214375 0.49328593749999994 0.7138828125 0.5298 0.715028125 0.527809375 0.71531875 0.5143578125 0.6141203125 0.476103125 0.6123125 0.48716406250000005
6 0.7067453125000001 0.47069375 0.7089046875 0.46617968750000005 0.7087015625 0.46146562500000005 0.707621875 0.455765625 0.6196484375 0.4204140625 0.620628125 0.42207343750000004 0.620628125 0.428834375 0.618953125 0.43587031249999997 0.7067453125000001 0.47069375
6 0.7066890625 0.3041109375 0.7087265625 0.2929859375 0.7073328125 0.279165625 0.70564375 0.27381875 0.620365625 0.252865625 0.6231703125 0.261940625 0.6228671875 0.2763890625 0.620703125 0.283684375 0.7066890625 0.3041109375
6 0.7053140625000001 0.5797984375 0.7060484375 0.5651390625 0.626046875 0.5330453125 0.6242062500000001 0.5486265625 0.626515625 0.5495890625000001 0.6266484375 0.5480078125000001 0.6322765625 0.550634375 0.7053140625000001 0.5797984375
6 0.704971875 0.383078125 0.6295609375 0.3609234375 0.6289343749999999 0.3718171875 0.6288765625 0.3816296875 0.6294593749999999 0.3891765625 0.7052515625 0.4090546875 0.7056765625 0.3919125 0.704971875 0.383078125
6 0.7139203125 0.596478125 0.7110171875 0.5928765625 0.6267109375000001 0.5487437500000001 0.62603125 0.5598562499999999 0.625009375 0.5692796875 0.622259375 0.5738749999999999 0.6223328125 0.5743359375 0.708421875 0.6157109375 0.7112671875000001 0.6153171875 0.7129375 0.610615625 0.7134140625 0.6023031249999999 0.7139203125 0.596478125
6 0.703421875 0.4428609375 0.6348140625 0.414734375 0.6353921875 0.416078125 0.6341281249999999 0.4258390625 0.7025078125 0.453815625 0.703421875 0.4428609375
6 0.7071875000000001 0.34597656250000003 0.7059859375 0.3389 0.6304390625 0.3147015625 0.6315140625 0.33078281249999997 0.7068640625 0.352471875 0.7071875000000001 0.34597656250000003
6 0.6274078125 0.50103125 0.627315625 0.510671875 0.625915625 0.5210296875 0.6232328125000001 0.52510625 0.7114843750000001 0.564175 0.7140125 0.5601234374999999 0.7156203125 0.55201875 0.715609375 0.541796875 0.714765625 0.537765625 0.6261625000000001 0.498659375 0.6274078125 0.50103125
6 0.6371796875 0.39336875 0.6366578125 0.4023203125 0.6416875 0.40222187500000006 0.6711890625 0.4126203125 0.7039546875 0.42150156250000004 0.7040875 0.41188281250000003 0.6371796875 0.39336875
6 0.71025625 0.3748234375 0.7099 0.3565359375 0.6342953125 0.3344390625 0.633740625 0.3564390625 0.710078125 0.3759296875 0.71025625 0.3748234375
6 0.70823125 0.433196875 0.7077875 0.42475312499999995 0.6416999999999999 0.40304687499999997 0.6409374999999999 0.41269687499999996 0.70823125 0.433196875