6 0.49661875 0.505053125 0.6292890625 0.5031125000000001 0.629834375 0.48284062499999997 0.49807499999999993 0.4875859375 0.49661875 0.4882328125 0.49661875 0.505053125
6 0.6167312500000001 0.3355625 0.6156390625 0.32553437500000004 0.61509375 0.316478125 0.6154578125 0.30521875 0.5022609375 0.3355625 0.5000765625 0.3475296875 0.5000765625 0.359175 0.6167312500000001 0.3355625
6 0.4984390625 0.4542703125 0.6167312500000001 0.442303125 0.615821875 0.43130468750000006 0.6161859375 0.4194265625 0.49898437500000004 0.432275 0.497528125 0.4374515625 0.497528125 0.4452140625 0.4984390625 0.4542703125
6 0.6125453125 0.3366015625 0.500621875 0.3601453125 0.49825625 0.36758437499999996 0.4978921875 0.3795515625 0.49825625 0.3902265625 0.6140015625 0.372759375 0.6125453125 0.366290625 0.6125453125 0.35788125000000004 0.612 0.34461875000000003 0.6125453125 0.3366015625
6 0.4964359375 0.522228125 0.6145484375 0.5244921875 0.6138203125 0.5044375 0.4962546875 0.50573125 0.4964359375 0.522228125
6 0.6130921875 0.3947546875 0.6127281250000001 0.381815625 0.61345625 0.37251406249999997 0.4991671875 0.3895796875 0.4968 0.3999296875 0.4962546875 0.41092812500000003 0.497346875 0.4228953125 0.4984390625 0.43130468750000006 0.614184375 0.417396875 0.6136375000000001 0.40704531250000003 0.6130921875 0.3947546875
6 0.612 0.4656921875 0.49771093750000006 0.47044375 0.4964359375 0.4798234375 0.497346875 0.4869390625 0.6132734375 0.48079375 0.6136375000000001 0.46526875 0.612 0.4656921875
6 0.6090875 0.30515781249999996 0.60890625 0.26768749999999997 0.5029890625 0.303215625 0.5008046875 0.31324375 0.5011687499999999 0.32844531250000003 0.5029890625 0.3352390625 0.6090875 0.30515781249999996
6 0.4938890625 0.5840078125 0.4938890625 0.5975937499999999 0.4946171875 0.6056796875 0.6138203125 0.6221765625 0.6123640625 0.613765625 0.6123640625 0.6040625000000001 0.6130921875 0.587665625 0.49607343750000005 0.5768921875 0.4938890625 0.5840078125
6 0.49370624999999996 0.6238078125000001 0.6127281250000001 0.6425671875 0.6140015625 0.6229312499999999 0.4940703125 0.606340625 0.49370624999999996 0.6238078125000001
6 0.49880312499999996 0.47044375 0.6058125000000001 0.4633265625 0.6063578125 0.445309375 0.4991671875 0.4542703125 0.49880312499999996 0.47044375
6 0.49479843749999997 0.666503125 0.60108125 0.6875281249999999 0.6012625 0.6636968750000001 0.494253125 0.645478125 0.49479843749999997 0.666503125
6 0.4946171875 0.6438609375000001 0.594165625 0.6593875 0.5956203125 0.6407265625 0.49589062500000003 0.6244546875 0.4946171875 0.6325406250000001 0.4946171875 0.6438609375000001
6 0.59525625 0.6884984375000001 0.494434375 0.6674734375 0.49370624999999996 0.6781484375 0.49370624999999996 0.68170625 0.4938890625 0.691409375 0.595075 0.716984375 0.59525625 0.6884984375000001
6 0.49607343750000005 0.5374296875 0.5865218750000001 0.5429296875 0.5870671875 0.52675625 0.4964359375 0.5235218749999999 0.49607343750000005 0.5374296875
6 0.4978921875 0.5642765625 0.58288125 0.5697765625 0.583428125 0.5439890625 0.497528125 0.5396953124999999 0.4978921875 0.5642765625
6 0.497346875 0.5765687500000001 0.5825171874999999 0.5853015625 0.5827 0.571165625 0.497528125 0.5652484375 0.497346875 0.5765687500000001
6 0.36977187499999997 0.644853125 0.4425671875 0.656175 0.4432953125 0.61743125 0.3717734375 0.6092734375 0.36977187499999997 0.644853125
6 0.3694078125 0.6545578125 0.43219375 0.6652312499999999 0.432921875 0.6539906249999999 0.3699546875 0.6458234375 0.3694078125 0.6545578125
6 0.4361984375 0.6791406249999999 0.3654046875 0.6655546875 0.3643125 0.689490625 0.36613281249999996 0.6943421875 0.43674375000000004 0.7088984375 0.437290625 0.6856093750000001 0.4361984375 0.6791406249999999
6 0.368134375 0.664584375 0.43055625 0.6762296875 0.4307390625 0.664990625 0.36904375 0.6552046875 0.368134375 0.664584375
6 0.43492499999999995 0.712875 0.3639484375 0.6962828125 0.3624921875 0.7004875 0.3614 0.7160140625 0.43474218750000004 0.735421875 0.4345609375 0.7270109375 0.43492499999999995 0.712875