6 0.5854359375 0.5135953125 0.475821875 0.5221453125 0.47522343749999996 0.538390625 0.58440625 0.5285578125 0.5854359375 0.5135953125
6 0.5856140625 0.36886406250000003 0.48149687500000005 0.35481875 0.481096875 0.371884375 0.5849265625 0.3838265625 0.5857859375000001 0.37344374999999996 0.5856140625 0.36886406250000003
6 0.5863015625 0.47176406249999997 0.5876750000000001 0.4574140625 0.5863015625 0.44367343750000005 0.4827 0.43970312500000003 0.484075 0.44947499999999996 0.483903125 0.46626874999999995 0.4823328125 0.48316406250000005 0.5835515625000001 0.48122968750000006 0.5863015625 0.47176406249999997
6 0.589221875 0.36367343750000003 0.5897375 0.3593984375 0.588878125 0.3523765625 0.48493281250000003 0.334665625 0.4857921875 0.341078125 0.4854484375 0.34840625 0.48441718749999996 0.3532921875 0.5869875 0.36825312499999996 0.589221875 0.36367343750000003
6 0.485734375 0.43672812499999997 0.5885343749999999 0.4406203125 0.59008125 0.4329859375 0.589221875 0.42504687499999994 0.48562031250000004 0.421078125 0.4864796875 0.429321875 0.485734375 0.43672812499999997
6 0.4857921875 0.4928328125 0.48665156249999997 0.49985625 0.4864796875 0.5139015625 0.485271875 0.520925 0.589565625 0.5126796875 0.5909390625000001 0.502909375 0.5909390625000001 0.4876421875 0.4857921875 0.4928328125
6 0.5840671875 0.5361906249999999 0.4964453125 0.5416875 0.4968609375 0.5699890625 0.5835515625000001 0.561534375 0.5840671875 0.5361906249999999
6 0.5912828125 0.385353125 0.5034890625 0.374971875 0.5019625 0.4172203125 0.5890500000000001 0.42413125 0.5912828125 0.385353125
6 0.5115640625 0.3215359375 0.5115640625 0.3303921875 0.5107046875 0.3361921875 0.5924859375 0.35085 0.5936890625 0.3374140625 0.5115640625 0.3215359375
6 0.5099984375 0.3161078125 0.598328125 0.332528125 0.5991859374999999 0.3267265625 0.5991859374999999 0.3175671875 0.508815625 0.29833125 0.508815625 0.30626875 0.5099984375 0.3161078125
6 0.68531875 0.8479828125 0.6856625000000001 0.84218125 0.684115625 0.8339375 0.6133296875 0.8656921875 0.6143609375 0.8717984375000001 0.6138453125 0.8812640625 0.6123140625 0.8903625 0.68394375 0.8559218749999999 0.68531875 0.8479828125
6 0.6889265625000001 0.8256921875 0.6885828125 0.819890625 0.6875515625 0.8159218750000001 0.61058125 0.8479828125 0.611440625 0.8540890624999999 0.6117843749999999 0.8605015625 0.610925 0.8653875 0.6882390625 0.832715625 0.6889265625000001 0.8256921875
6 0.690815625 0.87576875 0.69064375 0.8666078125000001 0.6894421875 0.8653875 0.6129859375 0.9008062499999999 0.6141890625 0.908134375 0.6143609375 0.9194328125 0.6138453125 0.9252343749999999 0.69064375 0.8852343749999999 0.690815625 0.87576875
6 0.69408125 0.7743953125 0.62741875 0.8082874999999999 0.6283875 0.8224953125000001 0.69305 0.788440625 0.69408125 0.7743953125
6 0.6329171875 0.820196875 0.6324015625 0.83790625 0.6325734375 0.8372953125 0.6892703124999999 0.813784375 0.6899578125 0.7942421875 0.6329171875 0.820196875
6 0.69940625 0.7609609374999999 0.62673125 0.796075 0.62673125 0.8082874999999999 0.698546875 0.771646875 0.69940625 0.7609609374999999