6 0.5393484374999999 0.7386109375000001 0.538034375 0.7266921875000001 0.5375593750000001 0.7133890625 0.5382046875000001 0.697734375 0.425228125 0.6768328125 0.42265625 0.687946875 0.42258593749999995 0.69666875 0.42346562499999996 0.7067187500000001 0.42620312499999996 0.712959375 0.539625 0.73983125 0.5393484374999999 0.7386109375000001
6 0.426040625 0.7144640625 0.4261734375 0.7273625 0.515634375 0.749578125 0.51573125 0.7362078125 0.426040625 0.7144640625
6 0.4278140625 0.728815625 0.4271265625 0.7429484375000001 0.4307546875 0.7433562499999999 0.430671875 0.74521875 0.5094421875 0.765921875 0.509771875 0.7646234375 0.5133890625 0.765584375 0.5138828125 0.7506953125 0.4278140625 0.728815625
6 0.5146171875000001 0.7806890625 0.5136499999999999 0.768021875 0.4263921875 0.74425 0.428371875 0.757496875 0.5111625 0.7802421875000001 0.510971875 0.77948125 0.5146171875000001 0.7806890625
6 0.3837765625 0.50538125 0.382534375 0.50330625 0.38177500000000003 0.49971718750000005 0.3815875 0.4929359375 0.38191875 0.48737343749999995 0.383128125 0.48268125 0.294065625 0.4932078125 0.292925 0.49714375000000005 0.2923453125 0.50210625 0.2931765625 0.5084515625 0.294378125 0.51294375 0.3837765625 0.50538125
6 0.29357812499999997 0.5142249999999999 0.2929453125 0.5291015625 0.3813265625 0.5259921875 0.381809375 0.5093296875 0.29357812499999997 0.5142249999999999
6 0.37472500000000003 0.698771875 0.373903125 0.6853203125 0.30007812500000003 0.6671609375 0.299859375 0.6700453125 0.301109375 0.686125 0.374621875 0.7051921875 0.37472500000000003 0.698771875
6 0.293321875 0.5311328125 0.2915578125 0.5347109375 0.2916921875 0.5410484375 0.29281562499999997 0.5449609375 0.3817015625 0.5462 0.380209375 0.540059375 0.380059375 0.5339921875 0.3814890625 0.529190625 0.293321875 0.5311328125
6 0.2918109375 0.7136265625 0.29286249999999997 0.720634375 0.2945015625 0.7248921875 0.38037187499999997 0.74598125 0.379090625 0.74504375 0.3777359375 0.7400453125 0.3772390625 0.7323109375 0.377009375 0.72536875 0.377734375 0.7204140625 0.3795046875 0.7151890625 0.29326875 0.6962328125 0.2922515625 0.6983078125 0.29183906249999997 0.7060890625 0.2918109375 0.7136265625
6 0.2952984375 0.6153 0.3699875 0.63334375 0.37025312499999996 0.6240187500000001 0.37027343749999997 0.6142890624999999 0.3697859375 0.6039140625 0.2948890625 0.5887765625 0.2946984375 0.5998171875 0.2952984375 0.6153
6 0.29296875 0.651375 0.2939328125 0.6598843750000001 0.3694484375 0.6820859375 0.36764375 0.6662874999999999 0.29345781249999997 0.64676875 0.29296875 0.651375
6 0.296784375 0.5519828125 0.29656875 0.55775 0.365240625 0.56335 0.36543125 0.5500953125 0.29773125 0.5462359375 0.296784375 0.5519828125
6 0.2960265625 0.5759453125 0.2960296875 0.585234375 0.36260625 0.5992375 0.3630328125 0.589271875 0.2960265625 0.5759453125
6 0.2899890625 0.62310625 0.289575 0.628865625 0.28986875 0.6361 0.2905953125 0.6418984375 0.36533125 0.6617140625 0.3656328125 0.6544484374999999 0.36550937499999997 0.6470125 0.36517343750000003 0.6416890625 0.2899890625 0.62310625
6 0.3714234375 0.1010015625 0.279134375 0.23768125 0.28111406250000004 0.2538296875 0.303403125 0.21950625 0.3563640625 0.137821875 0.3603953125 0.140178125 0.375909375 0.1189640625 0.3715203125 0.10164218750000001 0.3714234375 0.1010015625
6 0.29234218749999996 0.5658484374999999 0.29200312500000003 0.5742671875 0.3585453125 0.5875375 0.3589140625 0.5769734375 0.29234218749999996 0.5658484374999999
6 0.2775328125 0.2599625 0.2771296875 0.266890625 0.27778281250000003 0.27532968750000003 0.2790296875 0.28245624999999996 0.2810640625 0.288309375 0.2822296875 0.289896875 0.3442953125 0.20337968750000002 0.348253125 0.205115625 0.3688046875 0.17738437499999998 0.3662875 0.1726265625 0.3631265625 0.163215625 0.35991875 0.15205625 0.356509375 0.1376921875 0.2775328125 0.2599625
6 0.36254375 0.10185 0.359471875 0.094015625 0.3580109375 0.0869515625 0.358015625 0.0816046875 0.28080937499999997 0.20728906249999998 0.28054375 0.2154296875 0.2823234375 0.2246734375 0.28490000000000004 0.22895625000000003 0.29705312500000003 0.21077343750000002 0.36508124999999997 0.1072078125 0.36254375 0.10185
6 0.285971875 0.19204062500000002 0.28700625 0.1973953125 0.3577203125 0.0817203125 0.357321875 0.07771249999999999 0.285971875 0.19204062500000002
6 0.355946875 0.2383796875 0.3554421875 0.2334078125 0.277771875 0.34550468749999996 0.276975 0.35015 0.2787234375 0.356465625 0.2806984375 0.35933281250000004 0.3592890625 0.2471734375 0.35757812499999997 0.2448 0.355946875 0.2383796875
6 0.3616140625 0.046190625 0.3614265625 0.0367546875 0.362084375 0.0326671875 0.273009375 0.094578125 0.2718265625 0.10285625000000001 0.272384375 0.109028125 0.27325625 0.11733125 0.2750625 0.1185953125 0.363625 0.0617328125 0.3626015625 0.057701562500000005 0.3616140625 0.046190625
6 0.2778359375 0.3292921875 0.3374921875 0.25973437499999996 0.352490625 0.2366 0.34401875 0.2039171875 0.27552656249999996 0.2992625 0.2778359375 0.3292921875
6 0.2789359375 0.363165625 0.279240625 0.3694890625 0.27984375 0.3770921875 0.2815140625 0.38323593749999996 0.344853125 0.3093546875 0.34445312499999997 0.30515625 0.34135624999999997 0.2945890625 0.339021875 0.2870640625 0.2789359375 0.363165625