4 0.5992283656249999 0.6333034166666667 0.603752403125 0.6364957277777777 0.60900480625 0.6371752111111111 0.614346153125 0.6359786333333333 0.619903846875 0.63136325 0.63470673125 0.4304829055555556 0.63269951875 0.4322692333333334 0.6269447125000001 0.4339529888888889 0.618747596875 0.4339059833333333 0.612076921875 0.43230341666666666 0.5992283656249999 0.6333034166666667
4 0.64466105625 0.6283034166666667 0.657235578125 0.48061111111111116 0.658048078125 0.4736880333333333 0.6515961531250001 0.4761666666666666 0.6514086531250001 0.47646581111111114 0.63810576875 0.6233247888888889 0.637540865625 0.6303034166666667 0.64466105625 0.6283034166666667
4 0.6411947125 0.47262393333333336 0.6332187499999999 0.47265812222222225 0.62053125 0.6315042722222223 0.627646634375 0.6302307666666667 0.6411947125 0.47262393333333336
4 0.63670673125 0.6237478611111111 0.6377572125000001 0.6235769222222223 0.649810096875 0.4829188055555556 0.6482740375 0.4832222222222222 0.6489302875 0.47650427222222225 0.641139421875 0.47614957222222226 0.62899519375 0.6277606833333333 0.6368750000000001 0.6299914555555556 0.63670673125 0.6237478611111111
4 0.595365384375 0.4767136777777778 0.5888701937499999 0.4743076944444444 0.5631490375 0.6359230777777778 0.5694567312500001 0.6367606833333334 0.595365384375 0.4767136777777778
4 0.60455048125 0.47993162222222224 0.5980697125 0.47728205 0.570759615625 0.6381794888888889 0.576947115625 0.6390897444444444 0.60455048125 0.47993162222222224
4 0.6038197125 0.7229529888888889 0.5997427875 0.7235256388888889 0.591766828125 0.8543931611111112 0.603701921875 0.8541794888888888 0.611891828125 0.7217136777777777 0.607596153125 0.7215811944444445 0.6038197125 0.7229529888888889
4 0.62059375 0.7142564111111112 0.6098413468749999 0.8671282055555556 0.6123461531250001 0.8693076944444443 0.61589423125 0.8706367500000001 0.6204879812499999 0.870098288888889 0.6239134625 0.8682393166666666 0.6267908656250001 0.86471795 0.638627403125 0.7128888888888889 0.635134615625 0.7161068388888888 0.629264421875 0.7176794888888889 0.62485576875 0.7171538444444445 0.62059375 0.7142564111111112
4 0.438185096875 0.7232735055555556 0.42984375 0.7286196555555555 0.478341346875 0.8723162388888889 0.48597355625 0.8685854722222222 0.438185096875 0.7232735055555556
4 0.444052884375 0.7274444444444444 0.44169230625000006 0.7277692333333333 0.441216346875 0.7279017111111111 0.486658653125 0.8694871777777777 0.490146634375 0.8731923055555555 0.4928125 0.8721880333333333 0.49527403750000004 0.869388888888889 0.44910576874999997 0.7235470111111111 0.448877403125 0.7229230777777779 0.44726923125000007 0.7252136777777778 0.444052884375 0.7274444444444444
4 0.46235576875 0.7464017111111111 0.49837019375 0.8566666666666666 0.501829328125 0.8580555555555555 0.5053701937499999 0.8557179500000001 0.468860578125 0.7410683777777779 0.46741826875000003 0.7436752111111111 0.46584375 0.7454188055555556 0.46388701875000005 0.7463247888888889 0.46235576875 0.7464017111111111
4 0.4116802875 0.7291709388888888 0.408072115625 0.7322264944444444 0.40529326875000005 0.7330470111111111 0.40335096249999997 0.7328205111111111 0.45315144375000005 0.8762521388888889 0.45672836562499997 0.8789529888888888 0.46078846249999994 0.877170938888889 0.461853365625 0.8745982888888889 0.42558413437500003 0.7607222222222223 0.42487980625 0.7545213666666667 0.41487019375 0.725179488888889 0.4116802875 0.7291709388888888
4 0.311497596875 0.7466410277777779 0.312798078125 0.7409145277777777 0.3038365375 0.7142478611111112 0.29385336562500003 0.7192222222222223 0.3534759625 0.8921111111111112 0.361923078125 0.8914829055555556 0.34026923125 0.8267222222222222 0.311497596875 0.7466410277777779
4 0.282125 0.7394145277777778 0.334841346875 0.8872478611111111 0.3375697125 0.8899957277777778 0.3418990375 0.8901965833333334 0.34673076875 0.8883034166666666 0.34977403749999997 0.8846068388888889 0.323795671875 0.8072008555555555 0.29777644375 0.7321880333333334 0.296677884375 0.7341965833333333 0.28943269374999997 0.7384615388888889 0.285564903125 0.7402264944444444 0.282125 0.7394145277777778
4 0.34578605625000003 0.7626538444444445 0.335372596875 0.7278290611111111 0.33163701875 0.7334188055555556 0.32449519375 0.7384017111111111 0.31499519375 0.7439529888888889 0.311326921875 0.7456581222222222 0.364920671875 0.8932606833333333 0.3674375 0.896747861111111 0.371634615625 0.8972264944444444 0.378209134375 0.8957606833333333 0.384502403125 0.892252138888889 0.372415865625 0.8542692333333334 0.34441105625 0.7693076944444444 0.34578605625000003 0.7626538444444445
4 0.32334615312500004 0.8873931611111112 0.3316947125 0.8871410277777778 0.29973798125 0.7892863222222223 0.2843822125 0.7460940166666666 0.277471153125 0.7486794888888888 0.32334615312500004 0.8873931611111112
4 0.42585576875 0.7623418777777778 0.46569951875 0.8865641 0.473509615625 0.8814145277777778 0.43423076875 0.7529829055555556 0.429233171875 0.7582863222222221 0.42585576875 0.7623418777777778
4 0.361704328125 0.7501923055555556 0.36115144374999997 0.7493589722222223 0.411685096875 0.8981025666666665 0.41529326875 0.9011495722222221 0.417954328125 0.8993034166666667 0.4198677875 0.8952948722222221 0.3701875 0.7437136777777777 0.368189903125 0.7482521388888889 0.36512740312499997 0.7500170944444444 0.361704328125 0.7501923055555556
4 0.236697115625 0.747025638888889 0.27656730625 0.9026923055555555 0.280834134375 0.9039786333333333 0.284584134375 0.9043760666666666 0.287625 0.9027863222222223 0.289028846875 0.9002136777777778 0.28937019375 0.8968846166666667 0.25319951875 0.7414188055555556 0.250584134375 0.7442820499999999 0.244766828125 0.7473076944444444 0.23926201875 0.7480683777777778 0.236697115625 0.747025638888889
4 0.309197115625 0.8909658111111111 0.315108171875 0.8900598277777778 0.31753125 0.8885000000000001 0.278875 0.754034188888889 0.27477644375 0.75536325 0.267954328125 0.7585085444444445 0.26352644375 0.7622948722222223 0.26213221249999996 0.7654829055555555 0.30319471249999996 0.8919914555555555 0.309197115625 0.8909658111111111
4 0.41481250000000003 0.7676538444444445 0.410721153125 0.7689615388888889 0.401564903125 0.7761965833333333 0.4355384625 0.8856453000000001 0.44030769375 0.8874615388888889 0.447834134375 0.8849316222222222 0.41481250000000003 0.7676538444444445
4 0.34481490312499996 0.7695641 0.38696394375 0.8980341888888889 0.405677884375 0.897675211111111 0.378115384375 0.7980555555555556 0.36459615312500004 0.7596538444444445 0.36496875 0.7605897444444444 0.3646009625 0.7592692333333334 0.36095673125 0.7600598277777777 0.35186538437500003 0.7654487166666666 0.34481490312499996 0.7695641
4 0.3930865375 0.7625811944444444 0.389697115625 0.7635769222222223 0.380189903125 0.7713803444444445 0.420875 0.8978162388888888 0.42466826874999997 0.8982478611111111 0.43252644374999993 0.8951837611111111 0.3930865375 0.7625811944444444