6 0.4967171875 0.5046359375 0.4937796875 0.26875 0.4826046875 0.2684421875 0.4860078125 0.5031 0.4911890625 0.5049421875 0.4967171875 0.5046359375
6 0.3843 0.2920921875 0.40171718749999996 0.493578125 0.40638125 0.4969578125 0.4145 0.4963421875 0.39947187500000003 0.29117187499999997 0.39308125 0.2930140625 0.3843 0.2920921875
6 0.46044375000000004 0.5031 0.46545312499999997 0.501871875 0.467353125 0.499721875 0.46044375000000004 0.29117187499999997 0.4554359375 0.2920921875 0.4504265625 0.2917859375 0.44701562499999997 0.2917859375 0.45578124999999997 0.499721875 0.46044375000000004 0.5031
6 0.40085468750000003 0.2982359375 0.415190625 0.4969578125 0.4195078125 0.5012578125 0.4316 0.5003359374999999 0.4205453125 0.2970078125 0.41225468750000005 0.29885 0.40085468750000003 0.2982359375
6 0.3628765625 0.304378125 0.3839265625 0.49204218749999995 0.392909375 0.495421875 0.401371875 0.49234999999999995 0.38444531249999997 0.30315 0.3756359375 0.3049921875 0.3628765625 0.304378125
6 0.4856625 0.5031 0.4815171875 0.2967 0.47288125000000003 0.2960859375 0.47754375 0.502178125 0.4856625 0.5031
6 0.4951625 0.2963921875 0.4970625 0.5040218750000001 0.500171875 0.504328125 0.5056984375 0.5040218750000001 0.505525 0.295471875 0.5012078125 0.2967 0.4951625 0.2963921875
6 0.4385078125 0.5046359375 0.44869843749999994 0.5040218750000001 0.4549171875 0.5000281249999999 0.445590625 0.295471875 0.4397171875 0.2963921875 0.43039062499999997 0.2970078125 0.4207546875 0.2967 0.4316 0.49910781249999997 0.4385078125 0.5046359375
6 0.5523703125 0.508321875 0.5604890625000001 0.295778125 0.553925 0.297928125 0.5420375 0.295778125 0.536825 0.5055578125 0.53924375 0.5080140625 0.5464984375 0.5095500000000001 0.5523703125 0.508321875
6 0.562215625 0.5101640625 0.5720609375000001 0.2982359375 0.5610421875 0.297928125 0.5528890625 0.508321875 0.562215625 0.5101640625
6 0.47702656250000003 0.5003359374999999 0.4723625 0.3080640625 0.46182656250000004 0.3080640625 0.467871875 0.5000281249999999 0.47702656250000003 0.5003359374999999
6 0.5863968749999999 0.5089359375 0.5979703125 0.3182 0.5835015625 0.319121875 0.5746515624999999 0.508321875 0.5789703125 0.5095500000000001 0.5863968749999999 0.5089359375
6 0.5699890625 0.327721875 0.5635984374999999 0.5070921875 0.567915625 0.508321875 0.5722343750000001 0.508628125 0.5739609375 0.5070921875 0.581734375 0.3317140625 0.5699890625 0.327721875
6 0.60090625 0.5101640625 0.6140328125 0.3311 0.5987046874999999 0.329871875 0.5874343750000001 0.508321875 0.592615625 0.5098578125000001 0.60090625 0.5101640625
6 0.51486875 0.5074 0.516078125 0.344921875 0.507440625 0.3443078125 0.506578125 0.5067859375 0.51486875 0.5074
6 0.52974375 0.5024859375 0.531815625 0.351678125 0.51733125 0.35045000000000004 0.515925 0.5012578125 0.52974375 0.5024859375
6 0.532334375 0.3510640625 0.5299171874999999 0.5034078125 0.536825 0.5037140625000001 0.539934375 0.351678125 0.532334375 0.3510640625
6 0.5758609375 0.730078125 0.581215625 0.6004640625000001 0.5600046875 0.59985 0.5559984375 0.7260859375 0.5758609375 0.730078125
6 0.5813890625 0.73130625 0.5865703124999999 0.618278125 0.5805640624999999 0.6179718750000001 0.57620625 0.7303859375 0.577415625 0.730078125 0.5813890625 0.73130625
6 0.6019421875 0.7386781250000001 0.6105796875 0.6124421875 0.60280625 0.6099859375000001 0.594559375 0.6112140625 0.590715625 0.669878125 0.5872609375 0.73775625 0.595896875 0.73990625 0.6019421875 0.7386781250000001
6 0.5865703124999999 0.73315 0.5922703125 0.622271875 0.5867843749999999 0.62135 0.5813890625 0.7316140625 0.5839796875000001 0.7325359375 0.5865703124999999 0.73315
6 0.6138609374999999 0.6145921875 0.604534375 0.7429781249999999 0.6098874999999999 0.7445140625 0.6155875 0.745128125 0.6264703125 0.6149 0.6224968750000001 0.615821875 0.6138609374999999 0.6145921875