6 0.5373265625 0.534928125 0.5366328125 0.5410984375 0.537846875 0.5506624999999999 0.658159375 0.5549828125 0.657465625 0.5380765625 0.5373265625 0.534928125
6 0.649478125 0.652278125 0.5430546875 0.6361375 0.543403125 0.6506375 0.6501734375 0.6700765625 0.649478125 0.652278125
6 0.6491328125 0.6534140625 0.647915625 0.644465625 0.647915625 0.6260421875 0.542534375 0.611140625 0.5407984375 0.6188546875000001 0.5423609375 0.635209375 0.6491328125 0.6534140625
6 0.640971875 0.6862265625 0.5451390625 0.667640625 0.546875 0.6846109375 0.6420140625 0.704978125 0.640971875 0.6862265625
6 0.546875 0.6861531249999999 0.5470484375 0.6984953125 0.5486109375 0.70374375 0.6376734374999999 0.7265765625 0.636459375 0.7068296875 0.546875 0.6861531249999999
6 0.537846875 0.5515890625 0.5376734375 0.5568328124999999 0.538715625 0.5642390625 0.644965625 0.5707171875 0.6444453125 0.55474375 0.537846875 0.5515890625
6 0.634896875 0.6669921875 0.5444453125 0.65125625 0.544965625 0.6669921875 0.6342015625 0.6814953125 0.634896875 0.6669921875
6 0.5362843749999999 0.5204234375000001 0.5352421875 0.52659375 0.5359375 0.534615625 0.643228125 0.535234375 0.641840625 0.521103125 0.5362843749999999 0.5204234375000001
6 0.5335078125 0.4951203125 0.533159375 0.4975890625 0.5350703125 0.505303125 0.6435765625000001 0.501290625 0.642534375 0.4945046875 0.6420140625 0.48159843750000003 0.5335078125 0.4877140625 0.5335078125 0.4951203125
6 0.6388890625 0.47290625000000003 0.6376734374999999 0.45747499999999997 0.6375 0.44116718749999995 0.530903125 0.45006874999999996 0.530209375 0.45716718749999996 0.5298609375 0.46518750000000003 0.5310765625 0.479384375 0.5340281250000001 0.48740625 0.640971875 0.4806203125 0.6388890625 0.47290625000000003
6 0.6345484375 0.5028937499999999 0.5357640625 0.5056109375 0.5359375 0.5188796875 0.634896875 0.5176453125 0.6345484375 0.5028937499999999
6 0.634721875 0.406290625 0.5296875 0.4222984375 0.5289921875 0.43032031249999997 0.529340625 0.4408125 0.530903125 0.45006874999999996 0.6366328125 0.43741874999999997 0.6355906250000001 0.430940625 0.6342015625 0.417978125 0.634721875 0.406290625
6 0.636978125 0.40409375000000003 0.6359375 0.393603125 0.6361109375 0.37974375 0.5289921875 0.3979234375 0.528125 0.40779531249999995 0.5295140625 0.420140625 0.636978125 0.40409375000000003
6 0.619271875 0.607440625 0.5418406250000001 0.59910625 0.5421875 0.610525 0.6196171875 0.6197828125 0.619271875 0.607440625
6 0.6211796875 0.5748078125 0.538715625 0.5673250000000001 0.5392359375 0.57874375 0.621353125 0.5876921875 0.6211796875 0.5748078125
6 0.6189234375 0.5876921875 0.540278125 0.579975 0.5414921875 0.5997265625 0.6196171875 0.6086703124999999 0.6189234375 0.5876921875
6 0.627084375 0.34208906250000004 0.5279515625 0.3652140625 0.5272578125 0.372928125 0.5272578125 0.380640625 0.527778125 0.390209375 0.530209375 0.39823125 0.630209375 0.37848281250000004 0.628471875 0.36675625 0.627084375 0.34208906250000004
6 0.43170000000000003 0.7124406249999999 0.43205781249999997 0.718815625 0.4329546875 0.7224781250000001 0.49884843749999996 0.739209375 0.4981328125 0.735546875 0.49759374999999995 0.7223203125000001 0.43187968750000005 0.7076625 0.43170000000000003 0.7124406249999999
6 0.49777187500000003 0.708778125 0.497325 0.6993765625 0.4956203125 0.6947953124999999 0.43107187500000005 0.6815296875 0.4323265625 0.7020859374999999 0.49857968750000003 0.7173796875 0.49777187500000003 0.708778125
6 0.496875 0.640546875 0.4295140625 0.632153125 0.4314234375 0.6611625 0.4975703125 0.6719609375 0.496875 0.640546875
6 0.49060156250000003 0.6799359375 0.49033125 0.6712046875000001 0.4321484375 0.6625687499999999 0.4322375 0.67005625 0.49060156250000003 0.6799359375
6 0.4322375 0.6748375 0.4329546875 0.6778625 0.48979375 0.690290625 0.49006249999999996 0.6802515625 0.4322375 0.670534375 0.4322375 0.6748375