6 0.48687031249999996 0.63724375 0.48584843749999995 0.6463328125000001 0.4863578125 0.6551203125 0.6232359375 0.6778421875 0.6232359375 0.657303125 0.48687031249999996 0.63724375
6 0.6101109375 0.8005640625 0.48738281250000004 0.7599703124999999 0.4872109375 0.7778421875 0.6094296875 0.8190468750000001 0.6101109375 0.8005640625
6 0.6085765624999999 0.765184375 0.48840312499999994 0.73176875 0.487553125 0.737221875 0.4867 0.747521875 0.48772343749999997 0.75815 0.6089187500000001 0.7972312500000001 0.6077234375 0.7890296875 0.607553125 0.776303125 0.6085765624999999 0.765184375
6 0.4872109375 0.6596625 0.4872109375 0.6672390625 0.4880625 0.6720859375 0.60704375 0.6948078125 0.6072140625 0.6878375 0.60704375 0.675721875 0.4880625 0.654815625 0.4872109375 0.6596625
6 0.6082359375 0.61205625 0.607384375 0.60326875 0.607384375 0.5875171875 0.48618750000000005 0.5808500000000001 0.48533593750000004 0.589940625 0.48618750000000005 0.602059375 0.6082359375 0.61205625
6 0.48618750000000005 0.6365937500000001 0.6067015625 0.652046875 0.60653125 0.634778125 0.487553125 0.619325 0.48618750000000005 0.6232656249999999 0.4855078125 0.6308374999999999 0.48618750000000005 0.6365937500000001
6 0.604315625 0.4660296875 0.48584843749999995 0.477846875 0.4849953125 0.48784218749999997 0.48584843749999995 0.496021875 0.48601875000000005 0.5029921875000001 0.60516875 0.49571718750000004 0.6044859375 0.48875156249999996 0.6036343750000001 0.47572187499999996 0.604315625 0.4660296875
6 0.6060187499999999 0.5853937499999999 0.6034640625 0.5775171875 0.6034640625 0.569034375 0.603121875 0.5514609375 0.6039734375 0.538209375 0.485678125 0.5363156250000001 0.48363281249999995 0.5435859375 0.482778125 0.558734375 0.4834609375 0.568428125 0.4855078125 0.5796375 0.6060187499999999 0.5853937499999999
6 0.5983484375 0.8387390625 0.48874531250000003 0.7999578125 0.48959843750000004 0.8208624999999999 0.5992015625 0.8629749999999999 0.5983484375 0.8387390625
6 0.6026109374999999 0.535103125 0.6020984375 0.5311671875 0.601246875 0.5211671875 0.60090625 0.5090515625 0.60141875 0.499721875 0.48584843749999995 0.5045046875 0.4843125 0.507534375 0.483803125 0.5208625 0.4841421875 0.532071875 0.4863578125 0.5360125 0.6026109374999999 0.535103125
6 0.598178125 0.6126625 0.48772343749999997 0.602359375 0.48772343749999997 0.61841875 0.5983484375 0.630234375 0.598178125 0.6126625
6 0.4844828125 0.45057656250000006 0.4849953125 0.46633281249999997 0.4872109375 0.4766328125 0.5986906249999999 0.4645125 0.5969859375000001 0.44512343750000005 0.596134375 0.4236625 0.4872109375 0.440884375 0.4844828125 0.45057656250000006
6 0.490278125 0.8463125 0.5934062499999999 0.8896375000000001 0.5935765625 0.8609406249999999 0.59289375 0.85994375 0.4899375 0.8226796875 0.489428125 0.8335859375 0.490278125 0.8463125
6 0.488915625 0.7829921875 0.488575 0.7875390624999999 0.4882328125 0.7926875 0.4899375 0.7996578125 0.5906781249999999 0.8335859375 0.59204375 0.8132906249999999 0.48908593749999996 0.7787515625 0.488915625 0.7829921875
6 0.48959843750000004 0.7160124999999999 0.489428125 0.727525 0.5390312500000001 0.741765625 0.57704375 0.752975 0.5768718749999999 0.73843125 0.48959843750000004 0.7160124999999999
6 0.57704375 0.7121500000000001 0.488915625 0.6908671875 0.48959843750000004 0.7154109375 0.5768718749999999 0.737525 0.57704375 0.7121500000000001
6 0.4872109375 0.67693125 0.4867 0.6835984374999999 0.48687031249999996 0.6902609375 0.5785765625 0.7114703125 0.5790859375 0.6957859375 0.4872109375 0.67693125
6 0.4366125 0.7594875 0.3644734375 0.7390046875 0.36425 0.77485 0.4367234375 0.7984828125 0.4366125 0.7594875
6 0.4337328125 0.8546203125 0.4330671875 0.8297984375 0.4311828125 0.8256671875 0.360815625 0.79789375 0.35992812500000004 0.8075468750000001 0.3604828125 0.823303125 0.4337328125 0.8546203125
6 0.4284140625 0.7959234375 0.36391874999999996 0.7756375 0.36391874999999996 0.7854875 0.42830312499999995 0.80675625 0.4284140625 0.7959234375
6 0.3594859375 0.8309828125 0.358709375 0.83689375 0.35848749999999996 0.8496921875 0.4317375 0.8823890625 0.4317375 0.8615765625 0.3594859375 0.8309828125
6 0.42575312500000007 0.806221875 0.3631421875 0.7858796875 0.36303125 0.7951374999999999 0.42575312500000007 0.8191671875000001 0.42575312500000007 0.806221875