4 0.524528846875 0.46221795 0.41533173124999995 0.47161538333333336 0.41417548125000003 0.48629487222222223 0.524528846875 0.4792478611111112 0.524528846875 0.46221795
4 0.519076921875 0.6278076944444445 0.41566105625 0.6160641 0.41450480624999997 0.6307435888888888 0.5180865375 0.6465982888888889 0.519076921875 0.6278076944444445
4 0.412853365625 0.5441324777777777 0.414670671875 0.5564658111111112 0.517920671875 0.5596923055555555 0.516103365625 0.551474361111111 0.516103365625 0.5359145277777777 0.5167644218749999 0.5250512833333333 0.51769951875 0.51713675 0.416322115625 0.5203504277777777 0.41384375 0.5300427333333333 0.412853365625 0.5441324777777777
4 0.411365384375 0.6480683777777778 0.5151129812499999 0.6662692333333333 0.51412019375 0.6609871777777778 0.514947115625 0.6527649555555556 0.5156081718750001 0.6474786333333333 0.41235817187499996 0.6316239333333333 0.410375 0.6374957277777777 0.410540865625 0.6433675222222223 0.411365384375 0.6480683777777778
4 0.51412019375 0.5752564111111111 0.51412019375 0.5685042722222222 0.514875 0.5641666666666667 0.41103605625000006 0.5596923055555555 0.410375 0.5667393166666667 0.411365384375 0.5749615388888889 0.514947115625 0.5799529888888889 0.51412019375 0.5752564111111111
4 0.409548078125 0.5141880333333333 0.51412019375 0.5074359 0.51312980625 0.4986239333333333 0.513295671875 0.48717521111111106 0.5141322125000001 0.4796239333333333 0.410704328125 0.48776495555555555 0.40938461562499995 0.4945170944444444 0.40888701875000005 0.5118376055555556 0.409548078125 0.5141880333333333
4 0.50343269375 0.4304829055555556 0.41582692187500003 0.43785042777777783 0.41648798125 0.4639829055555556 0.50371394375 0.45928205000000005 0.50343269375 0.4304829055555556
4 0.49760096249999997 0.5834743611111111 0.41120192187500004 0.57613675 0.40888701875000005 0.6143034166666667 0.496115384375 0.6251666666666666 0.49760096249999997 0.5834743611111111
4 0.48872115312500003 0.6632393166666667 0.40740144375 0.649829061111111 0.40657451875 0.6621581222222223 0.488185096875 0.6780128222222223 0.48872115312500003 0.6632393166666667
4 0.49065144375 0.6827906 0.40108894375000004 0.6665427333333334 0.400759615625 0.6823974333333334 0.491454328125 0.7020683777777778 0.49065144375 0.6827906
4 0.31605769375000003 0.1657094 0.38676442187500004 0.13458547222222222 0.38626923125 0.1272478611111111 0.38626923125 0.1181453 0.3873677875 0.11107265 0.31622355625 0.14398290555555557 0.314572115625 0.15044017222222222 0.314572115625 0.15983760555555557 0.31605769375000003 0.1657094
4 0.38858173125 0.14603846111111113 0.38841586562499997 0.1381111111111111 0.38930048125 0.1337906 0.311927884375 0.16776068333333335 0.3109375 0.17568803333333333 0.31225961562500004 0.18420512777777778 0.389408653125 0.15191025555555554 0.38858173125 0.14603846111111113
4 0.30978125 0.13458547222222222 0.38676442187500004 0.09788461666666666 0.385608171875 0.09230769444444445 0.385278846875 0.08379487222222222 0.38626923125 0.07792307777777778 0.386435096875 0.07557265 0.3861802875 0.07540598333333333 0.30961538437499997 0.11520939999999999 0.308954328125 0.12372222222222222 0.30978125 0.13458547222222222
4 0.37117067187499997 0.19164957222222223 0.30713701875 0.23029914444444444 0.307634615625 0.24791452777777778 0.37387980625 0.21033333333333332 0.37117067187499997 0.19164957222222223
4 0.3674375 0.16159828888888889 0.3109375 0.18655128333333335 0.309947115625 0.20534187777777776 0.366939903125 0.18214957222222222 0.3674375 0.16159828888888889
4 0.363591346875 0.6592777777777777 0.29125 0.6467350444444444 0.29009375 0.6605341888888888 0.362783653125 0.6737478611111111 0.363591346875 0.6592777777777777