4 0.57070673125 0.46667093888888894 0.56506730625 0.6512008555555556 0.57371394375 0.6525341888888889 0.580295671875 0.46733760555555554 0.57070673125 0.46667093888888894
4 0.583115384375 0.6582179499999999 0.59176201875 0.47101709444444445 0.5896947124999999 0.4746923055555555 0.585935096875 0.4740256388888889 0.581298078125 0.4726880333333333 0.57465625 0.6562136777777777 0.5765360562499999 0.6588888888888889 0.58010576875 0.6598888888888889 0.583115384375 0.6582179499999999
4 0.54651201875 0.5047777777777778 0.543072115625 0.6592222222222222 0.56487980625 0.6622307666666667 0.569954328125 0.5054487166666667 0.54651201875 0.5047777777777778
4 0.591716346875 0.5205470111111111 0.5838004812500001 0.664547011111111 0.591177884375 0.6666324777777778 0.599728365625 0.5208461555555556 0.591716346875 0.5205470111111111
4 0.6031201937499999 0.5169700833333333 0.5938605781249999 0.6758760666666667 0.60241105625 0.6761752111111111 0.61330769375 0.5157777777777778 0.6031201937499999 0.5169700833333333
4 0.390045671875 0.637829061111111 0.390985578125 0.64986325 0.50547355625 0.6475213666666666 0.50491105625 0.6344829055555555 0.390045671875 0.637829061111111
4 0.31196394375000003 0.827329061111111 0.294360578125 0.7018119666666667 0.28866105625 0.7036025666666667 0.28446875 0.7021111111111111 0.280627403125 0.7003247888888889 0.2997259625 0.8276282055555555 0.305091346875 0.8300128222222223 0.30944951875000004 0.8294145277777777 0.31196394375000003 0.827329061111111
4 0.304420671875 0.6967435888888889 0.301235578125 0.6982350444444445 0.298048078125 0.6991324777777778 0.295701921875 0.6982350444444445 0.29419230625 0.6967435888888889 0.313139421875 0.8353803444444444 0.317497596875 0.83657265 0.322528846875 0.8338888888888889 0.304420671875 0.6967435888888889
4 0.27055288437499997 0.7044957277777778 0.26501923125000004 0.7047948722222223 0.26066105624999997 0.7036025666666667 0.283798078125 0.8389572666666666 0.289497596875 0.8401495722222222 0.29486298125 0.8380641 0.27373798125 0.7015170944444444 0.27055288437499997 0.7044957277777778
4 0.347877403125 0.6973418777777778 0.377185096875 0.8517777777777777 0.38456250000000003 0.851179488888889 0.35689903749999996 0.6961495722222222 0.347877403125 0.6973418777777778
4 0.372322115625 0.7068803444444445 0.365783653125 0.7092692333333334 0.362096153125 0.7092692333333334 0.38724519375 0.8449188055555555 0.395125 0.8461111111111111 0.3979759625 0.8431324777777778 0.37500480625 0.7033034166666667 0.372322115625 0.7068803444444445
4 0.373497596875 0.8377649555555556 0.3525384625 0.7205982888888889 0.344658653125 0.7226837611111111 0.34150480625 0.7235769222222221 0.361759615625 0.8383589722222222 0.373497596875 0.8377649555555556
4 0.413735578125 0.8541623944444445 0.416584134375 0.8493931611111112 0.39780769375 0.7092692333333334 0.39411778750000004 0.7116538444444445 0.384896634375 0.7152307666666666 0.377185096875 0.7155299166666668 0.377353365625 0.7182136777777777 0.400153846875 0.8523717944444443 0.40669230624999997 0.8553546999999999 0.413735578125 0.8541623944444445
4 0.318 0.7277521388888889 0.33728125000000003 0.8440256388888888 0.34616826875 0.844324788888889 0.32655048125 0.7268589722222223 0.318 0.7277521388888889
4 0.33376201875 0.8371666666666666 0.31934134687500004 0.7358034166666667 0.311127403125 0.7358034166666667 0.3096177875 0.7358034166666667 0.32303125 0.8368717944444444 0.33376201875 0.8371666666666666
4 0.32671875 0.7259615388888889 0.34784375 0.8529700833333334 0.35471875 0.8544615388888889 0.333927884375 0.7259615388888889 0.32671875 0.7259615388888889