6 0.41456406250000005 0.4864046875 0.5241781249999999 0.4778546875 0.5247765625 0.461609375 0.41559375000000004 0.4714421875 0.41456406250000005 0.4864046875
6 0.41438593749999997 0.6311359375000001 0.518503125 0.64518125 0.518903125 0.6281156250000001 0.4150734375 0.6161734375 0.4142140625 0.6265562499999999 0.41438593749999997 0.6311359375000001
6 0.4136984375 0.5282359375000001 0.41232499999999994 0.5425859375 0.4136984375 0.5563265625 0.5173 0.5602968749999999 0.515925 0.550525 0.516096875 0.53373125 0.5176671875000001 0.5168359375 0.4164484375 0.5187703124999999 0.4136984375 0.5282359375000001
6 0.41077812500000005 0.6363265625000001 0.4102625 0.6406015625 0.41112187499999997 0.6476234375 0.5150671874999999 0.665334375 0.5142078125 0.658921875 0.5145515625 0.65159375 0.5155828125 0.6467078125 0.41301249999999995 0.6317468749999999 0.41077812500000005 0.6363265625000001
6 0.514265625 0.5632718750000001 0.41146562500000006 0.5593796875 0.40991875 0.5670140625 0.41077812500000005 0.5749531250000001 0.5143796875 0.578921875 0.5135203125000001 0.5706781249999999 0.514265625 0.5632718750000001
6 0.5142078125 0.5071671875 0.5133484375 0.50014375 0.5135203125000001 0.48609843750000004 0.514728125 0.47907500000000003 0.410434375 0.48732031249999996 0.40906093749999994 0.49709062499999995 0.40906093749999994 0.5123578125 0.5142078125 0.5071671875
6 0.4159328125 0.463809375 0.5035546875 0.4583125 0.5031390625000001 0.43001093749999997 0.4164484375 0.43846562499999997 0.4159328125 0.463809375
6 0.4087171875 0.614646875 0.49651093749999997 0.6250281249999999 0.4980375 0.5827796875 0.41095 0.5758687499999999 0.4087171875 0.614646875
6 0.4884359375 0.6784640625 0.4884359375 0.6696078125 0.4892953125 0.6638078125 0.40751406250000005 0.64915 0.40631093749999997 0.6625859375 0.4884359375 0.6784640625
6 0.4900015625 0.6838921874999999 0.401671875 0.667471875 0.4008140625 0.6732734375 0.4008140625 0.6824328125 0.491184375 0.70166875 0.491184375 0.69373125 0.4900015625 0.6838921874999999
6 0.31468124999999997 0.15201718749999998 0.3143375 0.15781875 0.315884375 0.1660625 0.3866703125 0.13430781249999998 0.3856390625 0.1282015625 0.38615468750000004 0.1187359375 0.3876859375 0.10963750000000001 0.31605625000000004 0.144078125 0.31468124999999997 0.15201718749999998
6 0.3110734375 0.1743078125 0.31141718749999997 0.180109375 0.3124484375 0.184078125 0.38941875000000004 0.15201718749999998 0.388559375 0.1459109375 0.388215625 0.1394984375 0.389075 0.1346125 0.3117609375 0.16728437499999999 0.3110734375 0.1743078125
6 0.30918437499999996 0.12423124999999999 0.30935625 0.13339218749999998 0.31055781250000003 0.1346125 0.3870140625 0.09919375 0.3858109375 0.09186562499999999 0.3856390625 0.0805671875 0.38615468750000004 0.074765625 0.30935625 0.11476562500000001 0.30918437499999996 0.12423124999999999
6 0.30591875 0.2256046875 0.37258125 0.1917125 0.3716125 0.17750468749999998 0.30695 0.211559375 0.30591875 0.2256046875
6 0.36708281249999997 0.179803125 0.3675984375 0.16209374999999998 0.3674265625 0.1627046875 0.31072968749999996 0.186215625 0.3100421875 0.2057578125 0.36708281249999997 0.179803125
6 0.30059375 0.2390390625 0.37326875 0.203925 0.37326875 0.1917125 0.301453125 0.228353125 0.30059375 0.2390390625