4 0.552341346875 0.36023931666666664 0.5387403843749999 0.5799829055555555 0.549447115625 0.5784401722222222 0.5613125 0.36178204999999997 0.552341346875 0.36023931666666664
4 0.57384855625 0.3839102555555556 0.5589975968750001 0.5748376055555556 0.5682596156249999 0.5738076944444445 0.58359855625 0.38699999999999996 0.57384855625 0.3839102555555556
4 0.57694230625 0.5732948722222222 0.595173078125 0.38442735 0.58600480625 0.3854529888888889 0.56796875 0.5763803444444444 0.5737572125 0.5779230777777778 0.57694230625 0.5732948722222222
4 0.562471153125 0.3906025666666667 0.5503149031250001 0.5753504277777778 0.558709134375 0.5748376055555556 0.57144230625 0.38957264999999996 0.562471153125 0.3906025666666667
4 0.6134062499999999 0.41633333333333333 0.60385576875 0.42096581111111114 0.605014421875 0.42096581111111114 0.59025480625 0.5820427333333333 0.597490384375 0.5820427333333333 0.6134062499999999 0.41633333333333333
4 0.33528605625 0.4940427333333333 0.33152403750000004 0.508965811111111 0.33383894375 0.5228589722222222 0.339048078125 0.5110213666666666 0.33528605625 0.4940427333333333
4 0.5934375000000001 0.43331623888888887 0.5775192312499999 0.5784401722222222 0.58475480625 0.5835854722222222 0.601540865625 0.43537179444444446 0.5934375000000001 0.43331623888888887
4 0.26453605625 0.5934188055555556 0.291920671875 0.7229230777777779 0.302201921875 0.7221581222222222 0.2782115375 0.5934188055555556 0.26453605625 0.5934188055555556
4 0.337021634375 0.7317991444444445 0.34223076875 0.7271666666666666 0.32312980625 0.6005683777777777 0.317052884375 0.6026282055555556 0.3086875 0.6000555555555556 0.33152403750000004 0.7307692333333334 0.337021634375 0.7317991444444445
4 0.280391828125 0.601038461111111 0.304771634375 0.735111111111111 0.3120552875 0.7297777777777779 0.288923078125 0.6017991444444445 0.280391828125 0.601038461111111
4 0.324478365625 0.7320641 0.33004807812500003 0.728252138888889 0.310341346875 0.6117008555555555 0.30262980625 0.6124658111111111 0.29277644375 0.6056068388888889 0.31376923125 0.7297777777777779 0.324478365625 0.7320641
4 0.48519951875 0.7523846166666666 0.493591346875 0.7477521388888888 0.49301201875 0.6196111111111111 0.483752403125 0.6196111111111111 0.4733990375 0.6165213666666667 0.47622836562500004 0.7492948722222222 0.48519951875 0.7523846166666666
4 0.54308173125 0.6355641 0.536134615625 0.7585598277777779 0.5433701937500001 0.7565 0.55002644375 0.6376196555555556 0.54308173125 0.6355641
4 0.5205841343750001 0.6443119666666667 0.51790144375 0.7523846166666666 0.53642548125 0.7554700833333333 0.5387403843749999 0.6479145277777778 0.5205841343750001 0.6443119666666667
4 0.43084615312499996 0.4096410277777777 0.412846153125 0.4966153833333334 0.415740384375 0.5161709388888889 0.43281730625000003 0.4286837611111111 0.43084615312499996 0.4096410277777777