4 0.5033822125 0.5117649555555556 0.5033822125 0.4949487166666666 0.37071153749999997 0.4968888888888889 0.370165865625 0.5171581222222222 0.50192548125 0.5124145277777779 0.5033822125 0.5117649555555556
4 0.384360578125 0.6744658111111111 0.38490625 0.6835213666666666 0.38454326875 0.6947820499999999 0.497740384375 0.6644359 0.499923078125 0.6524700833333333 0.499923078125 0.6408247888888888 0.38326923125 0.6644359 0.384360578125 0.6744658111111111
4 0.38326923125 0.5576965833333334 0.384177884375 0.5686965833333334 0.383814903125 0.58057265 0.501014421875 0.5677264944444445 0.502471153125 0.5625512833333334 0.502471153125 0.5547863222222222 0.5015625 0.5457307666666666 0.38326923125 0.5576965833333334
4 0.502108171875 0.6204487166666667 0.5017427875 0.6097735055555555 0.385997596875 0.6272393166666667 0.38745432812499997 0.6337094 0.38745432812499997 0.6421196555555555 0.388 0.6553803444444445 0.38745432812499997 0.6633974333333333 0.499377403125 0.6398547 0.5017427875 0.6324145277777777 0.502108171875 0.6204487166666667
4 0.3861802875 0.4955641 0.50374519375 0.49426923333333334 0.5035624999999999 0.47777350555555553 0.385451921875 0.47550854444444446 0.3861802875 0.4955641
4 0.50319951875 0.6000683777777778 0.50374519375 0.5890726500000001 0.502653846875 0.5771068388888889 0.5015625 0.5686965833333334 0.38581730625 0.5826025666666667 0.38636298125 0.5929529888888889 0.386908653125 0.6052435888888889 0.387271634375 0.6181837611111111 0.38654326875 0.6274871777777778 0.500834134375 0.6104188055555555 0.50319951875 0.6000683777777778
4 0.388 0.5343076944444445 0.5022884624999999 0.5295555555555556 0.5035624999999999 0.5201752111111111 0.502653846875 0.5130598277777778 0.3867259625 0.5192051277777778 0.38636298125 0.5347307666666666 0.388 0.5343076944444445
4 0.39091105625 0.6948418777777778 0.39109375 0.7323119666666668 0.49701201875 0.69678205 0.4991947125 0.6867564111111111 0.49883173125 0.6715555555555556 0.49701201875 0.6647606833333334 0.39091105625 0.6948418777777778
4 0.5053822125 0.39432051111111116 0.3861802875 0.3778247888888889 0.38763701875 0.3862350444444444 0.38763701875 0.3959359 0.386908653125 0.41233333333333333 0.503927884375 0.4231068388888889 0.506110578125 0.41599145555555556 0.506110578125 0.40240598333333333 0.5053822125 0.39432051111111116
4 0.385997596875 0.3770683777777778 0.5059302875 0.39365812222222224 0.50629326875 0.37619230555555555 0.387271634375 0.35743162222222225 0.385997596875 0.3770683777777778
4 0.393641828125 0.5546923055555556 0.500834134375 0.5457307666666666 0.5011971156249999 0.5295555555555556 0.3941875 0.5366709388888888 0.393641828125 0.5546923055555556
4 0.39873798125 0.3363034166666667 0.505747596875 0.35452136666666667 0.505201921875 0.3334957277777778 0.39891826875 0.31247008333333337 0.39873798125 0.3363034166666667
4 0.5053822125 0.36746153888888894 0.5053822125 0.35613675 0.40583413437500004 0.34061111111111114 0.40437980625 0.35927350555555554 0.504108171875 0.3755470111111111 0.5053822125 0.36746153888888894
4 0.40474278750000003 0.3115 0.505564903125 0.3325256388888889 0.50629326875 0.3218504277777778 0.50629326875 0.3182948722222222 0.506110578125 0.3085897444444444 0.40492548125 0.28301709444444445 0.40474278750000003 0.3115
4 0.41293269375 0.4732435888888889 0.5035624999999999 0.47647863333333335 0.503927884375 0.4625683777777778 0.41347836562499996 0.45707265 0.41293269375 0.4732435888888889
4 0.416572115625 0.4560128222222222 0.502471153125 0.46030341666666663 0.502108171875 0.43572222222222223 0.41711778749999995 0.43022222222222223 0.416572115625 0.4560128222222222
4 0.41730048125 0.42883333333333334 0.502471153125 0.4347521388888889 0.502653846875 0.4234316222222222 0.417483171875 0.41469658333333337 0.41730048125 0.42883333333333334
4 0.556704328125 0.38256837777777775 0.6282259625 0.39072649444444446 0.6302283656250001 0.3551453 0.55743269375 0.3438247888888889 0.556704328125 0.38256837777777775
4 0.567076921875 0.34600854444444445 0.6300456718749999 0.3541752111111111 0.630591346875 0.34544444444444444 0.5678052874999999 0.33476923333333336 0.567076921875 0.34600854444444445
4 0.563802884375 0.3208589722222222 0.6345961531250001 0.33444444444444443 0.6356875 0.3105085444444444 0.6338677875000001 0.3056581222222222 0.56325480625 0.2911025666666667 0.562709134375 0.3143888888888889 0.563802884375 0.3208589722222222
4 0.56926201875 0.33500854444444444 0.63095673125 0.3447948722222222 0.631865384375 0.33541452777777775 0.56944230625 0.3237692333333333 0.56926201875 0.33500854444444444
4 0.56507451875 0.2871239333333333 0.6360504812500001 0.30371795 0.6375072125 0.29951282222222225 0.6385985562500001 0.28398717777777777 0.5652572124999999 0.26457692222222223 0.5654399031249999 0.2729871777777778 0.56507451875 0.2871239333333333