6 0.5465421874999999 0.2802546875 0.5408390625 0.5209515625 0.54630625 0.5222921875 0.5512078125000001 0.5212859375 0.5576171875 0.2802546875 0.5542234374999999 0.281259375 0.5465421874999999 0.2802546875
6 0.6189 0.5199453125 0.637375 0.3033859375 0.6257406249999999 0.30405625000000003 0.60853125 0.5186046875 0.6115468749999999 0.520615625 0.6189 0.5199453125
6 0.595334375 0.52028125 0.603440625 0.5209515625 0.6087203125 0.5175984375 0.62474375 0.3037203125 0.620596875 0.306403125 0.612678125 0.30740781250000004 0.6057515625 0.3047265625 0.5921296875000001 0.5155875 0.595334375 0.52028125
6 0.5604453125 0.5199453125 0.5683625 0.3087484375 0.557478125 0.3084140625 0.5512078125000001 0.518940625 0.5542234374999999 0.5209515625 0.5604453125 0.5199453125
6 0.5402734375 0.5209515625 0.5444203125 0.308078125 0.542159375 0.311765625 0.5346625 0.31143125 0.53028125 0.5186046875 0.5340515625 0.522628125 0.5382 0.5222921875 0.5402734375 0.5209515625
6 0.5076968749999999 0.30774375 0.508978125 0.521621875 0.5150109375 0.524303125 0.5189703125 0.5236328125 0.52104375 0.5199453125 0.5217984375 0.3070734375 0.5076968749999999 0.30774375
6 0.4541015625 0.524303125 0.46164375 0.525309375 0.46635625 0.522628125 0.4567421875 0.30908437499999997 0.45240625 0.3141125 0.4442984375 0.3141125 0.43981250000000005 0.31277187500000003 0.45089687500000003 0.5212859375 0.4541015625 0.524303125
6 0.6432187500000001 0.514246875 0.6618828125 0.32215781250000003 0.6481796875 0.323834375 0.630965625 0.514246875 0.63285 0.5159234374999999 0.6432187500000001 0.514246875
6 0.49670781249999996 0.315453125 0.4844546875 0.316125 0.4797890625 0.315453125 0.4844546875 0.5232984375 0.48709375 0.52665 0.4933140625 0.528996875 0.49991250000000004 0.5283265625 0.5087734375 0.5232984375 0.5067 0.31143125 0.50330625 0.3131078125 0.49670781249999996 0.315453125
6 0.46880625 0.5269859375 0.47502812499999997 0.5283265625 0.48407656250000003 0.52665 0.4789875 0.315453125 0.473896875 0.3184703125 0.4654140625 0.3194765625 0.45866875 0.3181359375 0.46635625 0.522628125 0.46880625 0.5269859375
6 0.5304703125 0.5196109375 0.5327328125 0.323834375 0.5218390625 0.323834375 0.5212328125 0.52028125 0.5304703125 0.5196109375
6 0.6613796875 0.33523281250000003 0.64303125 0.513240625 0.6469890625 0.5149171875 0.6571703125 0.5139109375 0.677153125 0.33187968749999996 0.663390625 0.3338921875 0.6613796875 0.33523281250000003
6 0.4429796875 0.5256453125 0.45089687500000003 0.5209515625 0.43883124999999995 0.3255109375 0.4275203125 0.3281921875 0.41564375 0.3281921875 0.43129062500000004 0.520615625 0.4360046875 0.5256453125 0.4429796875 0.5256453125
6 0.630965625 0.51458125 0.646046875 0.33556718750000003 0.6434078125 0.33724375 0.63516875 0.33523281250000003 0.6192765625 0.514246875 0.620596875 0.5175984375 0.6288921875 0.5175984375 0.630965625 0.51458125
6 0.5704374999999999 0.520615625 0.578165625 0.3566875 0.5699234375 0.3566875 0.5617656249999999 0.5196109375 0.5704374999999999 0.520615625
6 0.59249375 0.5159234374999999 0.60154375 0.3620515625 0.59425 0.361715625 0.5845765625 0.5155875 0.59249375 0.5159234374999999
6 0.5845765625 0.5155875 0.5934359375 0.3620515625 0.5780328124999999 0.361715625 0.5711906250000001 0.516928125 0.5845765625 0.5155875
6 0.6226703125 0.7368406249999999 0.6330390625 0.6077765625 0.611596875 0.609453125 0.6030640625 0.7355 0.6226703125 0.7368406249999999
6 0.6483265625 0.6168437499999999 0.6352625 0.742284375 0.6389703124999999 0.74285 0.6497734375 0.7432265625000001 0.650409375 0.7400234375 0.6639671875000001 0.6128890625000001 0.6483265625 0.6168437499999999
6 0.628703125 0.7365062499999999 0.6381296875 0.6255437500000001 0.6319625 0.6238671874999999 0.622859375 0.7365062499999999 0.628703125 0.7365062499999999
6 0.6797640625 0.6164671875 0.6779640625 0.617409375 0.6677140625 0.6172203125 0.6540250000000001 0.7456750000000001 0.6645109375 0.74718125 0.6797640625 0.6164671875
6 0.6391281249999999 0.6262140625 0.6379406249999999 0.628896875 0.6290796875 0.7368406249999999 0.632096875 0.738853125 0.6341703125 0.7385171875000001 0.6445390625 0.6258796875 0.6391281249999999 0.6262140625