6 0.6342187499999999 0.4300484375 0.6275140625 0.43238281250000005 0.62003125 0.43322656249999997 0.611225 0.43208125 0.59946875 0.6329265625 0.6057203125 0.6375015625 0.6106265625 0.6376234375000001 0.6162796875 0.6360609375 0.6197890625 0.6311953124999999 0.6349046875 0.42955468750000003 0.6342187499999999 0.4300484375
6 0.6206359375 0.631484375 0.627890625 0.6312484375 0.6403875 0.47220625 0.6328671875 0.4720328125 0.6206359375 0.631484375
6 0.628709375 0.62833125 0.6366578125 0.6295515625 0.6368875 0.6231015625 0.6379359375 0.6232484375 0.64958125 0.4832140625 0.64885 0.482628125 0.649390625 0.476196875 0.641015625 0.47531875 0.628709375 0.62833125
6 0.6578875 0.47401406250000006 0.6507625 0.4757328125 0.637390625 0.6308578125000001 0.6448421875 0.6273390625 0.6576359375 0.48015625 0.6572078125 0.4804953125 0.6578875 0.47401406250000006
6 0.5030265625 0.70661875 0.501859375 0.7088281249999999 0.49984062500000004 0.710178125 0.4960265625 0.7105125 0.492896875 0.709921875 0.4902578125 0.7077734375 0.4961796875 0.86610625 0.49839374999999997 0.8681328125000001 0.501184375 0.8691625000000001 0.5047546875 0.8676859374999999 0.50728125 0.86555 0.5030265625 0.70661875
6 0.5080015625 0.8669734375000001 0.5163703125 0.8680984374999999 0.5146203125000001 0.7109765625 0.5052484374999999 0.710115625 0.5080015625 0.8669734375000001
6 0.611809375 0.7227109375 0.60424375 0.724171875 0.594028125 0.855415625 0.59565 0.85580625 0.6046953125 0.853584375 0.6154203125000001 0.72289375 0.611809375 0.7227109375
6 0.5175125 0.867428125 0.519525 0.8705624999999999 0.5230890625 0.870325 0.525290625 0.868328125 0.5259875 0.7103078125 0.522534375 0.7129609375 0.5191203125 0.7132265624999999 0.5164187499999999 0.710684375 0.5175125 0.867428125
6 0.620165625 0.8701140625000001 0.62410625 0.8682453125 0.6265015625 0.8653296875 0.6383640625 0.7126734375 0.6378375000000001 0.7149484375 0.635025 0.7173578125 0.630675 0.7182421875 0.6267703124999999 0.7186484375 0.6239828125 0.7173609375 0.62104375 0.714215625 0.61038125 0.8675218750000001 0.6115484375 0.8693296875 0.6159250000000001 0.870065625 0.620165625 0.8701140625000001
6 0.56485625 0.863915625 0.5750046875 0.731134375 0.5697609375 0.7306625 0.5642875 0.7306250000000001 0.5584515624999999 0.7314921875 0.5499375 0.8646437499999999 0.556146875 0.8649796875 0.56485625 0.863915625
6 0.5851484375 0.8680546874999999 0.589934375 0.866340625 0.6024234374999999 0.7320921874999999 0.5935359375 0.7352984375 0.5825578124999999 0.8671843750000001 0.5851484375 0.8680546874999999
6 0.529240625 0.8612734375000001 0.532484375 0.86165625 0.535634375 0.7395734375 0.5281781249999999 0.739234375 0.5260078125 0.859590625 0.529240625 0.8612734375000001
6 0.5427187499999999 0.86261875 0.5479437500000001 0.8626125 0.555821875 0.7442546875 0.550215625 0.7434984375 0.5427187499999999 0.86261875
6 0.5692468749999999 0.8733546875 0.5724875 0.874090625 0.57655625 0.873565625 0.5798171875 0.8722765625 0.5909640625 0.7394109375 0.5868765625 0.738875 0.58269375 0.73909375 0.5797 0.7396921875 0.5692468749999999 0.8733546875
6 0.27556250000000004 0.72858125 0.3524453125 0.8926484374999999 0.3615296875 0.8891312499999999 0.342221875 0.8495062499999999 0.296275 0.7553515625 0.2976 0.7481859375 0.2856671875 0.7206046875000001 0.27592343750000003 0.7284078125 0.27556250000000004 0.72858125
6 0.5370390625 0.86916875 0.541775 0.8697703125 0.5492390625 0.751475 0.543296875 0.75081875 0.5370390625 0.86916875
6 0.36497812500000004 0.8954968750000001 0.3688765625 0.8962140625 0.3736234375 0.8950515625 0.37763125 0.8928359374999999 0.3809234375 0.8892187500000001 0.3818171875 0.887146875 0.3331515625 0.7768078125 0.3341265625 0.769771875 0.3185296875 0.733234375 0.3158515625 0.7377109374999999 0.310559375 0.74333125 0.30428125 0.749034375 0.29620156249999996 0.75509375 0.36497812500000004 0.8954968750000001
6 0.276040625 0.7443671875 0.2716328125 0.749828125 0.267659375 0.7524234375 0.264653125 0.7524171875000001 0.33535 0.889671875 0.339928125 0.8901453125 0.345128125 0.8869796875 0.3475375 0.8824015624999999 0.33730937499999997 0.8607953125 0.2790546875 0.73985625 0.276040625 0.7443671875
6 0.3267734375 0.88049375 0.329784375 0.8786546875000001 0.2647171875 0.7529421875 0.2624625 0.75365 0.3267734375 0.88049375
6 0.3528375 0.7560953125000001 0.3500421875 0.7569921875000001 0.41309687500000003 0.8950703125 0.41570937499999994 0.896490625 0.4192609375 0.8933796875000001 0.420875 0.8898703125 0.357784375 0.750153125 0.35645 0.75319375 0.3528375 0.7560953125000001
6 0.24473281249999998 0.74601875 0.239425 0.7463546875 0.23712499999999997 0.7451828125 0.27195 0.9035390624999999 0.27660625 0.9056421875 0.280078125 0.90465 0.28475 0.9031 0.28545937499999996 0.8998890625 0.253475 0.74244375 0.25120624999999996 0.7442656249999999 0.24473281249999998 0.74601875
6 0.4039765625 0.8949578125000001 0.3648515625 0.788903125 0.35183749999999997 0.7622375 0.333453125 0.7773 0.38708593750000003 0.8990656250000001 0.4039765625 0.8949578125000001
6 0.42303125 0.8930015625 0.4265875 0.8924625 0.4308640625 0.8913875000000001 0.43432031249999997 0.8884187499999999 0.3927625 0.7758171875000001 0.39039999999999997 0.7765265625 0.38445625 0.7820343750000001 0.3802234375 0.786184375 0.42303125 0.8930015625