4 0.461735578125 0.3016880333333333 0.575627403125 0.32514102777777776 0.57704326875 0.3185683777777778 0.5776634625 0.31069230555555555 0.576759615625 0.3001410277777778 0.57613701875 0.2932478611111111 0.5733389437499999 0.2892136777777778 0.46167548125 0.2600341888888889 0.46251201875000003 0.2688675222222222 0.4630552875 0.27464530000000004 0.46259615312499996 0.2889529888888889 0.461735578125 0.3016880333333333
4 0.58316105625 0.38860683888888886 0.5821706718749999 0.3831068388888889 0.459322115625 0.32821367777777777 0.46046394375000005 0.3327906 0.459889421875 0.33889743333333333 0.458266828125 0.3452350444444444 0.5807115375 0.3991581222222222 0.5823677875 0.3960427333333334 0.58316105625 0.38860683888888886
4 0.57746875 0.46301282222222223 0.578646634375 0.45342307777777774 0.5803822125 0.41923931666666664 0.479548078125 0.37640598333333336 0.472841346875 0.42325213888888885 0.57746875 0.46301282222222223
4 0.484733171875 0.2494316222222222 0.48471153749999996 0.26354273333333333 0.57376923125 0.2862008555555556 0.573697115625 0.2733119666666667 0.484733171875 0.2494316222222222
4 0.57306730625 0.25653418888888885 0.5723822125 0.24231196666666668 0.48905048124999995 0.21988034444444446 0.48905048124999995 0.2203205111111111 0.48558894375 0.21908974444444446 0.486877403125 0.23078632222222223 0.5698317312500001 0.2535341888888889 0.569485578125 0.25476495555555556 0.57306730625 0.25653418888888885
4 0.57328605625 0.2579230777777778 0.5695264437499999 0.2575256388888889 0.569625 0.25417948888888886 0.49054326875000004 0.2337906 0.49088942187500006 0.2362564111111111 0.48689423125 0.23544017222222222 0.48558173125000004 0.24847008333333334 0.572115384375 0.2709957277777778 0.57328605625 0.2579230777777778
4 0.48547115312500005 0.32452563888888886 0.4847740375 0.33998290555555555 0.505834134375 0.3487564111111111 0.5761802874999999 0.3715341888888889 0.574795671875 0.3463333333333333 0.4860552875 0.31379914444444446 0.48547115312500005 0.32452563888888886
4 0.706375 0.5064316222222222 0.707415865625 0.5006538444444445 0.7075072125 0.49517948888888885 0.70723076875 0.4912649555555555 0.705266828125 0.48690598333333335 0.6162379812500001 0.4961794888888889 0.618009615625 0.5012136777777778 0.6184014437500001 0.5060854722222222 0.6182740375 0.5122051277777777 0.6172884625 0.5180085444444444 0.706375 0.5064316222222222
4 0.699841346875 0.33259828888888887 0.699278846875 0.3132478611111111 0.62542548125 0.2940213666666667 0.62533894375 0.3044957277777778 0.62583894375 0.3152906 0.699841346875 0.33259828888888887
4 0.6184014437500001 0.47449145555555555 0.618266828125 0.49094444444444446 0.7066394218750001 0.48555128333333336 0.707216346875 0.4707948722222222 0.6184014437500001 0.47449145555555555
4 0.708334134375 0.45960683888888887 0.70707451875 0.45471367777777777 0.619278846875 0.4533247888888889 0.62032451875 0.4589316222222222 0.62000480625 0.4648675222222222 0.618954328125 0.4698290611111111 0.7065456718750001 0.4692991444444444 0.70851201875 0.4653803444444444 0.708334134375 0.45960683888888887
4 0.70659855625 0.30434615555555555 0.7076995187499999 0.29798290555555557 0.708108171875 0.2911752111111111 0.70730769375 0.28091880555555554 0.7052572125000001 0.2743547 0.6195360562500001 0.25314957222222223 0.622278846875 0.25919658333333334 0.623009615625 0.2685683777777778 0.622653846875 0.27778205 0.62084855625 0.28438461666666665 0.70659855625 0.30434615555555555
4 0.63031730625 0.36776068333333334 0.6300408656250001 0.37375641111111113 0.629646634375 0.3859401722222222 0.630658653125 0.39669230555555557 0.7050384625 0.41049145555555555 0.705384615625 0.3987906 0.70484375 0.38473504444444445 0.63031730625 0.36776068333333334
4 0.70633894375 0.35331196666666664 0.7066442312500001 0.34707692222222225 0.70527644375 0.3395341888888889 0.6307596156249999 0.3191453 0.6323822125 0.3333461555555556 0.70633894375 0.35331196666666664
4 0.63469951875 0.43623931666666665 0.63425480625 0.45021795 0.702322115625 0.4543803444444444 0.703576921875 0.4418162388888889 0.63469951875 0.43623931666666665
4 0.63718269375 0.4030641 0.637028846875 0.41352136666666667 0.7032668281250001 0.42379487222222223 0.703935096875 0.4151538444444445 0.63718269375 0.4030641
4 0.71930769375 0.7495726500000001 0.718677884375 0.7483888888888889 0.696615384375 0.7789529888888889 0.64311298125 0.8609401722222223 0.639216346875 0.8583888888888889 0.623923078125 0.8788247888888888 0.6237740374999999 0.8792692333333333 0.6283004812499999 0.8973247888888889 0.720403846875 0.7626495722222223 0.71930769375 0.7495726500000001
4 0.63456730625 0.3377094 0.63462980625 0.3590299166666666 0.710103365625 0.3773162388888889 0.709983171875 0.3577094 0.63456730625 0.3377094
4 0.707447115625 0.43523504444444444 0.707959134375 0.4322521388888889 0.70766105625 0.4256623944444444 0.641670671875 0.41908974444444447 0.64133173125 0.42912820555555553 0.707447115625 0.43523504444444444
4 0.64167548125 0.9172179500000001 0.719060096875 0.7921794888888889 0.719295671875 0.7877307666666666 0.718403846875 0.7809102555555556 0.71715625 0.7743119666666668 0.71488701875 0.7708247888888888 0.67962980625 0.8232863222222223 0.633978365625 0.8924487166666667 0.6367884625 0.8966025666666667 0.63980769375 0.9048461555555556 0.64146875 0.9117222222222223 0.64167548125 0.9172179500000001
4 0.638084134375 0.8409572666666667 0.64065144375 0.8495512833333333 0.64198798125 0.8581538444444444 0.642627403125 0.8613675222222222 0.721377403125 0.7416153833333333 0.7224519218750001 0.738829061111111 0.7229639437500001 0.7337564111111111 0.72215625 0.7233675222222222 0.720483171875 0.7169572666666667 0.719485578125 0.7130641 0.7170048062500001 0.7109658111111111 0.63076201875 0.8211282055555555 0.6322163468750001 0.8232264944444444 0.6355817312500001 0.8318717944444444 0.638084134375 0.8409572666666667
4 0.64190625 0.9178803444444443 0.642709134375 0.9221111111111111 0.71358894375 0.8085512833333334 0.7127908656249999 0.8021923055555555 0.64190625 0.9178803444444443
4 0.6374807687499999 0.9447094 0.638377403125 0.9529487166666666 0.638810096875 0.9604188055555555 0.638721153125 0.9657435888888889 0.638091346875 0.9675598277777777 0.726560096875 0.9060555555555556 0.7274423062500001 0.9009401722222222 0.72740144375 0.8917393166666667 0.726572115625 0.8860683777777778 0.72457451875 0.8816794888888888 0.63582451875 0.9389444444444444 0.6374807687499999 0.9447094