4 0.4933822125 0.5060128222222222 0.502841346875 0.5060128222222222 0.50175 0.27015384444444446 0.49034855625 0.2691837611111111 0.49301682812500003 0.5034230777777777 0.4933822125 0.5060128222222222
4 0.40186298125000003 0.29441880555555555 0.39676923125 0.2953888888888889 0.390435096875 0.2947435888888889 0.40750480624999996 0.4959829055555555 0.414235578125 0.49986325000000004 0.42078605625 0.49986325000000004 0.40750480624999996 0.29247863333333335 0.40186298125000003 0.29441880555555555
4 0.46754567187499996 0.29247863333333335 0.461358171875 0.2940940166666667 0.454677884375 0.29344871666666666 0.461903846875 0.5018034166666666 0.464814903125 0.5043931611111111 0.46918269375 0.5043931611111111 0.47427644375 0.5027777777777778 0.46754567187499996 0.29247863333333335
4 0.43224759687500003 0.5037478611111111 0.438252403125 0.5030982888888889 0.428427884375 0.2973290611111111 0.4247884625 0.29991880555555556 0.42005769375 0.29991880555555556 0.41259855625 0.3008888888888889 0.40808894375 0.29991880555555556 0.42133173125 0.49889316111111115 0.42551682812499997 0.5030982888888889 0.43224759687500003 0.5037478611111111
4 0.50249519375 0.2976538444444444 0.50322355625 0.5066581222222223 0.512502403125 0.5063333333333333 0.51377644375 0.2963589722222222 0.50249519375 0.2976538444444444
4 0.44371153750000003 0.5056880333333333 0.44989663437500005 0.5066581222222223 0.456627403125 0.50471795 0.461358171875 0.5027777777777778 0.45353605625000004 0.2970085444444444 0.44771394375 0.2979786333333333 0.44080048125 0.29894871666666667 0.433521634375 0.2995940166666667 0.4282884625 0.29829914444444444 0.437889421875 0.5014829055555556 0.44371153750000003 0.5056880333333333
4 0.480701921875 0.3008888888888889 0.483375 0.5040683777777778 0.48865144374999997 0.5063333333333333 0.49265384687499997 0.50471795 0.489197115625 0.2986239333333333 0.48046394374999996 0.2979786333333333 0.480701921875 0.3008888888888889
4 0.39040144374999997 0.3060641 0.36932451875 0.3063888888888889 0.38931009687499996 0.49468803333333333 0.39494951875 0.49856837777777774 0.4035 0.4979230777777778 0.407322115625 0.49468803333333333 0.39040144374999997 0.3060641
4 0.5594447125 0.5095683777777777 0.5687235562499999 0.2976538444444444 0.5639927874999999 0.3002435888888889 0.55853605625 0.3002435888888889 0.5493125 0.29894871666666667 0.543252403125 0.5069829055555556 0.54725480625 0.51086325 0.554896634375 0.51086325 0.5594447125 0.5095683777777777
4 0.5691490375 0.2973290611111111 0.55981730625 0.5105427333333333 0.569641828125 0.5111880333333333 0.5801947125 0.2995940166666667 0.5691490375 0.2973290611111111
4 0.469235578125 0.31091880555555557 0.47427644375 0.5014829055555556 0.483375 0.5021282055555556 0.47937259687499995 0.3118888888888889 0.469235578125 0.31091880555555557
4 0.592079328125 0.3199786333333333 0.58183173125 0.51021795 0.593658653125 0.5092478611111111 0.6054855781249999 0.32029914444444446 0.592079328125 0.3199786333333333
4 0.574552884375 0.5095683777777777 0.580923078125 0.5095683777777777 0.58965625 0.33259401666666666 0.579158653125 0.33000854444444444 0.5700048062499999 0.5073034166666667 0.574552884375 0.5095683777777777
4 0.60603125 0.3306538444444444 0.594204328125 0.5098931611111112 0.600209134375 0.5111880333333333 0.602209134375 0.5111880333333333 0.60766826875 0.51086325 0.6220528843750001 0.3309786333333333 0.60603125 0.3306538444444444
4 0.5150504812500001 0.3452136777777778 0.51323076875 0.5063333333333333 0.5210552875000001 0.5069829055555556 0.524146634375 0.3461837611111111 0.5150504812500001 0.3452136777777778
4 0.5247427874999999 0.3516837611111111 0.522329328125 0.5043931611111111 0.53615625 0.5037478611111111 0.53925 0.3526538444444444 0.5247427874999999 0.3516837611111111
4 0.54003125 0.35297863333333335 0.536701921875 0.5043931611111111 0.5430697125 0.50471795 0.547983171875 0.35330341666666665 0.54003125 0.35297863333333335
4 0.5660552875 0.6008076944444445 0.561466346875 0.7279572666666667 0.58148076875 0.7315170944444445 0.58784855625 0.6021025666666666 0.5660552875 0.6008076944444445
4 0.58662019375 0.6192478611111111 0.58202644375 0.7311923055555555 0.5869375 0.7321623944444444 0.59294230625 0.6205427333333333 0.58662019375 0.6192478611111111
4 0.600766828125 0.61342735 0.593125 0.73928205 0.60658894375 0.7412222222222221 0.60931730625 0.7379871777777778 0.61750480625 0.6124529888888889 0.60440625 0.6114829055555556 0.600766828125 0.61342735
4 0.59280769375 0.6231324777777778 0.587302884375 0.7328119666666666 0.592579328125 0.73442735 0.59912980625 0.6234529888888889 0.59280769375 0.6231324777777778
4 0.6197427875 0.6156880333333333 0.610408653125 0.7418675222222223 0.6127740375 0.7444572666666667 0.6215072125 0.7463974333333334 0.6324254812500001 0.6160128222222222 0.6276947125000001 0.6163376055555556 0.6197427875 0.6156880333333333