4 0.491189903125 0.5049444444444444 0.496716346875 0.50463675 0.49378124999999995 0.2687478611111111 0.48260576874999994 0.26844444444444443 0.4860072125 0.5030982888888889 0.491189903125 0.5049444444444444
4 0.38430048125 0.2920940166666667 0.40171875 0.4935769222222222 0.40638221249999995 0.4969572666666667 0.4145 0.4963418777777778 0.39947355625 0.2911709388888889 0.39308173125 0.29301282222222225 0.38430048125 0.2920940166666667
4 0.467353365625 0.49972222222222223 0.4604447125 0.2911709388888889 0.45543509687499995 0.2920940166666667 0.45042548125000004 0.2917863222222222 0.44701442187499996 0.2917863222222222 0.45578124999999997 0.49972222222222223 0.4604447125 0.5030982888888889 0.465454328125 0.5018717944444444 0.467353365625 0.49972222222222223
4 0.400853365625 0.29823504444444443 0.41518990312500004 0.4969572666666667 0.419509615625 0.5012564111111111 0.43159855625 0.5003376055555555 0.42054567187499997 0.2970085444444444 0.41225480625 0.29885042777777776 0.400853365625 0.29823504444444443
4 0.362877403125 0.30438034444444445 0.383927884375 0.4920427333333333 0.392908653125 0.4954230777777778 0.40137259687500004 0.49235042777777777 0.3844447125 0.3031495722222222 0.37563701875 0.30499145555555557 0.362877403125 0.30438034444444445
4 0.47287980625000003 0.29608547222222226 0.47754326875 0.5021794888888889 0.48566105625 0.5030982888888889 0.481516828125 0.2967008555555556 0.47287980625000003 0.29608547222222226
4 0.49516105625 0.29639316111111114 0.4970625 0.5040213666666666 0.5001706718750001 0.5043290611111111 0.5056971156250001 0.5040213666666666 0.50552644375 0.29547008333333336 0.50120673125 0.2967008555555556 0.49516105625 0.29639316111111114
4 0.45491826875 0.5000299166666667 0.44558894374999997 0.29547008333333336 0.43971634687499994 0.29639316111111114 0.430389421875 0.2970085444444444 0.42075480625 0.2967008555555556 0.43159855625 0.4991068388888889 0.43850721249999997 0.50463675 0.44869951874999997 0.5040213666666666 0.45491826875 0.5000299166666667
4 0.56048798125 0.2957777777777778 0.5539254812500001 0.29792735 0.5420384625 0.2957777777777778 0.53682451875 0.5055555555555555 0.5392427875 0.5080128222222222 0.546497596875 0.5095512833333333 0.5523701937500001 0.5083205111111111 0.56048798125 0.2957777777777778
4 0.561040865625 0.29792735 0.552889421875 0.5083205111111111 0.562216346875 0.5101623944444444 0.5720625 0.29823504444444443 0.561040865625 0.29792735
4 0.461826921875 0.3080641 0.46787259687500005 0.5000299166666667 0.47702644375 0.5003376055555555 0.47236298125 0.3080641 0.461826921875 0.3080641
4 0.578971153125 0.5095512833333333 0.586396634375 0.5089359 0.597971153125 0.31820085555555555 0.583502403125 0.31911965555555555 0.57465144375 0.5083205111111111 0.578971153125 0.5095512833333333
4 0.5699879812499999 0.32772222222222225 0.56359855625 0.5070940166666666 0.5679158656250001 0.5083205111111111 0.572233171875 0.5086282055555555 0.5739615375 0.5070940166666666 0.5817331718750001 0.33171367777777777 0.5699879812499999 0.32772222222222225
4 0.5926153843749999 0.5098589722222222 0.60090625 0.5101623944444444 0.614033653125 0.3310982888888889 0.598704328125 0.3298717944444444 0.5874326937500001 0.5083205111111111 0.5926153843749999 0.5098589722222222
4 0.50744230625 0.3443076944444445 0.506576921875 0.5067863222222222 0.5148677875 0.5074017111111111 0.516076921875 0.34492307777777775 0.50744230625 0.3443076944444445
4 0.51733173125 0.35044871666666666 0.51592548125 0.5012564111111111 0.5297427875 0.5024871777777778 0.53181730625 0.3516794888888889 0.51733173125 0.35044871666666666
4 0.53682451875 0.5037136777777778 0.5399350968750001 0.3516794888888889 0.532334134375 0.3510641 0.529915865625 0.5034059833333333 0.53682451875 0.5037136777777778
4 0.56000480625 0.5998504277777778 0.5559975968749999 0.7260854722222222 0.575860578125 0.7300769222222223 0.581216346875 0.6004658111111111 0.56000480625 0.5998504277777778
4 0.577415865625 0.7300769222222223 0.581389421875 0.7313076944444445 0.5865697125 0.6182777777777778 0.580564903125 0.6179700833333334 0.57620673125 0.7303846166666668 0.577415865625 0.7300769222222223
4 0.610579328125 0.6124444444444445 0.6028052875000001 0.6099871777777778 0.59455769375 0.6112136777777778 0.5907163468750001 0.6698803444444444 0.58726201875 0.7377564111111111 0.5958966343750001 0.7399059833333334 0.60194230625 0.7386794888888889 0.610579328125 0.6124444444444445
4 0.5839783656249999 0.7325341888888889 0.5865697125 0.7331495722222223 0.59226923125 0.6222692333333333 0.586783653125 0.6213504277777777 0.581389421875 0.7316153833333333 0.5839783656249999 0.7325341888888889
4 0.613860578125 0.6145940166666667 0.6045336531250001 0.7429786333333334 0.6098870187500001 0.7445128222222221 0.61558894375 0.7451282055555555 0.62646875 0.6149017111111111 0.622497596875 0.6158205111111111 0.613860578125 0.6145940166666667