4 0.5531634624999999 0.4791453 0.543048078125 0.6957307666666667 0.5526201937499999 0.6977094 0.563084134375 0.48054701111111114 0.5531634624999999 0.4791453
4 0.575197115625 0.50371795 0.562860578125 0.6933589722222222 0.57198798125 0.6949401722222223 0.585122596875 0.5054658111111111 0.575197115625 0.50371795
4 0.585814903125 0.5047863222222222 0.572877403125 0.6933589722222222 0.5759951937500001 0.696525638888889 0.5813365375 0.6949401722222223 0.5964759625 0.5062564111111111 0.59246875 0.5078418777777778 0.585814903125 0.5047863222222222
4 0.5713197125 0.5074444444444445 0.5670913468750001 0.5078418777777778 0.563778846875 0.5055 0.554177884375 0.6949401722222223 0.559076921875 0.6961282055555555 0.5621923062499999 0.6941495722222222 0.57332451875 0.5074444444444445 0.5713197125 0.5074444444444445
4 0.606048078125 0.6996880333333333 0.616733171875 0.53671795 0.61228125 0.5363205111111111 0.605447115625 0.5379059833333333 0.595584134375 0.6996880333333333 0.606048078125 0.6996880333333333
4 0.5946298062500001 0.5507264944444444 0.581783653125 0.6985 0.58957451875 0.7012692333333332 0.603153846875 0.5533290611111111 0.5946298062500001 0.5507264944444444
4 0.266302884375 0.7131196555555556 0.287778846875 0.8508162388888888 0.29846394374999996 0.8504230777777778 0.27865144375 0.7151410277777777 0.266302884375 0.7131196555555556
4 0.32028124999999996 0.7214700833333333 0.314716346875 0.7222606833333334 0.31057451875000003 0.7213119666666666 0.328072115625 0.8575427333333333 0.3343052875 0.8587264944444445 0.340983171875 0.8571453000000001 0.32317548125 0.7183034166666666 0.32028124999999996 0.7214700833333333
4 0.2795240375 0.7209572666666667 0.300689903125 0.8603119666666666 0.305365384375 0.8611025666666666 0.31070913437500003 0.8587264944444445 0.2893365375 0.7198846166666666 0.28555288437500004 0.7222606833333334 0.2795240375 0.7209572666666667
4 0.327403846875 0.8571453000000001 0.30981730625 0.7297735055555555 0.305365384375 0.7329401722222222 0.29935576875000003 0.7345213666666666 0.293548078125 0.7319957277777778 0.31115384687500003 0.8579359 0.3185 0.8599145277777778 0.32362019375 0.8599145277777778 0.327403846875 0.8571453000000001
4 0.495252403125 0.7392692333333334 0.48812980625 0.7408504277777779 0.47603846250000004 0.7380512833333334 0.480115384375 0.8777136777777778 0.48723798125 0.8816709388888889 0.494584134375 0.8804829055555555 0.49792548124999997 0.8781111111111112 0.495252403125 0.7392692333333334
4 0.5465528843749999 0.7597735055555556 0.54155769375 0.8895811944444445 0.54934855625 0.8907692333333332 0.55469230625 0.7614188055555555 0.5465528843749999 0.7597735055555556
4 0.5243173062500001 0.767252138888889 0.522634615625 0.8836495722222223 0.540889421875 0.8895811944444445 0.5435600968750001 0.7705170944444444 0.5243173062500001 0.767252138888889