6 0.5415484375 0.553984375 0.661775 0.557990625 0.6608734375 0.5422984375000001 0.5412484375 0.5387593749999999 0.5415484375 0.553984375
6 0.5481609375 0.6517765625 0.6539609375000001 0.6704734375 0.653509375 0.6545093750000001 0.5480109375 0.6370859375 0.5481609375 0.6517765625
6 0.6523078124999999 0.626990625 0.5466578125 0.6146171875 0.5468078125 0.6258359375 0.5484609375 0.63571875 0.653359375 0.6528125 0.65155625 0.6418625 0.6523078124999999 0.626990625
6 0.5531203125 0.6843625 0.647046875 0.70359375 0.6446421875 0.6868375 0.5508656249999999 0.6670015625 0.5531203125 0.6843625
6 0.5534203125 0.7033265625 0.6428390625 0.7246953125 0.6410359375 0.7047375 0.55221875 0.6859656249999999 0.5534203125 0.7033265625
6 0.5429015625 0.5681406250000001 0.6490015625 0.5734828125 0.6476484375 0.5588625 0.542 0.55451875 0.5429015625 0.5681406250000001
6 0.550265625 0.665665625 0.6390828125 0.68329375 0.63893125 0.6681359375 0.5501140625 0.6515093750000001 0.550265625 0.665665625
6 0.5401953125000001 0.5384921874999999 0.647196875 0.5395609375 0.6456953125 0.5273375 0.540346875 0.5259390625 0.5397453125 0.5283421875000001 0.5401953125000001 0.5384921874999999
6 0.5385421874999999 0.5096453125 0.647046875 0.5075093749999999 0.64494375 0.487528125 0.5379421875 0.49281874999999997 0.5379421875 0.5016328125 0.5385421874999999 0.5096453125
6 0.5401953125000001 0.5224671875 0.63863125 0.5222 0.6375796874999999 0.5081 0.5397453125 0.509378125 0.5401953125000001 0.5224671875
6 0.5380921875 0.4925515625 0.643290625 0.48560625 0.6420874999999999 0.47732656249999994 0.640584375 0.447453125 0.5346359374999999 0.456225 0.534034375 0.471984375 0.5353875 0.48346875 0.5380921875 0.4925515625
6 0.53253125 0.4356578125 0.5332828125 0.44527343750000004 0.5341843749999999 0.45542343750000003 0.6399843749999999 0.44473906249999995 0.6381812499999999 0.4345890625 0.6377296875 0.422303125 0.6374296875 0.41405624999999996 0.5334328125 0.42844531249999995 0.53253125 0.4356578125
6 0.547259375 0.611946875 0.6245046875 0.6212953125 0.623903125 0.61069375 0.5468078125 0.601796875 0.547259375 0.611946875
6 0.63848125 0.3873390625 0.53268125 0.40440624999999997 0.5314796875 0.415625 0.5328328124999999 0.42684375 0.6347234375 0.4118859375 0.6398343750000001 0.4108171875 0.63848125 0.3873390625
6 0.547109375 0.601796875 0.623303125 0.6095421875 0.6228515625 0.5914578125000001 0.54590625 0.5836328125 0.547109375 0.601796875
6 0.5447046875 0.5830984375 0.62555625 0.589509375 0.6248046875 0.5786328125 0.5435015625 0.5708125 0.5447046875 0.5830984375
6 0.6297640624999999 0.35073750000000004 0.531028125 0.373421875 0.529375 0.3889140625 0.5322312499999999 0.4004 0.5334328125 0.4036046875 0.6330703125 0.383571875 0.6297640624999999 0.35073750000000004
6 0.43980625 0.7206890625 0.50578125 0.7372484375 0.504278125 0.721034375 0.43950625 0.7059984375 0.43980625 0.7206890625
6 0.43935625 0.7014578124999999 0.50563125 0.7161484375 0.502775 0.6945859375000001 0.43830468749999996 0.6816921875 0.43935625 0.7014578124999999
6 0.49631406250000004 0.67020625 0.504578125 0.6710078125 0.502325 0.6411515624999999 0.4368015625 0.6322765625 0.43830468749999996 0.6608578125 0.49631406250000004 0.67020625
6 0.43965624999999997 0.6694046874999999 0.4969140625 0.679821875 0.49706406249999996 0.6702734375 0.4387546875 0.6619265624999999 0.43965624999999997 0.6694046874999999
6 0.43965624999999997 0.6771499999999999 0.4964640625 0.6894375 0.49661406250000006 0.679890625 0.43980625 0.6696718749999999 0.4390546875 0.67314375 0.43965624999999997 0.6771499999999999