4 0.5059735562500001 0.24491025555555557 0.50696394375 0.47077777777777774 0.5157812500000001 0.47077777777777774 0.51683173125 0.24491025555555557 0.5059735562500001 0.24491025555555557
4 0.5786322125 0.2665641 0.5693533656249999 0.46667093888888894 0.5783822125 0.46667093888888894 0.58930048125 0.26618803333333335 0.5786322125 0.2665641
4 0.554028846875 0.46592307777777775 0.55906730625 0.4696581222222222 0.5678846156249999 0.46741880555555554 0.579221153125 0.26805555555555555 0.5760721156249999 0.26730769444444447 0.5687235562499999 0.26842735 0.560747596875 0.26730769444444447 0.554028846875 0.46592307777777775
4 0.5252283656250001 0.4677906 0.5275384625 0.26805555555555555 0.51725 0.2699230777777778 0.5164110562500001 0.46891025555555554 0.520610578125 0.47077777777777774 0.5252283656250001 0.4677906
4 0.5067524031249999 0.4696581222222222 0.50486298125 0.2691752111111111 0.495625 0.27066666666666667 0.498146634375 0.4704017111111111 0.50297355625 0.4711495722222222 0.5067524031249999 0.4696581222222222
4 0.48890865312500004 0.47077777777777774 0.484079328125 0.26880341666666663 0.47232211562500004 0.27104273333333334 0.47799038437499997 0.47301709444444445 0.485548078125 0.47338888888888886 0.48890865312500004 0.47077777777777774
4 0.6004278843749999 0.4636837611111111 0.6119735562499999 0.28261538333333336 0.601103365625 0.28448290555555555 0.589509615625 0.4636837611111111 0.5932884625 0.4644316222222222 0.6004278843749999 0.4636837611111111
4 0.429701921875 0.47637606666666665 0.4376802875 0.4745085444444444 0.425502403125 0.2751495722222222 0.419834134375 0.27776068333333337 0.41021153750000006 0.2762692333333333 0.4242427875 0.4737649555555556 0.429701921875 0.47637606666666665
4 0.446122596875 0.27776068333333337 0.4544759625 0.4745085444444444 0.46455288437500003 0.47824358888888885 0.472951921875 0.4767521388888889 0.47756971249999997 0.47152136666666666 0.47148076874999995 0.27402991666666665 0.46854326874999996 0.27552136666666666 0.45699519375 0.27813675000000004 0.446122596875 0.27776068333333337
4 0.6123942312499999 0.4618162388888889 0.6264615375 0.2930683777777778 0.6130240375 0.2945641 0.6029471156249999 0.4621880333333333 0.607985578125 0.4621880333333333 0.6123942312499999 0.4618162388888889
4 0.42697355625 0.28112393333333335 0.43873076875 0.47488461666666665 0.44481730625000004 0.4771239333333333 0.450697115625 0.4767521388888889 0.4544759625 0.4745085444444444 0.44544711562500006 0.27850854444444445 0.43873076875 0.2807478611111111 0.42697355625 0.28112393333333335
4 0.485603365625 0.2870940166666667 0.4891177875 0.4696581222222222 0.4977259625 0.47002991666666666 0.49541586562499995 0.28597436111111113 0.485603365625 0.2870940166666667
4 0.5884591343750001 0.4651752111111111 0.597697115625 0.29642735000000003 0.5880841343750001 0.2949359 0.579221153125 0.4636837611111111 0.585310096875 0.4662948722222222 0.5884591343750001 0.4651752111111111
4 0.39946875 0.4073076944444445 0.40639663437499995 0.4745085444444444 0.412697115625 0.47562820555555557 0.419834134375 0.47488461666666665 0.42361298124999996 0.47152136666666666 0.409545671875 0.2882136777777778 0.400728365625 0.2889615388888889 0.3881322125 0.2889615388888889 0.39946875 0.4073076944444445
4 0.529072115625 0.3150940166666667 0.5260697125 0.4696581222222222 0.53341826875 0.4696581222222222 0.537615384375 0.3154700833333334 0.529072115625 0.3150940166666667
4 0.55133173125 0.3199487166666667 0.547064903125 0.4651752111111111 0.553572115625 0.4651752111111111 0.55903125 0.3203205111111111 0.55133173125 0.3199487166666667
4 0.537615384375 0.32106837777777775 0.5342572125 0.4670427333333333 0.5476947125 0.4662948722222222 0.5512620187499999 0.32069658333333334 0.537615384375 0.32106837777777775
4 0.5746418281250001 0.5536581222222222 0.5683052875 0.6757393166666666 0.588040865625 0.6757393166666666 0.593709134375 0.5525384611111112 0.5746418281250001 0.5536581222222222
4 0.60777644375 0.55813675 0.599798078125 0.6794700833333334 0.6123942312499999 0.6794700833333334 0.6212115375 0.5566453 0.60777644375 0.55813675
4 0.6244134625 0.5585128222222222 0.615122596875 0.6805897444444444 0.626040865625 0.6820854722222223 0.635278846875 0.5592564111111111 0.6244134625 0.5585128222222222
4 0.593497596875 0.5659786333333333 0.5884591343750001 0.6757393166666666 0.593497596875 0.6753632500000001 0.59916826875 0.5667222222222222 0.593497596875 0.5659786333333333
4 0.599423078125 0.5667222222222222 0.593709134375 0.6761111111111111 0.597697115625 0.6761111111111111 0.6052548062499999 0.5678461555555555 0.599423078125 0.5667222222222222