6 0.5772 0.5233421875000001 0.5823125 0.5251578125 0.5872546875 0.5242515625 0.6000359375000001 0.2809140625 0.5884828125 0.2809140625 0.5772 0.5233421875000001
6 0.6690671874999999 0.30424843749999997 0.6462328125 0.52243125 0.6562859375000001 0.522734375 0.6794640625 0.3054578125 0.6690671874999999 0.30424843749999997
6 0.649165625 0.306975 0.6303703125 0.520615625 0.6334375 0.5221281249999999 0.63923125 0.5236453125 0.6452093750000001 0.521825 0.6671921875 0.30636718749999997 0.6625796875 0.3084921875 0.6554203125 0.3087953125 0.649165625 0.306975
6 0.589809375 0.522734375 0.594071875 0.522734375 0.5967984375000001 0.521221875 0.6095796874999999 0.3097015625 0.605659375 0.309396875 0.59884375 0.3097015625 0.587084375 0.521221875 0.589809375 0.522734375
6 0.56303125 0.30758125000000003 0.5580890625 0.30909375 0.549228125 0.30909375 0.545478125 0.5245562500000001 0.550590625 0.5260687500000001 0.557409375 0.5245562500000001 0.56303125 0.30758125000000003
6 0.576834375 0.5245562500000001 0.5855265625 0.3103078125 0.5758125 0.3106109375 0.5671203125 0.5221281249999999 0.5693359375 0.5245562500000001 0.573596875 0.525765625 0.576834375 0.5245562500000001
6 0.4808921875 0.3145515625 0.48753906249999995 0.5251578125 0.4931609375 0.526675 0.4977625 0.5251578125 0.5016828125 0.5248546875 0.49759062500000006 0.31303437500000003 0.49367343750000003 0.3142484375 0.48634374999999996 0.3157609375 0.4808921875 0.3145515625
6 0.5480343750000001 0.311521875 0.543603125 0.3160640625 0.53883125 0.3160640625 0.528946875 0.3166703125 0.5214921875 0.31515781249999997 0.520428125 0.5254609375 0.5245171875 0.5290984375 0.5330390625 0.530615625 0.538490625 0.5294015625 0.5447953125 0.525765625 0.5480343750000001 0.311521875
6 0.690540625 0.3251578125 0.6687265625000001 0.5200078125 0.6804859375000001 0.5184921874999999 0.7041734374999999 0.323640625 0.690540625 0.3251578125
6 0.5197453125 0.31758125000000004 0.51753125 0.3184921875 0.51190625 0.3200046875 0.505090625 0.3206109375 0.49984375 0.31970156250000004 0.502534375 0.5251578125 0.5042375 0.5278890625 0.5117359375 0.5287953125 0.518040625 0.5281921875 0.5202578124999999 0.5242515625 0.5197453125 0.31758125000000004
6 0.563371875 0.3254609375 0.5575765625 0.521825 0.5666109374999999 0.521825 0.5732578125 0.3251578125 0.563371875 0.3254609375
6 0.47220000000000006 0.5275859374999999 0.4810625 0.526675 0.48685625000000005 0.522734375 0.48003906250000006 0.3245515625 0.4691328125 0.32758125 0.45705937499999993 0.32909375 0.466746875 0.522734375 0.47220000000000006 0.5275859374999999
6 0.6948000000000001 0.5172828125 0.7191703125 0.33394375 0.703028125 0.333640625 0.70246875 0.33485468749999997 0.6815078125 0.5178890625 0.6876421875000001 0.5187953125 0.6948000000000001 0.5172828125
6 0.6591828125 0.5197046875 0.661740625 0.5203125 0.6646375 0.52091875 0.6685578125 0.5178890625 0.6876421875000001 0.3387953125 0.6762265625 0.3363671875 0.6567984375 0.5194015624999999 0.6591828125 0.5197046875
6 0.6215078125 0.5184921874999999 0.6279828125 0.5187953125 0.6359921875000001 0.4306109375 0.6422984375 0.363034375 0.6341171875 0.3633375 0.6215078125 0.5184921874999999
6 0.619334375 0.363034375 0.6073625 0.5197046875 0.62116875 0.5184921874999999 0.6336078125 0.3633375 0.619334375 0.363034375
6 0.5995234375 0.522734375 0.6032734375000001 0.5236453125 0.607021875 0.5233421875000001 0.6189515625 0.3603078125 0.6101296875 0.3594015625 0.5995234375 0.522734375
6 0.6459609375 0.6126875 0.634440625 0.7409359375 0.6546031250000001 0.7413328124999999 0.6678968750000001 0.6124921875 0.6459609375 0.6126875
6 0.6994734375 0.6178078124999999 0.6855125 0.6189921875 0.6831875000000001 0.6223421874999999 0.667565625 0.7474406250000001 0.6729953125 0.7490171875 0.6818578125 0.7480296875 0.6994734375 0.6178078124999999
6 0.66645625 0.6272656249999999 0.6550453125 0.7419234375 0.6605859374999999 0.7419234375 0.67255 0.6274609375 0.66645625 0.6272656249999999
6 0.686178125 0.749803125 0.689503125 0.751184375 0.6967015625 0.7515765625 0.7150937500000001 0.6213546875 0.7033875 0.6213546875 0.686178125 0.749803125
6 0.67225 0.6319953125 0.6608078125 0.743303125 0.6660140625000001 0.7434999999999999 0.6795312499999999 0.6319953125 0.67225 0.6319953125