6 0.5242671875 0.46385 0.41550937499999996 0.4714828125 0.41447812500000003 0.4867484375 0.5246078125 0.48002968749999997 0.5242671875 0.46385
6 0.519628125 0.6293421875 0.4153390625 0.6152984375 0.4143078125 0.631175 0.5180796875 0.6467484375 0.519628125 0.6293421875
6 0.51705 0.560640625 0.516190625 0.5502609374999999 0.51601875 0.538046875 0.5172218749999999 0.5255296875 0.517665625 0.516559375 0.41637031249999995 0.5194234375 0.41379374999999996 0.5276671875 0.41293281249999997 0.5469015625 0.41379374999999996 0.554534375 0.414821875 0.5563671875 0.51705 0.560640625
6 0.514634375 0.6553328125 0.5158359375 0.6480046875000001 0.5150390625 0.647896875 0.41257968749999996 0.6327390625 0.410346875 0.6348765625 0.4101734375 0.6397609375 0.410690625 0.6480046875000001 0.5156640625 0.666325 0.514634375 0.6620515625000001 0.514634375 0.6553328125
6 0.4100125 0.5667484375 0.411215625 0.5749921875 0.5144734375 0.5807953125 0.5137859375 0.5759109375 0.5141296875 0.5694953125 0.515159375 0.56491875 0.4113875 0.560640625 0.4100125 0.5667484375
6 0.40898124999999996 0.4962140625 0.40898124999999996 0.51423125 0.5148171875 0.5099578124999999 0.51326875 0.5035421875 0.512925 0.4904140625 0.5144203125 0.481940625 0.410528125 0.48766718750000004 0.40898124999999996 0.4962140625
6 0.50329375 0.4327609375 0.4167140625 0.439115625 0.41619687499999997 0.46476562499999996 0.5038203125 0.460184375 0.50329375 0.4327609375
6 0.49786562500000003 0.583603125 0.41121406250000003 0.5762140625 0.40863750000000004 0.6149921875000001 0.4957453125 0.6253765625 0.49786562500000003 0.583603125
6 0.489228125 0.66493125 0.40742500000000004 0.6501406249999999 0.406565625 0.6620515625000001 0.48851875 0.6794578125 0.489228125 0.66493125
6 0.49040937500000004 0.6846453125 0.40072343750000006 0.66724375 0.40072343750000006 0.682815625 0.49144062499999996 0.702965625 0.49040937500000004 0.6846453125
6 0.3746921875 0.5927390625 0.29600468750000003 0.5841875 0.294803125 0.5890765625000001 0.2949734375 0.5985390625 0.29617499999999997 0.6012859374999999 0.3746921875 0.6125859375 0.37400781250000004 0.6089234375 0.3736640625 0.601896875 0.3746921875 0.5927390625
6 0.3700671875 0.5325 0.291709375 0.531975 0.290678125 0.5374703125 0.2905078125 0.5512140624999999 0.29136562499999996 0.5524359375000001 0.3693671875 0.5570125 0.3681640625 0.5490765625 0.3681640625 0.5402218750000001 0.3700671875 0.5325
6 0.3663578125 0.5594234375 0.294115625 0.554265625 0.29136562499999996 0.5622046875 0.2905078125 0.5716703125 0.293084375 0.5832734375 0.36610312500000003 0.592128125 0.36472812499999996 0.583884375 0.3645578125 0.5725859375 0.3663578125 0.5594234375
6 0.3624953125 0.6611374999999999 0.2908515625 0.6470890625 0.290334375 0.6596062500000001 0.362321875 0.6754875 0.3624953125 0.6611374999999999
6 0.354590625 0.6131968750000001 0.2968625 0.6025078125000001 0.29583125 0.622359375 0.353559375 0.634265625 0.354590625 0.6131968750000001
6 0.3555390625 0.6382828125 0.2889609375 0.626325 0.2882734375 0.6431203125 0.35493437499999997 0.6580812500000001 0.3555390625 0.6382828125