6 0.5850531250000001 0.39842656249999997 0.5954671874999999 0.21541562500000003 0.587309375 0.2160328125 0.5772437499999999 0.39996875 0.5850531250000001 0.39842656249999997
6 0.5862421875 0.21665 0.581209375 0.220353125 0.5722437499999999 0.2200453125 0.565415625 0.40182031250000005 0.5761765624999999 0.401203125 0.5862421875 0.21665
6 0.533134375 0.41385625 0.5359125 0.204921875 0.5274546875 0.20553906249999998 0.5248046875 0.414165625 0.533134375 0.41385625
6 0.6024093749999999 0.3907109375 0.612475 0.22806875 0.6036640625 0.2299203125 0.5939046875 0.39287031250000004 0.59824375 0.3934875 0.6024093749999999 0.3907109375
6 0.612475 0.387315625 0.6239296875 0.23424062499999998 0.613559375 0.2360921875 0.6036234375 0.3904015625 0.612475 0.387315625
6 0.5932109375 0.394721875 0.601715625 0.24103124999999997 0.5935578125000001 0.24133906249999998 0.5857484375 0.394721875 0.5866156250000001 0.396575 0.5932109375 0.394721875
6 0.5400765625 0.4098453125 0.5442421875 0.2271421875 0.535390625 0.2271421875 0.5329609375000001 0.41262187499999997 0.5367796874999999 0.41323906250000003 0.5400765625 0.4098453125
6 0.5242843749999999 0.41570937499999994 0.525325 0.229303125 0.518209375 0.2314640625 0.5169937499999999 0.41509062500000005 0.5187296875 0.41694375 0.5242843749999999 0.41570937499999994
6 0.4975953125 0.23424062499999998 0.4998 0.4209546875 0.5041390625 0.421571875 0.5079578125 0.4209546875 0.5089984375000001 0.4184859375 0.5083046875 0.23177187500000002 0.4975953125 0.23424062499999998
6 0.51560625 0.41601718749999994 0.5163 0.2453515625 0.5085328125 0.2465859375 0.5088375 0.41694375 0.51560625 0.41601718749999994
6 0.47502812499999997 0.24257343750000002 0.47949374999999994 0.42681874999999997 0.4831390625 0.42805312500000003 0.4892140625 0.4283625 0.4963296875 0.42651093749999996 0.4998 0.421571875 0.4963296875 0.2379453125 0.49008124999999997 0.24041406250000003 0.4805359375 0.24195625 0.47502812499999997 0.24257343750000002
6 0.5633328125 0.40151250000000005 0.5690609375 0.2672640625 0.563159375 0.26818906249999996 0.5584734375 0.4021296875 0.5633328125 0.40151250000000005
6 0.55760625 0.4024375 0.56211875 0.26880625 0.5522265625 0.27127500000000004 0.548234375 0.4061421875 0.55760625 0.4024375
6 0.4742875 0.24442499999999998 0.471684375 0.2453515625 0.465784375 0.24689375 0.45749531250000003 0.24782031249999997 0.464915625 0.43083125000000005 0.475503125 0.430521875 0.47949374999999994 0.42681874999999997 0.4742875 0.24442499999999998
6 0.456759375 0.43268281249999996 0.46213906250000003 0.432065625 0.46422187499999995 0.43083125000000005 0.456759375 0.2435 0.4515515625 0.2450421875 0.44582499999999997 0.24689375 0.44308593749999997 0.2462765625 0.4519 0.43175625 0.456759375 0.43268281249999996
6 0.5480609375000001 0.4110796875 0.5522265625 0.2666453125 0.5463765625 0.2672640625 0.5419859375 0.41169687499999996 0.5480609375000001 0.4110796875
6 0.451378125 0.43175625 0.44165937499999997 0.2573875 0.43610625000000003 0.260165625 0.423296875 0.26263437500000003 0.43454375 0.43669531250000004 0.44165937499999997 0.4373125 0.44651874999999996 0.4348421875 0.451378125 0.43175625
6 0.6214999999999999 0.5866828125 0.6306984375 0.470334375 0.62171875 0.4731109375 0.6129953125000001 0.587609375 0.6214999999999999 0.5866828125
6 0.610565625 0.5869921875 0.61924375 0.47218593750000004 0.607309375 0.47712343749999997 0.6001531250000001 0.5910031250000001 0.610565625 0.5869921875
6 0.589565625 0.5910031250000001 0.5945984375 0.4749625 0.5784921875 0.47928437500000004 0.5739468750000001 0.5943984375 0.589565625 0.5910031250000001
6 0.5939046875 0.58884375 0.599459375 0.487 0.594290625 0.4876171875 0.5899125 0.5894609375 0.5939046875 0.58884375
6 0.598590625 0.5885343749999999 0.6044921875 0.489159375 0.5998453125000001 0.48946875 0.5942515625 0.58884375 0.598590625 0.5885343749999999