6 0.45845156249999997 0.44601562499999997 0.338225 0.44200937500000004 0.3391265625 0.45770156249999994 0.4587515625 0.461240625 0.45845156249999997 0.44601562499999997
6 0.45183906250000005 0.3482234375 0.3460390625 0.3295265625 0.346490625 0.345490625 0.45198906250000004 0.36291406249999997 0.45183906250000005 0.3482234375
6 0.34769218749999997 0.373009375 0.4533421875 0.3853828125 0.4531921875 0.3741640625 0.45153906250000003 0.36428125 0.346640625 0.3471875 0.34844375 0.3581375 0.34769218749999997 0.373009375
6 0.44687968749999996 0.3156375 0.352953125 0.29640625 0.3553578125 0.3131625 0.44913437500000003 0.3329984375 0.44687968749999996 0.3156375
6 0.4465796875 0.2966734375 0.3571609375 0.2753046875 0.3589640625 0.2952625 0.44778124999999996 0.314034375 0.4465796875 0.2966734375
6 0.4570984375 0.431859375 0.35099843750000004 0.4265171875 0.3523515625 0.44113749999999996 0.458 0.44548125 0.4570984375 0.431859375
6 0.44973437499999996 0.33433437499999996 0.3609171875 0.31670625 0.36106875 0.3318640625 0.44988593750000005 0.348490625 0.44973437499999996 0.33433437499999996
6 0.4598046875 0.4615078125 0.352803125 0.4604390625 0.3543046875 0.47266250000000004 0.459653125 0.4740609375 0.4602546875 0.4716578125 0.4598046875 0.4615078125
6 0.46145781250000006 0.4903546875 0.352953125 0.492490625 0.35505624999999996 0.512471875 0.4620578125 0.50718125 0.4620578125 0.4983671875 0.46145781250000006 0.4903546875
6 0.4598046875 0.47753281249999996 0.36136875 0.47779999999999995 0.3624203125 0.49189999999999995 0.4602546875 0.490621875 0.4598046875 0.47753281249999996
6 0.46190781249999996 0.5074484375 0.356709375 0.51439375 0.35791249999999997 0.5226734375000001 0.359415625 0.552546875 0.46536406250000006 0.543775 0.46596562500000005 0.528015625 0.4646125 0.51653125 0.46190781249999996 0.5074484375
6 0.46746875 0.5643421875 0.4667171875 0.5547265625 0.465815625 0.5445765625 0.360015625 0.5552609375 0.36181874999999997 0.5654109375 0.3622703125 0.577696875 0.3625703125 0.58594375 0.46656718750000004 0.5715546875 0.46746875 0.5643421875
6 0.452740625 0.388053125 0.3754953125 0.3787046875 0.376096875 0.38930625 0.4531921875 0.398203125 0.452740625 0.388053125
6 0.36151875 0.6126609375000001 0.46731875 0.59559375 0.46852031250000004 0.584375 0.4671671875 0.57315625 0.36527656249999996 0.5881140625 0.360165625 0.5891828125 0.36151875 0.6126609375000001
6 0.45289062500000005 0.398203125 0.37669687500000004 0.3904578125 0.3771484375 0.4085421875 0.45409375 0.4163671875 0.45289062500000005 0.398203125
6 0.4552953125 0.4169015625 0.37444375 0.410490625 0.3751953125 0.4213671875 0.45649843749999997 0.4291875 0.4552953125 0.4169015625
6 0.3702359375 0.6492625000000001 0.468971875 0.626578125 0.47062499999999996 0.6110859375000001 0.46776875 0.5996 0.46656718750000004 0.5963953125 0.3669296875 0.616428125 0.3702359375 0.6492625000000001
6 0.56019375 0.27931093749999997 0.49421875000000004 0.2627515625 0.495721875 0.278965625 0.56049375 0.2940015625 0.56019375 0.27931093749999997
6 0.56064375 0.2985421875 0.49436875 0.2838515625 0.497225 0.3054140625 0.5616953125 0.3183078125 0.56064375 0.2985421875
6 0.5036859375 0.32979375 0.495421875 0.32899218750000003 0.497675 0.3588484375 0.5631984375 0.36772343749999997 0.5616953125 0.33914218749999997 0.5036859375 0.32979375
6 0.56034375 0.33059531249999996 0.5030859375000001 0.320178125 0.5029359375 0.3297265625 0.5612453125 0.33807343749999996 0.56034375 0.33059531249999996
6 0.56034375 0.32284999999999997 0.5035359374999999 0.31056249999999996 0.5033859374999999 0.32010937500000003 0.56019375 0.330328125 0.5609453125 0.32685624999999996 0.56034375 0.32284999999999997