6 0.46650625 0.6077734375 0.560365625 0.6363828125000001 0.5569859375 0.627890625 0.46586249999999996 0.59861875 0.46650625 0.6077734375
6 0.46409218750000003 0.596615625 0.5566640625 0.6263687499999999 0.5545703125 0.61329375 0.462965625 0.5848859375 0.46409218750000003 0.596615625
6 0.5515125000000001 0.5785921875 0.5505453124999999 0.5708671875 0.55070625 0.569503125 0.45523749999999996 0.5539875000000001 0.45588125 0.557421875 0.5515125000000001 0.5785921875
6 0.463609375 0.5846 0.5412078124999999 0.6031953125 0.5420125 0.5789484375 0.46055 0.5594234375 0.463609375 0.5846
6 0.46135468749999997 0.6601281250000001 0.541690625 0.678725 0.5408062499999999 0.6656703125 0.45942343750000003 0.6506875 0.46135468749999997 0.6601281250000001
6 0.4591015625 0.633521875 0.534125 0.6586984375 0.5342859375 0.6502140625 0.4592625 0.62150625 0.4591015625 0.633521875
6 0.44871718749999995 0.55469375 0.5456359375 0.5701421875 0.5434625 0.5355875 0.44501406250000003 0.5232234375 0.44453125 0.54181875 0.44871718749999995 0.55469375
6 0.35238593749999997 0.618328125 0.41916875 0.656715625 0.41938125 0.6428734375 0.3513984375 0.606284375 0.35238593749999997 0.618328125
6 0.34222031249999996 0.5806921875 0.4225578125 0.6356390625 0.42234531249999996 0.62291875 0.3434921875 0.5681468749999999 0.3420796875 0.5764265625 0.34222031249999996 0.5806921875
6 0.3472078125 0.23343281249999998 0.28598124999999996 0.3191421875 0.2926328125 0.338840625 0.3547109375 0.253375 0.35061875 0.2485265625 0.34754843750000003 0.240646875 0.3472078125 0.23343281249999998
6 0.2757484375 0.27549999999999997 0.36119218750000004 0.22064374999999997 0.358975 0.20614531249999998 0.27301875 0.2618609375 0.2757484375 0.27549999999999997
6 0.340896875 0.21094531249999998 0.3335640625 0.185184375 0.33237031250000004 0.18386093750000002 0.2684140625 0.22519062500000003 0.273871875 0.2497390625 0.340896875 0.21094531249999998
6 0.2677328125 0.21973437499999998 0.3391921875 0.1754875 0.33620625 0.16203125000000002 0.26449218750000003 0.20397500000000002 0.2677328125 0.21973437499999998
6 0.2632984375 0.1842765625 0.269096875 0.1982171875 0.3403859375 0.154575 0.3386796875 0.1466953125 0.335609375 0.135784375 0.335609375 0.124571875 0.3354390625 0.1224640625 0.26056875 0.1676078125 0.2632984375 0.1842765625
6 0.328746875 0.10289843750000001 0.32795 0.09014375 0.326553125 0.0894265625 0.2497390625 0.1415453125 0.24993906250000003 0.1500546875 0.25253281250000004 0.162109375 0.254328125 0.1653 0.3329375 0.117790625 0.3307421875 0.111053125 0.328746875 0.10289843750000001