4 0.42501682812499997 0.6764059833333333 0.42322115312499997 0.6844487166666666 0.42283894375 0.6937863222222223 0.42351201875 0.70328205 0.426108171875 0.7131623944444445 0.539103365625 0.7394786333333333 0.53809855625 0.7359102555555554 0.53715144375 0.7256794888888889 0.5371778843749999 0.7111068388888888 0.538079328125 0.6992478611111111 0.42501682812499997 0.6764059833333333
4 0.42782932812499996 0.7571752111111111 0.51090625 0.7795299166666666 0.51480048125 0.7809743611111112 0.51340625 0.7695042722222223 0.51323798125 0.769170938888889 0.43062980624999997 0.7455213666666667 0.42670432812500003 0.7445170944444445 0.42782932812499996 0.7571752111111111
4 0.5153990375 0.7510128222222222 0.51537980625 0.7368333333333333 0.426028846875 0.7142777777777778 0.42674519375 0.72692735 0.5153990375 0.7510128222222222
4 0.430391828125 0.7430341888888888 0.43048798125000004 0.7449017111111111 0.509608171875 0.7663290611111111 0.5094375 0.7635982888888888 0.513216346875 0.7647649555555556 0.5134158656250001 0.7509145277777778 0.428134615625 0.7293247888888889 0.42687980625 0.7433333333333334 0.430391828125 0.7430341888888888
4 0.51309855625 0.6695384611111111 0.514451921875 0.6579914555555556 0.42354326875000003 0.6122649555555555 0.42307211562499997 0.6234786333333333 0.51309855625 0.6695384611111111
4 0.5112884625 0.6858675222222222 0.5127788468750001 0.6743461555555555 0.4222740375 0.6257948722222223 0.42176201874999997 0.6367948722222222 0.5112884625 0.6858675222222222
4 0.37458894374999996 0.6845683777777778 0.374266828125 0.6773205111111111 0.300653846875 0.6631410277777778 0.3007740375 0.6843589722222222 0.37528605625 0.6989188055555555 0.375360578125 0.69128205 0.37458894374999996 0.6845683777777778
4 0.37948076875000003 0.714388888888889 0.29349038437499997 0.6952735055555556 0.292264421875 0.6997264944444445 0.291516828125 0.7060341888888888 0.2918197125 0.7142008555555555 0.292865384375 0.7202906 0.294846153125 0.7254059833333334 0.38025000000000003 0.7464487166666667 0.378439903125 0.7402393166666666 0.3775552875 0.7298034166666666 0.3778509625 0.7219658111111111 0.37948076875000003 0.714388888888889
4 0.374408653125 0.39010683888888886 0.37140144375 0.37527777777777777 0.29057211562499996 0.4614957277777778 0.292670671875 0.4750641 0.374408653125 0.39010683888888886
4 0.3720625 0.40053846111111113 0.37187980625 0.3963418777777778 0.3718052875 0.3954957277777778 0.29216346249999997 0.47628204999999996 0.290079328125 0.48248290555555556 0.29064423125 0.4872222222222222 0.29221875 0.49159828888888885 0.37425480625 0.40952136666666666 0.37460576875 0.40911538333333336 0.37331730625000004 0.4062564111111111 0.3720625 0.40053846111111113
4 0.3613990375 0.4330769222222222 0.299375 0.49710256666666663 0.29859375 0.5032521388888889 0.29990865312500004 0.5095470111111111 0.3643990375 0.4446410277777778 0.36293269375000003 0.4420769222222222 0.36195192187499997 0.43927777777777777 0.36144230624999996 0.4357991444444444 0.3613990375 0.4330769222222222
4 0.371091346875 0.3429871777777778 0.369372596875 0.33657265000000003 0.36891105625 0.33163247777777777 0.3690384625 0.32817948888888887 0.288358171875 0.41671367777777774 0.28683894374999996 0.42307265 0.28784134687499996 0.4302906 0.2892884625 0.4321837611111111 0.35334374999999996 0.36770512777777775 0.35683173125 0.3664529888888889 0.3733365375 0.34865812222222226 0.371091346875 0.3429871777777778
4 0.36126442187499996 0.16488461666666668 0.364485578125 0.16719658333333334 0.379485578125 0.15126495555555555 0.3766875 0.13351709444444443 0.2794375 0.23951282222222223 0.279790865625 0.2545299166666667 0.31621875 0.21603418888888887 0.36126442187499996 0.16488461666666668
4 0.36532932812499996 0.11266666666666668 0.282173078125 0.20638461666666666 0.280627403125 0.21123504444444446 0.28051442187500003 0.2189316222222222 0.281579328125 0.22752136666666667 0.283658653125 0.23293162222222222 0.32719951875 0.1867478611111111 0.36939423125 0.14049145555555556 0.368264421875 0.13853846111111112 0.365865384375 0.12565812222222222 0.364872596875 0.11878205 0.36532932812499996 0.11266666666666668
4 0.35225721249999997 0.22584187777777778 0.371846153125 0.20732906111111113 0.368701921875 0.20068803333333335 0.3658990375 0.18799145555555555 0.36277644375 0.17110256666666668 0.36181730624999997 0.16458119444444444 0.278790865625 0.2598589722222222 0.276829328125 0.2643333333333333 0.276560096875 0.2717948722222222 0.277384615625 0.28348290555555555 0.279358171875 0.2946709388888889 0.30072355625 0.2731837611111111 0.348514421875 0.2233974333333333 0.35225721249999997 0.22584187777777778
4 0.28209134687500004 0.18594871666666665 0.282233171875 0.20079059999999999 0.33727644375 0.14397863333333333 0.36157211562499997 0.11667948888888889 0.3601177875 0.10439316111111112 0.28209134687500004 0.18594871666666665
4 0.35243269375 0.3681880333333334 0.28255769375 0.4390213666666667 0.285454328125 0.4529059833333333 0.357697115625 0.3830769222222222 0.35471394375 0.37419230555555555 0.35243269375 0.3681880333333334
4 0.359266828125 0.25414102777777775 0.359735578125 0.2531581222222222 0.27606730625 0.34299572777777776 0.274353365625 0.34941025555555555 0.27539182812499996 0.3541410277777778 0.27764663437500003 0.3575427333333333 0.36291105625000003 0.26922222222222225 0.360358171875 0.2656709388888889 0.359365384375 0.26022649444444446 0.359266828125 0.25414102777777775
4 0.361048078125 0.03190598333333334 0.27348557812499996 0.10278632222222223 0.27276201875 0.11037179444444445 0.27253846249999997 0.1170384611111111 0.27343269375 0.12244444444444444 0.27487980625 0.12494017222222223 0.276752403125 0.1255470111111111 0.364201921875 0.061243588888888895 0.362591346875 0.05659401666666667 0.360889421875 0.04625213888888889 0.3604615375 0.03646581111111111 0.361048078125 0.03190598333333334
4 0.28008173125 0.16079487222222222 0.280591346875 0.17130341666666665 0.28146875 0.1756111111111111 0.35710576875 0.10688888888888888 0.356358171875 0.09960256666666667 0.35458894375 0.08747436111111112 0.352459134375 0.07960256666666667 0.350665865625 0.07712393333333334 0.27950480624999996 0.15012393333333332 0.28008173125 0.16079487222222222
4 0.34944471250000003 0.34855555555555556 0.348709134375 0.34128205 0.344639421875 0.3250042722222222 0.28307451875 0.38540171111111116 0.282052884375 0.3938803444444444 0.28347596249999996 0.4072606833333333 0.34944471250000003 0.34855555555555556
4 0.34837019375 0.22411538333333333 0.27610576875000004 0.2990470111111111 0.27630769375 0.3323162388888889 0.33234375 0.2833162388888889 0.35394471250000004 0.25928205 0.35341826875 0.2599444444444444 0.35416105625 0.2592906 0.35371634687500003 0.25281196666666667 0.350685096875 0.23664957222222222 0.34837019375 0.22411538333333333
4 0.35229807812499997 0.3099316222222222 0.35173798125 0.30390598333333335 0.34734855625 0.28700427222222225 0.276228365625 0.3593333333333334 0.275985578125 0.3660769222222222 0.277709134375 0.3800470111111111 0.35229807812499997 0.3099316222222222