4 0.65973076875 0.65521795 0.556266828125 0.6373205111111111 0.557134615625 0.6512051277777777 0.6600793281249999 0.66971795 0.65973076875 0.65521795
4 0.555572115625 0.6354230777777777 0.659384615625 0.6533205111111111 0.65730048125 0.6443717944444445 0.6574759625000001 0.6284316222222223 0.5552259625 0.6162948722222222 0.555572115625 0.6354230777777777
4 0.6656346156249999 0.5488076944444444 0.5482812499999999 0.5440982888888889 0.548454328125 0.5589059833333333 0.66598076875 0.5638418777777778 0.6656346156249999 0.5488076944444444
4 0.5599134625 0.6746538444444444 0.5614759625 0.6820598277777777 0.6529615375 0.6999572666666667 0.6519206718749999 0.6842906 0.5602596156249999 0.6669401722222222 0.5599134625 0.6746538444444444
4 0.648447115625 0.7018846166666667 0.5616490375 0.6842222222222222 0.563384615625 0.6999572666666667 0.6494903843750001 0.7203205111111111 0.648447115625 0.7018846166666667
4 0.558177884375 0.6539829055555555 0.55921875 0.6657094 0.6456706718749999 0.6808247888888889 0.6454975968750001 0.6663247888888889 0.55921875 0.6524401722222223 0.558177884375 0.6539829055555555
4 0.548802884375 0.5653846166666667 0.5507115375 0.571247861111111 0.6534831718749999 0.5786538444444445 0.6534831718749999 0.5629188055555555 0.5491490375 0.5585982888888888 0.548802884375 0.5653846166666667
4 0.5467187499999999 0.5332991444444445 0.5474134625 0.5431709388888889 0.6522668281249999 0.5450213666666667 0.6510528843750001 0.5323717944444444 0.5477620187500001 0.5302136777777778 0.5467187499999999 0.5332991444444445
4 0.6494903843750001 0.49572649444444444 0.5444639437500001 0.4996453 0.5441153843750001 0.5073589722222221 0.5444639437500001 0.5141453 0.5458509625 0.516 0.650877403125 0.5147649555555556 0.6494903843750001 0.49572649444444444
4 0.642545671875 0.5151709388888889 0.5467187499999999 0.5157094 0.547240384375 0.527743588888889 0.6432403843750001 0.5289786333333334 0.642545671875 0.5151709388888889
4 0.5402956718749999 0.4808247888888889 0.54133894375 0.4934743611111111 0.5441153843750001 0.4996453 0.64740625 0.4934743611111111 0.6460168281249999 0.48236752222222223 0.6451490375 0.4653974333333334 0.644802884375 0.45560683888888887 0.5411634624999999 0.46354701111111113 0.540471153125 0.4700256388888889 0.5402956718749999 0.4808247888888889
4 0.63039423125 0.6122863222222222 0.555052884375 0.6039529888888889 0.5553990375 0.6125940166666667 0.6309134625 0.6227735055555556 0.63039423125 0.6122863222222222
4 0.628658653125 0.5928461555555555 0.552795671875 0.5857478611111111 0.55487980625 0.6024102555555556 0.6300456718749999 0.6104316222222222 0.628658653125 0.5928461555555555
4 0.6432403843750001 0.4496623944444445 0.642372596875 0.4391709388888889 0.6418509625000001 0.4244359 0.538908653125 0.43762820555555554 0.53908173125 0.4564487166666667 0.5411634624999999 0.46354701111111113 0.643759615625 0.4542906 0.6432403843750001 0.4496623944444445
4 0.538908653125 0.43639316111111115 0.6442812499999999 0.4231282055555556 0.6434134625000001 0.41387179444444444 0.642372596875 0.40368803333333336 0.64271875 0.39882051111111116 0.5383870187500001 0.41448717777777777 0.5378653843750001 0.4231282055555556 0.53821394375 0.43269230555555555 0.538908653125 0.43639316111111115
4 0.6309134625 0.5824487166666666 0.549670671875 0.5746410277777778 0.550016828125 0.5854401722222222 0.63126201875 0.5928461555555555 0.6309134625 0.5824487166666666
4 0.6364687499999999 0.39628205 0.63490625 0.3864102555555555 0.63351923125 0.36363675 0.535608171875 0.38363247777777776 0.53526201875 0.39628205 0.5366514437500001 0.4049230777777778 0.5383870187500001 0.4135641 0.6364687499999999 0.39628205
4 0.515125 0.7163888888888889 0.45072115312500005 0.7008803444444445 0.45124038437499997 0.716 0.5166875 0.7323547 0.515125 0.7163888888888889
4 0.5128677875000001 0.6907735055555555 0.44881009687500006 0.6780512833333334 0.45106730625 0.6965641 0.515646634375 0.7119871777777778 0.5128677875000001 0.6907735055555555
4 0.511653846875 0.6395427333333333 0.44690144375 0.6314615388888889 0.44881009687500006 0.6592264944444445 0.514084134375 0.6681752111111111 0.511653846875 0.6395427333333333
4 0.506966346875 0.6676282055555556 0.44967788437499995 0.6598461555555555 0.45002644375 0.6669401722222222 0.5073125 0.6768162388888889 0.506966346875 0.6676282055555556
4 0.505923078125 0.6775042722222222 0.45002644375 0.6675598277777778 0.45019951875 0.6752735055555555 0.50609855625 0.6857649555555555 0.505923078125 0.6775042722222222