6 0.41471093750000004 0.63118125 0.518384375 0.645275 0.5191578125 0.6280890625 0.41529218749999997 0.6160578125 0.41471093750000004 0.63118125
6 0.517746875 0.5135234375 0.41451874999999994 0.5198078125000001 0.41316406250000004 0.5339015625 0.41316406250000004 0.5466203125 0.41413124999999995 0.5559015625 0.517803125 0.5569328125 0.5170296875 0.5504015625 0.5164500000000001 0.5404328125 0.51664375 0.5242765625 0.517746875 0.5135234375
6 0.5158703124999999 0.66486875 0.514321875 0.6597125 0.514515625 0.6514624999999999 0.515659375 0.64653125 0.41219687499999996 0.63255625 0.41006875000000004 0.6377125 0.41064999999999996 0.6473375 0.5158703124999999 0.66486875
6 0.5150953125 0.5779015625 0.5139359375 0.5720578125 0.5135484375 0.5665578124999999 0.5152890625000001 0.5617453125 0.4112296875 0.5600265624999999 0.4102625 0.5648390625 0.4110359375 0.5744640624999999 0.5150953125 0.5779015625
6 0.40871562499999997 0.6133078125 0.49652812500000004 0.6246515625 0.49826875 0.5827140625 0.4112296875 0.5761828125 0.40871562499999997 0.6133078125
6 0.4065875 0.6614312499999999 0.4882109375 0.67793125 0.48921093750000005 0.662925 0.4077484375 0.6487125 0.4065875 0.6614312499999999
6 0.401359375 0.68274375 0.4918796875 0.7023375 0.49071875 0.68343125 0.401359375 0.6658999999999999 0.4001984375 0.6734625000000001 0.401359375 0.68274375
6 0.3865015625 0.1339765625 0.3856984375 0.1257609375 0.3861 0.1171875 0.38683125 0.1097796875 0.31575312499999997 0.1443359375 0.3141453125 0.15147968750000002 0.3155515625 0.16648281250000002 0.3865015625 0.1339765625
6 0.310728125 0.1729125 0.3105265625 0.1807703125 0.31213437499999996 0.1843421875 0.3895171875 0.15112187500000002 0.388109375 0.1454078125 0.3885125 0.1386203125 0.389315625 0.1339765625 0.31173281249999996 0.1675546875 0.310728125 0.1729125
6 0.30871875000000004 0.1246890625 0.30871875000000004 0.134334375 0.3111296875 0.1357625 0.38630156250000003 0.0968265625 0.385296875 0.08896875 0.3850953125 0.08111093750000001 0.385203125 0.07474375 0.30891875 0.1161171875 0.30871875000000004 0.1246890625
6 0.3022859375 0.295434375 0.3901203125 0.2497109375 0.3886390625 0.233853125 0.3024875 0.281503125 0.3022859375 0.295434375
6 0.3048984375 0.3111515625 0.3048984375 0.31758125000000004 0.3065078125 0.32829687500000004 0.38449218749999997 0.2843609375 0.3826828125 0.2786453125 0.38127656249999997 0.27042968749999996 0.381678125 0.260428125 0.30630625 0.30543593750000003 0.3048984375 0.3111515625
6 0.3099234375 0.2761453125 0.3756484375 0.2411390625 0.37417500000000004 0.22003124999999998 0.309521875 0.2543546875 0.3099234375 0.2761453125
6 0.3724328125 0.19255781249999998 0.3718296875 0.1761265625 0.3718296875 0.17755625 0.3067078125 0.2111328125 0.3065078125 0.22685 0.3724328125 0.19255781249999998
6 0.3666046875 0.1793421875 0.3674078125 0.16148125 0.3671234375 0.16153125 0.3105265625 0.1864859375 0.310125 0.2050609375 0.3666046875 0.1793421875
6 0.3734375 0.206846875 0.37303593749999997 0.200059375 0.37303593749999997 0.19255781249999998 0.3008796875 0.230065625 0.300678125 0.241853125 0.3734375 0.206846875