6 0.49260468749999997 0.6523140625 0.48746875 0.45667656250000005 0.47847656250000004 0.455990625 0.48398906249999996 0.6496625 0.49260468749999997 0.6523140625
6 0.5737875 0.65201875 0.5819046875 0.46728437500000003 0.5719640625 0.4664 0.565503125 0.6505453125 0.5699765625000001 0.651134375 0.5737875 0.65201875
6 0.508509375 0.469640625 0.5111609374999999 0.6502515625 0.515303125 0.653196875 0.52458125 0.654965625 0.5317046875 0.6526078125 0.5335265625 0.469346875 0.5298828125 0.4708203125 0.5235859375 0.471409375 0.5131484375 0.470525 0.508509375 0.469640625
6 0.576603125 0.6587953125 0.5814078125 0.6599734374999999 0.58323125 0.6585015624999999 0.593171875 0.470525 0.5911828125 0.47288125000000003 0.5883671875 0.4740609375 0.5829 0.4722921875 0.57445 0.65614375 0.576603125 0.6587953125
6 0.53700625 0.6593843749999999 0.5421421875 0.6587953125 0.545290625 0.471703125 0.5431359375 0.47523906250000003 0.5403203125 0.47612343749999997 0.537503125 0.47523906250000003 0.5352781249999999 0.4724234375 0.533859375 0.6576171875 0.53700625 0.6593843749999999
6 0.4880171875 0.4737484375 0.4932671875 0.65820625 0.49790625000000005 0.661446875 0.5042015625 0.6620359375 0.507846875 0.661153125 0.5040359375000001 0.47494375 0.5003921874999999 0.47582812499999994 0.49359843750000004 0.4767125 0.49012031250000004 0.47553437499999995 0.4880171875 0.4737484375
6 0.564675 0.661446875 0.5699765625000001 0.5067640625000001 0.547278125 0.5035234375 0.5428046875 0.6573218749999999 0.5522484375000001 0.6599734374999999 0.564675 0.661446875
6 0.592178125 0.5200234375 0.5843906249999999 0.6640984375000001 0.586875 0.665571875 0.5913484375 0.66645625 0.6004609375000001 0.5209078125 0.59631875 0.5203171875 0.592178125 0.5200234375
6 0.6031125 0.6752953125000001 0.613384375 0.5150140624999999 0.603559375 0.51695 0.593503125 0.6744109375 0.5981421874999999 0.6770625 0.6031125 0.6752953125000001
6 0.3020890625 0.8289953125 0.306065625 0.8301734375 0.3118640625 0.8281109375 0.2944671875 0.70141875 0.2911546875 0.7034812500000001 0.2855203125 0.7028921875 0.2807875 0.7011546875 0.299603125 0.8266390625 0.3020890625 0.8289953125
6 0.3163375 0.8360671875 0.3204796875 0.8360671875 0.3224671875 0.833709375 0.3045734375 0.696115625 0.3012609375 0.698178125 0.29745 0.6984734375 0.294653125 0.6969140625 0.3126921875 0.833709375 0.3163375 0.8360671875
6 0.287509375 0.8401921874999999 0.2939703125 0.8396015625000001 0.2951296875 0.8369500000000001 0.27392343750000003 0.702303125 0.270609375 0.7037765625 0.26547343749999996 0.7040703125000001 0.26116562499999996 0.7031875000000001 0.2835328125 0.8393078125000001 0.287509375 0.8401921874999999
6 0.37482187499999997 0.8390124999999999 0.3605734375 0.720865625 0.346325 0.72204375 0.3620640625 0.8384234375 0.37482187499999997 0.8390124999999999
6 0.346490625 0.84490625 0.32843125 0.7267578125 0.31915312500000004 0.728525 0.337709375 0.8437265625 0.346490625 0.84490625
6 0.33422968750000004 0.8375390625 0.3208109375 0.736775 0.3101578125 0.7353453125 0.3236265625 0.8363609375 0.33422968750000004 0.8375390625
6 0.3358875 0.7258734375 0.3315796875 0.725284375 0.328346875 0.7266 0.34831249999999997 0.8534499999999999 0.354609375 0.8537453125000001 0.3358875 0.7258734375