6 0.5733390625 0.2892125 0.4616765625 0.2600328125 0.4625109375 0.26886875 0.46305625 0.27464374999999996 0.46259531249999997 0.28895312500000003 0.461734375 0.301690625 0.5756281249999999 0.325140625 0.5770421875 0.3185671875 0.5776640625 0.31069375 0.576759375 0.3001421875 0.5761375 0.2932484375 0.5733390625 0.2892125
6 0.5807125 0.399159375 0.5823671874999999 0.39604531249999997 0.5831609375 0.38860625 0.5821703125 0.38310468750000004 0.4593234375 0.3282125 0.46046250000000005 0.3327921875 0.459890625 0.338896875 0.4582671875 0.345234375 0.5807125 0.399159375
6 0.578646875 0.453421875 0.5803812500000001 0.4192390625 0.47954687500000004 0.3764046875 0.47284218750000007 0.423253125 0.57746875 0.46301249999999994 0.578646875 0.453421875
6 0.5737687499999999 0.286203125 0.5736984374999999 0.2733109375 0.48473437500000005 0.24943125 0.48471093749999994 0.263540625 0.5737687499999999 0.286203125
6 0.56983125 0.2535328125 0.569484375 0.2547671875 0.5730671875 0.2565359375 0.5723828125 0.24231250000000001 0.48905000000000004 0.21988124999999997 0.48905000000000004 0.220321875 0.4855890625 0.21908906250000001 0.48687812499999994 0.2307859375 0.56983125 0.2535328125
6 0.48558124999999996 0.24846875000000002 0.572115625 0.27099531250000003 0.5732859375 0.25792187499999997 0.5695265625 0.257525 0.569625 0.25417812500000003 0.4905421875 0.233790625 0.4908890625 0.23625625 0.4868953125 0.23543906250000002 0.48558124999999996 0.24846875000000002
6 0.48547031250000006 0.324525 0.4847734375 0.33998125 0.5058328125 0.34875625 0.5761796875 0.37153281250000003 0.5747953125 0.3463328125 0.48605468749999997 0.31379687500000003 0.48547031250000006 0.324525
6 0.6180078124999999 0.5012140625 0.6184015625 0.506084375 0.6182734375 0.5122046874999999 0.6172890625 0.518009375 0.706375 0.5064328125 0.7074171875 0.5006546875 0.70750625 0.4951796875 0.70723125 0.49126250000000005 0.7052671875 0.48690625 0.6162375 0.49617812499999997 0.6180078124999999 0.5012140625
6 0.6992796875 0.3132453125 0.625425 0.29402343750000004 0.625340625 0.30449375 0.625840625 0.3152921875 0.699840625 0.3325984375 0.6992796875 0.3132453125
6 0.706640625 0.4855515625 0.707215625 0.47079375 0.6184015625 0.4744921875 0.618265625 0.49094218749999996 0.706640625 0.4855515625
6 0.7065453125000001 0.4692984375 0.7085125 0.4653828125 0.7083328125 0.45960625000000005 0.707075 0.4547125 0.619278125 0.45332343750000004 0.620325 0.45892968749999996 0.6200046875 0.46486875000000005 0.6189546874999999 0.469828125 0.7065453125000001 0.4692984375
6 0.6222796875000001 0.259196875 0.623009375 0.26856874999999997 0.622653125 0.27778125 0.6208484375000001 0.2843859375 0.7065984375000001 0.3043453125 0.7077 0.2979828125 0.708109375 0.291175 0.7073078125000001 0.2809203125 0.7052578125 0.27435312500000003 0.6195375000000001 0.2531515625 0.6222796875000001 0.259196875
6 0.7048453125 0.3847359375 0.6303171875 0.367759375 0.630040625 0.37375625 0.6296468749999999 0.3859375 0.630659375 0.3966921875 0.7050375 0.410490625 0.7053843750000001 0.3987921875 0.7048453125 0.3847359375
6 0.70664375 0.347078125 0.7052765625 0.339534375 0.630759375 0.3191453125 0.63238125 0.33334687500000004 0.7063390625 0.3533109375 0.70664375 0.347078125
6 0.702321875 0.4543796875 0.703578125 0.441815625 0.6346984375 0.4362390625 0.63425625 0.4502171875 0.702321875 0.4543796875
6 0.703265625 0.42379531249999997 0.703934375 0.4151515625 0.6371828125000001 0.40306406250000004 0.637028125 0.413521875 0.703265625 0.42379531249999997
6 0.623775 0.8792703124999999 0.6283000000000001 0.8973234375000001 0.7204046875000001 0.76265 0.7193078125000001 0.749571875 0.7186781250000001 0.7483906250000001 0.6966140625 0.7789531249999999 0.6431125 0.8609390625 0.6392171875 0.8583890625 0.623921875 0.878825 0.623775 0.8792703124999999
6 0.7101031250000001 0.3773140625 0.7099828125000001 0.3577078125 0.6345671875 0.337709375 0.6346296875 0.35903125 0.7101031250000001 0.3773140625
6 0.7079578125 0.432253125 0.7076609375 0.4256640625 0.6416703125 0.4190890625 0.64133125 0.42912812499999997 0.707446875 0.4352359375 0.7079578125 0.432253125
6 0.67963125 0.8232859375 0.633978125 0.8924484375 0.6367875 0.8966031250000001 0.63980625 0.9048468749999999 0.6414703125 0.9117234375000001 0.6416765625 0.9172156250000001 0.7190609375 0.7921796875 0.7192968750000001 0.787728125 0.718403125 0.780909375 0.71715625 0.7743109375 0.7148875 0.7708265625 0.67963125 0.8232859375
6 0.7229625000000001 0.7337546875000001 0.7221578125 0.72336875 0.7204828125 0.716959375 0.7194843750000001 0.7130640625 0.7170062500000001 0.7109656249999999 0.6307609375000001 0.8211296875 0.6322171875 0.8232265625 0.63558125 0.831871875 0.638084375 0.8409578124999999 0.6406515625 0.8495515625 0.6419890625 0.858153125 0.6426265625 0.8613671875 0.721378125 0.741615625 0.7224515625000001 0.7388296875 0.7229625000000001 0.7337546875000001
6 0.7135875 0.80855 0.712790625 0.802190625 0.64190625 0.9178828125 0.642709375 0.9221125000000001 0.7135875 0.80855
6 0.7274406250000001 0.9009406249999999 0.7274015625 0.8917390624999999 0.726571875 0.8860671874999999 0.724575 0.881678125 0.6358234375 0.9389421875 0.63748125 0.9447078125000001 0.638378125 0.952946875 0.6388109375 0.9604203124999999 0.6387203125 0.96574375 0.638090625 0.9675625 0.7265609375000001 0.9060546875 0.7274406250000001 0.9009406249999999