6 0.42776875 0.511778125 0.5791796875 0.5082375 0.5780406250000001 0.48561249999999995 0.42776875 0.49002656250000004 0.42776875 0.511778125
6 0.4348828125 0.648940625 0.5683640624999999 0.6742328125 0.5680796875 0.6525828125 0.4348828125 0.6276953125 0.4348828125 0.648940625
6 0.567225 0.6115984375 0.43459843749999993 0.593725 0.4320375 0.6089 0.43459843749999993 0.6271093750000001 0.5680796875 0.651390625 0.5646640625 0.635203125 0.567225 0.6115984375
6 0.44000625 0.6959828124999999 0.558403125 0.725321875 0.5561265625 0.69913125 0.4382984375 0.6727140625 0.44000625 0.6959828124999999
6 0.4414296875 0.72279375 0.5527109375 0.7551671875 0.551003125 0.728478125 0.5529953125 0.7248171875 0.440290625 0.6969953125 0.4414296875 0.72279375
6 0.42976093750000005 0.5299875000000001 0.5629562499999999 0.534034375 0.5609640625 0.5124296875 0.428621875 0.511271875 0.42976093750000005 0.5299875000000001
6 0.43972187500000004 0.6711968749999999 0.54815625 0.6944656250000001 0.5495796875 0.670796875 0.43772968749999996 0.648434375 0.436875 0.6625984375 0.43972187500000004 0.6711968749999999
6 0.42805312500000003 0.48901562500000006 0.55925625 0.48496875 0.55811875 0.46486875000000005 0.4271984375 0.46776875 0.42520625 0.4814265625 0.42805312500000003 0.48901562500000006
6 0.42520625 0.45006562499999997 0.5601109375 0.43438437499999993 0.557834375 0.4056703125 0.4254921875 0.4217375 0.42292968750000004 0.43691250000000004 0.42520625 0.45006562499999997
6 0.42748437499999997 0.46878125 0.55015 0.46068749999999997 0.5484421875 0.4380515625 0.42748437499999997 0.4480421875 0.42748437499999997 0.46878125
6 0.5515718749999999 0.345459375 0.42036875 0.372671875 0.41695312500000004 0.3934109375 0.41980000000000006 0.4151625 0.424353125 0.4237609375 0.5549875 0.40302187500000003 0.5515718749999999 0.345459375
6 0.41951406249999995 0.3342265625 0.5527109375 0.2952765625 0.55015 0.25944531249999997 0.41951406249999995 0.301346875 0.4178078125 0.3195578125 0.41951406249999995 0.3342265625
6 0.547871875 0.2989109375 0.4192296875 0.333215625 0.41666875000000003 0.3534484375 0.41980000000000006 0.372671875 0.5521421875 0.34434375 0.54815625 0.3230984375 0.547871875 0.2989109375
6 0.4357375 0.5942296875 0.5313656250000001 0.6058640625 0.5305109375 0.5908546875 0.43516875 0.5795609374999999 0.4357375 0.5942296875
6 0.43431406250000004 0.5790546875 0.5305109375 0.588159375 0.5293734375 0.558978125 0.43232187499999997 0.550221875 0.43431406250000004 0.5790546875
6 0.42805312500000003 0.550728125 0.5325031250000001 0.5578093749999999 0.53108125 0.5407640625 0.42805312500000003 0.5335296875 0.42805312500000003 0.550728125
6 0.5381953125 0.2098609375 0.4178078125 0.25834999999999997 0.41496093749999996 0.2745375 0.4172375 0.2897125 0.41951406249999995 0.30084218749999997 0.5450265625 0.2578453125 0.5381953125 0.2098609375
6 0.3082328125 0.6646156249999999 0.3850765625 0.6787796875 0.3810921875 0.636390625 0.3076640625 0.6246546875 0.3082328125 0.6646156249999999
6 0.3076640625 0.718234375 0.3839390625 0.7399859375 0.3808078125 0.7087453125 0.3065265625 0.6899078125 0.3076640625 0.718234375
6 0.30595625000000004 0.74605625 0.382515625 0.7708421875 0.381378125 0.7471984375 0.3068109375 0.7243046875 0.30595625000000004 0.74605625
6 0.3762546875 0.6782734375 0.30965625 0.6661328125 0.3107953125 0.67625 0.3765390625 0.68850625 0.3762546875 0.6782734375
6 0.37369375 0.69091875 0.3090875 0.67574375 0.3090875 0.6873781250000001 0.374546875 0.7031796875 0.37369375 0.69091875