5 0.032328159375 0.378534225 0.003738403125 0.3794642875 0.0706836 0.905877975 0.09578898125 0.905877975 0.032328159375 0.378534225
5 0.063709884375 0.378534225 0.036523 0.3794642875 0.10136795624999999 0.9040178583333333 0.124381221875 0.9049479166666666 0.063709884375 0.378534225
5 0.152973459375 0.9021577375 0.09299949375 0.378534225 0.067214965625 0.3794642875 0.066499371875 0.3813244041666667 0.130657565625 0.9030877958333333 0.152973459375 0.9021577375
5 0.11182853125 0.3143601208333333 0.0902339375 0.31529017916666663 0.16273666250000002 0.9002976208333333 0.1787762125 0.8993675583333334 0.11182853125 0.3143601208333333
5 0.13414442499999998 0.3125 0.116043090625 0.3134300583333333 0.184355184375 0.8965773791666667 0.20248685000000002 0.8965773791666667 0.13414442499999998 0.3125
5 0.197605246875 0.35435267916666663 0.1523154125 0.3580729166666667 0.212250053125 0.8816964291666667 0.254092353125 0.8826264875 0.197605246875 0.35435267916666663
5 0.243631778125 0.3552827375 0.2074216125 0.3562127958333334 0.2575792125 0.8900669625000001 0.288263565625 0.8882068458333333 0.243631778125 0.3552827375
5 0.329408496875 0.8798363083333334 0.308487346875 0.6203497041666667 0.29802676875 0.4938616083333333 0.28617145312500003 0.359002975 0.248576571875 0.3608630958333333 0.2471186375 0.3617931541666667 0.29802676875 0.8807663708333333 0.329408496875 0.8798363083333334
5 0.32731638125 0.3580729166666667 0.33010586875 0.3515625 0.29321943125 0.3524925583333333 0.329408496875 0.8891369041666667 0.359395478125 0.8872767874999999 0.32731638125 0.3580729166666667
5 0.387290346875 0.9049479166666666 0.35102701875000003 0.3599330375 0.3280966625 0.3599330375 0.326619009375 0.3580729166666667 0.36148759375 0.9040178583333333 0.387290346875 0.9049479166666666
5 0.39077720312499997 0.3552827375 0.364368984375 0.3580729166666667 0.3942640625 0.8882068458333333 0.41657995625 0.8882068458333333 0.39077720312499997 0.3552827375
5 0.4465669375 0.8770461291666667 0.423553671875 0.3562127958333334 0.39785112499999997 0.3580729166666667 0.396356178125 0.3580729166666667 0.423553671875 0.8705357125000001 0.4465669375 0.8770461291666667
5 0.45284345625 0.3552827375 0.42645045625 0.3562127958333334 0.44935660000000005 0.8937872041666667 0.47376460624999994 0.8928571416666667 0.45284345625 0.3552827375
5 0.48143569687500004 0.3729538708333333 0.456444875 0.3729538708333333 0.47585672187499994 0.8956473208333333 0.499567359375 0.8984375 0.48143569687500004 0.3729538708333333
5 0.5281596000000001 0.8984375 0.511422678125 0.3720238083333333 0.48574175 0.3729538708333333 0.48422518124999997 0.3720238083333333 0.5023568468749999 0.9002976208333333 0.5281596000000001 0.8984375
5 0.563028184375 0.9030877958333333 0.553264978125 0.37388392916666663 0.5150386250000001 0.3748139875 0.5142121656249999 0.3748139875 0.52885696875 0.9030877958333333 0.563028184375 0.9030877958333333
5 0.582554590625 0.9002976208333333 0.59510728125 0.9002976208333333 0.603475740625 0.8956473208333333 0.599291509375 0.20182291666666666 0.55340358125 0.20461309583333334 0.565120296875 0.8956473208333333 0.57139664375 0.9002976208333333 0.582554590625 0.9002976208333333
5 0.62648900625 0.87890625 0.6411338125 0.8779761916666666 0.636252209375 0.3404017875 0.6015341624999999 0.3422619041666667 0.606265228125 0.8761160708333333 0.6118442 0.8798363083333334 0.62648900625 0.87890625
5 0.666239190625 0.8677455374999999 0.673212909375 0.8640252958333333 0.66554181875 0.3357514875 0.6385040281250001 0.3385416666666667 0.6460154124999999 0.8649553583333333 0.65298913125 0.8686755958333333 0.666239190625 0.8677455374999999
5 0.68925245625 0.8677455374999999 0.696226175 0.8686755958333333 0.70668675 0.8658854166666666 0.7059893781250001 0.3859747041666666 0.6782640718749999 0.3887648791666667 0.67669976875 0.3896949416666667 0.67879188125 0.8658854166666666 0.68925245625 0.8677455374999999
5 0.7178446968750001 0.8630952375 0.7276079 0.8621651791666667 0.7380684750000001 0.8584449416666666 0.7324895031249999 0.383184525 0.70965358125 0.3869047625 0.70808149375 0.38783482083333337 0.710173609375 0.8612351208333333 0.7178446968750001 0.8630952375
5 0.7617791125 0.8630952375 0.770147571875 0.859375 0.768055459375 0.3850446416666667 0.7368578218749999 0.38783482083333337 0.7443448218750001 0.8640252958333333 0.7520159093750001 0.8630952375 0.7617791125 0.8630952375
5 0.814081990625 0.8872767874999999 0.81826621875 0.3078497041666666 0.77801295625 0.3087797625 0.77642391875 0.3087797625 0.77363443125 0.8854166666666666 0.814081990625 0.8872767874999999
5 0.8635953781250001 0.3041294625 0.838001796875 0.3059895833333333 0.8280294218750001 0.9021577375 0.84964794375 0.9021577375 0.8635953781250001 0.3041294625
5 0.892884990625 0.3013392875 0.8684769812500001 0.3031994041666667 0.854529546875 0.9012276791666667 0.8775428125 0.9012276791666667 0.892884990625 0.3013392875
5 0.8970692187499999 0.9151785708333333 0.9145035125 0.9207589291666667 0.9305430593749999 0.9235491083333333 0.9451878656250001 0.9151785708333333 0.9605300437500001 0.3404017875 0.9098488937500001 0.3469122041666666 0.9061350499999999 0.3478422625 0.888700759375 0.9114583333333334 0.8970692187499999 0.9151785708333333