4 0.063665625 0.8983234375 0.0887671875 0.8987609375 0.03451875 0.37039062500000003 0.0059171875 0.37082187499999997 0.063665625 0.8983234375
4 0.09437812500000001 0.897 0.11737187499999999 0.89833125 0.065896875 0.3709390625 0.038696875 0.37139375 0.09437812500000001 0.897
4 0.1460078125 0.896040625 0.09518125 0.37145 0.069384375 0.3719296875 0.0686359375 0.3737765625 0.1236796875 0.89658125 0.1460078125 0.896040625
4 0.1558015625 0.89435 0.1718546875 0.8936999999999999 0.115128125 0.3076140625 0.09352031250000001 0.3081671875 0.1558015625 0.89435
4 0.17748124999999998 0.8910078125 0.1956109375 0.8913249999999999 0.137471875 0.30614375 0.1193578125 0.3067578125 0.17748124999999998 0.8910078125
4 0.20563281249999998 0.876615625 0.2474515625 0.8782765625 0.20019375 0.349096875 0.1548453125 0.3520265625 0.20563281249999998 0.876615625
4 0.2508078125 0.8857765625 0.2815203125 0.884453125 0.246196875 0.35083125000000004 0.20997499999999997 0.351128125 0.2508078125 0.8857765625
4 0.2886640625 0.3552921875 0.25104375 0.356496875 0.24956874999999998 0.3574015625 0.29141249999999996 0.8771828125000001 0.3228046875 0.8768015625000001 0.30641562499999997 0.6169890625 0.2981640625 0.4903375 0.2886640625 0.3552921875
4 0.3298203125 0.35508125 0.332721875 0.3486203125 0.295825 0.34890625000000003 0.32264375 0.8861000000000001 0.3526578125 0.8847640625000001 0.3298203125 0.35508125
4 0.380240625 0.9029187500000001 0.35349375 0.3573546875 0.33056718749999997 0.3569546875 0.329121875 0.35506875 0.3544578125 0.9015390625 0.380240625 0.9029187500000001
4 0.3875046875 0.8863031250000001 0.4098171875 0.8866921874999999 0.39331875 0.3533984375 0.36686718749999997 0.355728125 0.3875046875 0.8863031250000001
4 0.43999531249999996 0.8760562500000001 0.426075 0.3549 0.40034375000000005 0.3563125 0.3988484375 0.3562859375 0.4170984375 0.8691453125 0.43999531249999996 0.8760562500000001
4 0.44249218749999997 0.8928437499999999 0.4669125 0.8923390625 0.45537656249999997 0.35448124999999997 0.4289703125 0.35495156250000004 0.44249218749999997 0.8928437499999999
4 0.46895468749999997 0.895165625 0.49261406250000006 0.89836875 0.48365625 0.37265000000000004 0.45866875 0.3722125 0.46895468749999997 0.895165625
4 0.5212015625 0.8988687499999999 0.5136546875 0.37224218750000004 0.4879609375 0.37272500000000003 0.48646093749999997 0.37176875 0.49537031249999997 0.900278125 0.5212015625 0.8988687499999999
4 0.555984375 0.9041265624999999 0.5554578125 0.3748328125 0.5172218749999999 0.3750953125 0.5163953125 0.37508125 0.5218171875000001 0.9035296875000001 0.555984375 0.9041265624999999
4 0.6044796875 0.2036015625 0.55855 0.205590625 0.5582046875 0.8967234375 0.5644 0.9014828125 0.57555625 0.9016781249999999 0.5881062499999999 0.901896875 0.5965546875000001 0.8973921875 0.6044796875 0.2036015625
4 0.599684375 0.8779140625 0.6051984375 0.8817296875 0.61985625 0.88105625 0.6345156249999999 0.8803812499999999 0.6390171875 0.34280468750000004 0.604271875 0.3440578125 0.599684375 0.8779140625
4 0.6396234375 0.8674484375 0.64653125 0.8712890625 0.6597953125 0.870590625 0.6668328125 0.8669921875 0.6683828125 0.338665625 0.6413 0.3409828125 0.6396234375 0.8674484375
4 0.7079484375 0.38958750000000003 0.6801781250000001 0.3918921875 0.6785984375 0.3927953125 0.6723796875 0.8689500000000001 0.68280625 0.8709921875 0.6897625 0.8720437499999999 0.7002703125 0.8694375000000001 0.7079484375 0.38958750000000003
4 0.7344921875 0.387259375 0.7115953125 0.39058125 0.7100078125 0.3914828125 0.7038375 0.8648484375000001 0.711475 0.8668421875 0.7212531249999999 0.8660828125 0.7317765625 0.8625453125 0.7344921875 0.387259375
4 0.7379546875 0.8682343749999999 0.745640625 0.8674375 0.7554031250000001 0.867609375 0.763834375 0.8640343749999999 0.7700203125 0.389740625 0.7387796875 0.3919859375 0.7379546875 0.8682343749999999
4 0.807275 0.8926999999999999 0.8215718750000001 0.3134328125 0.7813078124999999 0.3136609375 0.77971875 0.31363281249999997 0.766865625 0.8901328124999999 0.807275 0.8926999999999999
4 0.8209609375 0.907821875 0.8425765625 0.9081984375 0.8669578124999999 0.31050468750000004 0.8413359375 0.31191874999999997 0.8209609375 0.907821875
4 0.8474734375 0.9073546875 0.8704828125 0.90775625 0.8962921875 0.30822656249999997 0.8718562500000001 0.3096609375 0.8474734375 0.9073546875
4 0.9230859375 0.9309984375000001 0.9378734375000001 0.922884375 0.9632453125 0.3484640625 0.9124578124999999 0.3540890625 0.908728125 0.354953125 0.8814609375 0.9181796875 0.8897625 0.9220453125000001 0.907096875 0.9279296875 0.9230859375 0.9309984375000001