4 0.11772656249999999 0.18656250000000002 0.12319687500000001 0.2099328125 0.6342125000000001 0.0634015625 0.6317765625 0.0409765625 0.11772656249999999 0.18656250000000002
4 0.6398531249999999 0.0959609375 0.633734375 0.0746234375 0.13499375 0.21671093749999998 0.14047343750000002 0.24077968749999998 0.6398531249999999 0.0959609375
4 0.1384328125 0.24158906249999998 0.138934375 0.2562234375 0.637928125 0.114390625 0.634003125 0.1013328125 0.1384328125 0.24158906249999998
4 0.6933921875 0.1323359375 0.6854750000000001 0.1004296875 0.1329984375 0.2570015625 0.140434375 0.29260312499999996 0.6933921875 0.1323359375
4 0.1393734375 0.292121875 0.1446109375 0.3275671875 0.7034265625 0.1673296875 0.695265625 0.1345703125 0.1393734375 0.292121875
4 0.6998046875 0.2062390625 0.6914828125 0.1772203125 0.15209999999999999 0.336503125 0.1583875 0.3646640625 0.6998046875 0.2062390625
4 0.15912500000000002 0.369590625 0.166478125 0.4081234375 0.705759375 0.256471875 0.695178125 0.21587968750000003 0.15912500000000002 0.369590625
4 0.7142796875 0.29538125000000004 0.704 0.2595328125 0.1697328125 0.410884375 0.1768 0.44776875 0.7142796875 0.29538125000000004
4 0.1700140625 0.450521875 0.18756250000000002 0.520309375 0.7472828125000001 0.3718203125 0.72940625 0.2964234375 0.1700140625 0.450521875
4 0.767596875 0.4426609375 0.7514328124999999 0.3734015625 0.1842328125 0.5258828125 0.1968984375 0.5915265625 0.767596875 0.4426609375
4 0.17551875 0.59858125 0.1789453125 0.61053125 0.8706140625 0.43251875 0.8678687500000001 0.4202828125 0.17551875 0.59858125
4 0.17943437499999998 0.6122375 0.1812328125 0.62280625 0.8742859375 0.445321875 0.870859375 0.433371875 0.17943437499999998 0.6122375
4 0.877553125 0.46101093750000005 0.874653125 0.4466015625 0.1816859375 0.6286796875 0.1865375 0.6423421874999999 0.877553125 0.46101093750000005
4 0.1834484375 0.643415625 0.186715625 0.6591046875 0.8813093750000001 0.4784078125 0.87918125 0.4623921875 0.1834484375 0.643415625
4 0.8863640625 0.4917375 0.8829375 0.47978750000000003 0.18695937499999998 0.659959375 0.1898015625 0.672621875 0.8863640625 0.4917375
4 0.18884375 0.675121875 0.19227031249999998 0.6870703125000001 0.8916515625000001 0.50794375 0.8893734375 0.4936453125 0.18884375 0.675121875
4 0.1946328125 0.6910109375 0.201815625 0.7203578125 0.899175 0.5407140625 0.8915031250000001 0.5096609375 0.1946328125 0.6910109375
4 0.9061999999999999 0.5738000000000001 0.8987718750000001 0.5436 0.20190156250000002 0.7249515625 0.209909375 0.75219375 0.9061999999999999 0.5738000000000001
4 0.22217812499999998 0.7570078125 0.23197968750000003 0.8040765625 0.8296749999999999 0.6548578125 0.8163734375 0.604175 0.22217812499999998 0.7570078125
4 0.83750625 0.6821703125 0.830409375 0.6574187499999999 0.24922343749999998 0.80836875 0.25801093750000004 0.8349125000000001 0.83750625 0.6821703125
4 0.2525015625 0.8369859375 0.2617171875 0.8648265625 0.8454359374999999 0.7152359374999999 0.8394640624999999 0.6889984375 0.2525015625 0.8369859375
4 0.8736921875 0.7697046875 0.8573796874999999 0.7171140625 0.257653125 0.8678390625000001 0.271146875 0.9185156250000001 0.8736921875 0.7697046875
4 0.2751890625 0.9246968750000001 0.287353125 0.97570625 0.89204375 0.8258125 0.8753203125000001 0.7710859375 0.2751890625 0.9246968750000001