6 0.16880781250000002 0.32997187499999997 0.1468390625 0.33013750000000003 0.1563765625 0.7100296875 0.1767984375 0.7076625 0.16880781250000002 0.32997187499999997
6 0.19278125 0.3335234375 0.17058281250000001 0.32997187499999997 0.1767984375 0.7100296875 0.199884375 0.7088453125 0.19278125 0.3335234375
6 0.200771875 0.7112140625000001 0.2238578125 0.7123984375 0.21941875 0.29445156250000004 0.19366875 0.2956359375 0.200771875 0.7112140625000001
6 0.241565625 0.29498125000000003 0.2185296875 0.2956359375 0.22208125 0.7135812500000001 0.2442796875 0.7112140625000001 0.241565625 0.29498125000000003
6 0.276721875 0.7103453125 0.2735796875 0.28261250000000004 0.24250312499999999 0.28261250000000004 0.2442796875 0.7112140625000001 0.24960624999999997 0.7159500000000001 0.26203750000000003 0.71831875 0.26647656249999996 0.717134375 0.276721875 0.7103453125
6 0.27624375 0.7159500000000001 0.29045 0.714765625 0.30376875000000003 0.714765625 0.3073203125 0.7112140625000001 0.308209375 0.2837953125 0.27446875 0.28261250000000004 0.27624375 0.7159500000000001
6 0.33839687500000004 0.7135812500000001 0.341175 0.2975859375 0.324190625 0.2968203125 0.3153125 0.2968203125 0.3073203125 0.2991875 0.3073203125 0.7112140625000001 0.3117609375 0.7159500000000001 0.3215265625 0.7159500000000001 0.33218281250000004 0.714765625 0.33839687500000004 0.7135812500000001
6 0.3577765625 0.71685625 0.365034375 0.71831875 0.37391406250000003 0.29800312500000004 0.365034375 0.29800312500000004 0.35793125 0.2968203125 0.34550000000000003 0.29800312500000004 0.3401734375 0.714765625 0.3577765625 0.71685625
6 0.365034375 0.7372609375 0.3909796875 0.7376890625 0.405878125 0.279059375 0.377465625 0.2743234375 0.365034375 0.7372609375
6 0.391671875 0.7372609375 0.4156453125 0.7372609375 0.4307390625 0.279059375 0.4076546875 0.2766921875 0.391671875 0.7372609375
6 0.4174203125 0.725421875 0.4644796875 0.7242375 0.475134375 0.3240515625 0.4307390625 0.3216828125 0.4174203125 0.725421875
6 0.46536718749999995 0.7230531250000001 0.5081671875 0.72466875 0.52219375 0.3252359375 0.4769109375 0.3228671875 0.46536718749999995 0.7230531250000001
6 0.5106515625 0.7313421875 0.5399515625 0.733709375 0.5541578125 0.3347078125 0.52396875 0.3347078125 0.5106515625 0.7313421875
6 0.582571875 0.337075 0.555046875 0.335890625 0.5399515625 0.733709375 0.5674765625 0.73489375 0.582571875 0.337075
6 0.6083203125 0.3133953125 0.5870109375 0.3133953125 0.5683640624999999 0.732525 0.5887859375 0.733709375 0.6083203125 0.3133953125
6 0.5958890625000001 0.7396296875 0.622425 0.7415953125 0.644725 0.2660359375 0.6163109375 0.26366875 0.5958890625000001 0.7396296875
6 0.671253125 0.2702421875 0.644725 0.27195625 0.624303125 0.7408140624999999 0.6509390625 0.74318125 0.671253125 0.2702421875
6 0.6571546875000001 0.744365625 0.682971875 0.74029375 0.70155 0.2695875 0.674025 0.2672203125 0.6571546875000001 0.744365625
6 0.761096875 0.30279375000000003 0.7006625 0.300371875 0.6829046875 0.7360781249999999 0.6962234375 0.7360781249999999 0.7095421875000001 0.7372609375 0.7175328125 0.7360781249999999 0.7255234374999999 0.73489375 0.735290625 0.732525 0.761096875 0.30279375000000003
6 0.775246875 0.7360781249999999 0.7867890625 0.7360781249999999 0.79820625 0.7311796875 0.8320718749999999 0.308659375 0.7619281250000001 0.3039234375 0.7370671875 0.7277890625000001 0.74328125 0.7313421875 0.7521609375 0.7360781249999999 0.762815625 0.7360781249999999 0.775246875 0.7360781249999999