4 0.2540265625 0.0896390625 0.2500515625 0.12790625 0.74235 0.18506406250000002 0.7538875 0.138034375 0.2540265625 0.0896390625
4 0.7342703125 0.230584375 0.7442578125 0.1873265625 0.25677500000000003 0.13036875 0.2528 0.1686359375 0.7342703125 0.230584375
4 0.248740625 0.1704328125 0.2490703125 0.20058125000000002 0.710040625 0.2723765625 0.719184375 0.2362609375 0.248740625 0.1704328125
4 0.6993437499999999 0.3081796875 0.706934375 0.275303125 0.24731718749999998 0.202909375 0.24572500000000003 0.232190625 0.6993437499999999 0.3081796875
4 0.2460953125 0.234521875 0.24025781249999997 0.2650671875 0.6350718750000001 0.34011874999999997 0.6444796875 0.3037140625 0.2460953125 0.234521875
4 0.2440734375 0.26959374999999997 0.24054375 0.30067343750000003 0.632628125 0.37964375 0.64010625 0.3437109375 0.2440734375 0.26959374999999997
4 0.6853359375 0.44254531249999995 0.6951671875 0.3946953125 0.2353296875 0.302203125 0.229603125 0.3427984375 0.6853359375 0.44254531249999995
4 0.6755687499999999 0.5059015625 0.6755718749999999 0.45851718750000003 0.21806406250000002 0.3875203125 0.21484375 0.4277828125 0.6755687499999999 0.5059015625
4 0.2055703125 0.431109375 0.2053453125 0.45839687500000004 0.650075 0.537378125 0.6516531249999999 0.5094921875 0.2055703125 0.431109375
4 0.20319375 0.46245624999999996 0.20356875 0.487146875 0.6420765625 0.5702484375 0.6442625 0.541503125 0.20319375 0.46245624999999996
4 0.6505578125 0.6195015625 0.6502718749999999 0.583896875 0.19254218750000002 0.49280156249999996 0.1943875 0.5240203125 0.6505578125 0.6195015625
4 0.1924734375 0.5246796875 0.19065156249999998 0.5588875 0.6381390625 0.6625484375 0.6407296875 0.6199671875 0.1924734375 0.5246796875
4 0.1863921875 0.5615484375 0.18090937499999998 0.5958218750000001 0.6253703125000001 0.707546875 0.6289890625 0.665553125 0.1863921875 0.5615484375
4 0.1431453125 0.6436015625 0.62946875 0.7950625 0.6346921875 0.74694375 0.14521250000000002 0.603071875 0.1431453125 0.6436015625
4 0.14059375000000002 0.6493921874999999 0.13988125 0.6893234374999999 0.6174796875 0.856225 0.6234109375 0.8055109375 0.14059375000000002 0.6493921874999999
4 0.1642625 0.6995078125 0.16359375 0.73398125 0.5522109375 0.8842531250000001 0.5580484375 0.835984375 0.1642625 0.6995078125
4 0.522565625 0.9581015624999999 0.53459375 0.9007359375 0.1545203125 0.7364421875 0.14351562499999998 0.7848875 0.522565625 0.9581015624999999