4 0.7945015625 0.6970546875 0.7908671875 0.679609375 0.2959484375 0.7291953125 0.2965 0.7429640625 0.7945015625 0.6970546875
4 0.295659375 0.7146953125 0.2958140625 0.72809375 0.7892640625 0.6786890624999999 0.7883046874999999 0.6616703125 0.295659375 0.7146953125
4 0.7878015625 0.6603046875 0.786178125 0.6470859375 0.29143906249999996 0.698140625 0.2939515625 0.71050625 0.7878015625 0.6603046875
4 0.29355312499999997 0.682971875 0.29410625 0.6955765625 0.7867968750000001 0.644028125 0.7831375 0.632528125 0.29355312499999997 0.682971875
4 0.7841046875 0.6301953124999999 0.7813218749999999 0.6156265624999999 0.287584375 0.665496875 0.2891859375 0.67978125 0.7841046875 0.6301953124999999
4 0.2894953125 0.6499234375 0.2921875 0.6637578125 0.7821203125 0.6140375 0.778290625 0.601965625 0.2894953125 0.6499234375
4 0.779428125 0.6002046875 0.777625 0.585515625 0.337465625 0.626575 0.3383703125 0.6431765625 0.779428125 0.6002046875
4 0.336721875 0.6135609375 0.33923437500000003 0.625925 0.77824375 0.5824578125000001 0.7761796875 0.56696875 0.336721875 0.6135609375
4 0.7783984375 0.5675296875 0.7741859375 0.5494109375 0.206415625 0.6098703125 0.209053125 0.6262546875 0.7783984375 0.5675296875
4 0.2084609375 0.5890531250000001 0.209465625 0.60533125 0.7739140625 0.54720625 0.7717171875 0.5306203125 0.2084609375 0.5890531250000001
4 0.7726390624999999 0.5287265624999999 0.7687875 0.5135453125 0.2795640625 0.560940625 0.2794984375 0.576603125 0.7726390624999999 0.5287265624999999
4 0.27669062499999997 0.5456375 0.27751562500000004 0.560446875 0.769496875 0.511221875 0.7662765625 0.49521249999999994 0.27669062499999997 0.5456375
4 0.7673328125000001 0.4935953125 0.7648203125 0.48123125 0.2768453125 0.530709375 0.27926875 0.542340625 0.7673328125000001 0.4935953125
4 0.2762015625 0.5173703125 0.276665625 0.529240625 0.7653484374999999 0.47743906249999996 0.76270625 0.46613437500000005 0.2762015625 0.5173703125
4 0.7617671875 0.464459375 0.7579015625000001 0.4410796875 0.27589375 0.49057031249999994 0.27905 0.516275 0.7617671875 0.464459375
4 0.2779046875 0.46646875000000004 0.2807 0.4892359375 0.7554921875 0.437646875 0.751753125 0.41254375000000004 0.2779046875 0.46646875000000004
4 0.7523359375 0.41194375 0.7499015625000001 0.3921140625 0.27294999999999997 0.4483765625 0.2747859375 0.4653609375 0.7523359375 0.41194375
4 0.2714375 0.42998906249999996 0.27342187500000004 0.4461453125 0.7508812500000001 0.39199375000000003 0.74689375 0.372965625 0.2714375 0.42998906249999996