4 0.0999546875 0.743296875 0.1268875 0.7550749999999999 0.15794999999999998 0.7657703125 0.17421875 0.767615625 0.38260312500000004 0.18696875 0.30781562500000004 0.1587140625 0.0999546875 0.743296875
4 0.1964046875 0.757725 0.232959375 0.7715640625 0.4173078125 0.25526875000000004 0.411815625 0.25212500000000004 0.40167343750000006 0.24612812499999998 0.3924390625 0.2429484375 0.37739531249999997 0.24027343750000002 0.1964046875 0.757725
4 0.447915625 0.2645546875 0.43868124999999997 0.261375 0.423115625 0.2547640625 0.4189859375 0.255846875 0.24611718749999997 0.7660765625 0.2541953125 0.7726140625 0.268990625 0.7814656249999999 0.27738593749999996 0.78435625 0.2823546875 0.7835625 0.29984687499999996 0.7845765625000001 0.47020625000000005 0.27566250000000003 0.45805937500000005 0.2705515625 0.447915625 0.2645546875
4 0.3393046875 0.7981640624999999 0.3576375 0.7994671875 0.528125 0.2934265625 0.47485 0.276334375 0.304884375 0.7863109374999999 0.3212203125 0.790684375 0.3312953125 0.794153125 0.3393046875 0.7981640624999999
4 0.539640625 0.3499828125 0.5157484375 0.343009375 0.370684375 0.8052109375000001 0.3970265625 0.8105249999999999 0.539640625 0.3499828125
4 0.3983890625 0.8147515625 0.426025 0.8217625 0.5636703125 0.3620140625 0.5397765625 0.3550390625 0.3983890625 0.8147515625
4 0.5793140625000001 0.318740625 0.4256390625 0.82288125 0.4282265625 0.8262765625 0.44463125000000003 0.8331781250000001 0.45341250000000005 0.8349500000000001 0.46341875000000005 0.835890625 0.6136468749999999 0.3341421875 0.6142796875000001 0.3268484375 0.6076328125 0.3270640625 0.603434375 0.32561874999999996 0.6000078125 0.321934375 0.59413125 0.319909375 0.5870296875000001 0.3187171875 0.5793140625000001 0.318740625
4 0.465165625 0.838996875 0.48751718750000006 0.8504484375000001 0.493709375 0.848825 0.49997187500000007 0.8497296875 0.6526078125 0.3398453125 0.62015625 0.32887187500000004 0.465165625 0.838996875
4 0.5071421875000001 0.8534499999999999 0.54905 0.865375 0.702003125 0.3720796875 0.6641546875000001 0.35654375 0.5071421875000001 0.8534499999999999
4 0.551115625 0.864834375 0.5921828125 0.8764703125000001 0.744321875 0.38244218750000003 0.705678125 0.3695890625 0.551115625 0.864834375
4 0.7559125 0.3818765625 0.7501734375 0.384909375 0.5930234375000001 0.876759375 0.605615625 0.8810968750000001 0.6224062499999999 0.886878125 0.6340234375 0.88586875 0.78821875 0.398934375 0.7782625000000001 0.39332968749999997 0.7723859375 0.39130625 0.7672109375 0.384515625 0.7559125 0.3818765625
4 0.6340234375 0.88586875 0.66585625 0.894325 0.81473125 0.4346875 0.7816046875 0.4245328125 0.6340234375 0.88586875
4 0.8504453125 0.4482375 0.8202234374999999 0.4378296875 0.8156390625000001 0.4375046875 0.6687609375 0.8940734375 0.7018875 0.904228125 0.8504453125 0.4482375
4 0.7055625 0.9017359375 0.7363078125 0.9160796875000001 0.8873859375 0.46095625 0.8542578125 0.4508015625 0.7055625 0.9017359375