5 0.0598238375 0.4463252333333333 0.069587040625 0.44053819583333337 0.034917196875 0.44343171249999996 0.07067184062500001 0.83622685 0.09399505 0.8355034708333334 0.0598238375 0.4463252333333333
5 0.09779185 0.44560185 0.061501396875 0.4463252333333333 0.09562224999999999 0.8550347208333334 0.1308782625 0.8514178250000001 0.09779185 0.44560185
5 0.139556665625 0.48249421249999996 0.10707431249999999 0.48321759166666667 0.1357598625 0.8478009249999999 0.167761475 0.8449074083333333 0.139556665625 0.48249421249999996
5 0.2046446875 0.8275462958333333 0.18132148125 0.47598379583333333 0.15264723125 0.4752604166666667 0.15094706875 0.47598379583333333 0.176982278125 0.8289930541666667 0.2046446875 0.8275462958333333
5 0.23556149999999998 0.8260995375 0.212780690625 0.45500578750000004 0.18411424375000002 0.45645254583333333 0.20681429062499998 0.8304398166666667 0.225798296875 0.8275462958333333 0.23556149999999998 0.8260995375
5 0.25779990937499997 0.8304398166666667 0.239900703125 0.4557291666666667 0.2139537875 0.45500578750000004 0.2344767 0.8304398166666667 0.245867103125 0.8318865750000001 0.25779990937499997 0.8304398166666667
5 0.26485111250000004 0.8521412041666667 0.273529515625 0.8521412041666667 0.281123115625 0.8521412041666667 0.28980152187499997 0.8499710666666667 0.274071915625 0.40870949166666665 0.2713599125 0.40943287083333335 0.261054309375 0.41160300833333335 0.24912150624999999 0.41015625 0.237282646875 0.4072627333333333 0.2366463 0.41015625 0.25779990937499997 0.8506944458333333 0.26485111250000004 0.8521412041666667
5 0.318576846875 0.437644675 0.2828555625 0.43836805416666663 0.2974232375 0.8427372666666667 0.32996725 0.8405671291666666 0.318576846875 0.437644675
5 0.34623925624999996 0.8246527791666666 0.354375259375 0.8246527791666666 0.3625112625 0.8239294 0.367935265625 0.8195891208333334 0.36196886250000004 0.44560185 0.358714459375 0.4470486125 0.34678165625 0.44849537083333335 0.337560853125 0.44849537083333335 0.324088203125 0.44849537083333335 0.334306453125 0.8210358791666666 0.340272853125 0.8232060166666667 0.34623925624999996 0.8246527791666666
5 0.38203766875 0.8253761583333333 0.39125847187499996 0.8253761583333333 0.397767275 0.8253761583333333 0.404818478125 0.8195891208333334 0.401564078125 0.4470486125 0.36477830624999996 0.44777199166666665 0.370104865625 0.8210358791666666 0.373901665625 0.8239294 0.38203766875 0.8253761583333333
5 0.4281416875 0.8217592583333333 0.4281416875 0.4325810166666667 0.40438334062500003 0.4325810166666667 0.405903278125 0.8203125 0.41024248124999996 0.8217592583333333 0.4281416875 0.8217592583333333
5 0.453634496875 0.4325810166666667 0.4293399375 0.4325810166666667 0.4292264875 0.8210358791666666 0.453634496875 0.8203125 0.453634496875 0.4325810166666667
5 0.465050459375 0.8282696749999999 0.4731864625 0.8282696749999999 0.49434006875 0.8282696749999999 0.5041032750000001 0.8282696749999999 0.512239278125 0.8232060166666667 0.5192904781250001 0.418113425 0.45483907187500006 0.418113425 0.45474485624999994 0.8224826375000001 0.45799925625000004 0.8253761583333333 0.465050459375 0.8282696749999999
5 0.52200248125 0.8224826375000001 0.533392884375 0.8239294 0.5420712875 0.8260995375 0.554004090625 0.8246527791666666 0.564309696875 0.8224826375000001 0.571360896875 0.8195891208333334 0.5832937031250001 0.41521990833333333 0.5231984468750001 0.41521990833333333 0.52200248125 0.4166666666666667 0.516036078125 0.8203125 0.52200248125 0.8224826375000001
5 0.582751303125 0.8195891208333334 0.58926010625 0.8224826375000001 0.59631130625 0.8232060166666667 0.618549715625 0.8224826375000001 0.62451611875 0.8217592583333333 0.6293977187500001 0.8188657416666667 0.632652121875 0.8138020833333334 0.654348128125 0.4130497666666667 0.642415325 0.41377315 0.6304825187499999 0.4144965291666667 0.615295315625 0.41377315 0.602820109375 0.4130497666666667 0.5915576875 0.41160300833333335 0.5746152999999999 0.8109085666666667 0.5767849 0.8166956 0.582751303125 0.8195891208333334
5 0.690146540625 0.4253472208333333 0.658832125 0.42245370416666667 0.6348217218750001 0.8138020833333334 0.66356893125 0.8145254625 0.690146540625 0.4253472208333333
5 0.72865695625 0.42462384166666667 0.697894625 0.42390046249999996 0.669535334375 0.8123553250000001 0.69611294375 0.8145254625 0.72865695625 0.42462384166666667
5 0.7530649656249999 0.4658564833333333 0.726648965625 0.4644097208333333 0.69828254375 0.8015046291666666 0.722148153125 0.80439815 0.7530649656249999 0.4658564833333333
5 0.7845241749999999 0.4651331 0.756488375 0.46368634166666667 0.7254025562499999 0.8022280083333333 0.7503529624999999 0.80439815 0.7845241749999999 0.4651331
5 0.816600853125 0.44849537083333335 0.7927352437499999 0.4463252333333333 0.75639443125 0.8036747666666667 0.7780904375000001 0.8051215291666666 0.816600853125 0.44849537083333335
5 0.8464328625 0.43981481666666666 0.823220146875 0.43836805416666663 0.80683765 0.7986111124999999 0.82799125625 0.7978877333333333 0.8464328625 0.43981481666666666
5 0.873010471875 0.43909143333333334 0.8492618125 0.43981481666666666 0.832872859375 0.7978877333333333 0.8540264656250001 0.7986111124999999 0.873010471875 0.43909143333333334
5 0.89199448125 0.47598379583333333 0.8725908062500001 0.47815393333333334 0.8567384656250001 0.7921006958333333 0.878434475 0.7913773166666667 0.89199448125 0.47598379583333333
5 0.9060962124999999 0.7964409708333334 0.9082664843750001 0.7754629625 0.9109784875000001 0.7378472208333334 0.922368890625 0.480324075 0.9115208875 0.47960069583333337 0.9008026125 0.480324075 0.8995880812499999 0.48249421249999996 0.885485678125 0.7964409708333334 0.9060962124999999 0.7964409708333334