4 0.2691546875 0.0164359375 0.268384375 0.056996875 0.7183671875 0.10051874999999999 0.7237109375 0.06249687499999999 0.2691546875 0.0164359375
4 0.261803125 0.09797343750000001 0.7129734375 0.14474375 0.7196312500000001 0.10321875 0.2625734375 0.0574125 0.25879375 0.09015625000000001 0.261803125 0.09797343750000001
4 0.7080890625 0.1853421875 0.7119875 0.14590468750000002 0.711446875 0.1439125 0.2584109375 0.098728125 0.25420937499999996 0.111078125 0.2535703125 0.133171875 0.25861718749999996 0.13819375 0.7080890625 0.1853421875
4 0.7000671875 0.22488437499999997 0.7058375 0.207209375 0.7062125 0.18700468750000002 0.2503875 0.1382703125 0.250678125 0.17713125000000002 0.7000671875 0.22488437499999997
4 0.701253125 0.22813124999999998 0.2497875 0.17762187499999998 0.2432109375 0.19518437500000002 0.24524374999999998 0.2158046875 0.6939515625 0.268390625 0.699459375 0.22920156249999998 0.701253125 0.22813124999999998
4 0.24507343750000002 0.2170125 0.24062031250000002 0.2194671875 0.23794374999999998 0.24435625 0.23836718750000002 0.2530421875 0.6876265625 0.30755468750000003 0.6919015625 0.2712828125 0.24507343750000002 0.2170125
4 0.6813 0.34671875 0.6866765625 0.314309375 0.68648125 0.3098578125 0.23891718750000002 0.2549671875 0.23395468749999998 0.2610484375 0.23174687500000002 0.27675937500000003 0.23390781249999998 0.29061875000000004 0.6813 0.34671875
4 0.232040625 0.29220625 0.2277515625 0.328575 0.6756953125 0.3866 0.6807734375 0.35046093749999996 0.232040625 0.29220625
4 0.22264843750000002 0.3648859375 0.6709734375 0.4260453125 0.675253125 0.3897484375 0.22935468750000002 0.32885624999999996 0.22455937499999998 0.3454359375 0.22264843750000002 0.3648859375
4 0.6645625 0.4658125 0.6706218749999999 0.42854374999999995 0.218915625 0.36805781249999997 0.21700468750000002 0.3758 0.2164515625 0.38558125 0.21475312500000002 0.3976671875 0.2177640625 0.405484375 0.6645625 0.4658125
4 0.224040625 0.4075984375 0.21780624999999998 0.4110359375 0.21546875000000001 0.43350625000000004 0.2158921875 0.4421921875 0.6599328125 0.5045984375 0.6664578125 0.4698703125 0.224040625 0.4075984375
4 0.21126874999999998 0.44585625 0.20787031250000002 0.481734375 0.6532671875 0.5461796875 0.657628125 0.5093078125 0.21126874999999998 0.44585625
4 0.2054875 0.5220687500000001 0.6464328125 0.58896875 0.6541 0.55195625 0.20549374999999998 0.486946875 0.20315937499999998 0.497709375 0.2054875 0.5220687500000001
4 0.206675 0.5253171875 0.20001562499999997 0.531775 0.1983578125 0.5494109375 0.19996875 0.5613453125000001 0.6392156250000001 0.6286234375 0.6432328125 0.594190625 0.206675 0.5253171875
4 0.634628125 0.6729609375 0.6379374999999999 0.661103125 0.639 0.6476953125 0.6395531250000001 0.6379140624999999 0.1949015625 0.5681625 0.19139843750000002 0.575546875 0.19190625 0.5836281249999999 0.1915234375 0.5922015625 0.1922859375 0.5984703125 0.634628125 0.6729609375
4 0.18595937499999998 0.637634375 0.63195 0.70955625 0.63481875 0.6774484375000001 0.1888484375 0.60538125 0.1841375 0.62135625 0.18595937499999998 0.637634375
4 0.183328125 0.6446578125 0.18222031249999998 0.6759296875 0.6250296875 0.75295 0.6306546875000001 0.718775 0.183328125 0.6446578125
4 0.1782328125 0.6809140625000001 0.17615 0.7132796875 0.6185343750000001 0.7933234375 0.623096875 0.76085625 0.1782328125 0.6809140625000001
4 0.175634375 0.752028125 0.614540625 0.83343125 0.621053125 0.7987828125 0.18022031249999998 0.7193984375 0.1774625 0.7331828125000001 0.175634375 0.752028125
4 0.17474375 0.75251875 0.16820625 0.7873390625 0.6094875 0.8752375000000001 0.6150234375 0.841696875 0.17474375 0.75251875
4 0.1742296875 0.7912671875 0.1703265625 0.7956484374999999 0.1662078125 0.8191015625 0.168328125 0.827409375 0.6058328125 0.912928125 0.6115375000000001 0.8781874999999999 0.1742296875 0.7912671875
4 0.5968671875 0.9591828124999999 0.60021875 0.9528765625 0.6023421875 0.93776875 0.6033859374999999 0.9244999999999999 0.162209375 0.8358593750000001 0.15843281250000002 0.8451890625 0.15584375 0.8577640625 0.1550359375 0.8693593749999999 0.5968671875 0.9591828124999999