6 0.044021875 0.13580625 0.021259375 0.1347234375 0.0862953125 0.9465937500000001 0.1074328125 0.9465937500000001 0.044021875 0.13580625
6 0.0692234375 0.12930312500000002 0.0464609375 0.131471875 0.10905781249999999 0.9520140625 0.12369062500000001 0.9530984374999999 0.0692234375 0.12930312500000002
6 0.0862953125 0.13797500000000001 0.0708484375 0.136890625 0.1269421875 0.9541812500000001 0.1366984375 0.9498453124999999 0.0862953125 0.13797500000000001
6 0.1074328125 0.1325546875 0.08222968750000001 0.13797500000000001 0.1432015625 0.955265625 0.1529578125 0.9541812500000001 0.1074328125 0.1325546875
6 0.1391375 0.136890625 0.1033671875 0.139059375 0.1586484375 0.9541812500000001 0.1846625 0.9541812500000001 0.1391375 0.136890625
6 0.17165625 0.3450078125 0.1472671875 0.348259375 0.18385 0.9606859375000001 0.20742500000000003 0.9530984374999999 0.17165625 0.3450078125
6 0.1911671875 0.1412265625 0.16515156250000002 0.14231093749999998 0.21230312499999998 0.9585171875 0.23181406249999997 0.9617687500000001 0.1911671875 0.1412265625
6 0.22693593750000002 0.13580625 0.20173437500000002 0.139059375 0.2310015625 0.9606859375000001 0.26108125000000004 0.9596015625 0.22693593750000002 0.13580625
6 0.27490156250000003 0.14447812499999999 0.23913125000000002 0.14231093749999998 0.2708359375 0.962853125 0.2984765625 0.962853125 0.27490156250000003 0.14447812499999999
6 0.32449062500000003 0.146646875 0.278153125 0.14447812499999999 0.2976640625 0.9682734375000001 0.333434375 0.970440625 0.32449062500000003 0.146646875
6 0.3488796875 0.24853593749999997 0.31880000000000003 0.247453125 0.3383109375 0.972609375 0.35700937499999996 0.971525 0.3488796875 0.24853593749999997
6 0.3773328125 0.260459375 0.345628125 0.2517890625 0.3610734375 0.9671890624999999 0.3879015625 0.9671890624999999 0.3773328125 0.260459375
6 0.408225 0.2593765625 0.378959375 0.2593765625 0.38871406249999996 0.9758609375 0.4106640625 0.971525 0.408225 0.2593765625
6 0.43586562500000003 0.26154375 0.40741250000000007 0.2593765625 0.4163546875 0.970440625 0.43830468749999996 0.978028125 0.43586562500000003 0.26154375
6 0.4545640625 0.2572078125 0.434240625 0.2647953125 0.44074375000000005 0.970440625 0.4659453125 0.9769453125 0.4545640625 0.2572078125
6 0.48626874999999997 0.26154375 0.46106718750000003 0.260459375 0.4659453125 0.978028125 0.49033437500000004 0.9791124999999999 0.48626874999999997 0.26154375
6 0.5163484375 0.15640156249999998 0.4895203125 0.1574859375 0.48464375000000004 0.9747765625 0.512284375 0.971525 0.5163484375 0.15640156249999998
6 0.5439890625 0.1607375 0.512284375 0.15315 0.5163484375 0.9747765625 0.5382984375000001 0.9758609375 0.5439890625 0.1607375
6 0.5716296875 0.22252187499999998 0.5374859375 0.2192703125 0.5472406249999999 0.9769453125 0.5651265624999999 0.9823640625 0.5716296875 0.22252187499999998
6 0.6065859375 0.2279421875 0.5724421875 0.23227812499999997 0.5651265624999999 0.9791124999999999 0.5935796875 0.9812796875 0.6065859375 0.2279421875
6 0.6399171875 0.23119375 0.6057734375 0.2257734375 0.59845625 0.987784375 0.6277234375 0.9942875000000001 0.6399171875 0.23119375
6 0.674875 0.2279421875 0.6447953125 0.230109375 0.6309750000000001 0.9975390624999999 0.6537296875 0.9996640625 0.674875 0.2279421875
6 0.7049546875 0.268046875 0.674875 0.27021562499999996 0.6553640625 0.987784375 0.6821906249999999 0.9910359375000001 0.7049546875 0.268046875
6 0.73096875 0.27021562499999996 0.7008890625 0.26913125 0.68706875 0.993203125 0.7049546875 0.9888671875 0.73096875 0.27021562499999996
6 0.7561703125 0.2734671875 0.7301562500000001 0.27563593750000004 0.7065796875 0.993203125 0.7317812499999999 0.9975390624999999 0.7561703125 0.2734671875
6 0.8073859375 0.1585703125 0.7553578125 0.1574859375 0.7390984375 0.9975390624999999 0.7683640625 0.987784375 0.8073859375 0.1585703125
6 0.8399046875 0.1607375 0.809825 0.161821875 0.770803125 0.993203125 0.79844375 0.9964562499999999 0.8399046875 0.1607375
6 0.8683578125 0.161821875 0.8382781250000001 0.1607375 0.8016953125 0.9975390624999999 0.8170359375 0.9996640625 0.8683578125 0.161821875
6 0.9073796875 0.2647953125 0.8634796874999999 0.256125 0.8293359375 0.9975390624999999 0.8610421875000001 0.9964562499999999 0.9073796875 0.2647953125
6 0.9447765625000001 0.2572078125 0.9114453125 0.25395625 0.8699843749999999 0.9942875000000001 0.8943734375 0.9942875000000001 0.9447765625000001 0.2572078125
6 0.99761875 0.2658796875 0.9504671874999999 0.268046875 0.89925 0.9986234375 0.932459375 0.9996640625 0.99761875 0.2658796875
6 0.9968046875000001 0.27238281249999996 0.9333953125000001 0.9964562499999999 0.9699781249999999 0.9975390624999999 0.9997484375000001 0.7412640625 0.9968046875000001 0.27238281249999996