4 0.2285984375 0.9044984375 0.22625625 0.909790625 0.22657031249999998 0.9187796875 0.2283328125 0.921025 0.906078125 0.93720625 0.9068703125 0.9357578125 0.9061765625 0.9158875 0.9052359375 0.9130796875 0.2285984375 0.9044984375
4 0.23100468749999997 0.8769421875000001 0.228646875 0.8817625 0.22891093749999997 0.88933125 0.22998124999999997 0.8958578125000001 0.9051203125 0.9097671875 0.9056312500000001 0.9002765625 0.905234375 0.888921875 0.904228125 0.884221875 0.23100468749999997 0.8769421875000001
4 0.9004 0.8710921875000001 0.8994921874999999 0.8450734375 0.2751765625 0.8394031249999999 0.27290000000000003 0.8465875 0.2740890625 0.8564921875 0.2751421875 0.8625390625 0.9004 0.8710921875000001
4 0.9002984375 0.8199406249999999 0.8950515625 0.7902843749999999 0.24201875 0.8064578125 0.23967812500000002 0.8117484375 0.2387875 0.8345156250000001 0.2405671875 0.8372140625 0.9002984375 0.8199406249999999
4 0.9009078125000001 0.7891328125 0.8972109375 0.75563125 0.218975 0.7736328125 0.21842812500000003 0.8062453125 0.9009078125000001 0.7891328125
4 0.8977375000000001 0.7466140625000001 0.894140625 0.7159515625 0.8923921874999999 0.71411875 0.265603125 0.7341109375 0.2632609375 0.739403125 0.2650078125 0.7652953124999999 0.8977375000000001 0.7466140625000001
4 0.26649218750000003 0.7113453125 0.2670703125 0.727903125 0.27058125 0.7319359375000001 0.8955578125000001 0.7083234375 0.891434375 0.6866796875000001 0.26649218750000003 0.7113453125
4 0.2478703125 0.7086796875 0.2496640625 0.7118203125 0.8989874999999999 0.6859421875 0.898046875 0.6589765625 0.8945171875 0.6543640625 0.24951875 0.68351875 0.24615312500000003 0.6836359375 0.2478703125 0.7086796875
4 0.8968375 0.62436875 0.8924468750000001 0.5709984375 0.8922828125000001 0.56626875 0.167959375 0.5910890625 0.1653875 0.6139140624999999 0.1630609375 0.643778125 0.8968375 0.62436875
4 0.1629765625 0.54484375 0.1601390625 0.5601 0.158178125 0.5762734375 0.1583921875 0.5824234374999999 0.8938656249999999 0.5633703125 0.8936984375 0.5103265625 0.8909921875 0.5052109375 0.1625625 0.5330171874999999 0.1629765625 0.54484375
4 0.8917999999999999 0.5042359375000001 0.89141875 0.46919843749999995 0.89023125 0.45929374999999995 0.8908250000000001 0.4521671875 0.23235 0.4813203125 0.22793125 0.5236296874999999 0.8917999999999999 0.5042359375000001
4 0.8903265625 0.38966249999999997 0.8913484374999999 0.37068124999999996 0.8900937499999999 0.3588828125 0.8899781250000001 0.355571875 0.22406406250000002 0.3887734375 0.22611093750000003 0.4714921875 0.88811875 0.4470515625 0.8926703125 0.43268281249999996 0.8918781250000001 0.40997500000000003 0.8903265625 0.38966249999999997
4 0.8897640625 0.349421875 0.8903234375 0.34135 0.8897296875 0.32431875 0.8893984375 0.3148578125 0.1327640625 0.355015625 0.1329421875 0.3842546875 0.8897640625 0.349421875
4 0.152171875 0.2837125 0.15256875 0.295065625 0.15289999999999998 0.304528125 0.152321875 0.3121265625 0.15258750000000001 0.3196953125 0.1519265625 0.324928125 0.152225 0.33344375 0.154071875 0.33811562500000003 0.15589999999999998 0.342234375 0.88566875 0.30451562499999996 0.890534375 0.2991359375 0.8903187499999999 0.2929859375 0.8918375 0.288196875 0.8933546874999999 0.28340624999999997 0.8929406249999999 0.2715796875 0.8932203124999999 0.255465625 0.8927078125 0.2408 0.8883703125 0.2371625 0.887396875 0.2334078125 0.1542171875 0.2699046875 0.15182500000000002 0.273778125 0.152171875 0.2837125
4 0.8811781249999999 0.22415156249999998 0.8821328125000001 0.2032765625 0.8808453125 0.1905328125 0.20495312499999999 0.2273984375 0.20040156250000002 0.24176718749999998 0.200184375 0.2596734375 0.8811781249999999 0.22415156249999998
4 0.20290625 0.19289375 0.200415625 0.193928125 0.2001859375 0.2114609375 0.2023421875 0.2250125 0.87825625 0.18872968750000002 0.8804828125 0.180125 0.8796734374999999 0.1569453125 0.877825 0.1522734375 0.20290625 0.19289375
4 0.2854265625 0.1199109375 0.2854109375 0.14359375000000002 0.2856546875 0.1505640625 0.887290625 0.1097875 0.886959375 0.07616875 0.2854265625 0.1199109375