5 0.166419215625 0.9074008041666667 0.14348168125 0.3963144416666667 0.093883178125 0.3998974125 0.09538688125 0.4574869583333333 0.118324415625 0.9162806916666667 0.166419215625 0.9074008041666667
5 0.187470415625 0.397727275 0.14348168125 0.40223437916666666 0.170858725 0.9103607875 0.216733796875 0.9074008041666667 0.187470415625 0.397727275
5 0.21839489687500002 0.3966422041666667 0.188616809375 0.40026104583333333 0.21747374062499997 0.9202272916666666 0.24929029374999997 0.9182539916666667 0.21839489687500002 0.3966422041666667
5 0.26926815625 0.9518002333333333 0.28702624062500004 0.95081355 0.30182465 0.9429203458333333 0.264088703125 0.26311625833333335 0.25446974375 0.2611429416666667 0.24041127499999998 0.2621296083333333 0.22709269999999998 0.2621296083333333 0.218953575 0.2650895583333333 0.211884478125 0.2675189416666666 0.25151007187499996 0.95081355 0.25816935937499996 0.9518002333333333 0.26926815625 0.9518002333333333
5 0.32328235 0.40914092916666667 0.294892290625 0.411833175 0.321802465625 0.9162806916666667 0.35065939375 0.9123340916666667 0.32328235 0.40914092916666667
5 0.353486040625 0.4096630375 0.3247621875 0.4130875625 0.35213923125 0.9162806916666667 0.37951627499999996 0.915294075 0.353486040625 0.4096630375
5 0.41429255 0.9251605749999999 0.42687113437499996 0.919240675 0.389875178125 0.35586165 0.350230834375 0.358664775 0.38617556249999996 0.9202272916666666 0.39505458125000004 0.9251605749999999 0.41429255 0.9251605749999999
5 0.43205058437500005 0.9222005916666667 0.446849046875 0.9241739583333334 0.46090751562500004 0.923187275 0.4720063125 0.9222005916666667 0.433238646875 0.3554095666666666 0.418732059375 0.3568483 0.406153428125 0.35783495 0.39357474375 0.3617815833333333 0.43205058437500005 0.9222005916666667
5 0.474742553125 0.40206755 0.440929703125 0.40420767916666667 0.474965984375 0.9123340916666667 0.5075224781250001 0.9074008041666667 0.474742553125 0.40206755
5 0.5081084375 0.40315262083333336 0.4771857625 0.4051943291666667 0.510482153125 0.9123340916666667 0.53933908125 0.9083874875000001 0.5081084375 0.40315262083333336
5 0.5911335 0.9602859083333333 0.550437878125 0.26370873333333333 0.5045628062499999 0.26568203333333335 0.545258428125 0.9636400374999999 0.5911335 0.9602859083333333
5 0.5896536125 0.38250130416666667 0.560056790625 0.38546125833333333 0.5903936062499999 0.9340404625000001 0.61851054375 0.9320671625 0.5896536125 0.38250130416666667
5 0.6643856125000001 0.9340404625000001 0.628129553125 0.328235375 0.590302446875 0.3315380375 0.620730321875 0.9350271458333334 0.648847259375 0.9350271458333334 0.6643856125000001 0.9340404625000001
5 0.640758178125 0.3130918583333333 0.6673452875 0.9518002333333333 0.70656101875 0.9498269333333333 0.679183975 0.30948895416666666 0.640758178125 0.3130918583333333
5 0.77611356875 0.9478536333333333 0.74947641875 0.31935549166666666 0.730978390625 0.31738218749999997 0.71396025 0.31738218749999997 0.689586303125 0.319602275 0.7154401375 0.9537735333333334 0.7472566406250001 0.9557468333333333 0.767234553125 0.9527868500000001 0.77611356875 0.9478536333333333
5 0.81895395625 0.9672739708333334 0.84115155 0.9702339541666666 0.850770559375 0.9662873541666667 0.83523220625 0.31114957083333333 0.773078884375 0.3101629208333333 0.762828490625 0.3163470666666666 0.78417768125 0.9564207833333334 0.795276478125 0.9643140541666667 0.807855159375 0.9672739708333334 0.81895395625 0.9672739708333334