6 0.1668484375 0.29036249999999997 0.15879375 0.29064375 0.13835625000000001 0.8266218750000001 0.1904328125 0.8258890624999999 0.20273750000000001 0.292365625 0.19778281250000002 0.2903671875 0.1668484375 0.29036249999999997
6 0.2143484375 0.298475 0.2104109375 0.29969843749999997 0.2033296875 0.8221812500000001 0.2497140625 0.8216484375 0.2558921875 0.29919531250000003 0.25012500000000004 0.29722499999999996 0.2143484375 0.298475
6 0.26764062499999997 0.8221078125 0.3132125 0.8216015625 0.3185390625 0.29809375 0.2754375 0.29634218749999997 0.26764062499999997 0.8221078125
6 0.3637375 0.8230953124999999 0.36929218750000004 0.3060921875 0.35617031250000003 0.30329375000000003 0.3237640625 0.304425 0.3205296875 0.821346875 0.3637375 0.8230953124999999
6 0.4083953125 0.2602125 0.37343281250000004 0.2614328125 0.3694671875 0.8239796875 0.450815625 0.8222250000000001 0.44354843749999995 0.2644140625 0.43534218750000003 0.262528125 0.4083953125 0.2602125
6 0.48023906250000004 0.825540625 0.5517171875 0.8208734375000001 0.525596875 0.2593765625 0.4588078125 0.2584515625 0.48023906250000004 0.825540625
6 0.5550828125 0.8240125 0.5713828125 0.8245296874999999 0.545 0.30212812499999997 0.5311390625 0.3015265625 0.5550828125 0.8240125
6 0.575334375 0.821134375 0.5891578125 0.8206515624999999 0.5602406249999999 0.3189671875 0.5482171874999999 0.3193875 0.575334375 0.821134375
6 0.5924484375 0.821621875 0.6054578125 0.82116875 0.5748390624999999 0.31737187499999997 0.5644453125 0.3177359375 0.5924484375 0.821621875
6 0.6128140625 0.821996875 0.6533921874999999 0.8184078124999999 0.6161359375 0.2877015625 0.5821296874999999 0.287803125 0.6128140625 0.821996875
6 0.6599734374999999 0.82035 0.68839375 0.818271875 0.6519874999999999 0.28862031250000003 0.6269375 0.28840937499999997 0.6599734374999999 0.82035
6 0.69505 0.8223828125000001 0.72099375 0.8193046875000001 0.6836609375 0.2864296875 0.65861875 0.2862171875 0.69505 0.8223828125000001
6 0.7225828125 0.8181640625 0.7461249999999999 0.81625625 0.7058796875 0.293253125 0.6838890625 0.2929359375 0.7225828125 0.8181640625
6 0.750190625 0.8161140625 0.7752828125 0.8119796875 0.7336015625 0.29445625 0.7101968750000001 0.2941875 0.750190625 0.8161140625
6 0.8383843750000001 0.823890625 0.8537953125 0.8222671874999999 0.8035828125 0.2236125 0.75456875 0.21880937500000003 0.8050843750000001 0.8261406250000001 0.8383843750000001 0.823890625
6 0.8709468749999999 0.8238406250000001 0.9197328125 0.8221359375 0.8620125 0.21831406250000002 0.812653125 0.22003750000000002 0.8709468749999999 0.8238406250000001