6 0.3708296875 0.8620468750000001 0.39684375 0.8414515625 0.011503125 0.19108750000000002 0.000934375 0.1954234375 0 0.26948906250000004 0.3708296875 0.8620468750000001
6 0.07572656250000001 0.1813328125 0.0310140625 0.20843124999999998 0.41472968750000005 0.8663828125 0.43911718750000006 0.8349484374999999 0.07572656250000001 0.1813328125
6 0.45537656249999997 0.8587953125000001 0.47732656249999994 0.8316968749999999 0.2049859375 0.24853593749999997 0.17246875 0.2637125 0.45537656249999997 0.8587953125000001
6 0.2212453125 0.167240625 0.1765328125 0.18566875 0.491959375 0.8718031249999999 0.52935625 0.84795625 0.2212453125 0.167240625
6 0.535046875 0.8566265625 0.570003125 0.8197734375 0.267584375 0.15640156249999998 0.2310015625 0.19108750000000002 0.535046875 0.8566265625
6 0.3163609375 0.13797500000000001 0.2830296875 0.1607375 0.590328125 0.8685499999999999 0.6171546875 0.8425359374999999 0.3163609375 0.13797500000000001
6 0.6269109375 0.8609625 0.657803125 0.83278125 0.36188750000000003 0.14231093749999998 0.3326203125 0.168325 0.6269109375 0.8609625
6 0.42855 0.1715765625 0.39603125 0.1954234375 0.6724359375 0.8598796875 0.7000765624999999 0.8338640625 0.42855 0.1715765625
6 0.70820625 0.86313125 0.7390984375 0.8316968749999999 0.4822046875 0.1726609375 0.4431828125 0.19759218750000002 0.70820625 0.86313125
6 0.535046875 0.21493437499999998 0.5082187499999999 0.237696875 0.75373125 0.8663828125 0.7773078124999999 0.846871875 0.535046875 0.21493437499999998
6 0.791940625 0.8598796875 0.8090125 0.8457874999999999 0.57488125 0.22469062499999998 0.546428125 0.24636874999999997 0.791940625 0.8598796875
6 0.6391046874999999 0.300565625 0.614715625 0.3265796875 0.8171421875 0.8609625 0.8390921875 0.844703125 0.6391046874999999 0.300565625
6 0.84315625 0.854459375 0.8667328124999999 0.8392843750000001 0.6740625 0.3114046875 0.6512984375 0.330915625 0.84315625 0.854459375
6 0.6781265624999999 0.22252187499999998 0.6512984375 0.2409484375 0.8691718749999999 0.8436203125 0.88786875 0.83278125 0.6781265624999999 0.22252187499999998
6 0.8943734375 0.8436203125 0.9163218750000001 0.8338640625 0.703328125 0.23444531249999997 0.6846296875 0.2496203125 0.8943734375 0.8436203125
6 0.7350328125 0.2355296875 0.7122703125000001 0.25070468749999997 0.9203875 0.8566265625 0.9455890625000001 0.8382 0.7350328125 0.2355296875
6 0.9464015625 0.8284453125000001 0.9862359375 0.7980937499999999 0.8065734375 0.26913125 0.7626734374999999 0.30706875 0.9464015625 0.8284453125000001