0 0.036704928125 0.1173799 0.002560809375 0.11846384166666667 0 0.7963709666666666 0.013129228125 0.7937586708333334 0.036704928125 0.1173799
0 0.012316271875 0.79050685 0.057841765625 0.7970104916666667 0.07735269375 0.09895291249999999 0.038330840625 0.10003685416666667 0.012316271875 0.79050685
0 0.11312272500000001 0.08811350833333333 0.07572678125 0.09353321249999999 0.05052516875 0.7980944333333333 0.098489528125 0.7980944333333333 0.11312272500000001 0.08811350833333333
0 0.093611796875 0.799178375 0.123691140625 0.8024301958333333 0.14401502187499998 0.16398933333333332 0.119626365625 0.16290539583333336 0.093611796875 0.799178375
0 0.17246845625 0.2225221125 0.14157615625 0.226857875 0.12775591875 0.8067659541666666 0.15295753125 0.810017775 0.17246845625 0.2225221125
0 0.15295753125 0.810017775 0.1887275625 0.8111017166666666 0.202547803125 0.17699661666666666 0.165964815625 0.17699661666666666 0.15295753125 0.810017775
0 0.227749415625 0.1694090375 0.202547803125 0.17699661666666666 0.191166428125 0.8121856583333333 0.21311621875000003 0.8197732375 0.227749415625 0.1694090375
0 0.21149030937500002 0.8143535375000001 0.23425305624999998 0.8165214166666667 0.246447384375 0.16398933333333332 0.227749415625 0.17374479583333333 0.21149030937500002 0.8143535375000001
0 0.257828759375 0.1694090375 0.24238260937499997 0.17049297500000002 0.23018828125000002 0.8197732375 0.257828759375 0.8208571791666667 0.257828759375 0.1694090375
0 0.2545769375 0.8165214166666667 0.27652673125 0.8208571791666667 0.28059150625 0.15314992916666667 0.260267625 0.15640175 0.2545769375 0.8165214166666667
0 0.31717449375 0.0555953 0.309857896875 0.0555953 0.28628219375 0.05451135833333333 0.278152640625 0.8284447625 0.3122967625 0.8219411208333334 0.31717449375 0.0555953
0 0.309857896875 0.8186893000000001 0.3472538375 0.8230250625 0.344814971875 0.062098941666666664 0.317987446875 0.05451135833333333 0.309857896875 0.8186893000000001
0 0.378959090625 0.033916491666666666 0.3472538375 0.040420137499999995 0.345627928125 0.8295287041666667 0.37814613750000003 0.8306126416666667 0.378959090625 0.033916491666666666
0 0.37570727187499997 0.8273608208333333 0.409851390625 0.8262768833333334 0.40822548125 0.02741285 0.37733318125 0.026328912500000003 0.37570727187499997 0.8273608208333333
0 0.44236960312500007 0.06860258333333333 0.41229025625000004 0.06643470416666666 0.40741252499999997 0.838200225 0.44155664687499996 0.8295287041666667 0.44236960312500007 0.06860258333333333
0 0.437491871875 0.8371162833333333 0.493585784375 0.8447038666666666 0.48870804999999995 0.014405566666666668 0.44236960312500007 0.019825270833333335 0.437491871875 0.8371162833333333
0 0.51634853125 0.004650104166666667 0.487895096875 0.0035661624999999996 0.48870804999999995 0.8501235708333332 0.52041330625 0.8457878083333333 0.51634853125 0.004650104166666667
0 0.518787396875 0.8436199291666667 0.548053784375 0.8447038666666666 0.53992423125 0.0035661624999999996 0.51634853125 0.0035661624999999996 0.518787396875 0.8436199291666667
0 0.56675175625 0.18350025833333333 0.537485365625 0.1845842 0.55049265 0.8501235708333332 0.595205190625 0.84687175 0.56675175625 0.18350025833333333
0 0.604960653125 0.8555432708333334 0.6220327125 0.8555432708333334 0.577320175 0.0794419875 0.562686978125 0.08052592916666666 0.604960653125 0.8555432708333334
0 0.59195336875 0.075106225 0.57650721875 0.0794419875 0.623658625 0.8631308541666667 0.64235659375 0.8631308541666667 0.59195336875 0.075106225
0 0.605773609375 0.07185440416666666 0.59195336875 0.07835804583333333 0.639917728125 0.8685505541666667 0.660241609375 0.8674666125 0.605773609375 0.07185440416666666
0 0.696011640625 0.06860258333333333 0.682191403125 0.06860258333333333 0.7390982687500001 0.8739702583333333 0.7569832843750001 0.8685505541666667 0.696011640625 0.06860258333333333
0 0.67893958125 0.06751864583333332 0.660241609375 0.06860258333333333 0.7147096125 0.8728863166666667 0.732594628125 0.8707184375 0.67893958125 0.06751864583333332
0 0.65942865625 0.07185440416666666 0.6447954593749999 0.07293834583333333 0.696011640625 0.8707184375 0.711457790625 0.8707184375 0.65942865625 0.07185440416666666
0 0.6813784468749999 0.8674666125 0.6951986875 0.8685505541666667 0.64235659375 0.07185440416666666 0.635852953125 0.07293834583333333 0.6813784468749999 0.8674666125
0 0.636665909375 0.0740222875 0.629349309375 0.0740222875 0.67406185 0.8696344958333333 0.6878820875 0.8696344958333333 0.636665909375 0.0740222875
0 0.624471578125 0.0740222875 0.61715498125 0.07727410833333333 0.66918411875 0.8674666125 0.67487480625 0.866382675 0.624471578125 0.0740222875
0 0.61715498125 0.07835804583333333 0.604960653125 0.08052592916666666 0.65942865625 0.871802375 0.67406185 0.871802375 0.61715498125 0.07835804583333333
0 0.71552256875 0.058847120833333336 0.6976375531250001 0.062098941666666664 0.755357375 0.871802375 0.774055346875 0.8739702583333333 0.71552256875 0.058847120833333336
0 0.772429434375 0.8696344958333333 0.79031445 0.8696344958333333 0.728529853125 0.058847120833333336 0.712270746875 0.061015 0.772429434375 0.8696344958333333
0 0.7496666875 0.06643470416666666 0.7301557625 0.06751864583333332 0.78543671875 0.8750541958333333 0.813077196875 0.8772220791666666 0.7496666875 0.06643470416666666
0 0.8090124218750001 0.8696344958333333 0.8399047218750001 0.8707184375 0.773242390625 0.06426682083333334 0.753731465625 0.0653507625 0.8090124218750001 0.8696344958333333
0 0.79681809375 0.06643470416666666 0.772429434375 0.06426682083333334 0.83746585625 0.8772220791666666 0.865106334375 0.8761381375 0.79681809375 0.06643470416666666
0 0.865106334375 0.8815578375 0.8959986343749999 0.8772220791666666 0.82120675 0.062098941666666664 0.799256959375 0.06426682083333334 0.865106334375 0.8815578375
0 0.8423435874999999 0.0653507625 0.8203937968749999 0.069686525 0.8992504562500001 0.8815578375 0.92445206875 0.8815578375 0.8423435874999999 0.0653507625
0 0.92445206875 0.8793899583333334 0.9520925468750001 0.8772220791666666 0.863480425 0.062098941666666664 0.840717678125 0.069686525 0.92445206875 0.8793899583333334
0 0.8838043062500001 0.04800771666666667 0.865106334375 0.04909165833333333 0.956157321875 0.8858936 0.982171890625 0.8848096583333334 0.8838043062500001 0.04800771666666667
0 0.8878690812500001 0.046923779166666665 0.98054598125 0.8826417791666666 0.999747984375 0.887096775 0.999747984375 0.8175403208333333 0.909818875 0.04475589583333333 0.8878690812500001 0.046923779166666665
0 0.9309557093749999 0.03933619583333334 0.911444784375 0.0458398375 0.999747984375 0.8131720416666667 0.999747984375 0.5483870958333333 0.9309557093749999 0.03933619583333334