4 0.8573359375 0.81954375 0.8495156250000001 0.7989875 0.37786875000000003 0.9240046875000001 0.3830984375 0.9436125000000001 0.8573359375 0.81954375
4 0.8500453125 0.7971046875 0.843534375 0.7735562500000001 0.37158281249999997 0.9046593749999999 0.37658593749999997 0.9200578125 0.8500453125 0.7971046875
4 0.39068749999999997 0.8967421874999999 0.8394328124999999 0.7714671875 0.8303828125000001 0.7436109375 0.3831453125 0.873528125 0.39068749999999997 0.8967421874999999
4 0.83013125 0.7428375 0.8231171875 0.717740625 0.3774140625 0.8488703125000001 0.3841734375 0.8696734375 0.83013125 0.7428375
4 0.823646875 0.7158578125 0.8107984374999999 0.679825 0.3452375 0.8165531250000001 0.3560171875 0.8497296875 0.823646875 0.7158578125
4 0.8092890625000001 0.6751828125 0.79694375 0.6406984375 0.3336984375 0.777528125 0.3447515625 0.8080375 0.8092890625000001 0.6751828125
4 0.794178125 0.6321859375 0.7854046875 0.6016734375 0.325228125 0.740928125 0.3313984375 0.7704484375 0.794178125 0.6321859375
4 0.78565625 0.6024468749999999 0.775096875 0.5699484375 0.31439218750000003 0.7110859375 0.3231515625 0.7380453124999999 0.78565625 0.6024468749999999
4 0.7733109375 0.5679624999999999 0.7604093749999999 0.5387906250000001 0.3084625 0.67879375 0.31719375 0.7091765624999999 0.7733109375 0.5679624999999999
4 0.7630281250000001 0.5328078125 0.750128125 0.5036359375 0.2962890625 0.6553734375 0.3035359375 0.677675 0.7630281250000001 0.5328078125
4 0.2764015625 0.5976765625 0.276878125 0.602653125 0.2917109375 0.64830625 0.2967984375 0.649915625 0.7444921875 0.500334375 0.7450734375 0.491590625 0.7278718750000001 0.45269531250000006 0.7212296874999999 0.4462984375 0.2764015625 0.5976765625
4 0.731403125 0.42845000000000005 0.724865625 0.40833125 0.7195859375 0.3920828125 0.711409375 0.38447343749999996 0.25910625 0.5374234375 0.25492499999999996 0.5456265625000001 0.255878125 0.5555828125 0.2611328125 0.5752625 0.26694062500000004 0.5896281250000001 0.2709640625 0.5949890625 0.7302921875 0.43907656250000004 0.731403125 0.42845000000000005
4 0.7137249999999999 0.3845765625 0.708696875 0.3691015625 0.2545546875 0.5269265625 0.2601375 0.5370890625 0.7137249999999999 0.3845765625
4 0.7081671875 0.37098437500000003 0.7028875 0.354734375 0.250809375 0.5118890625 0.25376875 0.5209984375000001 0.7081671875 0.37098437500000003
4 0.7021078125 0.35584375 0.679453125 0.289634375 0.23454687500000002 0.451303125 0.2538734375 0.5072734375 0.7021078125 0.35584375
4 0.6784484375 0.2865390625 0.677996875 0.2781296875 0.6716593750000001 0.265646875 0.22340468750000003 0.427546875 0.223075 0.43706562499999996 0.22916093750000002 0.44877500000000003 0.6784484375 0.2865390625
4 0.67035 0.2686390625 0.6666578125 0.246740625 0.660821875 0.2358046875 0.22495156249999998 0.39368125 0.22766406250000001 0.4090546875 0.2313703125 0.42045937499999997 0.67035 0.2686390625
4 0.6586640625 0.21511874999999997 0.6576593749999999 0.2120234375 0.6534109375 0.1954390625 0.646875 0.1753203125 0.64134375 0.1582984375 0.6365140625000001 0.15045625 0.1717484375 0.31772187500000004 0.171721875 0.32115312500000004 0.17574375 0.3335328125 0.18127500000000002 0.35055625 0.188090625 0.36801875 0.1933265625 0.380625 0.6586640625 0.21511874999999997
4 0.6287609375 0.1546875 0.6229515625000001 0.14032031250000002 0.1902296875 0.29033125000000004 0.1931671875 0.3099078125 0.6287609375 0.1546875
4 0.6191546875 0.13214375 0.60856875 0.103075 0.20909375 0.24656093750000002 0.215225 0.2759609375 0.6191546875 0.13214375
4 0.6062531250000001 0.102971875 0.5931265625 0.069596875 0.2016046875 0.21648593749999998 0.20979687500000002 0.245209375 0.6062531250000001 0.102971875