6 0.00195625 0.229965625 0.0159609375 0.2620984375 0.48610625 0.10396562499999999 0.475740625 0.072315625 0.00195625 0.229965625
6 0.0170734375 0.26515625 0.030521874999999997 0.295759375 0.5362640625 0.1307328125 0.5245093749999999 0.09526875 0.0170734375 0.26515625
6 0.0323765625 0.2976828125 0.0447140625 0.33475156250000004 0.54693125 0.16321406249999998 0.5378390625 0.13189062499999998 0.0323765625 0.2976828125
6 0.04814375 0.33783124999999997 0.057329687500000004 0.372584375 0.55926875 0.20028281250000002 0.54789375 0.1690296875 0.04814375 0.33783124999999997
6 0.061501562499999995 0.37452968750000004 0.0750453125 0.4180859375 0.5281359375 0.2670265625 0.5123109375 0.22355 0.061501562499999995 0.37452968750000004
6 0.078290625 0.42383125 0.09461562500000001 0.465509375 0.5432546874999999 0.311740625 0.5287328125 0.26866875 0.078290625 0.42383125
6 0.095728125 0.4685671875 0.10574531250000001 0.496090625 0.64976875 0.3093375 0.6395171875 0.281175 0.095728125 0.4685671875
6 0.0986078125 0.49868750000000006 0.10918281249999999 0.5277406250000001 0.6672015625000001 0.335028125 0.6577890625 0.309165625 0.0986078125 0.49868750000000006
6 0.1020453125 0.5303390625 0.10816718750000001 0.5471578125 0.7416390625 0.3269828125 0.7377 0.31298906249999997 0.1020453125 0.5303390625
6 0.11113437500000001 0.5521390625 0.1154015625 0.5670359375 0.7485953125 0.346096875 0.7441953125 0.3340078125 0.11113437500000001 0.5521390625
6 0.13625937500000002 0.5672359375 0.1473890625 0.5882953125 0.675559375 0.40557968750000006 0.6685640625 0.3831859375 0.13625937500000002 0.5672359375
6 0.146184375 0.59133125 0.15453125 0.6142671875 0.683165625 0.4296515625 0.6757093750000001 0.40916406250000004 0.146184375 0.59133125
6 0.15073125 0.616515625 0.16622187500000002 0.6559 0.6680671874999999 0.48017031250000003 0.65443125 0.4427078125 0.15073125 0.616515625
6 0.1683546875 0.6585875 0.1932109375 0.7205375 0.7092375 0.53618125 0.6906546875 0.47560624999999995 0.1683546875 0.6585875
6 0.19599375000000002 0.7281828124999999 0.215103125 0.7870296875 0.7318718750000001 0.6015375 0.7125515625000001 0.5421140624999999 0.50698125 0.6149921875000001 0.19599375000000002 0.7281828124999999
6 0.21974062499999997 0.796596875 0.23105625000000002 0.8245140624999999 0.758390625 0.6299828125 0.7500234375 0.6038203125 0.21974062499999997 0.796596875
6 0.233559375 0.8313937499999999 0.24274218749999998 0.8566234375 0.77081875 0.66095625 0.76115625 0.6344093749999999 0.233559375 0.8313937499999999
6 0.24672968750000002 0.8612328125 0.2537796875 0.8837765624999999 0.73411875 0.7028875 0.7279828125 0.6828578125 0.24672968750000002 0.8612328125
6 0.2538734375 0.8872046875 0.2637984375 0.9113 0.7435796875 0.7288812499999999 0.737725 0.7096218750000001 0.2538734375 0.8872046875
6 0.2624078125 0.917 0.262875 0.934146875 0.2660296875 0.9459859375 0.2743734375 0.9498749999999999 0.8167249999999999 0.7490125 0.8173718750000001 0.7444468750000001 0.811528125 0.7283921875 0.8059640625 0.7131015625 0.2624078125 0.917
6 0.273634375 0.9605343749999999 0.27484375 0.97654375 0.28281718749999996 0.9857640625 0.2901421875 0.9900234375 0.8368484374999999 0.7884421875000001 0.8345296875000001 0.7788953125 0.8292421875 0.7643703125 0.822565625 0.75554375 0.273634375 0.9605343749999999