6 0.08385625 0.23444531249999997 0.044021875 0.23227812499999997 0.06109375 0.8490390624999999 0.100115625 0.846871875 0.08385625 0.23444531249999997
6 0.116375 0.2355296875 0.067596875 0.23444531249999997 0.1033671875 0.8512078125 0.132634375 0.8457874999999999 0.116375 0.2355296875
6 0.155396875 0.2409484375 0.1147484375 0.2409484375 0.135071875 0.84795625 0.17246875 0.844703125 0.155396875 0.2409484375
6 0.1919796875 0.2431171875 0.15214531250000002 0.23986562500000003 0.1757203125 0.84795625 0.2082390625 0.846871875 0.1919796875 0.2431171875
6 0.222871875 0.131471875 0.1879140625 0.1336390625 0.20986406249999998 0.84795625 0.23994374999999998 0.8414515625 0.222871875 0.131471875
6 0.26108125000000004 0.131471875 0.21799375 0.1336390625 0.23913125000000002 0.8457874999999999 0.2700234375 0.8457874999999999 0.26108125000000004 0.131471875
6 0.2822171875 0.237696875 0.257015625 0.2409484375 0.266771875 0.8436203125 0.2944125 0.8382 0.2822171875 0.237696875
6 0.323678125 0.06968593749999999 0.2765265625 0.068603125 0.2887203125 0.8425359374999999 0.3383109375 0.8392843750000001 0.323678125 0.06968593749999999
6 0.36676406250000004 0.074021875 0.323678125 0.07510625 0.335871875 0.84036875 0.3854625 0.83278125 0.36676406250000004 0.074021875
6 0.413915625 0.07510625 0.3659515625 0.074021875 0.38708906249999997 0.8360328125 0.425296875 0.8316968749999999 0.413915625 0.07510625
6 0.44074375000000005 0.1650734375 0.4155421875 0.1639890625 0.4318015625 0.83278125 0.4545640625 0.8349484374999999 0.44074375000000005 0.1650734375
6 0.468384375 0.1661578125 0.43993125 0.167240625 0.458628125 0.8349484374999999 0.47976562500000003 0.83278125 0.468384375 0.1661578125
6 0.4822046875 0.081609375 0.46675781250000004 0.081609375 0.48057812499999997 0.8306125 0.501715625 0.83278125 0.4822046875 0.081609375
6 0.5220390625 0.2257734375 0.48870781250000006 0.22360625 0.49765 0.8316968749999999 0.5277296875 0.837115625 0.5220390625 0.2257734375
6 0.546428125 0.2257734375 0.514721875 0.22469062499999998 0.525290625 0.8295281250000001 0.55130625 0.8273609375 0.546428125 0.2257734375
6 0.5716296875 0.10870781249999999 0.5431765625 0.1097921875 0.5504921875 0.8273609375 0.579759375 0.8284453125000001 0.5716296875 0.10870781249999999
6 0.5992703125000001 0.10870781249999999 0.570003125 0.1119609375 0.579759375 0.8295281250000001 0.614715625 0.8251921875000001 0.5992703125000001 0.10870781249999999
6 0.626096875 0.1108765625 0.5943921875 0.1119609375 0.6065859375 0.8273609375 0.6301625 0.8241093749999999 0.626096875 0.1108765625
6 0.6610546875 0.1726609375 0.61959375 0.1737453125 0.62935 0.8262765625 0.66511875 0.823025 0.6610546875 0.1726609375
6 0.6951984375 0.176996875 0.657803125 0.1737453125 0.66430625 0.8241093749999999 0.7000765624999999 0.8251921875000001 0.6951984375 0.176996875
6 0.7212125 0.256125 0.6911343750000001 0.256125 0.703328125 0.8197734375 0.725278125 0.814353125 0.7212125 0.256125
6 0.7390984375 0.25287187499999997 0.7163359375 0.256125 0.73096875 0.8154375 0.74235 0.816521875 0.7390984375 0.25287187499999997
6 0.7716171875 0.174828125 0.737471875 0.1737453125 0.746415625 0.8176046875 0.77568125 0.823025 0.7716171875 0.174828125
6 0.803321875 0.17808125 0.7683640625 0.168325 0.77568125 0.8186890625000001 0.8082 0.8176046875 0.803321875 0.17808125
6 0.8382781250000001 0.1835 0.803321875 0.1802484375 0.8057609375 0.8186890625000001 0.8374656249999999 0.816521875 0.8382781250000001 0.1835
6 0.8748625000000001 0.1835 0.8342140625000001 0.190003125 0.8415312500000001 0.8132703125 0.8699843749999999 0.806765625 0.8748625000000001 0.1835
6 0.9374593750000001 0.11737968750000001 0.9000640625 0.12279999999999999 0.893559375 0.8045984374999999 0.925265625 0.8002625 0.9374593750000001 0.11737968750000001
6 0.9651 0.2658796875 0.9374593750000001 0.262628125 0.9236390625 0.8035140625 0.961034375 0.8024296874999999 0.9651 0.2658796875
6 0.9968046875000001 0.10545625 0.97566875 0.10654062500000001 0.9626609374999999 0.806765625 0.9903015625 0.8056812499999999 0.9968046875000001 0.10545625