6 0.1057671875 0.32997187499999997 0.050715625 0.3311546875 0.088896875 0.8343484374999999 0.13861874999999999 0.8307968750000001 0.1057671875 0.32997187499999997
6 0.15105 0.828428125 0.21675468750000002 0.820140625 0.1954453125 0.3287875 0.1244125 0.3287875 0.15105 0.828428125
6 0.2709171875 0.3323390625 0.1954453125 0.3335234375 0.21941875 0.8509234375 0.2868984375 0.8461874999999999 0.2709171875 0.3323390625
6 0.300159375 0.83795 0.363259375 0.8343484374999999 0.35793125 0.2968203125 0.282459375 0.2932671875 0.300159375 0.83795
6 0.44273749999999995 0.2962828125 0.37036250000000004 0.2956359375 0.37036250000000004 0.8319796875 0.43606718750000006 0.8331640625000001 0.44273749999999995 0.2962828125
6 0.44050625 0.8355328125 0.49156562499999995 0.8405546875000001 0.508875 0.338259375 0.448496875 0.335890625 0.44050625 0.8355328125
6 0.5550421875 0.33404375000000003 0.5186421875 0.3323390625 0.5008843749999999 0.8343484374999999 0.5355125000000001 0.8367156250000001 0.5550421875 0.33404375000000003
6 0.5372874999999999 0.8331640625000001 0.5726203125 0.8366484375000001 0.5958890625000001 0.3335234375 0.5594859375000001 0.3323390625 0.5372874999999999 0.8331640625000001
6 0.6331671875 0.3327421875 0.5958890625000001 0.32997187499999997 0.5736921875000001 0.8379 0.6083203125 0.8414515625 0.6331671875 0.3327421875
6 0.6092078125 0.8402687500000001 0.6331671875 0.8444609375000001 0.666034375 0.3347078125 0.6367328125 0.3347078125 0.6092078125 0.8402687500000001
6 0.694690625 0.3366484375 0.667809375 0.3347078125 0.6358453125 0.8450046875 0.65893125 0.84855625 0.694690625 0.3366484375
6 0.666034375 0.8497406249999999 0.716175 0.8522734375000001 0.7521609375 0.327603125 0.6971109375 0.32641875 0.666034375 0.8497406249999999
6 0.79039375 0.33013750000000003 0.7530484375000001 0.3287875 0.7175328125 0.8367156250000001 0.7512734375 0.8402687500000001 0.79039375 0.33013750000000003
6 0.8143140624999999 0.337075 0.7912281250000001 0.3347078125 0.7557125 0.828428125 0.7725828124999999 0.8331640625000001 0.8143140624999999 0.337075
6 0.841175 0.3366484375 0.816090625 0.3347078125 0.776134375 0.8343484374999999 0.7992203124999999 0.8343484374999999 0.841175 0.3366484375
6 0.8812140625 0.3275328125 0.8489421875 0.3252359375 0.803659375 0.8402687500000001 0.8294078125000001 0.8402687500000001 0.8812140625 0.3275328125
6 0.8329609375 0.8367156250000001 0.8613734375 0.839084375 0.9128718750000001 0.32641875 0.8826828125 0.3252359375 0.8329609375 0.8367156250000001