6 0.0684109375 0.2214375 0.032640625 0.2181859375 0.03995625 0.844703125 0.0732875 0.8360328125 0.0684109375 0.2214375
6 0.089546875 0.14231093749999998 0.061906249999999996 0.14014218750000002 0.06678437499999999 0.84036875 0.0976765625 0.8360328125 0.089546875 0.14231093749999998
6 0.1366984375 0.1791640625 0.088734375 0.174828125 0.0927984375 0.8414515625 0.1415765625 0.837115625 0.1366984375 0.1791640625
6 0.1602734375 0.15640156249999998 0.13182031249999998 0.15640156249999998 0.1472671875 0.8436203125 0.166778125 0.8360328125 0.1602734375 0.15640156249999998
6 0.189540625 0.25395625 0.1619 0.260459375 0.1586484375 0.837115625 0.1911671875 0.8360328125 0.189540625 0.25395625
6 0.2139296875 0.159653125 0.19035312499999998 0.1607375 0.19604375000000002 0.8414515625 0.222059375 0.83278125 0.2139296875 0.159653125
6 0.2261234375 0.1488140625 0.2155546875 0.1488140625 0.21799375 0.8382 0.2383171875 0.8392843750000001 0.2261234375 0.1488140625
6 0.24888593750000002 0.1553171875 0.2310015625 0.159653125 0.2358796875 0.8425359374999999 0.25782812499999996 0.837115625 0.24888593750000002 0.1553171875
6 0.28465625 0.2409484375 0.2529515625 0.24203281250000003 0.2594546875 0.837115625 0.2862828125 0.8284453125000001 0.28465625 0.2409484375
6 0.3098578125 0.1000375 0.2724625 0.09353281249999999 0.2887203125 0.8338640625 0.3090453125 0.8414515625 0.3098578125 0.1000375
6 0.32936875 0.1498984375 0.2992890625 0.152065625 0.3106703125 0.84036875 0.347253125 0.8338640625 0.32936875 0.1498984375
6 0.3594484375 0.260459375 0.335871875 0.2658796875 0.346440625 0.8382 0.3651390625 0.8349484374999999 0.3594484375 0.260459375
6 0.38708906249999997 0.1629046875 0.3537578125 0.168325 0.3651390625 0.8360328125 0.3976578125 0.8316968749999999 0.38708906249999997 0.1629046875
6 0.4212328125 0.268046875 0.391965625 0.2658796875 0.39603125 0.8338640625 0.4293625 0.8316968749999999 0.4212328125 0.268046875
6 0.452125 0.24853593749999997 0.41879375 0.25070468749999997 0.4293625 0.8338640625 0.45537656249999997 0.8349484374999999 0.452125 0.24853593749999997
6 0.4748875 0.1412265625 0.44806093750000003 0.14339375000000001 0.4561890625 0.8349484374999999 0.48057812499999997 0.8284453125000001 0.4748875 0.1412265625
6 0.501715625 0.1726609375 0.4748875 0.17049375 0.478953125 0.8382 0.5049671874999999 0.8349484374999999 0.501715625 0.1726609375
6 0.55293125 0.1726609375 0.5000890625000001 0.169409375 0.49927656249999997 0.8360328125 0.5561828125 0.8295281250000001 0.55293125 0.1726609375
6 0.5708171875 0.1759125 0.5448015625 0.174828125 0.5545578124999999 0.8349484374999999 0.57488125 0.8349484374999999 0.5708171875 0.1759125
6 0.591140625 0.1737453125 0.5667515625 0.1737453125 0.5765078124999999 0.8338640625 0.5968312499999999 0.8360328125 0.591140625 0.1737453125
6 0.61878125 0.27563593750000004 0.590328125 0.2734671875 0.6000828125 0.8338640625 0.6277234375 0.8241093749999999 0.61878125 0.27563593750000004
6 0.66349375 0.27238281249999996 0.613903125 0.2810546875 0.6309750000000001 0.83278125 0.669996875 0.8284453125000001 0.66349375 0.27238281249999996
6 0.69845 0.25395625 0.66511875 0.2496203125 0.669996875 0.83278125 0.6943859375 0.8262765625 0.69845 0.25395625
6 0.7317812499999999 0.182415625 0.6992640625 0.1835 0.702515625 0.8295281250000001 0.7317812499999999 0.8295281250000001 0.7317812499999999 0.182415625
6 0.7610484375000001 0.2821390625 0.7342203125 0.2832234375 0.7317812499999999 0.8284453125000001 0.7634875 0.8262765625 0.7610484375000001 0.2821390625
6 0.7813718749999999 0.2821390625 0.7626734374999999 0.2821390625 0.7643 0.8295281250000001 0.782184375 0.8306125 0.7813718749999999 0.2821390625
6 0.8082 0.1878359375 0.782184375 0.18566875 0.7789328125 0.8295281250000001 0.815515625 0.8284453125000001 0.8082 0.1878359375
6 0.8268968750000001 0.2095140625 0.8049468750000001 0.20626250000000002 0.813890625 0.8306125 0.825271875 0.8316968749999999 0.8268968750000001 0.2095140625
6 0.8455953125000001 0.17808125 0.82120625 0.1791640625 0.8268968750000001 0.8316968749999999 0.847221875 0.8262765625 0.8455953125000001 0.17808125
6 0.8553515624999999 0.8316968749999999 0.8699843749999999 0.8176046875 0.871609375 0.26154375 0.8488468749999999 0.262628125 0.8480343749999999 0.8273609375 0.8553515624999999 0.8316968749999999
6 0.8959984375 0.19759218750000002 0.8675453125000001 0.19759218750000002 0.8675453125000001 0.8295281250000001 0.8943734375 0.8251921875000001 0.8959984375 0.19759218750000002
6 0.913884375 0.2821390625 0.893559375 0.2832234375 0.8951859375 0.8219406250000001 0.919575 0.8219406250000001 0.913884375 0.2821390625
6 0.9431499999999999 0.262628125 0.9212 0.2647953125 0.9244515625 0.8241093749999999 0.9415234375000001 0.8186890625000001 0.9431499999999999 0.262628125
6 0.9642875 0.2669640625 0.9431499999999999 0.268046875 0.9423375 0.823025 0.9651 0.8154375 0.9642875 0.2669640625
6 0.9724171875 0.1412265625 0.9585968749999999 0.14556249999999998 0.9651 0.8197734375 0.9789203125 0.816521875 0.9724171875 0.1412265625
6 0.9846109375 0.14014218750000002 0.9724171875 0.13797500000000001 0.9781078125 0.8208578125000001 0.9911140625 0.8208578125000001 0.9846109375 0.14014218750000002