5 0 0.2573582375 0.0018816437500000002 0.3133954708333333 0.044501103125000004 0.8319804000000001 0.07291401875 0.8319804000000001 0.0267223125 0.23378314583333332 0 0.2340604166666667 0 0.2573582375
5 0.07468982187499999 0.8367163208333334 0.10484731249999998 0.8340435625 0.057819659375 0.2305165875 0.02763088125 0.23170057083333334 0.07468982187499999 0.8367163208333334
5 0.10289418749999998 0.2988873125 0.062259140625 0.2991876666666667 0.10576647187499999 0.8343483625 0.140394728125 0.8296124416666667 0.10289418749999998 0.2988873125
5 0.14483426562499999 0.8296124416666667 0.17711293749999998 0.8262310625 0.141282659375 0.29800364583333333 0.10754227499999999 0.2991876666666667 0.14483426562499999 0.8296124416666667
5 0.17613637499999998 0.2702414791666667 0.141282659375 0.27077203749999995 0.17946252499999998 0.8296124416666667 0.214090840625 0.8272444791666668 0.17613637499999998 0.2702414791666667
5 0.21586664375 0.8272444791666668 0.2493785625 0.8262310625 0.214090840625 0.2695880583333333 0.17768671875 0.27195602083333337 0.21586664375 0.8272444791666668
5 0.28157155 0.8189565791666666 0.294002234375 0.8142206583333333 0.29932964375000004 0.8106686750000001 0.27713201249999997 0.2778759416666666 0.22119405312499998 0.2778759416666666 0.25404650625 0.8165886166666667 0.265589259375 0.8189565791666666 0.28157155 0.8189565791666666
5 0.3481643875 0.8083007166666667 0.331294225 0.28024390000000005 0.279795746875 0.28142788333333335 0.30699575 0.8106060625 0.317975609375 0.8118526958333334 0.332182096875 0.8130366375 0.34372484999999997 0.8106686750000001 0.3481643875 0.8083007166666667
5 0.37657730312500004 0.29208374583333335 0.332182096875 0.293267725 0.35260392500000004 0.8189565791666666 0.39433539687499997 0.8177725583333333 0.37657730312500004 0.29208374583333335
5 0.39255959375 0.8248765208333333 0.42807578125 0.8236925 0.412981421875 0.2660361 0.3748015 0.2672200791666667 0.39255959375 0.8248765208333333
5 0.429851584375 0.8272444791666668 0.465367771875 0.8284284208333333 0.45027341249999997 0.2672200791666667 0.41386929375000003 0.2672200791666667 0.429851584375 0.8272444791666668
5 0.524857396875 0.22459666666666667 0.453480125 0.22727272916666666 0.471583115625 0.8272444791666668 0.5355122156250001 0.8248765208333333 0.524857396875 0.22459666666666667
5 0.538175953125 0.8248765208333333 0.605823875 0.8236268958333334 0.60210499375 0.2234126875 0.5310727375 0.22459666666666667 0.538175953125 0.8248765208333333
5 0.68199575 0.21294981249999997 0.6083203375 0.21630876666666668 0.61187194375 0.8236925 0.6749132343750001 0.8248765208333333 0.68199575 0.21294981249999997
5 0.681128575 0.8201405958333333 0.7200816875 0.8197206458333334 0.7264117125 0.23762049166666666 0.685568053125 0.23998845 0.681128575 0.8201405958333333
5 0.72996331875 0.8331644208333333 0.737066534375 0.8355323833333334 0.7601520374999999 0.8414522416666668 0.77524645625 0.8331644208333333 0.7982066875 0.22857481249999997 0.7841254156249999 0.22578064583333332 0.7628157718749999 0.22814860833333334 0.73795440625 0.2305165875 0.72996331875 0.8331644208333333
5 0.776134328125 0.8154045958333334 0.80898678125 0.8118526958333334 0.8285206781250001 0.2518282958333333 0.795668225 0.253012275 0.776134328125 0.8154045958333334
5 0.8125383875000001 0.8118526958333334 0.8499644999999999 0.8093039791666666 0.8711400812500001 0.2506443125 0.831184415625 0.253012275 0.8125383875000001 0.8118526958333334
5 0.9251598124999999 0.24810606249999997 0.88001915625 0.2494603125 0.85426991875 0.8106686750000001 0.8933377124999999 0.8118526958333334 0.9251598124999999 0.24810606249999997
5 0.8960014468749999 0.8094847333333333 0.9350692437499999 0.8094847333333333 0.96880956875 0.24827633333333335 0.927965909375 0.24827633333333335 0.8960014468749999 0.8094847333333333