0 0.0695196 0.0040083375 0.0447180125 0.007014591666666667 0.11010401562500001 0.9990780833333334 0.1296446625 0.9960718291666667 0.0695196 0.0040083375
0 0.107849328125 0.0030062541666666664 0.079289921875 0.0030062541666666664 0.13791185625 0.998076 0.1574525 0.998076 0.107849328125 0.0030062541666666664
0 0.147682178125 0.005010420833333334 0.116868084375 0.005010420833333334 0.16346500625 0.9920634916666666 0.18526034062500002 0.9940676624999999 0.147682178125 0.005010420833333334
0 0.177744709375 0.009018758333333333 0.155949375 0.009018758333333333 0.19127284687499999 0.9960718291666667 0.21231661875 0.9960718291666667 0.177744709375 0.009018758333333333
0 0.21156505625 0.011022929166666667 0.1822540875 0.011022929166666667 0.216825996875 0.9940676624999999 0.240124459375 0.9940676624999999 0.21156505625 0.011022929166666667
0 0.24237915000000002 0.007014591666666667 0.215322871875 0.010020841666666667 0.24463383749999998 0.9950697458333334 0.264174484375 0.9940676624999999 0.24237915000000002 0.007014591666666667
0 0.271690115625 0.008016675 0.25064634375 0.007014591666666667 0.27544793125 0.998076 0.28897606875 0.998076 0.271690115625 0.008016675
0 0.283715128125 0.008016675 0.278454184375 0.008016675 0.294988575 0.9990780833333334 0.302504209375 0.9990780833333334 0.283715128125 0.008016675
0 0.321293290625 0.006012504166666667 0.291230759375 0.005010420833333334 0.306262025 0.9960718291666667 0.331815175 0.9970739125 0.321293290625 0.006012504166666667
0 0.368641775 0.009018758333333333 0.33482142812500004 0.009018758333333333 0.340833934375 0.9940676624999999 0.368641775 0.9960718291666667 0.368641775 0.009018758333333333
0 0.416741821875 0.011022929166666667 0.38667929375 0.014029179166666666 0.37615740625 0.9930655749999999 0.403965246875 0.9950697458333334 0.416741821875 0.011022929166666667
0 0.46258718125 0.0120250125 0.429518396875 0.0120250125 0.409226190625 0.9930655749999999 0.44004028437500003 0.9960718291666667 0.46258718125 0.0120250125
0 0.5024200343749999 0.011022929166666667 0.47160594062500005 0.011022929166666667 0.446804353125 0.9970739125 0.472357503125 0.9960718291666667 0.5024200343749999 0.011022929166666667
0 0.544507575 0.008016675 0.51219035625 0.008016675 0.47761844687500005 0.998076 0.503171596875 0.9940676624999999 0.544507575 0.008016675
0 0.5820857375 0.010020841666666667 0.55127164375 0.009018758333333333 0.51219035625 0.9960718291666667 0.5362403812500001 0.9960718291666667 0.5820857375 0.010020841666666667
0 0.62492484375 0.007014591666666667 0.591104496875 0.008016675 0.5437560125 0.998076 0.571563853125 0.9970739125 0.62492484375 0.007014591666666667
0 0.66099988125 0.06814173333333334 0.627179534375 0.06513548333333334 0.577576359375 0.9960718291666667 0.603881071875 0.9960718291666667 0.66099988125 0.06814173333333334
0 0.701584296875 0.07615840833333333 0.6692670749999999 0.06914382083333333 0.6121482687500001 0.9940676624999999 0.63845298125 0.9930655749999999 0.701584296875 0.07615840833333333
0 0.8000390812499999 0.06513548333333334 0.715863996875 0.05812089166666667 0.65047799375 0.9940676624999999 0.7181186875 0.9910614083333333 0.8000390812499999 0.06513548333333334
0 0.9052579375 0.06814173333333334 0.820331290625 0.060125058333333335 0.7339015156250001 0.9930655749999999 0.803796896875 0.9950697458333334 0.9052579375 0.06814173333333334
0 0.9360720312499999 0.11223344583333333 0.9127735687499999 0.1112313625 0.8158219093750001 0.9960718291666667 0.8316047375 0.9940676624999999 0.9360720312499999 0.11223344583333333
0 0.8398719343750001 0.9960718291666667 0.871437590625 0.9920634916666666 0.9961970906250001 0.009018758333333333 0.9518548593749999 0.009018758333333333 0.93757515625 0.09920635 0.9450907875000001 0.1032146875 0.8398719343750001 0.9960718291666667
0 0.9931908375 0.126262625 0.883462603125 0.9910614083333333 0.9052579375 0.990059325 0.9961970906250001 0.35373577083333335 0.9931908375 0.126262625