5 0.05285080625000001 0.3313944125 0.008167625000000001 0.3314393958333334 0.06439355625 0.8724750083333334 0.10878882187500001 0.8689231041666667 0.05285080625000001 0.3313944125
5 0.110564625 0.8677390875000001 0.15229609375 0.8677390875000001 0.103461353125 0.3337623708333333 0.0564024125 0.3325783916666667 0.110564625 0.8677390875000001
5 0.156735634375 0.8701070458333333 0.19313969375 0.8665551458333333 0.146968684375 0.33021042916666665 0.10523715625 0.3337623708333333 0.156735634375 0.8701070458333333
5 0.202018771875 0.3704658791666667 0.15407189999999998 0.3716498625 0.19669135937499999 0.8665551458333333 0.240198634375 0.8653711249999999 0.202018771875 0.3704658791666667
5 0.253517190625 0.36809792083333337 0.206458309375 0.3692819 0.24286236875 0.8641871833333333 0.282818034375 0.8630031666666667 0.253517190625 0.36809792083333337
5 0.2943607875 0.8511633625 0.33824575 0.8457623125 0.30856727500000003 0.3361303333333333 0.26239626562499996 0.3337623708333333 0.2943607875 0.8511633625
5 0.37871171875 0.8558992833333333 0.383151259375 0.8511633625 0.366281096875 0.35270609583333334 0.310343078125 0.3550740958333333 0.33964392499999996 0.8547152625 0.363617359375 0.8582672416666667 0.37871171875 0.8558992833333333
5 0.46217471874999994 0.3811217416666667 0.3724254375 0.3822206458333334 0.38403919062499997 0.8594511833333333 0.46483845625000003 0.8558992833333333 0.46217471874999994 0.3811217416666667
5 0.48881183124999994 0.8594511833333333 0.5056821125 0.8558992833333333 0.5101215906250001 0.31955456666666665 0.4683900625 0.32073854999999996 0.465726328125 0.8535313208333334 0.476381265625 0.8594511833333333 0.48881183124999994 0.8594511833333333
5 0.508345728125 0.8547152625 0.55096513125 0.8523473 0.557180471875 0.31837058749999997 0.5110094625 0.31955456666666665 0.508345728125 0.8547152625
5 0.6184459 0.3503381375 0.560732078125 0.3491541541666667 0.553628865625 0.8535313208333334 0.6033516 0.8547152625 0.6184459 0.3503381375
5 0.683262934375 0.3456022125 0.624661240625 0.3491541541666667 0.609566821875 0.8511633625 0.66195329375 0.8523473 0.683262934375 0.3456022125
5 0.74807996875 0.3456022125 0.693029884375 0.3491541541666667 0.666392771875 0.8547152625 0.71433964375 0.8452434208333333 0.74807996875 0.3456022125
5 0.767613865625 0.37875374166666664 0.74630410625 0.37875374166666664 0.7161153875 0.8357715791666667 0.7374251468749999 0.8334035375000001 0.767613865625 0.37875374166666664
5 0.73653715625 0.8357715791666667 0.76012075 0.8340435625 0.796026840625 0.3775697625 0.769389728125 0.3775697625 0.73653715625 0.8357715791666667