6 0.1369 0.7790796875 0.17676562499999998 0.78125 0.20524218749999998 0.20941875 0.203615625 0.1974828125 0.171884375 0.194228125 0.16630781249999999 0.194228125 0.1369 0.7790796875
6 0.1775796875 0.780165625 0.20524218749999998 0.780165625 0.21581875 0.780165625 0.24022656250000002 0.2018234375 0.2101234375 0.2007375 0.206184375 0.2018234375 0.1775796875 0.780165625
6 0.24280624999999997 0.2018234375 0.21663281250000002 0.782334375 0.2467359375 0.7834203125 0.25487187499999997 0.78125 0.277653125 0.20616249999999997 0.27521249999999997 0.2018234375 0.24836249999999999 0.1985671875 0.24280624999999997 0.2018234375
6 0.2810546875 0.2018234375 0.2581265625 0.782334375 0.2857890625 0.7845046875 0.2931109375 0.7845046875 0.3142640625 0.20399375000000003 0.3126375 0.2018234375 0.284975 0.2018234375 0.2810546875 0.2018234375
6 0.34925 0.20290781249999998 0.31767500000000004 0.2007375 0.2979921875 0.785590625 0.3370453125 0.785590625 0.34925 0.20290781249999998
6 0.39318437500000003 0.20616249999999997 0.370403125 0.20616249999999997 0.3551109375 0.20616249999999997 0.3411140625 0.782334375 0.36389375 0.785590625 0.386675 0.7834203125 0.39399687499999997 0.7834203125 0.40294687500000004 0.21267343749999998 0.3996921875 0.2083328125 0.39318437500000003 0.20616249999999997
6 0.45176249999999996 0.2083328125 0.407015625 0.20724843750000002 0.3996921875 0.7845046875 0.448509375 0.7845046875 0.45176249999999996 0.2083328125
6 0.45765 0.194228125 0.449321875 0.7888453125 0.494884375 0.78993125 0.4989515625 0.7877609375 0.49813906250000006 0.2083328125 0.494884375 0.1985671875 0.481865625 0.194228125 0.45765 0.194228125
6 0.541259375 0.2007375 0.5015953125 0.19965312500000001 0.4989515625 0.7888453125 0.5445140625 0.7888453125 0.541259375 0.2007375
6 0.5794984375000001 0.20399375000000003 0.5447265625 0.20290781249999998 0.5477671875000001 0.7888453125 0.5860078125 0.7888453125 0.5794984375000001 0.20399375000000003
6 0.6169234375 0.205078125 0.5837890625 0.20399375000000003 0.587634375 0.7888453125 0.624246875 0.7888453125 0.6169234375 0.205078125
6 0.680384375 0.21375937500000003 0.6269203125 0.21375937500000003 0.629128125 0.7888453125 0.6909609375 0.78993125 0.680384375 0.21375937500000003
6 0.7414671875 0.21592812499999997 0.6855140625 0.21375937500000003 0.695090625 0.791015625 0.7577390625 0.7921 0.7414671875 0.21592812499999997
6 0.7878421875 0.25282187500000003 0.7512296875 0.249565625 0.768315625 0.7931859375 0.809809375 0.7921 0.7878421875 0.25282187500000003
6 0.838284375 0.2473953125 0.8002593750000001 0.24631093750000002 0.824453125 0.79535625 0.86350625 0.7942703125 0.838284375 0.2473953125
6 0.878965625 0.2278640625 0.85234375 0.230034375 0.8757109375000001 0.799696875 0.9058140625 0.799696875 0.878965625 0.2278640625
6 0.9017453124999999 0.23545937499999997 0.881640625 0.23545937499999997 0.9074406249999999 0.796440625 0.9326625 0.7942703125 0.9017453124999999 0.23545937499999997