5 0.055155924999999995 0.2305165875 0.012073875000000001 0.23117897916666666 0.0835689 0.8094847333333333 0.117309225 0.8047487333333333 0.055155924999999995 0.2305165875
5 0.12086083125 0.8059327541666667 0.15465199999999998 0.7988873125 0.09333584687499999 0.22933258750000002 0.055155924999999995 0.22933258750000002 0.12086083125 0.8059327541666667
5 0.14000356249999998 0.2676373125 0.10043906250000001 0.27077203749999995 0.15637701875 0.8023807749999999 0.190117403125 0.8000128125 0.14000356249999998 0.2676373125
5 0.191005275 0.8000128125 0.226917625 0.7962831458333334 0.18035045624999999 0.2660361 0.141282659375 0.2684040583333333 0.191005275 0.8000128125
5 0.2336247375 0.2636681375 0.183014190625 0.2672200791666667 0.2291852 0.7976448541666666 0.270916728125 0.7964609125000001 0.2336247375 0.2636681375
5 0.27446833437499996 0.8011968333333334 0.320667625 0.7936789791666666 0.29045062499999996 0.2613001583333333 0.234512609375 0.2636681375 0.27446833437499996 0.8011968333333334
5 0.341949046875 0.7964609125000001 0.36148294375 0.7952768916666667 0.384568446875 0.7929089291666667 0.40143866875 0.78580505 0.38512075 0.26633522916666663 0.2913385 0.2695880583333333 0.32330307812500003 0.7905409708333334 0.33395790000000003 0.7929089291666667 0.341949046875 0.7964609125000001
5 0.40854188437500005 0.7834370875 0.41653302812500004 0.7881730083333333 0.42718785 0.7893569500000001 0.436954796875 0.7881730083333333 0.45293708749999995 0.78580505 0.4627040375 0.7834370875 0.47602259374999994 0.7822530666666666 0.48135000312500004 0.7787010875 0.47779839687500003 0.26485211666666664 0.38634425 0.2672200791666667 0.40854188437500005 0.7834370875
5 0.5257452687499999 0.2565642375 0.47779839687500003 0.2565642375 0.48578960000000004 0.7893569500000001 0.529296875 0.7893569500000001 0.5257452687499999 0.2565642375
5 0.529296875 0.79409295 0.5716441875 0.7936789791666666 0.5745800125 0.25419625416666664 0.52752113125 0.2553802375 0.529296875 0.79409295
5 0.5985533875 0.7952768916666667 0.605656603125 0.7929089291666667 0.6100962 0.7893569500000001 0.6243785625 0.24029356249999997 0.57813161875 0.24117243333333332 0.573692140625 0.7905409708333334 0.58967443125 0.7964609125000001 0.5985533875 0.7952768916666667
5 0.61542355 0.7834370875 0.626078490625 0.7881730083333333 0.641172790625 0.7893569500000001 0.6562672093749999 0.7798851083333334 0.67580110625 0.23170057083333334 0.626078490625 0.23288455 0.61542355 0.7834370875
5 0.658043071875 0.7869889916666666 0.753936696875 0.7846210291666667 0.78057380625 0.24827633333333335 0.676688978125 0.2506443125 0.658043071875 0.7869889916666666
5 0.7983319625 0.78580505 0.81875373125 0.7846210291666667 0.836511765625 0.78580505 0.8862344999999999 0.22933258750000002 0.79137075 0.22727272916666666 0.759264165625 0.7893569500000001 0.7779100718749999 0.78580505 0.7983319625 0.78580505
5 0.907544140625 0.7798851083333334 0.926190165625 0.7798851083333334 0.98745559375 0.2234126875 0.8942255843750001 0.22104470833333334 0.8453908406249999 0.7810691291666667 0.862261003125 0.7798851083333334 0.877355421875 0.7798851083333334 0.892449721875 0.7787010875 0.907544140625 0.7798851083333334