4 0.1284609375 0.2369875 0.1459328125 0.2724140625 0.5954953125 0.1545953125 0.5826374999999999 0.1104265625 0.1284609375 0.2369875
4 0.60443125 0.19822656249999998 0.5921859375 0.15679062500000002 0.14732343750000002 0.2740328125 0.163784375 0.310425 0.60443125 0.19822656249999998
4 0.1509109375 0.312953125 0.15960000000000002 0.3351453125 0.634596875 0.22046562500000003 0.630946875 0.1940296875 0.1509109375 0.312953125
4 0.6382765625 0.2504296875 0.6311796875 0.2217796875 0.1575734375 0.338078125 0.16703125000000002 0.3582359375 0.6382765625 0.2504296875
4 0.171071875 0.360575 0.18695 0.402459375 0.6172718749999999 0.3177125 0.602928125 0.263715625 0.171071875 0.360575
4 0.6268140625 0.3708140625 0.6146625 0.32042187499999997 0.185140625 0.40715312499999995 0.2047796875 0.451990625 0.6268140625 0.3708140625
4 0.20978750000000002 0.452434375 0.2205171875 0.48153281249999996 0.630821875 0.417390625 0.6190218749999999 0.37534999999999996 0.20978750000000002 0.452434375
4 0.6406203125000001 0.45410312499999994 0.631375 0.41766718750000004 0.22799999999999998 0.4841921875 0.2390546875 0.515934375 0.6406203125000001 0.45410312499999994
4 0.6911046875 0.486371875 0.6836828125000001 0.455078125 0.22538593750000002 0.521190625 0.2359 0.5485249999999999 0.6911046875 0.486371875
4 0.237075 0.54838125 0.2460890625 0.5732171875 0.6967828125 0.5165359375 0.6887531250000001 0.48666093750000006 0.237075 0.54838125
4 0.6954453125 0.59945 0.6782375 0.5273125000000001 0.2349859375 0.5799484374999999 0.25136875000000003 0.6391140625 0.6954453125 0.59945
4 0.247478125 0.6428234374999999 0.263603125 0.7061468750000001 0.7098390625000001 0.6762921875 0.694703125 0.6031187499999999 0.247478125 0.6428234374999999
4 0.7311124999999999 0.7247828125 0.7245421875 0.6907015624999999 0.240115625 0.7188718749999999 0.2421859375 0.7454546875 0.7311124999999999 0.7247828125
4 0.24005312499999998 0.74750625 0.24351562499999999 0.77570625 0.7263796874999999 0.7736703125 0.7188515625 0.7414968749999999 0.24005312499999998 0.74750625
4 0.721090625 0.8083140625 0.714953125 0.7777578125 0.24501562500000001 0.77820625 0.2491546875 0.8027124999999999 0.721090625 0.8083140625
4 0.24773593749999998 0.8100765624999999 0.2538578125 0.8307953124999999 0.728896875 0.8421984374999999 0.7203484375 0.8119828124999999 0.24773593749999998 0.8100765624999999