6 0.20130625000000002 0.208259375 0.15069531249999998 0.202340625 0.1160671875 0.931675 0.167565625 0.931675 0.20130625000000002 0.208259375
6 0.170228125 0.9328578125 0.222034375 0.9317 0.2536921875 0.2129953125 0.20219375 0.208259375 0.170228125 0.9328578125
6 0.3333625 0.22206406250000002 0.2607953125 0.2153640625 0.224390625 0.9328578125 0.3007515625 0.9364109375 0.3333625 0.22206406250000002
6 0.3655890625 0.3314390625 0.33449062500000004 0.3290265625 0.31140625 0.9222015625 0.3424828125 0.9233859375 0.3655890625 0.3314390625
6 0.37633125 0.9264921875000001 0.3975328125 0.3574421875 0.388653125 0.3479703125 0.38954062500000003 0.3337625 0.3806625 0.332578125 0.3637921875 0.33139375000000004 0.3433703125 0.9269375 0.37633125 0.9264921875000001
6 0.444590625 0.31245 0.4037484375 0.3077140625 0.375334375 0.9328578125 0.4206171875 0.9340421875 0.444590625 0.31245
6 0.49156562499999995 0.3132109375 0.44547968750000005 0.3088984375 0.42505781249999997 0.9352265624999999 0.4676765625 0.9375937499999999 0.49156562499999995 0.3132109375
6 0.49742499999999995 0.9395125 0.5333812499999999 0.938778125 0.5413734375 0.2982421875 0.50408125 0.297059375 0.49742499999999995 0.9395125
6 0.5882453125 0.30279375000000003 0.5484765625 0.302978125 0.565346875 0.9423296875 0.6044140625 0.9411468749999999 0.5882453125 0.30279375000000003
6 0.6106296875 0.9506171875 0.647921875 0.949434375 0.6283875 0.246146875 0.5973109375 0.2437796875 0.6106296875 0.9506171875
6 0.647921875 0.9529859374999999 0.69853125 0.949434375 0.6807734375 0.259171875 0.633715625 0.25561875 0.647921875 0.9529859374999999
6 0.702971875 0.9541703125 0.7500296875 0.949434375 0.7349359375 0.2603546875 0.6869890625 0.259171875 0.702971875 0.9541703125
6 0.7526937499999999 0.9506171875 0.774003125 0.9518015625 0.7642375 0.3503375 0.739375 0.3503375 0.7526937499999999 0.9506171875
6 0.7933234375 0.3509703125 0.765125 0.3503375 0.7757796875 0.9553546875000001 0.799753125 0.9553546875000001 0.7933234375 0.3509703125
6 0.800640625 0.9529859374999999 0.8284796875 0.9525328125 0.8192875000000001 0.353890625 0.794425 0.35507343750000003 0.800640625 0.9529859374999999
6 0.847034375 0.35748125000000003 0.8210625 0.35270625 0.8299421875 0.9506171875 0.8574671875 0.9518015625 0.847034375 0.35748125000000003
6 0.8832156250000001 0.35862656249999997 0.849475 0.35862656249999997 0.8592421874999999 0.9541703125 0.8867671874999999 0.9541703125 0.8832156250000001 0.35862656249999997
6 0.9124640625 0.36138750000000003 0.8849921875 0.36099375 0.88765625 0.9518015625 0.9134046874999999 0.9518015625 0.9124640625 0.36138750000000003