6 0.089421875 0.602896875 0.1198640625 0.605434375 0.1204984375 0.18427500000000002 0.08744687500000001 0.180009375 0.08878749999999999 0.1851203125 0.089421875 0.602896875
6 0.1553796875 0.19019375 0.124303125 0.18427500000000002 0.1211328125 0.60374375 0.150940625 0.6045890625 0.1553796875 0.19019375
6 0.192165625 0.22571406249999998 0.16278125000000002 0.22186093750000002 0.1566484375 0.60374375 0.18455468749999998 0.605434375 0.192165625 0.22571406249999998
6 0.218584375 0.22930156249999997 0.19406718750000002 0.22740468749999998 0.18582343750000002 0.602896875 0.21119218750000002 0.6045890625 0.218584375 0.22930156249999997
6 0.24797656250000003 0.1986515625 0.21997968750000002 0.1948890625 0.2105578125 0.6096625 0.2359265625 0.610509375 0.24797656250000003 0.1986515625
6 0.2750859375 0.20139999999999997 0.2486109375 0.19780625000000002 0.23719375 0.6113546875 0.26446562500000004 0.6130453124999999 0.2750859375 0.20139999999999997
6 0.3069578125 0.2358625 0.27996875 0.23395156250000002 0.26763750000000003 0.6079718749999999 0.2942734375 0.6088171874999999 0.3069578125 0.2358625
6 0.33740156250000003 0.2384 0.3113578125 0.23581249999999998 0.2968109375 0.6088171874999999 0.3228140625 0.610509375 0.33740156250000003 0.2384
6 0.32408281250000004 0.6138921875000001 0.330425 0.616428125 0.340571875 0.6181203125 0.35071875 0.6155828125 0.3710140625 0.22655937499999998 0.34120625000000004 0.2231765625 0.32408281250000004 0.6138921875000001
6 0.4076203125 0.23023125000000003 0.376721875 0.22740468749999998 0.355159375 0.617275 0.3836984375 0.6198109374999999 0.4076203125 0.23023125000000003
6 0.4427046875 0.2508421875 0.41464999999999996 0.24783906249999998 0.40940937499999996 0.62305625 0.4366 0.623796875 0.4427046875 0.2508421875
6 0.4721171875 0.22568125 0.44882968749999996 0.2217984375 0.4377109375 0.6215765625 0.46157343749999996 0.62305625 0.4721171875 0.22568125
6 0.47812656249999996 0.225053125 0.4637921875 0.62305625 0.4865453125 0.6245359374999999 0.499309375 0.22938125 0.47812656249999996 0.225053125
6 0.5104078125 0.2197625 0.5049828125 0.22261250000000002 0.488209375 0.62675625 0.5209515625 0.63045625 0.538709375 0.6297171875 0.5609078125 0.2271625 0.5503640625 0.22346249999999998 0.535934375 0.222721875 0.5104078125 0.2197625
6 0.5392640625 0.63045625 0.547034375 0.63415625 0.560353125 0.6334171875 0.5888765625 0.634896875 0.6180656250000001 0.23012187499999998 0.5654078124999999 0.22342499999999998 0.5392640625 0.63045625
6 0.62949375 0.3162734375 0.61140625 0.313740625 0.590540625 0.6260171875 0.6082984375 0.62675625 0.62949375 0.3162734375
6 0.65546875 0.3189203125 0.6299421875 0.3159609375 0.608853125 0.6282359375000001 0.63160625 0.63045625 0.65546875 0.3189203125
6 0.667678125 0.27452187499999997 0.6380390625000001 0.635209375 0.66101875 0.638596875 0.6920953125 0.27748125 0.667678125 0.27452187499999997
6 0.7165125 0.280440625 0.693759375 0.27600156249999996 0.6626828125 0.6356359375 0.685646875 0.6376515625 0.7176218750000001 0.281921875 0.7165125 0.280440625
6 0.69764375 0.6393359375000001 0.70596875 0.640815625 0.7405781250000001 0.2551640625 0.7226171875 0.2530609375 0.6865453125000001 0.63785625 0.69764375 0.6393359375000001
6 0.7636828125 0.2567609375 0.7581328125 0.256021875 0.74315 0.2545421875 0.7076328125 0.6400765625 0.7170671875 0.64155625 0.72715 0.6400921875 0.7636828125 0.2567609375
6 0.7820828125 0.29259843750000003 0.76645625 0.2908015625 0.7287203124999999 0.6400765625 0.74536875 0.6430359375 0.7820828125 0.29259843750000003
6 0.8003921875 0.29748125000000003 0.7858796875 0.29598125 0.74536875 0.6437765625 0.7620171874999999 0.6467359375 0.8003921875 0.29748125000000003
6 0.8577656250000001 0.2551640625 0.8463687500000001 0.252321875 0.8247249999999999 0.24936093750000002 0.807521875 0.24936093750000002 0.7620171874999999 0.642296875 0.770896875 0.6474765625 0.794203125 0.6504359375 0.8041921875 0.64895625 0.8577656250000001 0.2551640625
6 0.9053734375 0.2608609375 0.8835484375 0.2575015625 0.874115625 0.256021875 0.8574671875 0.256021875 0.8069671875 0.645996875 0.82250625 0.651915625 0.8297203124999999 0.651915625 0.8463687500000001 0.651915625 0.9053734375 0.2608609375