6 0.08946875 0.3313796875 0.06267500000000001 0.3313796875 0.0880046875 0.7369796875 0.114853125 0.73828125 0.08946875 0.3313796875
6 0.1182703125 0.7389328125 0.14267968749999999 0.7376296875 0.1158296875 0.3307296875 0.09246093749999999 0.3307296875 0.090934375 0.3307296875 0.1182703125 0.7389328125
6 0.151465625 0.3600265625 0.126640625 0.3600265625 0.1495125 0.7356765625 0.17196875 0.7350265625 0.151465625 0.3600265625
6 0.174896875 0.734375 0.1988171875 0.734375 0.18026718749999998 0.3606765625 0.155859375 0.3600265625 0.1543953125 0.3580734375 0.174896875 0.734375
6 0.2007703125 0.7369796875 0.22469062499999998 0.736328125 0.206628125 0.3444015625 0.17986249999999998 0.3424484375 0.18026718749999998 0.3444015625 0.2007703125 0.7369796875
6 0.2315234375 0.3450515625 0.20818281249999998 0.3444015625 0.2261546875 0.7350265625 0.25105 0.734375 0.2315234375 0.3450515625
6 0.2637421875 0.3430984375 0.23747968749999998 0.3444015625 0.252515625 0.7369796875 0.276434375 0.7356765625 0.2637421875 0.3430984375
6 0.29254375 0.7337234375 0.30377187499999997 0.7298171875 0.29254375 0.3444015625 0.2667765625 0.34375 0.278875 0.7330734375 0.29254375 0.7337234375
6 0.336478125 0.4010421875 0.299003125 0.40234375 0.31109375 0.72265625 0.3462421875 0.720703125 0.336478125 0.4010421875
6 0.3755859375 0.400390625 0.33953125 0.4010421875 0.34873750000000003 0.7174484375 0.3853484375 0.716796875 0.3755859375 0.400390625
6 0.407315625 0.3307296875 0.375175 0.3313796875 0.374609375 0.3333328125 0.3868140625 0.7272140625 0.39023125 0.7298171875 0.3985296875 0.7317703125 0.4082921875 0.7317703125 0.41561562500000004 0.7291671875 0.407315625 0.3307296875
6 0.43855781250000003 0.3333328125 0.4214734375 0.3333328125 0.4108203125 0.3333328125 0.41854375 0.7259109375 0.4219609375 0.7272140625 0.42977187499999997 0.7291671875 0.441 0.7291671875 0.4473453125 0.7265625 0.44246406250000003 0.3333328125 0.43855781250000003 0.3333328125
6 0.47175312500000005 0.3587234375 0.461990625 0.3580734375 0.45320312500000004 0.3580734375 0.4459765625 0.3580734375 0.4492984375 0.7239578125 0.45710937500000004 0.7265625 0.46540781249999996 0.7265625 0.47517031249999997 0.7252609375 0.4815171875 0.7233078125 0.4795640625 0.357421875 0.47175312500000005 0.3587234375
6 0.5152 0.3567703125 0.5117828125 0.3567703125 0.50201875 0.3567703125 0.49225624999999995 0.3580734375 0.4830859375 0.3561203125 0.48395781250000003 0.71875 0.487375 0.7233078125 0.4956734375 0.7259109375 0.50153125 0.7265625 0.5093421874999999 0.7239578125 0.5147109375000001 0.7213546875 0.5152 0.3567703125
6 0.5411265625 0.3938796875 0.5201953125000001 0.39453125 0.5181828125 0.7311203125 0.5381984375 0.732421875 0.5411265625 0.3938796875
6 0.56260625 0.3938796875 0.54314375 0.3938796875 0.5386859375 0.7317703125 0.5591890625 0.7311203125 0.56260625 0.3938796875
6 0.5938484374999999 0.3404953125 0.5695109375 0.3404953125 0.5596765625 0.728515625 0.583596875 0.7291671875 0.5938484374999999 0.3404953125
6 0.5850609375 0.7272140625 0.6080046875 0.7298171875 0.6206968749999999 0.3411453125 0.597265625 0.3424484375 0.5958 0.3619796875 0.5850609375 0.7272140625
6 0.6446171875 0.369140625 0.6227343750000001 0.369140625 0.6109328125 0.728515625 0.630459375 0.728515625 0.6446171875 0.369140625
6 0.6704890625 0.369140625 0.6491015625000001 0.369140625 0.634853125 0.7291671875 0.6563328125 0.7298171875 0.6704890625 0.369140625
6 0.699778125 0.3444015625 0.6842578125000001 0.3430984375 0.66414375 0.740234375 0.6802515625 0.7369796875 0.699778125 0.3444015625
6 0.7105187500000001 0.3424484375 0.6989062500000001 0.34375 0.681228125 0.7252609375 0.6895265625 0.7252609375 0.7105187500000001 0.3424484375
6 0.7354140625000001 0.3873703125 0.713065625 0.388671875 0.6958734375 0.7272140625 0.7144234375 0.7259109375 0.7354140625000001 0.3873703125
6 0.7583578125 0.3860671875 0.73845625 0.3860671875 0.718328125 0.7259109375 0.7383437500000001 0.7239578125 0.7583578125 0.3860671875
6 0.7905765625 0.369140625 0.7692187500000001 0.3684890625 0.7427374999999999 0.7265625 0.761775 0.7272140625 0.7905765625 0.369140625
6 0.8140078125000001 0.3678390625 0.79314375 0.3665359375 0.7651921875000001 0.7259109375 0.78471875 0.7252609375 0.8140078125000001 0.3678390625