0 0.06759722812499999 0.19542360416666668 0.026949465625000002 0.19108784166666667 0.048086303125 0.8685505541666667 0.083043378125 0.8642147916666667 0.06759722812499999 0.19542360416666668
0 0.10905794687499999 0.19542360416666668 0.061093587500000004 0.1943396625 0.079791559375 0.8598790333333334 0.12531705312500002 0.8512075083333334 0.10905794687499999 0.19542360416666668
0 0.14482797812499998 0.19759148333333335 0.10743203750000001 0.19759148333333335 0.11637454375 0.8490396291666666 0.160274128125 0.8555432708333334 0.14482797812499998 0.19759148333333335
0 0.17978505625000002 0.19650754583333332 0.149705709375 0.19975936666666666 0.159461171875 0.85771115 0.19848302499999998 0.85229145 0.17978505625000002 0.19650754583333332
0 0.217993953125 0.19650754583333332 0.181410965625 0.198675425 0.19848302499999998 0.8566272125 0.232627146875 0.85229145 0.217993953125 0.19650754583333332
0 0.2505121625 0.20084330416666668 0.21880690625 0.20192724583333332 0.2350660125 0.8566272125 0.263519446875 0.8490396291666666 0.2505121625 0.20084330416666668
0 0.282217415625 0.11087625833333334 0.246447384375 0.108708375 0.262706490625 0.8533753916666666 0.3009153875 0.8501235708333332 0.282217415625 0.11087625833333334
0 0.322052225 0.11412807916666666 0.283843328125 0.11196019583333333 0.30416720937499997 0.8533753916666666 0.33912428437500003 0.8490396291666666 0.322052225 0.11412807916666666
0 0.35619634375000003 0.09028139166666667 0.32123926875 0.09028139166666667 0.337498375 0.8555432708333334 0.37001658437499996 0.8544593291666666 0.35619634375000003 0.09028139166666667
0 0.380585003125 0.08919745 0.350505659375 0.08919745 0.36351294375 0.8457878083333333 0.40253479375 0.8414520458333333 0.380585003125 0.08919745
0 0.41960685625 0.1845842 0.390340465625 0.18133237916666667 0.40334775 0.8447038666666666 0.43667891562500005 0.8425359875 0.41960685625 0.1845842
0 0.46025461874999996 0.1889199625 0.421232765625 0.1889199625 0.438304825 0.8414520458333333 0.472448946875 0.8414520458333333 0.46025461874999996 0.1889199625
0 0.4805785 0.08811350833333333 0.45781575312499995 0.09136533333333333 0.46838416875 0.8425359875 0.49765055937499997 0.8403681041666666 0.4805785 0.08811350833333333
0 0.509031934375 0.09244927083333333 0.47326190312499994 0.09136533333333333 0.49765055937499997 0.8447038666666666 0.5252910375 0.8403681041666666 0.509031934375 0.09244927083333333
0 0.533420590625 0.09136533333333333 0.5114708 0.09353321249999999 0.52691695 0.8436199291666667 0.54724083125 0.8436199291666667 0.533420590625 0.09136533333333333
0 0.5732553968749999 0.06426682083333334 0.5350465 0.0653507625 0.54724083125 0.8392841666666667 0.585449728125 0.8371162833333333 0.5732553968749999 0.06426682083333334
0 0.61878089375 0.062098941666666664 0.577320175 0.06426682083333334 0.58788859375 0.8338644625 0.624471578125 0.8338644625 0.61878089375 0.062098941666666664
0 0.64804728125 0.11412807916666666 0.6179679375 0.11412807916666666 0.62691044375 0.838200225 0.661867521875 0.8392841666666667 0.64804728125 0.11412807916666666
0 0.6813784468749999 0.11846384166666667 0.646421371875 0.1130441375 0.656176834375 0.8371162833333333 0.689508 0.8360323458333333 0.6813784468749999 0.11846384166666667
0 0.737472359375 0.07077046666666667 0.682191403125 0.06860258333333333 0.693572775 0.8316965833333333 0.753731465625 0.8273608208333333 0.737472359375 0.07077046666666667
0 0.778933078125 0.13038718333333332 0.742350090625 0.13472294583333333 0.755357375 0.8273608208333333 0.793566271875 0.8273608208333333 0.778933078125 0.13038718333333332
0 0.808199465625 0.0458398375 0.7756812562500001 0.0501756 0.793566271875 0.8284447625 0.8114512875000001 0.8219411208333334 0.808199465625 0.0458398375
0 0.82771039375 0.046923779166666665 0.80250878125 0.0458398375 0.817954928125 0.824109 0.8382788124999999 0.8284447625 0.82771039375 0.046923779166666665
0 0.859415646875 0.19542360416666668 0.824458571875 0.1943396625 0.8399047218750001 0.8284447625 0.87242293125 0.8262768833333334 0.859415646875 0.19542360416666668
0 0.894372725 0.19759148333333335 0.8577897374999999 0.1943396625 0.8667322437499999 0.8338644625 0.907380009375 0.8230250625 0.894372725 0.19759148333333335
0 0.921200246875 0.14231052916666667 0.8927468125000001 0.14231052916666667 0.909818875 0.8219411208333334 0.9366463968750001 0.8165214166666667 0.921200246875 0.14231052916666667
0 0.9504666374999999 0.13797476666666667 0.916322515625 0.14231052916666667 0.935833440625 0.8165214166666667 0.962660965625 0.8154374791666666 0.9504666374999999 0.13797476666666667
0 0.987049621875 0.108708375 0.9504666374999999 0.09895291249999999 0.9602221 0.8186893000000001 0.9968050843749999 0.8132695958333334 0.987049621875 0.108708375