6 0.22652187499999998 0.2482765625 0.19189375 0.2482765625 0.2256328125 0.7881734375 0.2602625 0.782253125 0.22652187499999998 0.2482765625
6 0.2698859375 0.2468046875 0.2309609375 0.2482765625 0.26558906250000003 0.7834375 0.295778125 0.7834375 0.2698859375 0.2468046875
6 0.29844218749999996 0.7834375 0.3206671875 0.7819609375 0.2993296875 0.273140625 0.27446875 0.2755078125 0.29844218749999996 0.7834375
6 0.32555 0.2741484375 0.30110468749999997 0.273140625 0.3215265625 0.7846203125 0.3410609375 0.7869890625 0.32555 0.2741484375
6 0.34194843750000004 0.7952765625 0.382190625 0.79498125 0.3694734375 0.2766921875 0.325078125 0.2766921875 0.34194843750000004 0.7952765625
6 0.41148749999999995 0.27545000000000003 0.37124999999999997 0.2743234375 0.3827921875 0.7952765625 0.419196875 0.7964609375 0.41148749999999995 0.27545000000000003
6 0.4227484375 0.8260609375 0.44050625 0.8236921875000001 0.433403125 0.186709375 0.4103171875 0.18789375 0.4227484375 0.8260609375
6 0.44760937500000003 0.7881734375 0.4769109375 0.7881734375 0.4769109375 0.25064375 0.44139375000000003 0.25064375 0.44760937500000003 0.7881734375
6 0.479575 0.790540625 0.5062109375 0.790540625 0.5106515625 0.2494609375 0.4786859375 0.2482765625 0.479575 0.790540625
6 0.508875 0.7585734375000001 0.5355109375 0.7572203125 0.543503125 0.3216828125 0.5124265625 0.3205 0.508875 0.7585734375000001
6 0.571028125 0.3228671875 0.543503125 0.3216828125 0.5355125000000001 0.7585734375000001 0.5603734375 0.7597578125 0.571028125 0.3228671875
6 0.5630375 0.763309375 0.5901984375 0.7624296875 0.60299375 0.3216828125 0.5736921875000001 0.3216828125 0.5630375 0.763309375
6 0.636096875 0.3210234375 0.6047687500000001 0.3228671875 0.5941140625 0.7585734375000001 0.6207515625 0.7597578125 0.636096875 0.3210234375
6 0.625190625 0.7964609375 0.6585578125 0.8001890625 0.6829046875 0.26366875 0.6429484375000001 0.262484375 0.625190625 0.7964609375
6 0.7264109375000001 0.26366875 0.6873437499999999 0.262484375 0.666034375 0.798828125 0.6988859374999999 0.80238125 0.7264109375000001 0.26366875
6 0.76814375 0.2470921875 0.729075 0.244725 0.7033265625 0.798828125 0.7379546875 0.80238125 0.76814375 0.2470921875
6 0.807971875 0.24550156250000002 0.7708062499999999 0.2459078125 0.74150625 0.80238125 0.775246875 0.8059328125 0.807971875 0.24550156250000002