6 0.065971875 0.21059843749999999 0.028575 0.2095140625 0.056215625000000005 0.9639374999999999 0.0862953125 0.9639374999999999 0.065971875 0.21059843749999999
6 0.089546875 0.21385 0.0643453125 0.2116828125 0.08222968750000001 0.965021875 0.1155609375 0.9671890624999999 0.089546875 0.21385
6 0.12369062500000001 0.20843124999999998 0.0911734375 0.21059843749999999 0.118 0.9671890624999999 0.1423890625 0.9682734375000001 0.12369062500000001 0.20843124999999998
6 0.1610875 0.20734687499999999 0.12450468750000002 0.20734687499999999 0.13995 0.9639374999999999 0.17165625 0.9661046875 0.1610875 0.20734687499999999
6 0.1919796875 0.21385 0.1602734375 0.21059843749999999 0.1700296875 0.9661046875 0.2066125 0.9661046875 0.1919796875 0.21385
6 0.21718125000000002 0.21385 0.18385 0.21385 0.20173437500000002 0.965021875 0.23018906249999999 0.962853125 0.21718125000000002 0.21385
6 0.27571406249999997 0.081609375 0.21474218750000001 0.07944218750000001 0.22774999999999998 0.970440625 0.2822171875 0.9682734375000001 0.27571406249999997 0.081609375
6 0.3277421875 0.08269375 0.27571406249999997 0.081609375 0.28546875 0.96935625 0.3318078125 0.971525 0.3277421875 0.08269375
6 0.39521875 0.1032890625 0.335871875 0.1011203125 0.334246875 0.971525 0.390340625 0.971525 0.39521875 0.1032890625
6 0.43098749999999997 0.1032890625 0.38871406249999996 0.098953125 0.3879015625 0.972609375 0.4212328125 0.971525 0.43098749999999997 0.1032890625
6 0.4651328125 0.10654062500000001 0.425296875 0.1000375 0.4204203125 0.978028125 0.4545640625 0.9736921875 0.4651328125 0.10654062500000001
6 0.5090312499999999 0.06968593749999999 0.457815625 0.066434375 0.4561890625 0.9758609375 0.49927656249999997 0.9736921875 0.5090312499999999 0.06968593749999999
6 0.5602484375000001 0.22360625 0.5065937500000001 0.2181859375 0.49927656249999997 0.9758609375 0.5553703125 0.9758609375 0.5602484375000001 0.22360625
6 0.6220328125 0.0469234375 0.5716296875 0.04475625 0.55211875 0.978028125 0.6000828125 0.9769453125 0.6220328125 0.0469234375
6 0.637478125 0.315740625 0.613090625 0.3135734375 0.6008953125 0.9758609375 0.6317875 0.9791124999999999 0.637478125 0.315740625
6 0.6724359375 0.21493437499999998 0.6415437500000001 0.21059843749999999 0.6317875 0.9747765625 0.66511875 0.9801968750000001 0.6724359375 0.21493437499999998
6 0.718775 0.107625 0.6675578125 0.10654062500000001 0.66268125 0.9758609375 0.69845 0.9801968750000001 0.718775 0.107625
6 0.7545437500000001 0.22685781249999998 0.7122703125000001 0.2192703125 0.7008890625 0.9747765625 0.736659375 0.9736921875 0.7545437500000001 0.22685781249999998
6 0.78625 0.169409375 0.75291875 0.1661578125 0.7399109375 0.9758609375 0.770803125 0.9801968750000001 0.78625 0.169409375
6 0.8122640625 0.1737453125 0.787875 0.169409375 0.769178125 0.9801968750000001 0.79844375 0.9823640625 0.8122640625 0.1737453125
6 0.8707968749999999 0.1108765625 0.8179546875 0.104371875 0.8000703124999999 0.9758609375 0.8464078125000001 0.9845328125 0.8707968749999999 0.1108765625
6 0.9073796875 0.114128125 0.871609375 0.10870781249999999 0.8464078125000001 0.9834484375000001 0.8846171875 0.9801968750000001 0.9073796875 0.114128125
6 0.9439624999999999 0.11521250000000001 0.9065671875 0.11521250000000001 0.8886828124999999 0.9823640625 0.9203875 0.9888671875 0.9439624999999999 0.11521250000000001
6 0.9959921875 0.1195484375 0.9439624999999999 0.11521250000000001 0.9212 0.9791124999999999 0.971603125 0.9823640625 0.9959921875 0.1195484375