6 0.0812984375 0.2799484375 0.058812500000000004 0.27750625 0.025770312499999996 0.775553125 0.04956875 0.7763671875 0.0812984375 0.2799484375
6 0.105096875 0.2880859375 0.089940625 0.2880859375 0.061162499999999995 0.771484375 0.077028125 0.7731125 0.105096875 0.2880859375
6 0.1246234375 0.205078125 0.10825156250000001 0.20670625 0.0782484375 0.7706703125 0.084959375 0.7739265625 0.100215625 0.7747390625 0.1136390625 0.76985625 0.14231875 0.209146875 0.1362171875 0.205078125 0.1246234375 0.205078125
6 0.1758796875 0.2083328125 0.1642859375 0.20670625 0.1539125 0.20670625 0.14609375 0.20752031249999997 0.144759375 0.2058921875 0.1173 0.7722984375 0.1252328125 0.7763671875 0.1410984375 0.775553125 0.1575734375 0.775553125 0.1807609375 0.2115890625 0.1758796875 0.2083328125
6 0.3046328125 0.20345 0.3003609375 0.20263749999999997 0.28815625 0.201009375 0.27839375 0.2001953125 0.26802031249999997 0.2001953125 0.2570359375 0.2001953125 0.24605312499999998 0.20263749999999997 0.234459375 0.2058921875 0.2356796875 0.7731125 0.2399515625 0.7763671875 0.257646875 0.7763671875 0.27778281250000003 0.7747390625 0.297309375 0.7739265625 0.30646249999999997 0.767415625 0.3046328125 0.20345
6 0.3809703125 0.7779953125 0.388903125 0.174153125 0.3510703125 0.1692703125 0.32004375 0.1717125 0.30835625 0.7779953125 0.3809703125 0.7779953125
6 0.3975578125 0.17578125 0.3876828125 0.77718125 0.423075 0.7804359375 0.46029687499999994 0.7763671875 0.4633484375 0.1806640625 0.453584375 0.173340625 0.42490468750000004 0.1717125 0.3975578125 0.17578125
6 0.46700937500000006 0.7779953125 0.5152140625 0.7804359375 0.5121640625 0.24658281249999997 0.4695796875 0.2449546875 0.46822968749999994 0.24658281249999997 0.46700937500000006 0.7779953125
6 0.5560984375 0.2490234375 0.5159671875 0.248209375 0.520096875 0.77718125 0.5628109375 0.77718125 0.5560984375 0.2490234375
6 0.6097953125 0.213215625 0.564184375 0.2099609375 0.57074375 0.7779953125 0.617728125 0.7779953125 0.6097953125 0.213215625
6 0.6183390625 0.2018234375 0.6274921875 0.7820640625 0.6531203125 0.7836921875 0.6769171875 0.7820640625 0.669065625 0.5004890625 0.6647140625 0.20263749999999997 0.6445765625 0.19938125 0.6183390625 0.2018234375
6 0.7258140625 0.234375 0.69164375 0.2335609375 0.7343578125 0.7706703125 0.770359375 0.763346875 0.7258140625 0.234375
6 0.8051406249999999 0.76985625 0.8411421875 0.7625328125 0.7880546875000001 0.232746875 0.76376875 0.2237953125 0.7618171874999999 0.22216874999999997 0.8051406249999999 0.76985625
6 0.8612796875000001 0.220540625 0.8351796874999999 0.21240312499999997 0.88385625 0.7763671875 0.9204687500000001 0.76904375 0.8612796875000001 0.220540625
6 1 0.6522812499999999 0.9997953125000001 0.63639375 0.9497578125 0.192871875 0.915746875 0.19124375 0.974165625 0.7820640625 1 0.7782359375000001 1 0.6522812499999999