0 0.309044940625 0.004650104166666667 0.273274909375 0.0013982833333333333 0.24969920625 0.8989008833333333 0.28628219375 0.8902293625 0.309044940625 0.004650104166666667
0 0.283843328125 0.8804739 0.31554858124999996 0.8783060166666666 0.344814971875 0.032832554166666666 0.308231984375 0.011153745833333334 0.283843328125 0.8804739
0 0.37733318125 0.040420137499999995 0.34644088125 0.029580733333333335 0.313109715625 0.8837257208333333 0.350505659375 0.8707184375 0.37733318125 0.040420137499999995
0 0.3472538375 0.8728863166666667 0.37164249374999997 0.8652987333333333 0.394405240625 0.12821930416666666 0.37245545 0.11954777916666666 0.3472538375 0.8728863166666667
0 0.421232765625 0.14231052916666667 0.39847001875 0.13038718333333332 0.380585003125 0.8642147916666667 0.399282975 0.8642147916666667 0.421232765625 0.14231052916666667
0 0.400095928125 0.85229145 0.426923453125 0.8490396291666666 0.45537688750000005 0.06426682083333334 0.42936231874999997 0.046923779166666665 0.400095928125 0.85229145
0 0.4805785 0.07619016666666667 0.456189840625 0.0599310625 0.4285493625 0.85229145 0.45456393124999994 0.8425359875 0.4805785 0.07619016666666667
0 0.457002796875 0.8414520458333333 0.477326678125 0.838200225 0.508218978125 0.10220473333333334 0.482204409375 0.08269380833333333 0.457002796875 0.8414520458333333
0 0.523665128125 0.10437261666666667 0.508218978125 0.09678503333333334 0.47976554374999997 0.8371162833333333 0.49765055937499997 0.8295287041666667 0.523665128125 0.10437261666666667
0 0.49765055937499997 0.8273608208333333 0.51472261875 0.8251929416666666 0.53992423125 0.11846384166666667 0.5261039937499999 0.10979231666666665 0.49765055937499997 0.8273608208333333
0 0.552931515625 0.2171024125 0.5358594562500001 0.2084308875 0.522039215625 0.8251929416666666 0.5358594562500001 0.8219411208333334 0.552931515625 0.2171024125
0 0.5326076343749999 0.8197732375 0.5545574281250001 0.8165214166666667 0.57081653125 0.21927029166666667 0.5521185625 0.2171024125 0.5326076343749999 0.8197732375
0 0.58626268125 0.25287244166666667 0.574068353125 0.24853667916666666 0.5569962937499999 0.8121856583333333 0.570003578125 0.8078498958333333 0.58626268125 0.25287244166666667
0 0.5675647125000001 0.810017775 0.58219790625 0.8067659541666666 0.599269965625 0.25504032083333333 0.58626268125 0.2517885 0.5675647125000001 0.810017775
0 0.61878089375 0.19325572500000002 0.594392234375 0.1845842 0.58626268125 0.8056820166666667 0.604960653125 0.8024301958333333 0.61878089375 0.19325572500000002
0 0.604960653125 0.7980944333333333 0.625284534375 0.7926747291666667 0.6374788625 0.21385059166666667 0.619593846875 0.20084330416666668 0.604960653125 0.7980944333333333
0 0.650486146875 0.2843067125 0.6374788625 0.27780307083333333 0.623658625 0.79050685 0.6391047750000001 0.7872550291666667 0.650486146875 0.2843067125
0 0.64235659375 0.7840032083333334 0.65942865625 0.7774995666666666 0.6724359375 0.226857875 0.656989790625 0.21927029166666667 0.64235659375 0.7840032083333334
0 0.687069134375 0.23444545416666665 0.67487480625 0.23010969583333332 0.660241609375 0.7796674458333333 0.67406185 0.7785835083333333 0.687069134375 0.23444545416666665
0 0.6756877593749999 0.7720798625 0.690320953125 0.7731638041666666 0.7049541500000001 0.24420092083333333 0.692759821875 0.23878121666666668 0.6756877593749999 0.7720798625
0 0.717961434375 0.24528485833333333 0.70820596875 0.24528485833333333 0.692759821875 0.7720798625 0.700889371875 0.7709959249999999 0.717961434375 0.24528485833333333
0 0.7228391656250001 0.25504032083333333 0.71552256875 0.25287244166666667 0.702515284375 0.7677441041666667 0.707393015625 0.7666601624999999 0.7228391656250001 0.25504032083333333
0 0.7301557625 0.2561242625 0.72365211875 0.25504032083333333 0.70983188125 0.7677441041666667 0.7147096125 0.7677441041666667 0.7301557625 0.2561242625
0 0.74072418125 0.32658038333333334 0.72934280625 0.322244625 0.717961434375 0.7666601624999999 0.72527803125 0.7623244 0.74072418125 0.32658038333333334
0 0.726903940625 0.7601565208333334 0.73584645 0.7601565208333334 0.748040778125 0.3254964458333333 0.737472359375 0.3233285625 0.726903940625 0.7601565208333334
0 0.75617033125 0.32983220416666664 0.74641486875 0.32658038333333334 0.739911225 0.7579886416666667 0.7447889562500001 0.7558207583333334 0.75617033125 0.32983220416666664