5 0.0812988875 0.2799479166666667 0.05881309375 0.27750650833333335 0.025770668749999996 0.7755533833333333 0.049568478124999996 0.7763671875 0.0812988875 0.2799479166666667
5 0.105096696875 0.2880859375 0.089941025 0.2880859375 0.06116228124999999 0.771484375 0.0770274875 0.7731119791666666 0.105096696875 0.2880859375
5 0.100215096875 0.7747395833333334 0.1136395 0.7698567708333334 0.1423189125 0.20914713333333335 0.136216909375 0.205078125 0.124623103125 0.205078125 0.10825157187500001 0.20670572916666666 0.0782478875 0.770670575 0.084960090625 0.7739257833333333 0.100215096875 0.7747395833333334
5 0.12523330625 0.7763671875 0.141098509375 0.7755533833333333 0.157573915625 0.7755533833333333 0.180761525 0.21158854166666666 0.17587992187499998 0.20833333333333334 0.16428611875000002 0.20670572916666666 0.153912715625 0.20670572916666666 0.14609336875 0.20751953333333334 0.1447597125 0.205891925 0.117300703125 0.772298175 0.12523330625 0.7763671875
5 0.257646753125 0.7763671875 0.277783359375 0.7747395833333334 0.29730976875000004 0.7739257833333333 0.30646277187500004 0.7674153666666667 0.30463217187499997 0.20345052083333334 0.30036076875 0.20263671666666666 0.28815676562500003 0.20100911666666665 0.278393559375 0.2001953125 0.26802015625000003 0.2001953125 0.25703655312499996 0.2001953125 0.24605295 0.20263671666666666 0.23445914375000002 0.205891925 0.23567954375000003 0.7731119791666666 0.239950946875 0.7763671875 0.257646753125 0.7763671875
5 0.3889033625 0.17415364583333334 0.35107095 0.16927083333333334 0.3200435625 0.17171224166666665 0.308356934375 0.7779947916666666 0.38097075937499997 0.7779947916666666 0.3889033625 0.17415364583333334
5 0.460296790625 0.7763671875 0.463347790625 0.1806640625 0.45358458749999997 0.17333984166666666 0.42490517812500006 0.17171224166666665 0.3975582125 0.17578125 0.3876829625 0.7771809916666667 0.42307457499999995 0.7804362 0.460296790625 0.7763671875
5 0.515214809375 0.7804362 0.512163809375 0.24658203333333334 0.469579696875 0.244954425 0.46822939375 0.24658203333333334 0.46700899375000005 0.7779947916666666 0.515214809375 0.7804362
5 0.5560982250000001 0.2490234375 0.515966415625 0.24820963333333335 0.5200964124999999 0.7771809916666667 0.5628104281249999 0.7771809916666667 0.5560982250000001 0.2490234375
5 0.60979584375 0.21321614583333334 0.5641841875 0.2099609375 0.5707430312499999 0.7779947916666666 0.617728446875 0.7779947916666666 0.60979584375 0.21321614583333334
5 0.67691786875 0.7820638 0.66906608125 0.5004882833333333 0.664713865625 0.20263671666666666 0.6445772562500001 0.19938150833333335 0.6183386468750001 0.20182291666666666 0.62749165 0.7820638 0.6531200593750001 0.7836914083333333 0.67691786875 0.7820638
5 0.725814703125 0.234375 0.691643490625 0.2335612 0.7343575062500001 0.770670575 0.77035931875 0.7633463541666666 0.725814703125 0.234375
5 0.84114254375 0.76253255 0.788055125 0.23274739583333334 0.76376915 0.223795575 0.761816515625 0.22216796666666666 0.8051407312500001 0.7698567708333334 0.84114254375 0.76253255
5 0.86127915 0.22054036666666665 0.8351802812500001 0.21240234166666666 0.883856559375 0.7763671875 0.920468571875 0.7690429666666667 0.86127915 0.22054036666666665
5 1 0.652281275 0.999794603125 0.6363932291666666 0.949758184375 0.19287109166666666 0.9157466875000001 0.19124349166666665 0.97416619375 0.7820638 1 0.7782356208333333 1 0.652281275