5 0.1295606 0.9526909708333334 0.14176460625 0.9516059041666666 0.150714209375 0.9429253458333334 0.068540578125 0.380859375 0.022265115625 0.37977430416666663 0.11572939687499999 0.947265625 0.118983796875 0.9516059041666666 0.1295606 0.9526909708333334
5 0.165359015625 0.9364149291666667 0.17837661875 0.9375 0.190580621875 0.9364149291666667 0.201157428125 0.9342447916666666 0.12630619999999998 0.3548177083333333 0.100270990625 0.3559027791666667 0.083300271875 0.3515625 0.07911738125 0.3537326375 0.1629182125 0.9331597208333334 0.165359015625 0.9364149291666667
5 0.21417503125 0.9418402791666666 0.2280062375 0.9418402791666666 0.24021024062500002 0.9385850708333333 0.171054215625 0.2994791666666667 0.128873190625 0.2983940958333333 0.12630619999999998 0.2983940958333333 0.20522542812500003 0.9364149291666667 0.21417503125 0.9418402791666666
5 0.24753264375 0.9440104166666666 0.257295846875 0.9440104166666666 0.26705904999999996 0.9440104166666666 0.27682225625 0.9440104166666666 0.28333105625 0.9385850708333333 0.2312606375 0.3439670125 0.223938234375 0.3450520833333333 0.21092063125 0.3450520833333333 0.193021425 0.3439670125 0.181770325 0.34071180416666663 0.17919021875000002 0.3439670125 0.24265104375000002 0.9385850708333333 0.24753264375 0.9440104166666666
5 0.292280659375 0.9494357625000001 0.302043865625 0.9537760416666666 0.31343426874999997 0.9537760416666666 0.330519875 0.9537760416666666 0.337028678125 0.9494357625000001 0.28902625937500004 0.2962239583333333 0.270313453125 0.2962239583333333 0.25078704687500003 0.2951388875 0.23303985625 0.29405382083333337 0.2328878375 0.2962239583333333 0.28902625937500004 0.9375 0.292280659375 0.9494357625000001
5 0.324011071875 0.29188367916666663 0.2940750125 0.29188367916666663 0.339469478125 0.9624565958333334 0.36306388749999996 0.9613715291666666 0.324011071875 0.29188367916666663
5 0.3622502875 0.2897135416666667 0.33069610625 0.2897135416666667 0.3703862875 0.9526909708333334 0.391539896875 0.9516059041666666 0.3622502875 0.2897135416666667
5 0.410252703125 0.95703125 0.421643109375 0.9592013875000001 0.43466071250000005 0.9592013875000001 0.41513430625 0.22135416666666666 0.36324819062499997 0.2224392375 0.3622502875 0.224609375 0.3996759 0.9537760416666666 0.410252703125 0.95703125
5 0.46720472500000004 0.9483506958333333 0.481035928125 0.947265625 0.496494334375 0.9429253458333334 0.4989351375 0.22135416666666666 0.458255121875 0.224609375 0.42428334687499997 0.2256944458333333 0.44116951562500006 0.9353298624999999 0.444423915625 0.9429253458333334 0.46720472500000004 0.9483506958333333
5 0.53961515 0.9657118041666667 0.55751435625 0.9678819458333333 0.577040765625 0.9646267374999999 0.58761756875 0.9581163208333333 0.605516775 0.3591579875 0.5705319624999999 0.36241319583333337 0.508104959375 0.36024305416666663 0.508698340625 0.9537760416666666 0.51764794375 0.9602864583333334 0.53961515 0.9657118041666667
5 0.612839178125 0.9364149291666667 0.6266703812500001 0.9353298624999999 0.634806384375 0.9331597208333334 0.6738592 0.322265625 0.662468796875 0.3244357625 0.646196790625 0.3244357625 0.635619984375 0.3244357625 0.620409646875 0.322265625 0.5941263718750001 0.9288194458333333 0.602262375 0.9364149291666667 0.612839178125 0.9364149291666667
5 0.661780909375 0.9526909708333334 0.6772393125 0.9559461791666667 0.701647321875 0.9559461791666667 0.72198733125 0.9526909708333334 0.7374457343749999 0.947265625 0.8098561625 0.3483072916666667 0.805788159375 0.3483072916666667 0.8000929593749999 0.3515625 0.787888953125 0.35047742916666663 0.764294546875 0.3493923625 0.7407001375 0.3493923625 0.7211737312500001 0.3461371541666667 0.69432491875 0.3450520833333333 0.678189596875 0.341796875 0.6381865 0.9364149291666667 0.644695303125 0.9450954874999999 0.661780909375 0.9526909708333334
5 0.764294546875 0.9396701375000001 0.787075353125 0.9418402791666666 0.8033473593749999 0.9418402791666666 0.8196193656249999 0.9385850708333333 0.82694176875 0.9342447916666666 0.9237602031250001 0.3472222208333333 0.918065003125 0.3483072916666667 0.901792996875 0.3483072916666667 0.8757577875000001 0.3472222208333333 0.852163378125 0.3461371541666667 0.8350777718750001 0.34288194583333337 0.813280740625 0.34288194583333337 0.7398865375 0.927734375 0.749649740625 0.9364149291666667 0.764294546875 0.9396701375000001