0 0.0559914625 0.009018758333333333 0.028183621875 0.008016675 0.016158609375 0.9970739125 0.0447180125 0.9990780833333334 0.0559914625 0.009018758333333333
0 0.089811809375 0.0040083375 0.065010221875 0.007014591666666667 0.053736771875 0.9950697458333334 0.0815446125 0.998076 0.089811809375 0.0040083375
0 0.13565716562500002 0.16734808333333331 0.1424212375 0.16534391666666667 0.148433740625 0.0030062541666666664 0.09958213125000001 0.005010420833333334 0.08755711875 0.9950697458333334 0.130396225 0.9970739125 0.13565716562500002 0.16734808333333331
0 0.19277597500000002 0.17336059166666665 0.1431728 0.174362675 0.13716029375 0.9950697458333334 0.1950306625 0.9960718291666667 0.19277597500000002 0.17336059166666665
0 0.23937289687500002 0.0030062541666666664 0.2048009875 0.0040083375 0.20329785937499997 0.9950697458333334 0.24087602187499998 0.9940676624999999 0.23937289687500002 0.0030062541666666664
0 0.28296356562499997 0.005010420833333334 0.25064634375 0.005010420833333334 0.246888528125 0.998076 0.27619949374999997 0.998076 0.28296356562499997 0.005010420833333334
0 0.310771403125 0.0120250125 0.290479196875 0.011022929166666667 0.28296356562499997 0.9970739125 0.3047589 0.9990780833333334 0.310771403125 0.0120250125
0 0.335572990625 0.015031266666666666 0.3182870375 0.014029179166666666 0.31152296874999996 0.9970739125 0.32805735937499997 0.9990780833333334 0.335572990625 0.015031266666666666
0 0.37390271875000003 0.006012504166666667 0.34459175000000003 0.006012504166666667 0.33632455625 0.9950697458333334 0.36713864687500003 0.9960718291666667 0.37390271875000003 0.006012504166666667
0 0.41298400625 0.007014591666666667 0.3806667875 0.006012504166666667 0.37315115312499997 0.9940676624999999 0.40471681249999997 0.9930655749999999 0.41298400625 0.007014591666666667
0 0.473109065625 0.0040083375 0.42125120312500003 0.0040083375 0.41223244374999995 0.9930655749999999 0.4685996875 0.9960718291666667 0.473109065625 0.0040083375
0 0.51219035625 0.0030062541666666664 0.48287939062499996 0.0030062541666666664 0.472357503125 0.9950697458333334 0.507680975 0.9960718291666667 0.51219035625 0.0030062541666666664
0 0.546762265625 0.005010420833333334 0.521960678125 0.0030062541666666664 0.5174513000000001 0.9960718291666667 0.548265390625 0.9970739125 0.546762265625 0.005010420833333334
0 0.5813341750000001 0.0040083375 0.552774771875 0.0040083375 0.55052008125 0.9950697458333334 0.576824796875 0.9960718291666667 0.5813341750000001 0.0040083375
0 0.615154521875 0.005010420833333334 0.58734668125 0.0040083375 0.5805826125 0.9960718291666667 0.61289983125 0.9970739125 0.615154521875 0.005010420833333334
0 0.664757696875 0.08217091666666666 0.62492484375 0.08217091666666666 0.6196639 0.9910614083333333 0.659496753125 0.9920634916666666 0.664757696875 0.08217091666666666
0 0.71210618125 0.0871813375 0.671521765625 0.08417508333333333 0.666260821875 0.9970739125 0.7068452375 0.9970739125 0.71210618125 0.0871813375
0 0.742920275 0.04910213333333333 0.7196218125 0.0470979625 0.7143608718750001 0.998076 0.742920275 0.998076 0.742920275 0.04910213333333333
0 0.772982803125 0.0521083875 0.74968434375 0.0511063 0.7481812156250001 0.9940676624999999 0.77448593125 0.9930655749999999 0.772982803125 0.0521083875
0 0.8218344156249999 0.005010420833333334 0.777492184375 0.0020041666666666667 0.7820015625 0.9940676624999999 0.8255922312499999 0.998076 0.8218344156249999 0.005010420833333334
0 0.8751954062499999 0.005010420833333334 0.8534000718750001 0.005010420833333334 0.86241883125 0.998076 0.88872354375 0.9990780833333334 0.8751954062499999 0.005010420833333334
0 0.9030032468750001 0.0010020833333333333 0.88045635 0.0020041666666666667 0.8939844875 0.9950697458333334 0.921040765625 0.9930655749999999 0.9030032468750001 0.0010020833333333333
0 0.944339225 0.0040083375 0.909767315625 0.005010420833333334 0.9247985812499999 0.9960718291666667 0.9623767437499999 0.9930655749999999 0.944339225 0.0040083375
0 0.999751984375 0.38425925833333335 0.9826689500000001 0.005010420833333334 0.9503517312499999 0.006012504166666667 0.9789111343749999 0.9950697458333334 0.997700215625 0.9950697458333334 0.999751984375 0.38425925833333335