5 0.131205759375 0.3645833333333333 0.089810690625 0.3634982625 0.112492953125 0.8756510416666666 0.15073216875 0.8745659708333334 0.131205759375 0.3645833333333333
5 0.193852984375 0.8745659708333334 0.17839457812499998 0.3656684041666667 0.13538360625 0.3645833333333333 0.15398656875 0.8756510416666666 0.168631375 0.8756510416666666 0.193852984375 0.8745659708333334
5 0.23697379999999998 0.8745659708333334 0.21907459375 0.3656684041666667 0.182584128125 0.3667534708333333 0.195480184375 0.8756510416666666 0.217447390625 0.8756510416666666 0.23697379999999998 0.8745659708333334
5 0.27521301249999996 0.8756510416666666 0.261381809375 0.3667534708333333 0.22151539374999998 0.3667534708333333 0.23778739999999998 0.8723958333333334 0.25324580625 0.8778211791666667 0.27521301249999996 0.8756510416666666
5 0.311825025 0.34071180416666663 0.26233673125 0.3396267375 0.2768402125 0.8821614583333334 0.32321543125 0.8810763875000001 0.311825025 0.34071180416666663
5 0.36064104375 0.8799913208333333 0.37772665 0.8767361124999999 0.39074425625 0.8723958333333334 0.398066659375 0.8648003458333334 0.38911705625000004 0.3591579875 0.37447225 0.3591579875 0.35901384375 0.3591579875 0.3403010375 0.3591579875 0.32093048125 0.3580729166666667 0.32891063125 0.8713107625000001 0.3427418375 0.8778211791666667 0.36064104375 0.8799913208333333
5 0.415152265625 0.87890625 0.42898346875 0.8821614583333334 0.44606907500000004 0.8821614583333334 0.46640908437500006 0.8810763875000001 0.48024028750000003 0.8767361124999999 0.49000349062500004 0.8713107625000001 0.49569869375 0.3146701375 0.469663484375 0.3146701375 0.433051471875 0.31358507083333337 0.39254506562499997 0.31358507083333337 0.399693859375 0.8713107625000001 0.402134659375 0.8745659708333334 0.415152265625 0.87890625
5 0.5575323156249999 0.8702256958333333 0.56810911875 0.8658854166666666 0.577872325 0.8604600708333333 0.5819403249999999 0.3168402791666667 0.502408346875 0.3157552083333333 0.49651229375000006 0.8680555541666667 0.534751509375 0.8702256958333333 0.5575323156249999 0.8702256958333333
5 0.6137415625 0.8626302083333334 0.632454371875 0.8615451375000001 0.638963171875 0.8550347208333334 0.6576759812499999 0.3580729166666667 0.656048778125 0.3591579875 0.637335971875 0.36024305416666663 0.6186231656250001 0.36024305416666663 0.601537559375 0.361328125 0.585265553125 0.3580729166666667 0.581197553125 0.8582899291666667 0.59584235625 0.8615451375000001 0.6137415625 0.8626302083333334
5 0.6633711812499999 0.8485243041666667 0.672320784375 0.8517795125000001 0.6828975875000001 0.8506944458333333 0.690219990625 0.8474392374999999 0.7130008 0.3776041666666667 0.69916959375 0.3765190958333333 0.6828975875000001 0.3743489583333333 0.670693584375 0.3743489583333333 0.661913553125 0.3754340291666667 0.643844775 0.8441840291666666 0.656048778125 0.8485243041666667 0.6633711812499999 0.8485243041666667
5 0.790292828125 0.3461371541666667 0.727831521875 0.34288194583333337 0.704051196875 0.8778211791666667 0.7577488156250001 0.8821614583333334 0.790292828125 0.3461371541666667
5 0.855380853125 0.3439670125 0.7970047 0.34071180416666663 0.76344401875 0.87890625 0.8147008375 0.8810763875000001 0.855380853125 0.3439670125
5 0.926164078125 0.3873697916666667 0.854784646875 0.3841145833333333 0.821209640625 0.8799913208333333 0.8846704624999999 0.8854166666666666 0.926164078125 0.3873697916666667
5 0.914773675 0.8908420125000001 0.926164078125 0.888671875 0.9741664968749999 0.3689236125 0.96684409375 0.3678385416666667 0.9554536875 0.3667534708333333 0.9440632843750001 0.3645833333333333 0.934537253125 0.3645833333333333 0.889552065625 0.8854166666666666 0.90419686875 0.8908420125000001 0.914773675 0.8908420125000001