6 0.050525 0.1184640625 0.005 0.1184640625 0.006625000000000001 0.915159375 0.060281249999999995 0.9140765625 0.050525 0.1184640625
6 0.099303125 0.12279999999999999 0.0529640625 0.1249671875 0.06109375 0.9140765625 0.100115625 0.9162437499999999 0.099303125 0.12279999999999999
6 0.145640625 0.1249671875 0.101740625 0.1238828125 0.1082453125 0.9184125 0.1480796875 0.9119078125 0.145640625 0.1249671875
6 0.17246875 0.05342812500000001 0.145640625 0.05234375 0.14645312500000002 0.9097406250000001 0.1749078125 0.917328125 0.17246875 0.05342812500000001
6 0.2041734375 0.05776250000000001 0.177346875 0.061015625 0.1757203125 0.917328125 0.20173437500000002 0.9140765625 0.2041734375 0.05776250000000001
6 0.22693593750000002 0.058846875 0.2049859375 0.06318281249999999 0.2049859375 0.9129921875000001 0.23018906249999999 0.9162437499999999 0.22693593750000002 0.058846875
6 0.2594546875 0.05776250000000001 0.23344062499999998 0.0566796875 0.2310015625 0.915159375 0.26189375 0.910825 0.2594546875 0.05776250000000001
6 0.3277421875 0.13580625 0.2643328125 0.13580625 0.2651453125 0.9184125 0.323678125 0.915159375 0.3277421875 0.13580625
6 0.390340625 0.17049375 0.333434375 0.1639890625 0.32855625 0.9194953124999999 0.38627500000000003 0.9140765625 0.390340625 0.17049375
6 0.4374921875 0.169409375 0.3879015625 0.1726609375 0.38708906249999997 0.9162437499999999 0.44155625 0.915159375 0.4374921875 0.169409375
6 0.49358593749999996 0.1661578125 0.447246875 0.1715765625 0.44643437500000005 0.9184125 0.49765 0.9129921875000001 0.49358593749999996 0.1661578125
6 0.5277296875 0.07510625 0.49765 0.07510625 0.5000890625000001 0.9119078125 0.525290625 0.9097406250000001 0.5277296875 0.07510625
6 0.5578093749999999 0.068603125 0.52935625 0.06968593749999999 0.5277296875 0.9129921875000001 0.55374375 0.9097406250000001 0.5578093749999999 0.068603125
6 0.59845625 0.17808125 0.5545578124999999 0.1791640625 0.5488671875 0.9097406250000001 0.6049609375 0.9064890625 0.59845625 0.17808125
6 0.6317875 0.1498984375 0.6049609375 0.146646875 0.591140625 0.907571875 0.6342265625 0.9162437499999999 0.6317875 0.1498984375
6 0.6659328125 0.14772968749999998 0.6334140625 0.159653125 0.6317875 0.9086562499999999 0.6618671875000001 0.910825 0.6659328125 0.14772968749999998
6 0.6895078125 0.15640156249999998 0.6602421875 0.1553171875 0.66268125 0.907571875 0.691946875 0.9097406250000001 0.6895078125 0.15640156249999998
6 0.7195875 0.0805265625 0.696825 0.07944218750000001 0.696825 0.907571875 0.73096875 0.9086562499999999 0.7195875 0.0805265625
6 0.757796875 0.0458390625 0.7301562500000001 0.0458390625 0.7301562500000001 0.9086562499999999 0.7634875 0.9064890625 0.757796875 0.0458390625
6 0.791128125 0.15423437499999998 0.75210625 0.14556249999999998 0.7651125000000001 0.9097406250000001 0.8008828125 0.9054046874999999 0.791128125 0.15423437499999998
6 0.815515625 0.1813328125 0.79681875 0.17808125 0.79844375 0.9043203125 0.8236453125000001 0.9043203125 0.815515625 0.1813328125
6 0.8748625000000001 0.182415625 0.82039375 0.1791640625 0.8285234375 0.9064890625 0.88624375 0.9021531250000001 0.8748625000000001 0.182415625
6 0.9350203125000001 0.0881140625 0.8797390625 0.07944218750000001 0.8911203125 0.9119078125 0.9529062500000001 0.9097406250000001 0.9350203125000001 0.0881140625
6 0.9997484375000001 0.25705625 0.9472140625 0.25395625 0.95371875 0.9021531250000001 0.99843125 0.9054046874999999 0.9997484375000001 0.25705625