0 0.084550865625 0.14530222916666666 0.073277415625 0.14530222916666666 0.045469578125 0.9650072166666667 0.06125240625 0.9630030458333334 0.084550865625 0.14530222916666666
0 0.10033369375000001 0.1463043125 0.09056337187499999 0.1463043125 0.065010221875 0.9680134666666667 0.07628366875 0.9700176375 0.10033369375000001 0.1463043125
0 0.1431728 0.050104216666666666 0.11085557812499999 0.050104216666666666 0.083047740625 0.9760301416666667 0.11085557812499999 0.9790363958333334 0.1431728 0.050104216666666666
0 0.155949375 0.340708675 0.1799994 0.34371492499999995 0.190521284375 0.0511063 0.1574525 0.0511063 0.12062590312499999 0.9830447333333333 0.13716029375 0.9880551541666667 0.155949375 0.340708675
0 0.192024409375 0.3557399375 0.159707190625 0.3557399375 0.145427490625 0.9940676624999999 0.176993146875 0.9930655749999999 0.192024409375 0.3557399375
0 0.234863515625 0.35874619166666666 0.20630411249999997 0.3617524458333333 0.18976972187500002 0.9920634916666666 0.22283850312500003 0.9930655749999999 0.234863515625 0.35874619166666666
0 0.301752646875 0.28459195000000004 0.2701869875 0.28358986666666663 0.25741041249999996 0.9730238875 0.28596981875 0.974025975 0.301752646875 0.28459195000000004
0 0.331815175 0.21043770833333333 0.309268278125 0.21043770833333333 0.295740140625 0.974025975 0.317535475 0.9760301416666667 0.331815175 0.21043770833333333
0 0.36187770625 0.21043770833333333 0.341585496875 0.20743145833333332 0.327305796875 0.9770322291666667 0.343088625 0.9780343125000001 0.36187770625 0.21043770833333333
0 0.390437109375 0.20843354166666667 0.3693933375 0.2054272875 0.353610509375 0.9830447333333333 0.378412096875 0.9830447333333333 0.390437109375 0.20843354166666667
0 0.42576058124999994 0.209435625 0.403965246875 0.20843354166666667 0.385176165625 0.9860509875000001 0.41523869687500004 0.9890572375000001 0.42576058124999994 0.209435625
0 0.46108405625 0.209435625 0.43628246875 0.21143979583333333 0.42425745625 0.9880551541666667 0.448307478125 0.9880551541666667 0.46108405625 0.209435625
0 0.495655965625 0.21244187916666668 0.47085437812500003 0.21143979583333333 0.45732623749999995 0.9870530708333334 0.48513407812500003 0.9870530708333334 0.495655965625 0.21244187916666668
0 0.5212091156249999 0.29962321666666664 0.503171596875 0.29962321666666664 0.49490439999999997 0.9920634916666666 0.51369348125 0.9910614083333333 0.5212091156249999 0.29962321666666664
0 0.546762265625 0.30162738333333333 0.528724746875 0.30162738333333333 0.52421536875 0.9920634916666666 0.546010703125 0.9950697458333334 0.546762265625 0.30162738333333333
0 0.591104496875 0.14129389166666667 0.55728415 0.14129389166666667 0.553526334375 0.9850489 0.58809824375 0.9830447333333333 0.591104496875 0.14129389166666667
0 0.633943603125 0.14029180833333335 0.606887325 0.14029180833333335 0.5948623125 0.9780343125000001 0.627931096875 0.9670113833333333 0.633943603125 0.14029180833333335
0 0.673024890625 0.6894340208333334 0.67452801875 0.15331890416666666 0.646720178125 0.15432098749999998 0.640707671875 0.9710197208333333 0.671521765625 0.9730238875 0.673024890625 0.6894340208333334
0 0.766218734375 0.21244187916666668 0.7188702499999999 0.21244187916666668 0.7075967999999999 0.9950697458333334 0.78876563125 0.9970739125 0.766218734375 0.21244187916666668
0 0.845884440625 0.2134439625 0.7977843906250001 0.21444604583333332 0.8000390812499999 0.9790363958333334 0.85039381875 0.98204265 0.845884440625 0.2134439625
0 0.904506371875 0.21945647083333333 0.858661015625 0.21945647083333333 0.856406325 0.9860509875000001 0.9067610625 0.9890572375000001 0.904506371875 0.21945647083333333
0 0.921792328125 0.15331890416666666 0.9067610625 0.15331890416666666 0.9157798218750001 0.9860509875000001 0.9308110875000001 0.990059325 0.921792328125 0.15331890416666666
0 0.9428361000000001 0.324675325 0.93156265 0.324675325 0.9390782812499999 0.9840468166666666 0.948097040625 0.9850489 0.9428361000000001 0.324675325
0 0.96387986875 0.32667949166666665 0.9526064218749999 0.32667949166666665 0.960122053125 0.9840468166666666 0.970643940625 0.9840468166666666 0.96387986875 0.32667949166666665
0 0.99845178125 0.990059325 0.999751984375 0.4474206333333333 0.991687709375 0.07716049166666666 0.960873615625 0.0791646625 0.9683892500000001 0.13628347083333334 0.981165825 0.990059325 0.99845178125 0.990059325