4 0 0.4126234375 0.12302656249999999 0.8907671875000001 0.15506718749999998 0.8834093749999999 0.0111015625 0.33239843750000003 0 0.33540156250000003 0 0.4126234375
4 0.0993765625 0.3050671875 0.0450390625 0.31840156249999996 0.19809375 0.8660625 0.2481203125 0.8498953124999999 0.0993765625 0.3050671875
4 0.2501421875 0.850578125 0.30245937500000003 0.8365609375 0.15432812499999998 0.2940203125 0.10489062499999999 0.30849375 0.2501421875 0.850578125
4 0.216265625 0.3056171875 0.165971875 0.32031875 0.304725 0.834728125 0.358046875 0.8178109375 0.216265625 0.3056171875
4 0.3616375 0.820703125 0.37848281250000004 0.8149640625 0.2473671875 0.321740625 0.22956249999999997 0.3277953125 0.3616375 0.820703125
4 0.26790625 0.268490625 0.239603125 0.2760734375 0.3825890625 0.8199921874999999 0.41195000000000004 0.81145625 0.26790625 0.268490625
4 0.41138125 0.8073750000000001 0.4399890625 0.800934375 0.2980984375 0.2582703125 0.2710296875 0.266428125 0.41138125 0.8073750000000001
4 0.353490625 0.2688484375 0.30883125 0.2771375 0.4440328125 0.8023031250000001 0.48923125 0.7867046875 0.353490625 0.2688484375
4 0.4915109375 0.7908078125 0.5354953124999999 0.7765703125 0.403234375 0.25551875 0.3563078125 0.26564062499999996 0.4915109375 0.7908078125
4 0.4448890625 0.22229375 0.4165859375 0.22987812500000002 0.40341562499999994 0.23218125 0.53868125 0.7781687500000001 0.582665625 0.76393125 0.4448890625 0.22229375
4 0.492365625 0.2107984375 0.44801250000000004 0.22023125000000002 0.58499375 0.7657578125 0.6292421874999999 0.7545796874999999 0.492365625 0.2107984375
4 0.6318578125000001 0.7519750000000001 0.6773140625 0.7397953125 0.545971875 0.222175 0.5010671875 0.23298125 0.6318578125000001 0.7519750000000001
4 0.5951640625 0.2102203125 0.5482375 0.2203421875 0.6805 0.7413937500000001 0.7244843750000001 0.72715625 0.5951640625 0.2102203125
4 0.732815625 0.727375 0.7908921875 0.714265625 0.665921875 0.199840625 0.604109375 0.21272656250000002 0.732815625 0.727375
4 0.7243015625 0.17071562499999998 0.66224375 0.1861171875 0.793340625 0.7062546875 0.8546203125 0.690146875 0.7243015625 0.17071562499999998
4 0.857909375 0.6865015624999999 0.923153125 0.672696875 0.7868593749999999 0.15426875 0.725709375 0.1691109375 0.857909375 0.6865015624999999
4 0.855521875 0.1355546875 0.7908921875 0.15164687500000001 0.923459375 0.673840625 0.98668125 0.659353125 0.855521875 0.1355546875