6 0.11025624999999999 0.7606796874999999 0.1494015625 0.7647328124999999 0.1595703125 0.177209375 0.11960781250000001 0.17396562499999998 0.11025624999999999 0.7606796874999999
6 0.1604578125 0.17719374999999998 0.15206406249999999 0.7646859375 0.19046093749999998 0.763965625 0.19780625000000002 0.1800953125 0.1604578125 0.17719374999999998
6 0.23777656249999998 0.18058125 0.2013171875 0.177665625 0.1938109375 0.7651421875 0.23249218749999997 0.7658359375 0.23777656249999998 0.18058125
6 0.2329140625 0.7668265625 0.26313906249999997 0.76866875 0.27510625 0.18557656250000001 0.2458078125 0.182809375 0.2329140625 0.7668265625
6 0.31608749999999997 0.189871875 0.27785000000000004 0.1869859375 0.26666875 0.7674218749999999 0.2999796875 0.77116875 0.31608749999999997 0.189871875
6 0.3004046875 0.7668328125 0.34126249999999997 0.7673046875 0.3542609375 0.1892046875 0.31691250000000004 0.1863046875 0.3004046875 0.7668328125
6 0.3853953125 0.1922140625 0.352546875 0.1927875 0.3403953125 0.768503125 0.3819984375 0.7697375 0.3889671875 0.1933359375 0.3853953125 0.1922140625
6 0.3946109375 0.771109375 0.44791875000000003 0.7725484375 0.4431625 0.1947578125 0.3907625 0.1944890625 0.3946109375 0.771109375
6 0.5018171875 0.1972875 0.4493765625 0.19465 0.4524609375 0.7783890625 0.506615625 0.77744375 0.5018171875 0.1972875
6 0.5048812500000001 0.7798421875 0.5350640624999999 0.779315625 0.5344781249999999 0.186059375 0.5024765625 0.18425 0.5048812500000001 0.7798421875
6 0.5629078125 0.186746875 0.5344578125 0.1848765625 0.5386359374999999 0.7804375 0.5653109374999999 0.782340625 0.5629078125 0.186746875
6 0.6053015625 0.7840109375 0.6351609375 0.7809468749999999 0.626125 0.1963015625 0.5665609375 0.19260468749999998 0.5706375 0.782246875 0.5857921875 0.7855359375 0.6053015625 0.7840109375
6 0.639965625 0.7857734375 0.70308125 0.789409375 0.6894703125 0.19918125 0.63320625 0.19499375000000002 0.639965625 0.7857734375
6 0.7319546875 0.20511249999999998 0.69473125 0.2093140625 0.7554875 0.79186875 0.798009375 0.7842 0.7319546875 0.20511249999999998
6 0.7621390625 0.20458437499999998 0.7390578125 0.20498750000000002 0.8052765624999999 0.7935453125 0.8316250000000001 0.7892375 0.7621390625 0.20458437499999998
6 0.8363906249999999 0.7953703125 0.8611453125 0.78901875 0.7959906250000001 0.2025296875 0.7701296875 0.2044453125 0.8363906249999999 0.7953703125
6 0.8693 0.7983484375 0.9216156249999999 0.7938828124999999 0.849625 0.1976875 0.8047109375 0.20147343750000002 0.8693 0.7983484375
6 0.905875 0.1973390625 0.8597531249999999 0.2005125 0.9244453125 0.8033078124999999 0.9781328125 0.789284375 0.905875 0.1973390625