0 0.027762421875 0.136890825 0.00418671875 0.13797476666666667 0.04646039375 0.8208571791666667 0.083043378125 0.8143535375000001 0.027762421875 0.136890825
0 0.064345409375 0.14447840833333334 0.03995675 0.14447840833333334 0.07735269375 0.8154374791666666 0.11312272500000001 0.8132695958333334 0.064345409375 0.14447840833333334
0 0.108244990625 0.14231052916666667 0.068410184375 0.14989810833333334 0.115561590625 0.8089338375 0.1480798 0.8121856583333333 0.108244990625 0.14231052916666667
0 0.15295753125 0.2647957875 0.11393567812500001 0.2626279041666667 0.14726684375000001 0.8078498958333333 0.17978505625000002 0.8089338375 0.15295753125 0.2647957875
0 0.19767006874999998 0.2647957875 0.152144575 0.265879725 0.1732814125 0.8197732375 0.21474213125000002 0.8143535375000001 0.19767006874999998 0.2647957875
0 0.23587896874999997 0.2626279041666667 0.19360529375 0.26371184583333335 0.207425534375 0.8143535375000001 0.25620285 0.8143535375000001 0.23587896874999997 0.2626279041666667
0 0.2700230875 0.2647957875 0.2350660125 0.27021548749999996 0.2545769375 0.8143535375000001 0.29847652187499996 0.8186893000000001 0.2700230875 0.2647957875
0 0.30741903125 0.17049297500000002 0.271649 0.1694090375 0.297663565625 0.8176053583333334 0.33424655312499996 0.8165214166666667 0.30741903125 0.17049297500000002
0 0.34806679375 0.1694090375 0.313109715625 0.17049297500000002 0.33424655312499996 0.8186893000000001 0.368390675 0.8165214166666667 0.34806679375 0.1694090375
0 0.379772046875 0.1878360208333333 0.350505659375 0.18675208333333335 0.36757771875 0.8143535375000001 0.38871455625 0.8143535375000001 0.379772046875 0.1878360208333333
0 0.400095928125 0.1889199625 0.37733318125 0.1878360208333333 0.3879016 0.810017775 0.411477303125 0.8121856583333333 0.400095928125 0.1889199625
0 0.4285493625 0.14773022916666667 0.39521819687500004 0.14881417083333334 0.409851390625 0.8186893000000001 0.43586595937499995 0.8208571791666667 0.4285493625 0.14773022916666667
0 0.451312109375 0.14556235 0.42285867499999996 0.1433944666666667 0.42936231874999997 0.8230250625 0.462693484375 0.8154374791666666 0.451312109375 0.14556235
0 0.4805785 0.14989810833333334 0.457002796875 0.14881417083333334 0.47407485625 0.8197732375 0.49765055937499997 0.8186893000000001 0.4805785 0.14989810833333334
0 0.5244780812500001 0.15314992916666667 0.484643275 0.15423387083333334 0.49765055937499997 0.824109 0.5261039937499999 0.8262768833333334 0.5244780812500001 0.15314992916666667
0 0.54724083125 0.2507045625 0.5261039937499999 0.25287244166666667 0.52041330625 0.8197732375 0.54155014375 0.8186893000000001 0.54724083125 0.2507045625
0 0.561874025 0.2507045625 0.548053784375 0.2539563833333333 0.5423630968750001 0.8251929416666666 0.568377665625 0.8219411208333334 0.561874025 0.2507045625
0 0.5911404124999999 0.24962062083333333 0.569190621875 0.24853667916666666 0.5732553968749999 0.8230250625 0.593579278125 0.8230250625 0.5911404124999999 0.24962062083333333
0 0.6285363562499999 0.19325572500000002 0.60333474375 0.19000390416666668 0.60333474375 0.8230250625 0.623658625 0.8262768833333334 0.6285363562499999 0.19325572500000002
0 0.92445206875 0.1694090375 0.8984375 0.17266085833333333 0.869171109375 0.8165214166666667 0.900063409375 0.8186893000000001 0.92445206875 0.1694090375
0 0.691133909375 0.15856963333333332 0.6326011312500001 0.15748569166666665 0.6220327125 0.8165214166666667 0.67406185 0.8176053583333334 0.691133909375 0.15856963333333332
0 0.7472278218749999 0.15965357083333334 0.690320953125 0.15314992916666667 0.6797525375 0.8176053583333334 0.73584645 0.8273608208333333 0.7472278218749999 0.15965357083333334
0 0.768364659375 0.16290539583333336 0.7472278218749999 0.17049297500000002 0.7301557625 0.8219411208333334 0.75617033125 0.8197732375 0.768364659375 0.16290539583333336
0 0.788688540625 0.16724115416666668 0.770803525 0.16724115416666668 0.7496666875 0.8262768833333334 0.7756812562500001 0.8230250625 0.788688540625 0.16724115416666668
0 0.813077196875 0.1694090375 0.788688540625 0.1694090375 0.7805589875 0.8262768833333334 0.8000699156250001 0.8230250625 0.813077196875 0.1694090375
0 0.85697678125 0.16724115416666668 0.817954928125 0.1694090375 0.79519218125 0.8262768833333334 0.832588125 0.8262768833333334 0.85697678125 0.16724115416666668
0 0.8959986343749999 0.17699661666666666 0.85128609375 0.17374479583333333 0.82771039375 0.8295287041666667 0.8659192906250001 0.824109 0.8959986343749999 0.17699661666666666
0 0.94477595 0.1748287375 0.927703890625 0.17699661666666666 0.896811590625 0.8262768833333334 0.920387290625 0.8121856583333333 0.94477595 0.1748287375
0 0.9683516531249999 0.17157691666666666 0.9488407249999999 0.16507327500000002 0.9171354718750001 0.824109 0.935833440625 0.8230250625 0.9683516531249999 0.17157691666666666
0 0.999747984375 0.28393817083333334 0.962660965625 0.27780307083333333 0.94558890625 0.8176053583333334 0.973229384375 0.8186893000000001 0.999747984375 0.28393817083333334