0 0.072525853125 0.110229275 0.0176617375 0.10822510833333333 0.08906024375 0.9970739125 0.134154040625 0.9970739125 0.072525853125 0.110229275
0 0.1679743875 0.9960718291666667 0.197285353125 0.9960718291666667 0.14993686875 0.11624178333333333 0.11461339687500001 0.11323552916666667 0.082296175 0.110229275 0.09281806249999999 0.375781625 0.139414984375 0.9970739125 0.1679743875 0.9960718291666667
0 0.20254629687499998 0.11624178333333333 0.1567009375 0.11824595 0.20404942187500003 0.9970739125 0.23786976875 0.9970739125 0.20254629687499998 0.11624178333333333
0 0.273193240625 0.9970739125 0.24237915000000002 0.15732724166666667 0.23711820625 0.0030062541666666664 0.201794734375 0.005010420833333334 0.20555255 0.0951980125 0.24463383749999998 0.998076 0.273193240625 0.9970739125
0 0.28596981875 0.07415424166666668 0.2431307125 0.07415424166666668 0.278454184375 0.9990780833333334 0.31152296874999996 0.9970739125 0.28596981875 0.07415424166666668
0 0.352107384375 0.13227513333333332 0.29874639375 0.12726471250000002 0.32204485312500003 0.9960718291666667 0.36262926875 0.9960718291666667 0.352107384375 0.13227513333333332
0 0.401710559375 0.005010420833333334 0.359623015625 0.005010420833333334 0.376908971875 0.9960718291666667 0.41373556875000006 0.9990780833333334 0.401710559375 0.005010420833333334
0 0.4437981 0.005010420833333334 0.40697150000000004 0.0040083375 0.4189965125 0.9960718291666667 0.44905904375 0.9970739125 0.4437981 0.005010420833333334
0 0.48738876875 0.007014591666666667 0.452065296875 0.0040083375 0.45732623749999995 0.9950697458333334 0.485885640625 0.9970739125 0.48738876875 0.007014591666666667
0 0.530227875 0.006012504166666667 0.49490439999999997 0.008016675 0.49039502187500006 0.9960718291666667 0.5197059875 0.9960718291666667 0.530227875 0.006012504166666667
0 0.590352934375 0.007014591666666667 0.539998196875 0.007014591666666667 0.52647005625 0.998076 0.564799784375 0.9960718291666667 0.590352934375 0.007014591666666667
0 0.6579936281250001 0.009018758333333333 0.60087481875 0.009018758333333333 0.5708122906249999 0.998076 0.620415465625 0.998076 0.6579936281250001 0.009018758333333333
0 0.7293921343750001 0.16033349166666666 0.665509259375 0.15732724166666667 0.628682659375 0.998076 0.68204365 0.9940676624999999 0.7293921343750001 0.16033349166666666
0 0.758703103125 0.005010420833333334 0.7451749624999999 0.005010420833333334 0.691062409375 0.998076 0.7030874218750001 0.9960718291666667 0.758703103125 0.005010420833333334
0 0.8383688062499999 0.0040083375 0.7639640437499999 0.0040083375 0.71135461875 0.998076 0.76246091875 0.9950697458333334 0.8383688062499999 0.0040083375
0 0.8518969468750001 0.5421276249999999 0.889475109375 0.0040083375 0.8511453812499999 0.005010420833333334 0.772982803125 0.9950697458333334 0.8015422093750001 0.9960718291666667 0.8518969468750001 0.5421276249999999
0 0.8909782343750001 0.6253006249999999 0.9465939156250001 0.006012504166666667 0.896239178125 0.0030062541666666664 0.8105609656249999 0.9940676624999999 0.847387565625 0.9930655749999999 0.8909782343750001 0.6253006249999999
0 0.996948653125 0.4459275291666666 0.996948653125 0.0010020833333333333 0.9548611125 0.0040083375 0.8556547625 0.9950697458333334 0.9172829468750001 0.9960718291666667 0.996948653125 0.4459275291666666