5 0.113309178125 0.3439670125 0.08646036562500001 0.3439670125 0.16131159374999998 0.8170572916666666 0.185719603125 0.8159722208333334 0.113309178125 0.3439670125
5 0.153989190625 0.27235242916666663 0.107714334375 0.2777777791666667 0.18978760625 0.8203125 0.232094821875 0.8192274291666667 0.153989190625 0.27235242916666663
5 0.2093140125 0.2690972208333333 0.160611471875 0.27452257083333337 0.23697642187499998 0.8224826375000001 0.2776564375 0.8203125 0.2093140125 0.2690972208333333
5 0.302064446875 0.8311631958333333 0.31020045 0.8268229166666666 0.24673962500000002 0.2983940958333333 0.239417221875 0.30164930416666663 0.22558601875 0.30164930416666663 0.21350860625 0.30164930416666663 0.2809108375 0.8311631958333333 0.289046840625 0.8333333333333334 0.302064446875 0.8311631958333333
5 0.336235659375 0.8289930541666667 0.3451852625 0.8246527791666666 0.341117259375 0.8029513875000001 0.29392844375 0.2951388875 0.287419640625 0.2994791666666667 0.273588434375 0.30164930416666663 0.261522928125 0.30164930416666663 0.31264125 0.8235677083333334 0.324031653125 0.830078125 0.336235659375 0.8289930541666667
5 0.370406871875 0.8333333333333334 0.385051678125 0.8344184041666666 0.40051008125000004 0.8333333333333334 0.41271408750000005 0.8268229166666666 0.382610875 0.2853732625 0.307909646875 0.2875434041666667 0.3476260625 0.8257378458333334 0.35413486562499996 0.830078125 0.370406871875 0.8333333333333334
5 0.44200369687499996 0.8311631958333333 0.4509533 0.8224826375000001 0.43549489374999995 0.2810329875 0.393358865625 0.2799479166666667 0.4143412875 0.8213975708333333 0.424104490625 0.8322482625000001 0.44200369687499996 0.8311631958333333
5 0.48105651250000003 0.8279079874999999 0.49000611562499996 0.8213975708333333 0.48105651250000003 0.2788628458333333 0.461530103125 0.2788628458333333 0.43974558437500005 0.2788628458333333 0.45583490312499997 0.8224826375000001 0.46966610624999994 0.8279079874999999 0.48105651250000003 0.8279079874999999
5 0.523363728125 0.23980034583333334 0.48187011249999995 0.23980034583333334 0.490819715625 0.8322482625000001 0.529058928125 0.8365885416666666 0.523363728125 0.23980034583333334
5 0.57299334375 0.8387586791666667 0.5746205468750001 0.23871527916666666 0.5445173343749999 0.23763020833333334 0.53089141875 0.23871527916666666 0.53638133125 0.8365885416666666 0.562416540625 0.8409288208333333 0.57299334375 0.8387586791666667
5 0.6022829562500001 0.1193576375 0.578905740625 0.11827257083333334 0.576247746875 0.8539496541666666 0.596587753125 0.8561197916666666 0.6022829562500001 0.1193576375
5 0.633199765625 0.11610242916666666 0.6096053593749999 0.1171875 0.6022829562500001 0.8582899291666667 0.6226229625 0.8561197916666666 0.633199765625 0.11610242916666666
5 0.664116578125 0.1150173625 0.639940896875 0.11610242916666666 0.625877365625 0.8572048624999999 0.646217371875 0.8561197916666666 0.664116578125 0.1150173625
5 0.697474190625 0.11284722083333333 0.671679178125 0.11284722083333333 0.6494717718749999 0.8550347208333334 0.67225258125 0.8550347208333334 0.697474190625 0.11284722083333333
5 0.730018203125 0.16276041666666666 0.70667266875 0.16167534583333334 0.681202184375 0.869140625 0.700728590625 0.869140625 0.730018203125 0.16276041666666666
5 0.765003015625 0.16059027916666666 0.735155740625 0.16059027916666666 0.70316939375 0.869140625 0.7267638 0.869140625 0.765003015625 0.16059027916666666
5 0.797547028125 0.1584201375 0.767707825 0.16059027916666666 0.730018203125 0.869140625 0.7527990124999999 0.8702256958333333 0.797547028125 0.1584201375
5 0.8203278375 0.1345486125 0.8018875124999999 0.1356336791666667 0.7568670125 0.8528645833333334 0.769071015625 0.8539496541666666 0.8203278375 0.1345486125
5 0.8463630468750001 0.13129340416666666 0.8263015749999999 0.13237847083333334 0.77151181875 0.8517795125000001 0.7885974250000001 0.8539496541666666 0.8463630468750001 0.13129340416666666
5 0.8578702843749999 0.31141492916666663 0.8336257937499999 0.31141492916666663 0.792782259375 0.8213975708333333 0.81637666875 0.8213975708333333 0.8578702843749999 0.31141492916666663
5 0.8961094968750001 0.3081597208333333 0.8629226687499999 0.31141492916666663 0.8171902687499999 0.8203125 0.84973428125 0.8203125 0.8961094968750001 0.3081597208333333
5 0.928653509375 0.3059895833333333 0.9026183 0.3070746541666667 0.8529886812499999 0.8213975708333333 0.8773966906249999 0.8213975708333333 0.928653509375 0.3059895833333333
5 0.9042455 0.8203125 0.9579431187499999 0.30164930416666663 0.9312820437499999 0.3049045125 0.8814646906249999 0.8170572916666666 0.892041496875 0.8203125 0.9042455 0.8203125