6 0.034265625 0.892396875 0.09442500000000001 0.8858937499999999 0.03833125 0.1553171875 0.0074390625 0.1574859375 0 0.5053765625 0.034265625 0.892396875
6 0.077353125 0.1791640625 0.03995625 0.184584375 0.09035937499999999 0.8869781250000001 0.12938125 0.8858937499999999 0.077353125 0.1791640625
6 0.10417968749999999 0.1759125 0.0684109375 0.1813328125 0.13344687500000002 0.8880609375 0.1619 0.884809375 0.10417968749999999 0.1759125
6 0.200921875 0.1835 0.10417968749999999 0.1802484375 0.1578359375 0.8880609375 0.2431953125 0.87071875 0.200921875 0.1835
6 0.22449687499999998 0.06968593749999999 0.1871015625 0.074021875 0.24482187500000002 0.892396875 0.2724625 0.8880609375 0.22449687499999998 0.06968593749999999
6 0.256203125 0.07510625 0.22531093750000003 0.066434375 0.266771875 0.89348125 0.300915625 0.8837249999999999 0.256203125 0.07510625
6 0.32855625 0.029581249999999996 0.2586421875 0.0241609375 0.3033546875 0.8869781250000001 0.357821875 0.8858937499999999 0.32855625 0.029581249999999996
6 0.38871406249999996 0.028496874999999998 0.3269296875 0.0241609375 0.3553828125 0.8880609375 0.41472968750000005 0.8815578125 0.38871406249999996 0.028496874999999998
6 0.4318015625 0.1867515625 0.39684375 0.1835 0.41798124999999997 0.8858937499999999 0.4431828125 0.8837249999999999 0.4318015625 0.1867515625
6 0.46675781250000004 0.1835 0.43098749999999997 0.184584375 0.4448078125 0.8837249999999999 0.47244843750000004 0.8826421874999999 0.46675781250000004 0.1835
6 0.5041546875 0.1509828125 0.46675781250000004 0.152065625 0.47244843750000004 0.8891453125 0.5049671874999999 0.8837249999999999 0.5041546875 0.1509828125
6 0.5391109375 0.1509828125 0.5065937500000001 0.152065625 0.501715625 0.884809375 0.535046875 0.877221875 0.5391109375 0.1509828125
6 0.5789453124999999 0.0317484375 0.5448015625 0.029581249999999996 0.535046875 0.8826421874999999 0.5643125 0.8793906249999999 0.5789453124999999 0.0317484375
6 0.613903125 0.0317484375 0.5781328125 0.0339171875 0.5651265624999999 0.877221875 0.5887015625 0.8761374999999999 0.613903125 0.0317484375
6 0.6439828125 0.1867515625 0.6082124999999999 0.1835 0.591140625 0.877221875 0.625284375 0.8761374999999999 0.6439828125 0.1867515625
6 0.7065796875 0.06751875 0.647234375 0.0718546875 0.6220328125 0.8793906249999999 0.6765 0.8793906249999999 0.7065796875 0.06751875
6 0.75373125 0.06534999999999999 0.702515625 0.06534999999999999 0.6781265624999999 0.8793906249999999 0.7212125 0.8761374999999999 0.75373125 0.06534999999999999