0 0.035699253125000004 0.04108545833333333 0.01164923125 0.043089625 0.02592893125 0.9950697458333334 0.056743025 0.9950697458333334 0.035699253125000004 0.04108545833333333
0 0.071774290625 0.043089625 0.0447180125 0.04509379583333333 0.065010221875 0.9940676624999999 0.092066496875 0.998076 0.071774290625 0.043089625
0 0.103339946875 0.0360750375 0.078538359375 0.042087541666666665 0.10108525625 0.9960718291666667 0.127389971875 0.9940676624999999 0.103339946875 0.0360750375
0 0.141669671875 0.1152397 0.11235870625 0.1142376125 0.13716029375 0.9940676624999999 0.16872594999999999 0.9940676624999999 0.141669671875 0.1152397
0 0.21306818125000002 0.040083375000000004 0.152191559375 0.0470979625 0.179247834375 0.9950697458333334 0.24463383749999998 0.9950697458333334 0.21306818125000002 0.040083375000000004
0 0.28747294375 0.038079204166666665 0.22434163125 0.043089625 0.255155725 0.9950697458333334 0.3182870375 0.9950697458333334 0.28747294375 0.038079204166666665
0 0.31152296874999996 0.0551146375 0.294988575 0.0551146375 0.32505110625 0.998076 0.339330809375 0.998076 0.31152296874999996 0.0551146375
0 0.335572990625 0.0511063 0.317535475 0.05311047083333333 0.346094878125 0.9950697458333334 0.36187770625 0.9950697458333334 0.335572990625 0.0511063
0 0.385176165625 0.0390812875 0.346094878125 0.043089625 0.371648028125 0.9970739125 0.41373556875000006 0.9970739125 0.385176165625 0.0390812875
0 0.43402777812500004 0.043089625 0.395698053125 0.04910213333333333 0.42350589375 0.9960718291666667 0.46484187187500003 0.9920634916666666 0.43402777812500004 0.043089625
0 0.45732623749999995 0.043089625 0.442294975 0.0440917125 0.47085437812500003 0.9970739125 0.485885640625 0.9970739125 0.45732623749999995 0.043089625
0 0.47386063125 0.043089625 0.46409030625 0.04509379583333333 0.49114658437500003 0.998076 0.5024200343749999 0.998076 0.47386063125 0.043089625
0 0.51219035625 0.05311047083333333 0.485885640625 0.0551146375 0.51143879375 0.9970739125 0.5362403812500001 0.9970739125 0.51219035625 0.05311047083333333
0 0.53774350625 0.046095879166666666 0.5174513000000001 0.050104216666666666 0.5437560125 0.9960718291666667 0.56404821875 0.9950697458333334 0.53774350625 0.046095879166666666
0 0.567054471875 0.0470979625 0.546762265625 0.04910213333333333 0.570060725 0.9960718291666667 0.5948623125 0.9970739125 0.567054471875 0.0470979625
0 0.620415465625 0.1463043125 0.582837303125 0.14830848333333335 0.6001232562500001 0.9940676624999999 0.63694985625 0.9960718291666667 0.620415465625 0.1463043125
0 0.66776395 0.15031265 0.632440475 0.14931056666666667 0.643713925 0.9950697458333334 0.680540525 0.9940676624999999 0.66776395 0.15031265
0 0.697826478125 0.05311047083333333 0.67452801875 0.05711880833333333 0.689559284375 0.9930655749999999 0.710603053125 0.990059325 0.697826478125 0.05311047083333333
0 0.720373378125 0.05411255416666667 0.706093675 0.05611672083333333 0.7181186875 0.9940676624999999 0.73690776875 0.9930655749999999 0.720373378125 0.05411255416666667
0 0.7677218625 0.16434182916666668 0.7331499531250001 0.16734808333333331 0.7444234 0.9950697458333334 0.78125 0.9930655749999999 0.7677218625 0.16434182916666668
0 0.79928751875 0.2645502625 0.7804984375 0.2695606875 0.78876563125 0.9950697458333334 0.814318784375 0.9950697458333334 0.79928751875 0.2645502625
0 0.86166726875 0.9940676624999999 0.8383688062499999 0.13327721666666667 0.8045484593750001 0.13427930000000002 0.805300025 0.14430014583333334 0.820331290625 0.9970739125 0.86166726875 0.9940676624999999
0 0.860164140625 0.06613756666666666 0.840623496875 0.06413339583333334 0.867679775 0.9960718291666667 0.8909782343750001 0.998076 0.860164140625 0.06613756666666666
0 0.8857172906249999 0.06814173333333334 0.8699344625000001 0.06814173333333334 0.89473605 0.9960718291666667 0.9180345125 0.9960718291666667 0.8857172906249999 0.06814173333333334
0 0.92555014375 0.18338143333333334 0.9022516843749999 0.18338143333333334 0.92404701875 0.9960718291666667 0.9450907875000001 0.9930655749999999 0.92555014375 0.18338143333333334
0 0.953357984375 0.9970739125 0.9939424000000001 0.9970739125 0.955612675 0.06613756666666666 0.916531384375 0.07215007083333333 0.9195376375000001 0.17336059166666665 0.9300595250000001 0.17235850416666668 0.953357984375 0.9970739125