4 0.169553125 0.9033984374999999 0.17176093750000002 0.9031671875 0.06579531250000001 0.39048125 0.028984375 0.3943 0.13874999999999998 0.9076281249999999 0.14106093749999998 0.9083781249999999 0.15156875 0.9092578124999999 0.157353125 0.9076578124999999 0.169553125 0.9033984374999999
4 0.10980625 0.3847140625 0.06589843749999999 0.3914625 0.17438125 0.906859375 0.182153125 0.9100109375000001 0.1894078125 0.90825625 0.2031828125 0.904825 0.2085546875 0.8993 0.10980625 0.3847140625
4 0.21139531250000002 0.898009375 0.2414625 0.89385625 0.15335000000000001 0.40195781249999996 0.1167359375 0.4079453125 0.21139531250000002 0.898009375
4 0.244921875 0.898453125 0.275828125 0.8952046875 0.1880390625 0.3972203125 0.1526890625 0.40317499999999995 0.244921875 0.898453125
4 0.1875984375 0.3955375 0.277196875 0.89406875 0.2989390625 0.8918109375000001 0.2147234375 0.39169375 0.1964296875 0.39460937500000004 0.1875984375 0.3955375
4 0.242734375 0.3881984375 0.2154578125 0.39161718749999996 0.30252500000000004 0.8943828125 0.3072640625 0.8899171875 0.3123125 0.88839375 0.320715625 0.8904875000000001 0.3269125 0.8928125 0.242734375 0.3881984375
4 0.32670625000000003 0.89085 0.3527703125 0.8910859375 0.2892578125 0.4354484375 0.2532 0.4392390625 0.32670625000000003 0.89085
4 0.3268890625 0.4324859375 0.29009687500000003 0.436353125 0.3569375 0.9094984374999999 0.3923078125 0.9081828125 0.3268890625 0.4324859375
4 0.40629687499999995 0.87653125 0.43762968750000003 0.8702624999999999 0.368290625 0.4370625 0.3294953125 0.44312500000000005 0.40629687499999995 0.87653125
4 0.44169375000000005 0.8876921875000001 0.47575 0.886096875 0.41105937499999995 0.4405046875 0.37479687500000003 0.44233124999999995 0.44169375000000005 0.8876921875000001
4 0.47857656249999997 0.8917531249999999 0.5100125 0.8864640625 0.4493609375 0.366040625 0.41431562499999997 0.370165625 0.47857656249999997 0.8917531249999999
4 0.517315625 0.913475 0.549384375 0.9071281250000001 0.49223906250000005 0.3641578125 0.4556609375 0.369346875 0.517315625 0.913475
4 0.5488953125 0.8883296875 0.5702359375 0.8860875 0.5213593750000001 0.3644265625 0.49539687499999996 0.3651703125 0.5488953125 0.8883296875
4 0.5515296875 0.3612546875 0.5199906249999999 0.3655625 0.5740046875 0.893628125 0.6000671875 0.8918015625000001 0.5515296875 0.3612546875
4 0.582553125 0.3520421875 0.551646875 0.35529062499999997 0.60081875 0.8868421874999999 0.628575 0.881940625 0.582553125 0.3520421875
4 0.617875 0.34832968750000004 0.5878078125 0.35248124999999997 0.631828125 0.8845750000000001 0.6611234375 0.88101875 0.617875 0.34832968750000004
4 0.66325 0.8862328125 0.6909046875 0.88035 0.6536546875 0.342828125 0.6229218750000001 0.34680625 0.66325 0.8862328125
4 0.6851625 0.3372890625 0.656771875 0.3432484375 0.6950984375 0.8848687500000001 0.7220171875 0.8790640625 0.6851625 0.3372890625
4 0.7254765625 0.8836609375 0.7600625 0.8800250000000001 0.72883125 0.38075000000000003 0.69031875 0.38635156249999997 0.7254765625 0.8836609375
4 0.7604875 0.8770046875 0.79213125 0.873678125 0.7705765625 0.37308906249999996 0.7320562500000001 0.3799796875 0.7604875 0.8770046875
4 0.8144546874999999 0.32865937500000003 0.7732453125000001 0.332990625 0.797796875 0.87804375 0.8357531249999999 0.871078125 0.8144546874999999 0.32865937500000003
4 0.8637578124999999 0.323478125 0.818134375 0.3282734375 0.8385796875 0.8767328125 0.8785796875 0.8712562500000001 0.8637578124999999 0.323478125
4 0.8807296875 0.8742875 0.9104734375 0.8741375 0.903740625 0.31654218749999996 0.87080625 0.3197609375 0.8807296875 0.8742875
4 0.9392421875 0.3125671875 0.9061281250000001 0.3160484375 0.912784375 0.8748859375 0.9419187499999999 0.87441875 0.9392421875 0.3125671875