5 0.1485724625 0.24106030833333333 0.0931285625 0.24419981249999997 0.17964911249999999 0.8744916875000001 0.22848385625 0.8697557666666668 0.1485724625 0.24106030833333333
5 0.20894995624999999 0.2434282875 0.15212406875 0.2493482125 0.230259659375 0.8780436708333333 0.279982334375 0.8721237291666667 0.20894995624999999 0.2434282875
5 0.28619767500000004 0.8804116291666666 0.3294566875 0.8705018958333334 0.26400004374999997 0.24698022916666668 0.214277428125 0.25171617083333336 0.28619767500000004 0.8804116291666666
5 0.3177379375 0.24680397916666666 0.266663778125 0.25408413333333335 0.332368684375 0.8839635333333333 0.37853969374999996 0.8804116291666666 0.3177379375 0.24680397916666666
5 0.38297923125 0.8886995333333334 0.44424460000000005 0.88514755 0.395409915625 0.2848677 0.32792914687499997 0.29197162083333333 0.38297923125 0.8886995333333334
5 0.43447765 0.30381146666666664 0.431814034375 0.32275518750000004 0.42204708750000003 0.32867512916666664 0.41139214687500003 0.32867512916666664 0.40695266874999997 0.33222707083333336 0.4564098125 0.8965435625 0.516164846875 0.8863315708333332 0.469105965625 0.29078764166666665 0.437141384375 0.29315560416666664 0.43447765 0.30381146666666664
5 0.5250439250000001 0.29907554166666667 0.47620918124999995 0.30262748333333334 0.5259317968749999 0.8993553958333333 0.572102925 0.8969873541666666 0.5250439250000001 0.29907554166666667
5 0.5543447718750001 0.27776381666666666 0.534810871875 0.28131575833333333 0.6236012843750001 0.9218510625 0.640471565625 0.9182990791666668 0.5543447718750001 0.27776381666666666
5 0.5809818812499999 0.2872357 0.5783181468749999 0.2872357 0.571214934375 0.2872357 0.5618785625 0.2871685625 0.6466867875 0.9182990791666668 0.668884421875 0.9100111791666666 0.5809818812499999 0.2872357
5 0.6155895 0.2676373125 0.583645615625 0.274211875 0.672436028125 0.9123792166666667 0.702624865625 0.906459275 0.6155895 0.2676373125
5 0.660511375 0.2676373125 0.629816625 0.2765798375 0.71416755625 0.9194831 0.747020009375 0.9135631583333333 0.660511375 0.2676373125
5 0.7142223125 0.2832623125 0.668884421875 0.29315560416666664 0.753235353125 0.9289549416666667 0.796742625 0.9182990791666668 0.7142223125 0.2832623125
5 0.7274861125000001 0.2943395833333333 0.8020700968750001 0.9372428458333334 0.849129096875 0.9254030416666666 0.770105515625 0.2824997375 0.7274861125000001 0.2943395833333333