6 0 0.2573578125 0.00188125 0.3133953125 0.0445015625 0.8319796875 0.0729140625 0.8319796875 0.026721875 0.23378281250000002 0 0.2340609375 0 0.2573578125
6 0.0746890625 0.8367156250000001 0.104846875 0.83404375 0.057820312500000005 0.2305171875 0.027631250000000003 0.23170000000000002 0.0746890625 0.8367156250000001
6 0.10289375 0.29888750000000003 0.06225937499999999 0.2991875 0.1057671875 0.8343484374999999 0.14039531249999998 0.8296125 0.10289375 0.29888750000000003
6 0.14483437500000002 0.8296125 0.1771125 0.82623125 0.14128281250000002 0.29800312500000004 0.1075421875 0.2991875 0.14483437500000002 0.8296125
6 0.1761359375 0.2702421875 0.14128281250000002 0.270771875 0.1794625 0.8296125 0.214090625 0.82724375 0.1761359375 0.2702421875
6 0.2158671875 0.82724375 0.249378125 0.82623125 0.214090625 0.2695875 0.1776875 0.27195625 0.2158671875 0.82724375
6 0.22119375 0.27787656250000003 0.254046875 0.8165890625 0.26558906250000003 0.8189562499999999 0.28157187499999997 0.8189562499999999 0.2940015625 0.8142203125 0.2993296875 0.8106687499999999 0.27713125 0.27787656250000003 0.22119375 0.27787656250000003
6 0.317975 0.8118531250000001 0.33218281250000004 0.8130359374999999 0.343725 0.8106687499999999 0.3481640625 0.8083 0.33129375 0.28024375 0.2797953125 0.28142812500000003 0.3069953125 0.81060625 0.317975 0.8118531250000001
6 0.3765765625 0.292084375 0.33218281250000004 0.2932671875 0.3526046875 0.8189562499999999 0.3943359375 0.817771875 0.3765765625 0.292084375
6 0.392559375 0.8248765625000001 0.4280765625 0.8236921875000001 0.41298124999999997 0.2660359375 0.37480156249999996 0.2672203125 0.392559375 0.8248765625000001
6 0.4298515625 0.82724375 0.46536718749999995 0.828428125 0.45027343750000004 0.2672203125 0.41386874999999995 0.2672203125 0.4298515625 0.82724375
6 0.5248578125 0.22459687499999997 0.45347968749999995 0.2272734375 0.4715828125 0.82724375 0.5355125000000001 0.8248765625000001 0.5248578125 0.22459687499999997
6 0.5381765625 0.8248765625000001 0.6058234375 0.8236265625 0.6021046875 0.2234125 0.5310734375 0.22459687499999997 0.5381765625 0.8248765625000001
6 0.6819953125 0.21295000000000003 0.6083203125 0.21630937499999997 0.6118718750000001 0.8236921875000001 0.6749125 0.8248765625000001 0.6819953125 0.21295000000000003
6 0.6811281250000001 0.820140625 0.72008125 0.8197203125 0.7264109375000001 0.23762031249999999 0.6855687500000001 0.2399890625 0.6811281250000001 0.820140625
6 0.79820625 0.22857500000000003 0.784125 0.22578125 0.762815625 0.22814843749999997 0.7379546875 0.2305171875 0.7299640625 0.8331640625000001 0.7370671875 0.8355328125 0.7601515625 0.8414515625 0.775246875 0.8331640625000001 0.79820625 0.22857500000000003
6 0.776134375 0.8154046875000001 0.8089875 0.8118531250000001 0.8285203125 0.25182812499999996 0.79566875 0.2530125 0.776134375 0.8154046875000001
6 0.8125390625 0.8118531250000001 0.8499640625 0.8093046875000001 0.871140625 0.25064375 0.831184375 0.2530125 0.8125390625 0.8118531250000001
6 0.925159375 0.24810625000000003 0.88001875 0.2494609375 0.8542703125 0.8106687499999999 0.8933375 0.8118531250000001 0.925159375 0.24810625000000003
6 0.8960015625000001 0.809484375 0.9350687499999999 0.809484375 0.968809375 0.2482765625 0.927965625 0.2482765625 0.8960015625000001 0.809484375