4 0.77104375 0.8796390625000001 0.7732281249999999 0.8379640625 0.1405515625 0.78435625 0.1350984375 0.820525 0.77104375 0.8796390625000001
4 0.77095625 0.8360671875 0.772096875 0.7916703125 0.1411 0.7438906249999999 0.13714375 0.7815109375 0.77095625 0.8360671875
4 0.157259375 0.6465296875 0.1523796875 0.73963125 0.7699640624999999 0.7871125 0.7777984375 0.6863140624999999 0.157259375 0.6465296875
4 0.7851859375 0.677659375 0.787215625 0.5710703125000001 0.1546515625 0.5379203125 0.1478171875 0.6405859375 0.7851859375 0.677659375
4 0.1616109375 0.49560624999999997 0.15970625 0.5319609375 0.7899046875 0.5649875 0.7899796875 0.5285328125000001 0.1616109375 0.49560624999999997
4 0.7907203125 0.5267984375 0.7926265625 0.49044375 0.16124531250000002 0.45735468749999997 0.1581578125 0.49364687500000004 0.7907203125 0.5267984375
4 0.791815625 0.48328906250000003 0.794903125 0.44699687499999996 0.16581875 0.4215 0.1626140625 0.4538703125 0.791815625 0.48328906250000003
4 0.169878125 0.383121875 0.16692968749999998 0.41675312499999995 0.796271875 0.44351250000000003 0.7969484375 0.40798281249999996 0.169878125 0.383121875
4 0.17136562500000002 0.354746875 0.171153125 0.381409375 0.7864921875 0.40387812500000003 0.789346875 0.37201875 0.17136562500000002 0.354746875
4 0.1743125 0.321115625 0.1728265625 0.3494890625 0.7954453125 0.3687828125 0.79604375 0.338159375 0.1743125 0.321115625
4 0.1740859375 0.280203125 0.169815625 0.316434375 0.7972109374999999 0.3350875 0.7969921875 0.29518125 0.1740859375 0.280203125
4 0.79830625 0.291578125 0.799121875 0.25338906250000004 0.176471875 0.24310312500000003 0.176496875 0.279440625 0.79830625 0.291578125
4 0.2190734375 0.19098125 0.21552031249999998 0.236140625 0.80171875 0.2490796875 0.8047046874999999 0.1977953125 0.2190734375 0.19098125
4 0.8033250000000001 0.195815625 0.8047437499999999 0.1461 0.21954687499999997 0.14268125 0.21684687500000002 0.18819687499999999 0.8033250000000001 0.195815625
4 0.2243703125 0.0898984375 0.2231828125 0.1351828125 0.8061125 0.142615625 0.8090265625 0.0904515625 0.2243703125 0.0898984375