5 0.162331825 0.320457175 0.131488375 0.31828703750000004 0.110803803125 0.7089120375 0.14389021562499998 0.7089120375 0.162331825 0.320457175
5 0.195960634375 0.3190104166666667 0.167838203125 0.31828703750000004 0.14822941875 0.7089120375 0.18185823125 0.7081886583333333 0.195960634375 0.3190104166666667
5 0.23121665 0.32118055416666663 0.205815634375 0.320457175 0.188367034375 0.7081886583333333 0.21602944375000002 0.7074652791666666 0.23121665 0.32118055416666663
5 0.244234253125 0.7074652791666666 0.259963859375 0.32262731666666666 0.235112509375 0.32335069583333337 0.23392865000000002 0.3255208333333333 0.22145344687500002 0.7074652791666666 0.244234253125 0.7074652791666666
5 0.28545666875000003 0.28356481666666666 0.26223924374999996 0.28356481666666666 0.24531905312500002 0.7081886583333333 0.2713542625 0.7067419 0.28545666875000003 0.28356481666666666
5 0.31691588125000003 0.28356481666666666 0.29207865312500003 0.28284143333333334 0.278405465625 0.7052951375000001 0.305525475 0.7074652791666666 0.31691588125000003 0.28356481666666666
5 0.342951090625 0.7038483791666666 0.35271429374999996 0.3146701375 0.329391084375 0.3125 0.324088203125 0.3146701375 0.310407078125 0.7038483791666666 0.3364422875 0.7052951375000001 0.342951090625 0.7038483791666666
5 0.3684439 0.7067419 0.376037503125 0.703125 0.381461503125 0.3146701375 0.35705349375 0.3125 0.354470146875 0.31322337916666665 0.346205490625 0.7045717583333333 0.35162949375 0.7060185166666667 0.3684439 0.7067419
5 0.4031575125 0.3190104166666667 0.38702223125 0.31756365833333333 0.379291903125 0.7038483791666666 0.399360709375 0.7052951375000001 0.4031575125 0.3190104166666667
5 0.42214151875 0.30671296249999996 0.40438334062500003 0.3081597208333333 0.40261511250000004 0.7045717583333333 0.42159911875 0.703125 0.42214151875 0.30671296249999996
5 0.464448734375 0.2958622666666667 0.43096754375 0.2951388875 0.428650321875 0.703125 0.462279134375 0.7024016208333334 0.464448734375 0.2958622666666667
5 0.5051895531249999 0.2951388875 0.5008503531249999 0.29369212916666665 0.486747946875 0.29296875 0.47220018125 0.29369212916666665 0.46722154062500004 0.7009548624999999 0.505731953125 0.7016782416666667 0.5051895531249999 0.2951388875
5 0.5323095624999999 0.7024016208333334 0.5317671625 0.3146701375 0.508986521875 0.3132829958333333 0.51007115625 0.7016782416666667 0.5323095624999999 0.7024016208333334
5 0.555632771875 0.31394675833333335 0.5345916749999999 0.31394675833333335 0.534479165625 0.703125 0.558887171875 0.703125 0.555632771875 0.31394675833333335
5 0.588719184375 0.7024016208333334 0.58275278125 0.29803240833333333 0.5617184125 0.2973090291666667 0.560514375 0.29875578750000004 0.565395975 0.7009548624999999 0.588719184375 0.7024016208333334
5 0.61041519375 0.29441550833333335 0.589930215625 0.29441550833333335 0.5941431875000001 0.7016782416666667 0.61800879375 0.7009548624999999 0.61041519375 0.29441550833333335
5 0.637535203125 0.29441550833333335 0.6138017437500001 0.29441550833333335 0.6207207968749999 0.7002314833333333 0.64621360625 0.7002314833333333 0.637535203125 0.29441550833333335
5 0.64621360625 0.6351273166666667 0.64892560625 0.7002314833333333 0.671706415625 0.7009548624999999 0.6624856125 0.29441550833333335 0.6391624031250001 0.2951388875 0.6391624031250001 0.3551794 0.640789603125 0.45066550833333335 0.64621360625 0.6351273166666667
5 0.691775221875 0.300925925 0.665885078125 0.30020254583333333 0.675503215625 0.7009548624999999 0.704792828125 0.6995081 0.691775221875 0.300925925
5 0.724319234375 0.2973090291666667 0.6984371625 0.2973090291666667 0.705877628125 0.6980613416666667 0.739506440625 0.6987847208333334 0.724319234375 0.2973090291666667
5 0.7557784468750001 0.285011575 0.7320743125 0.28356481666666666 0.7471000437499999 0.6958912041666667 0.7709656500000001 0.6980613416666667 0.7557784468750001 0.285011575
5 0.775304853125 0.6958912041666667 0.797000859375 0.6973379625 0.7812712562499999 0.2864583333333333 0.759743584375 0.285011575 0.761744846875 0.285011575 0.757405646875 0.28356481666666666 0.775304853125 0.6958912041666667
5 0.8003666468749999 0.28573495416666667 0.7863277875 0.28573495416666667 0.803078646875 0.6951678250000001 0.8171810531249999 0.6958912041666667 0.8003666468749999 0.28573495416666667
5 0.8426738625000001 0.6951678250000001 0.82206265625 0.27922453750000004 0.8171810531249999 0.27922453750000004 0.8058590375 0.27850115833333333 0.8264018562500001 0.6944444458333333 0.835622659375 0.6958912041666667 0.8426738625000001 0.6951678250000001
5 0.8421314625 0.27850115833333333 0.82484775 0.27850115833333333 0.8443010624999999 0.6958912041666667 0.8616578687500001 0.6951678250000001 0.8421314625 0.27850115833333333
5 0.8556914687500001 0.2907986125 0.844379 0.2900752333333333 0.864369871875 0.6944444458333333 0.8773874749999999 0.6929976833333333 0.8556914687500001 0.2907986125
5 0.903965084375 0.6951678250000001 0.880099475 0.2886284708333333 0.860112509375 0.28935185 0.8584034687500001 0.2900752333333333 0.880099475 0.6929976833333333 0.903965084375 0.6951678250000001