5 0.197120903125 0.9516059041666666 0.20607050624999998 0.9483506958333333 0.229664915625 0.29296875 0.2215289125 0.2897135416666667 0.20118890625 0.2875434041666667 0.16783129375 0.2864583333333333 0.13284648125 0.2875434041666667 0.110155740625 0.2853732625 0.11169287187500002 0.2875434041666667 0.08972566562499999 0.9505208333333334 0.197120903125 0.9516059041666666
5 0.2882441375 0.3255208333333333 0.23059845 0.32335069583333337 0.21908811250000002 0.9548611124999999 0.278480934375 0.9526909708333334 0.2882441375 0.3255208333333333
5 0.31834735 0.3146701375 0.2940750125 0.3146701375 0.28336253437500003 0.9505208333333334 0.30939774375 0.9494357625000001 0.31834735 0.3146701375
5 0.347636959375 0.3168402791666667 0.322558084375 0.3146701375 0.31021134687499996 0.9494357625000001 0.33787375625 0.9494357625000001 0.347636959375 0.3168402791666667
5 0.387503375 0.36024305416666663 0.349413553125 0.3580729166666667 0.335432953125 0.9505208333333334 0.378553771875 0.9505208333333334 0.387503375 0.36024305416666663
5 0.432251390625 0.361328125 0.393358865625 0.361328125 0.38099457187499997 0.9526909708333334 0.4241153875 0.9537760416666666 0.432251390625 0.361328125
5 0.47455860625 0.9537760416666666 0.48350820937499994 0.3754340291666667 0.45503220000000005 0.3732638875 0.43811798125 0.3743489583333333 0.43713299375 0.4524739583333333 0.4281833875 0.9537760416666666 0.47455860625 0.9537760416666666
5 0.524188225 0.37977430416666663 0.48676260937500004 0.3765190958333333 0.47699940625000004 0.9537760416666666 0.518493021875 0.9548611124999999 0.524188225 0.37977430416666663
5 0.567309040625 0.38194444583333337 0.530697025 0.3776041666666667 0.525001825 0.9559461791666667 0.5616138375 0.9537760416666666 0.567309040625 0.38194444583333337
5 0.59659865 0.4123263875 0.568326315625 0.41124132083333337 0.5624274375 0.9353298624999999 0.59334425 0.9353298624999999 0.59659865 0.4123263875
5 0.6323970625 0.9309895833333334 0.637278665625 0.4155815958333333 0.6016922 0.4134114583333333 0.59659865 0.9320746541666666 0.6258882625 0.9331597208333334 0.6323970625 0.9309895833333334
5 0.667381875 0.4166666666666667 0.639127096875 0.4166666666666667 0.636465065625 0.9342447916666666 0.664941075 0.9342447916666666 0.667381875 0.4166666666666667
5 0.7023666875 0.4155815958333333 0.673306784375 0.4155815958333333 0.669822678125 0.9385850708333333 0.6991122875 0.9375 0.7023666875 0.4155815958333333
5 0.722706696875 0.458984375 0.705045065625 0.458984375 0.704807490625 0.9407552083333334 0.719452296875 0.9407552083333334 0.722706696875 0.458984375
5 0.740605903125 0.458984375 0.72620391875 0.45789930416666663 0.7218930968749999 0.9396701375000001 0.738978703125 0.9418402791666666 0.740605903125 0.458984375
5 0.812202728125 0.3515625 0.759569803125 0.35047742916666663 0.75118270625 0.9592013875000001 0.808134728125 0.9592013875000001 0.812202728125 0.3515625
5 0.873285909375 0.3548177083333333 0.8189773562499999 0.35264757083333337 0.8155202906250001 0.9613715291666666 0.8724723093750001 0.9613715291666666 0.873285909375 0.3548177083333333