5 0.18123832812500001 0.24827633333333335 0.143946396875 0.24590837499999998 0.1261883 0.8319804000000001 0.1670319 0.8307963791666667 0.18123832812500001 0.24827633333333335
5 0.2318004375 0.3184185625 0.18478999375 0.3169474125 0.16880770312499999 0.8307963791666667 0.2149787125 0.8296124416666667 0.2318004375 0.3184185625
5 0.217642446875 0.8296124416666667 0.262073875 0.8301373125 0.27535620625 0.3240512916666667 0.2336247375 0.32049935416666664 0.217642446875 0.8296124416666667
5 0.318863540625 0.260116175 0.28956269375 0.2565642375 0.262925584375 0.8331644208333333 0.29045062499999996 0.8343483625 0.318863540625 0.260116175
5 0.36168325 0.2598248125 0.33484583125 0.2553802375 0.293114303125 0.8355323833333334 0.32063934375 0.8355323833333334 0.36168325 0.2598248125
5 0.3295183625 0.8225085583333333 0.339285309375 0.8248765208333333 0.381904771875 0.2956356875 0.373913625 0.293267725 0.3295183625 0.8225085583333333
5 0.341949046875 0.8236925 0.3685191875 0.8262310625 0.40942981562499997 0.2968196666666667 0.38368057499999997 0.29445170416666666 0.341949046875 0.8236925
5 0.4271129375 0.2962831458333334 0.41830883124999996 0.2956356875 0.372137821875 0.8236925 0.384568446875 0.8236925 0.4271129375 0.2962831458333334
5 0.38368057499999997 0.8248765208333333 0.4134410625 0.8275331458333334 0.45293708749999995 0.2991876666666667 0.430739515625 0.2968196666666667 0.38368057499999997 0.8248765208333333
5 0.4857066875 0.2676373125 0.458264559375 0.2672200791666667 0.412981421875 0.8296124416666667 0.43961853125 0.8319804000000001 0.4857066875 0.2676373125
5 0.44139433749999996 0.8319804000000001 0.468919378125 0.8331644208333333 0.513314584375 0.2684040583333333 0.48667747187500005 0.2672200791666667 0.44139433749999996 0.8319804000000001
5 0.47069518125 0.8319804000000001 0.496448875 0.8353456458333334 0.538175953125 0.2684040583333333 0.515090446875 0.2660361 0.47069518125 0.8319804000000001
5 0.54918325 0.3184185625 0.539063825 0.31813139166666665 0.498220284375 0.8331644208333333 0.5124267125 0.8355323833333334 0.54918325 0.3184185625
5 0.5142024562499999 0.8331644208333333 0.5286754375 0.8353456458333334 0.5621493281250001 0.31931537083333333 0.552382378125 0.31813139166666665 0.5142024562499999 0.8331644208333333
5 0.6321910625 0.3040956458333334 0.565700934375 0.29800364583333333 0.5310727375 0.8296124416666667 0.601217121875 0.8367163208333334 0.6321910625 0.3040956458333334
5 0.6083203375 0.8272444791666668 0.6810191875 0.8353456458333334 0.7077656875 0.30510756666666666 0.64028491875 0.30037164583333337 0.6083203375 0.8272444791666668
5 0.697110865625 0.8367163208333334 0.7298473125 0.8353456458333334 0.7486092249999999 0.2589321958333333 0.716644765625 0.2589321958333333 0.697110865625 0.8367163208333334
5 0.7699189875 0.16658145416666667 0.75660043125 0.16421349166666666 0.740618140625 0.8438202041666667 0.753936696875 0.8426362624999999 0.7699189875 0.16658145416666667
5 0.7874645 0.16737689583333332 0.774358465625 0.16658145416666667 0.75660043125 0.8414522416666668 0.772582721875 0.8426362624999999 0.7874645 0.16737689583333332
5 0.774358465625 0.8367163208333334 0.8060191874999999 0.8353456458333334 0.810762525 0.34062709583333334 0.7850134062499999 0.3370751166666667 0.774358465625 0.8367163208333334
5 0.8353160624999999 0.3392518958333334 0.81431425 0.3370751166666667 0.806323046875 0.8307963791666667 0.8294085499999999 0.8307963791666667 0.8353160624999999 0.3392518958333334