0 0.16271344375000002 0 0.11085557812499999 0.0020041666666666667 0.09883056875 0.9960718291666667 0.15068843125 0.9960718291666667 0.16271344375000002 0
0 0.21832912499999999 0.0040083375 0.17173220312499998 0.006012504166666667 0.1574525 0.9970739125 0.20329785937499997 0.9970739125 0.21832912499999999 0.0040083375
0 0.266429171875 0.006012504166666667 0.22359006875 0.005010420833333334 0.21081349062500002 0.9970739125 0.25139790624999997 0.9920634916666666 0.266429171875 0.006012504166666667
0 0.31528078437499996 0.005010420833333334 0.27544793125 0.007014591666666667 0.25741041249999996 0.998076 0.297994828125 0.9960718291666667 0.31528078437499996 0.005010420833333334
0 0.3551136375 0.21745230000000002 0.364132396875 0.0040083375 0.327305796875 0.007014591666666667 0.30551046249999997 0.9990780833333334 0.340833934375 0.9960718291666667 0.3551136375 0.21745230000000002
0 0.39945586875 0.22647105833333334 0.36037457812499996 0.22446689166666667 0.34985269375 0.9940676624999999 0.391188671875 0.9910614083333333 0.39945586875 0.22647105833333334
0 0.4437981 0.23047939583333335 0.410729315625 0.23248356666666667 0.39795274062499997 0.9970739125 0.433276215625 0.9940676624999999 0.4437981 0.23047939583333335
0 0.4926497125 0.0040083375 0.454319984375 0.005010420833333334 0.43703403124999995 0.9960718291666667 0.47611531874999996 0.9940676624999999 0.4926497125 0.0040083375
0 0.533985690625 0.0040083375 0.49941378125 0.006012504166666667 0.48287939062499996 0.9960718291666667 0.516699734375 0.9960718291666667 0.533985690625 0.0040083375
0 0.5663029093749999 0.09319384166666667 0.539246634375 0.09419592916666668 0.52421536875 0.9990780833333334 0.55127164375 0.998076 0.5663029093749999 0.09319384166666667
0 0.59937169375 0.09419592916666668 0.5738185437500001 0.09620009583333333 0.558787278125 0.9990780833333334 0.583588865625 0.9970739125 0.59937169375 0.09419592916666668
0 0.633943603125 0.2134439625 0.603881071875 0.21444604583333332 0.590352934375 0.998076 0.62342171875 0.9990780833333334 0.633943603125 0.2134439625
0 0.689559284375 0.0040083375 0.647471740625 0.008016675 0.6301857875 0.9960718291666667 0.678285834375 0.9960718291666667 0.689559284375 0.0040083375
0 0.722628065625 0.006012504166666667 0.69857804375 0.005010420833333334 0.6827952125000001 0.9970739125 0.71360930625 0.9970739125 0.722628065625 0.006012504166666667
0 0.7669702968750001 0.0040083375 0.731646825 0.007014591666666667 0.7196218125 0.9950697458333334 0.7564484125 0.9960718291666667 0.7669702968750001 0.0040083375
0 0.8165734718750001 0.21645021666666667 0.772231240625 0.21645021666666667 0.76321248125 0.9970739125 0.8105609656249999 0.9960718291666667 0.8165734718750001 0.21645021666666667
0 0.8661766468750001 0.2134439625 0.82484066875 0.21444604583333332 0.8180766 0.998076 0.86166726875 0.9960718291666667 0.8661766468750001 0.2134439625
0 0.910518878125 0.21945647083333333 0.87444384375 0.21945647083333333 0.8699344625000001 0.9990780833333334 0.9052579375 0.9990780833333334 0.910518878125 0.21945647083333333
0 0.934568903125 0.006012504166666667 0.9172829468750001 0.0040083375 0.9142766968749999 0.9960718291666667 0.9360720312499999 0.9960718291666667 0.934568903125 0.006012504166666667
0 0.970643940625 0.005010420833333334 0.9503517312499999 0.0040083375 0.9405814093749999 0.9940676624999999 0.9683892500000001 0.9940676624999999 0.970643940625 0.005010420833333334
0 0.996948653125 0.05812089166666667 0.97590488125 0.05711880833333333 0.9781595718749999 0.9950697458333334 0.99845178125 0.9940676624999999 0.996948653125 0.05812089166666667