6 0.018006249999999998 0.78291875 0.0684109375 0.7796671875000001 0.0423953125 0.268046875 0.000934375 0.27563593750000004 0 0.3461015625 0.018006249999999998 0.78291875
6 0.06353281250000001 0.14339375000000001 0.0245109375 0.14339375000000001 0.067596875 0.806765625 0.0984890625 0.8024296874999999 0.06353281250000001 0.14339375000000001
6 0.09035937499999999 0.1412265625 0.06271875 0.14339375000000001 0.088734375 0.8056812499999999 0.12775625 0.7948421875 0.09035937499999999 0.1412265625
6 0.118 0.13580625 0.089546875 0.14231093749999998 0.1196265625 0.8056812499999999 0.1537703125 0.8024296874999999 0.118 0.13580625
6 0.1545828125 0.14772968749999998 0.116375 0.14772968749999998 0.145640625 0.814353125 0.1822234375 0.8197734375 0.1545828125 0.14772968749999998
6 0.18141093749999998 0.1488140625 0.1529578125 0.1553171875 0.1805984375 0.8024296874999999 0.2082390625 0.806765625 0.18141093749999998 0.1488140625
6 0.2090515625 0.14556249999999998 0.178971875 0.14339375000000001 0.20173437500000002 0.808934375 0.245634375 0.8035140625 0.2090515625 0.14556249999999998
6 0.245634375 0.1488140625 0.210678125 0.14447812499999999 0.2480734375 0.8186890625000001 0.2814046875 0.8132703125 0.245634375 0.1488140625
6 0.2724625 0.24636874999999997 0.24482187500000002 0.245284375 0.278153125 0.8100171875 0.30579375 0.8035140625 0.2724625 0.24636874999999997
6 0.3106703125 0.24853593749999997 0.27490156250000003 0.24853593749999997 0.31229687500000003 0.8121859375 0.3480671875 0.8056812499999999 0.3106703125 0.24853593749999997
6 0.3480671875 0.2517890625 0.3090453125 0.2517890625 0.3480671875 0.8121859375 0.3838375 0.8002625 0.3480671875 0.2517890625
6 0.391153125 0.256125 0.3440015625 0.255040625 0.38627500000000003 0.8035140625 0.422859375 0.8024296874999999 0.391153125 0.256125
6 0.4220453125 0.2593765625 0.38465 0.2572078125 0.4293625 0.8100171875 0.46675781250000004 0.80785 0.4220453125 0.2593765625
6 0.4448078125 0.21059843749999999 0.4155421875 0.22035468749999998 0.47000937499999995 0.806765625 0.49358593749999996 0.8121859375 0.4448078125 0.21059843749999999
6 0.47244843750000004 0.217103125 0.44806093750000003 0.22035468749999998 0.49358593749999996 0.8132703125 0.5114703125 0.8056812499999999 0.47244843750000004 0.217103125
6 0.4968375 0.2192703125 0.4708234375 0.22360625 0.513909375 0.8111015625 0.5382984375000001 0.806765625 0.4968375 0.2192703125
6 0.513909375 0.21276718749999998 0.491959375 0.21493437499999998 0.535046875 0.8111015625 0.5675640625 0.8121859375 0.513909375 0.21276718749999998
6 0.545615625 0.21276718749999998 0.5155359374999999 0.2181859375 0.5594359375 0.8121859375 0.5935796875 0.8111015625 0.545615625 0.21276718749999998
6 0.5675640625 0.21493437499999998 0.545615625 0.22252187499999998 0.591140625 0.8100171875 0.6155296875 0.80785 0.5675640625 0.21493437499999998
6 0.59601875 0.1553171875 0.568378125 0.1607375 0.61959375 0.8154375 0.6415437500000001 0.8111015625 0.59601875 0.1553171875
6 0.62040625 0.1607375 0.592765625 0.159653125 0.6496734375 0.816521875 0.66430625 0.8121859375 0.62040625 0.1607375
6 0.6399171875 0.1509828125 0.61878125 0.15423437499999998 0.66511875 0.8132703125 0.6886953124999999 0.80785 0.6399171875 0.1509828125
6 0.6659328125 0.1509828125 0.6456078125 0.15315 0.6846296875 0.814353125 0.7163359375 0.8132703125 0.6659328125 0.1509828125
6 0.6903203125 0.15423437499999998 0.66349375 0.1574859375 0.7106453125 0.8208578125000001 0.7447890625 0.814353125 0.6903203125 0.15423437499999998
6 0.748040625 0.19108750000000002 0.7008890625 0.19759218750000002 0.7399109375 0.8208578125000001 0.7903140625 0.8100171875 0.748040625 0.19108750000000002
6 0.7846234375 0.136890625 0.74235 0.14014218750000002 0.787875 0.8100171875 0.84315625 0.8111015625 0.7846234375 0.136890625
6 0.8342140625000001 0.1813328125 0.79844375 0.1867515625 0.8480343749999999 0.814353125 0.8838046875 0.814353125 0.8342140625000001 0.1813328125
6 0.8707968749999999 0.1835 0.8415312500000001 0.1813328125 0.8959984375 0.816521875 0.9293296874999999 0.814353125 0.8707968749999999 0.1835
6 0.9041281250000001 0.2366140625 0.882178125 0.2431171875 0.93176875 0.8197734375 0.95371875 0.814353125 0.9041281250000001 0.2366140625
6 0.919575 0.237696875 0.9057546875 0.23878125 0.9472140625 0.8132703125 0.9732296874999999 0.8154375 0.919575 0.237696875
6 0.9398984374999999 0.23444531249999997 0.9203875 0.237696875 0.97566875 0.8176046875 0.99761875 0.8176046875 0.9398984374999999 0.23444531249999997
6 0.95371875 0.23878125 0.9398984374999999 0.23878125 0.9997484375000001 0.81955625 0.9997484375000001 0.6730515625 0.95371875 0.23878125