6 0.06949999999999999 0.79803125 0.1212296875 0.20675781249999997 0.05729375 0.200075 0.051531249999999994 0.200659375 0.0071859375000000005 0.791490625 0.06949999999999999 0.79803125
6 0.07845625 0.7890125 0.08312968750000001 0.7916000000000001 0.116265625 0.7955875 0.1332859375 0.7970765625 0.1930265625 0.20759218750000002 0.18873125 0.20068125 0.136859375 0.19614375 0.1326421875 0.197953125 0.07845625 0.7890125
6 0.21200625 0.21469999999999997 0.2027546875 0.218246875 0.1549265625 0.7924359375 0.1675171875 0.79789375 0.176715625 0.79543125 0.225690625 0.2169859375 0.21200625 0.21469999999999997
6 0.1767703125 0.8041484375 0.2471890625 0.8114000000000001 0.30310625 0.2095984375 0.2284 0.20524218749999998 0.1767703125 0.8041484375
6 0.25338906250000004 0.815209375 0.3275234375 0.8173390625 0.3863046875 0.2201453125 0.30822656249999997 0.20786875 0.25338906250000004 0.815209375
6 0.33280625 0.8036406250000001 0.36279374999999997 0.8062640625 0.4162796875 0.2696046875 0.3840421875 0.2656953125 0.33280625 0.8036406250000001
6 0.3652265625 0.8064765625 0.3969296875 0.8081625000000001 0.4487 0.272440625 0.4204265625 0.26887812499999997 0.3652265625 0.8064765625
6 0.3996046875 0.8149312500000001 0.42897187499999995 0.8153218750000001 0.48310624999999996 0.252578125 0.45484375000000005 0.25010468750000003 0.3996046875 0.8149312500000001
6 0.5047328125 0.2294171875 0.4911625 0.227140625 0.43406406249999996 0.8037859375 0.441075 0.8076671875000001 0.44784375 0.8049921875000001 0.5073125 0.2372671875 0.5047328125 0.2294171875
6 0.4578125 0.8123984375 0.5186 0.8177171875000001 0.5727875 0.263690625 0.5115921875 0.2550703125 0.4578125 0.8123984375
6 0.5219375 0.8169203125 0.53743125 0.8171859375 0.5912546875 0.2860015625 0.575084375 0.2856765625 0.5219375 0.8169203125
6 0.5431171875 0.8362 0.579684375 0.8383109375 0.6371015625 0.26605 0.6007703125 0.262871875 0.5431171875 0.8362
6 0.5862640625 0.8377968750000001 0.6234531249999999 0.8421390625 0.6881640625000001 0.20516406250000002 0.6527484375 0.2009765625 0.5862640625 0.8377968750000001
6 0.662640625 0.8423 0.6659765625 0.841503125 0.7327421875 0.20906562499999998 0.695621875 0.20581718750000003 0.6252625 0.8401203125000001 0.662640625 0.8423
6 0.72480625 0.8412046875 0.7951374999999999 0.261359375 0.78316875 0.25813437499999997 0.7639046875 0.2542703125 0.7453578125 0.251559375 0.73246875 0.2515203125 0.6700703125 0.8320578125000001 0.6722171875 0.8355140625 0.6807546875 0.8406171875 0.6953437499999999 0.84189375 0.713175 0.8434546875000001 0.72480625 0.8412046875
6 0.7349640625 0.8464499999999999 0.790078125 0.8512718749999999 0.8616921874999999 0.26609375 0.8038109375 0.2577625 0.7349640625 0.8464499999999999
6 0.7927 0.849321875 0.826740625 0.8523 0.897125 0.281175 0.86166875 0.2780734375 0.7927 0.849321875
6 0.8310765625000001 0.8494125 0.8642125 0.8534 0.9317875000000001 0.2863859375 0.8989609375000001 0.2813359375 0.8310765625000001 0.8494125
6 0.96133125 0.266096875 0.9491734375 0.2650328125 0.8755593749999999 0.8543937500000001 0.8913921874999999 0.8601359375 0.906696875 0.8625640625000001 0.9192328125 0.859303125 0.9975203125000001 0.27253125 0.9904140625 0.26973125 0.975825 0.2684546875 0.96133125 0.266096875