5 0.12551359687500002 0.7052018458333333 0.08428948124999999 0.27135633750000004 0.046870659375 0.27304775416666666 0.09316854062499999 0.7060475749999999 0.1096581875 0.7085847041666666 0.12551359687500002 0.7052018458333333
5 0.17625100625 0.7035104458333333 0.190837984375 0.702664775 0.218109359375 0.699281975 0.18703269375 0.2916532 0.190837984375 0.29334461666666667 0.189985803125 0.28603557916666666 0.12424516562500001 0.28996180000000005 0.164200890625 0.6950534458333333 0.17625100625 0.7035104458333333
5 0.123610971875 0.2882704 0.12614783125 0.2874247 0.12551359687500002 0.2764305541666667 0.123610971875 0.27135633750000004 0.08936320625000001 0.27304775416666666 0.13439265625000002 0.6950534458333333 0.145808578125 0.7001276458333333 0.15659026250000002 0.6975905166666667 0.1616639875 0.6967448458333333 0.123610971875 0.2882704
5 0.257237059375 0.708006975 0.274995178125 0.7029327750000001 0.254700196875 0.2910755125 0.18789316875 0.29254599583333335 0.21854980624999998 0.7054699041666667 0.23630788125 0.708006975 0.257237059375 0.708006975
5 0.282759240625 0.314867425 0.25533443125 0.3156009041666667 0.274360940625 0.7037785041666667 0.299095409375 0.7020870458333334 0.282759240625 0.314867425
5 0.325732546875 0.30291537500000004 0.320024584375 0.303761075 0.31368243125 0.305452475 0.307340234375 0.303761075 0.28415433125 0.30277665000000004 0.300363840625 0.708006975 0.33714846875000004 0.7054699041666667 0.325732546875 0.30291537500000004
5 0.37139619062499996 0.304606775 0.331587365625 0.30277665000000004 0.33968533125 0.704624175 0.373298859375 0.7037785041666667 0.37139619062499996 0.304606775
5 0.4069123875 0.7113897791666666 0.407546625 0.2910755125 0.37413758750000004 0.28975581666666667 0.373933096875 0.7122355041666667 0.38344635 0.7130812333333334 0.4069123875 0.7113897791666666
5 0.41110745625 0.36137040000000004 0.407546625 0.7054699041666667 0.42657313124999996 0.708006975 0.42974423125000005 0.36296026249999996 0.41110745625 0.36137040000000004
5 0.453657678125 0.36323052083333335 0.433549525 0.36296026249999996 0.42657313124999996 0.708006975 0.444965403125 0.708006975 0.453657678125 0.36323052083333335
5 0.4811158375 0.2919212125 0.463423303125 0.28975581666666667 0.446868071875 0.7223839666666667 0.46589458125 0.7215382375 0.4811158375 0.2919212125
5 0.48492117187500006 0.7215382375 0.50521606875 0.2910755125 0.487837365625 0.29068587916666666 0.46589458125 0.7206925083333334 0.469065721875 0.7223839666666667 0.48492117187500006 0.7215382375
5 0.500776540625 0.7190011083333334 0.50648454375 0.7164640333333333 0.53317776875 0.30742695 0.508387209375 0.30798957499999996 0.4861895625 0.7173097083333333 0.49380014687499996 0.7190011083333334 0.500776540625 0.7190011083333334
5 0.521705715625 0.7190011083333334 0.52868210625 0.7190011083333334 0.5631721875 0.30928706666666667 0.5381953625 0.307143875 0.50648454375 0.7164640333333333 0.51282665625 0.7181554375 0.521705715625 0.7190011083333334
5 0.55595348125 0.3891770541666667 0.53502430625 0.7139269083333333 0.541366503125 0.7156183083333333 0.5499188375 0.7129329 0.549611284375 0.7113897791666666 0.5711747375 0.3891770541666667 0.55595348125 0.3891770541666667
5 0.587219859375 0.3881260541666667 0.572967409375 0.3861260791666667 0.551756340625 0.7110638916666667 0.5655682125 0.712379425 0.587219859375 0.3881260541666667
5 0.618144340625 0.34182975833333334 0.5931918875 0.3413978125 0.57247408125 0.7163260291666667 0.5961515937499999 0.7176415625 0.618144340625 0.34182975833333334
5 0.6494258281249999 0.34337111249999996 0.626824896875 0.34182975833333334 0.607497021875 0.71829935 0.632160990625 0.71829935 0.6494258281249999 0.34337111249999996
5 0.719471640625 0.2953539875 0.6602779937500001 0.2946962208333333 0.6454796 0.7261925541666667 0.6987538343749999 0.7261925541666667 0.719471640625 0.2953539875
5 0.708126146875 0.7209304166666667 0.758660834375 0.7201573041666667 0.7885308625 0.2933806875 0.7268708375 0.2927229083333333 0.708126146875 0.7209304166666667
5 0.76140045 0.71829935 0.784159965625 0.7187105416666667 0.814674684375 0.2953539875 0.7885308625 0.2940384541666667 0.76140045 0.71829935
5 0.78507789375 0.71829935 0.790997240625 0.7209304166666667 0.81072845625 0.7209304166666667 0.844923853125 0.29408670000000003 0.8339126374999999 0.2953539875 0.8255268499999999 0.2933806875 0.8171411281250001 0.2933806875 0.78507789375 0.71829935
5 0.8725931250000001 0.2948100791666667 0.8487110343750001 0.2933806875 0.8171411281250001 0.7229037416666666 0.839338721875 0.7215882083333334 0.8725931250000001 0.2948100791666667