0 0.136698425 0.2756351875 0.05052516875 0.27888700833333335 0.1171875 0.8967330041666667 0.174907321875 0.8761381375 0.136698425 0.2756351875
0 0.176533234375 0.8804739 0.205799621875 0.8804739 0.167590725 0.10545655416666667 0.128568875 0.10437261666666667 0.176533234375 0.8804739
0 0.210677353125 0.10979231666666665 0.174907321875 0.1076244375 0.202547803125 0.8739702583333333 0.22856236874999997 0.871802375 0.210677353125 0.10979231666666665
0 0.22856236874999997 0.8652987333333333 0.27083604375000003 0.8642147916666667 0.27490081875 0.16290539583333336 0.21149030937500002 0.16182145416666666 0.22856236874999997 0.8652987333333333
0 0.32530404687500003 0.1748287375 0.26839717812499997 0.17049297500000002 0.26514535625 0.8652987333333333 0.30741903125 0.8598790333333334 0.32530404687500003 0.1748287375
0 0.302541296875 0.8512075083333334 0.344002015625 0.8436199291666667 0.37733318125 0.17699661666666666 0.328555865625 0.17699661666666666 0.302541296875 0.8512075083333334
0 0.417167990625 0.2691315458333333 0.374081359375 0.26371184583333335 0.34156315 0.8436199291666667 0.37733318125 0.8360323458333333 0.417167990625 0.2691315458333333
0 0.37326840625 0.8360323458333333 0.39847001875 0.8295287041666667 0.4480602875 0.2561242625 0.4187939 0.2561242625 0.37326840625 0.8360323458333333
0 0.47570076875 0.265879725 0.44724733437499997 0.2680476083333333 0.40172184062499994 0.8316965833333333 0.42367163124999996 0.8306126416666667 0.47570076875 0.265879725
0 0.498463515625 0.25937608333333334 0.47651372187499996 0.25937608333333334 0.422045721875 0.8284447625 0.43586595937499995 0.8284447625 0.498463515625 0.25937608333333334
0 0.437491871875 0.8219411208333334 0.453750975 0.8197732375 0.522039215625 0.2647957875 0.50090238125 0.26046002500000004 0.437491871875 0.8219411208333334
0 0.54155014375 0.265879725 0.5358594562500001 0.26371184583333335 0.52041330625 0.26371184583333335 0.456189840625 0.8165214166666667 0.471635990625 0.8176053583333334 0.54155014375 0.265879725
0 0.47326190312499994 0.8078498958333333 0.49114691875 0.8111017166666666 0.563499934375 0.26371184583333335 0.5423630968750001 0.2647957875 0.47326190312499994 0.8078498958333333
0 0.5976440562499999 0.2723833666666666 0.565125846875 0.2680476083333333 0.493585784375 0.8121856583333333 0.513909665625 0.8056820166666667 0.5976440562499999 0.2723833666666666
0 0.51634853125 0.8013462541666667 0.5382983218749999 0.8013462541666667 0.630162265625 0.2734673083333333 0.5976440562499999 0.26696366666666665 0.51634853125 0.8013462541666667
0 0.660241609375 0.27129942916666666 0.630975221875 0.27455125 0.5366724125 0.7970104916666667 0.563499934375 0.79592655 0.660241609375 0.27129942916666666
0 0.562686978125 0.7883389708333334 0.590327459375 0.7861710875 0.7106448375000001 0.20517906666666666 0.67487480625 0.198675425 0.562686978125 0.7883389708333334
0 0.743976 0.21276665 0.707393015625 0.20734694583333332 0.59195336875 0.7861710875 0.6147161156250001 0.7818353291666666 0.743976 0.21276665
0 0.616342025 0.7785835083333333 0.645608415625 0.776415625 0.7748683 0.21059876666666666 0.7472278218749999 0.20734694583333332 0.616342025 0.7785835083333333
0 0.803321734375 0.21601847083333334 0.778120121875 0.21385059166666667 0.639917728125 0.7785835083333333 0.666745253125 0.7753316874999999 0.803321734375 0.21601847083333334
0 0.6683711625 0.7709959249999999 0.69845050625 0.7677441041666667 0.840717678125 0.2171024125 0.808199465625 0.2149345291666667 0.6683711625 0.7709959249999999
0 0.8716099749999999 0.2225221125 0.840717678125 0.2225221125 0.696011640625 0.7699119833333333 0.717148478125 0.7623244 0.8716099749999999 0.2225221125
0 0.7163355218749999 0.7579886416666667 0.743976 0.7579886416666667 0.8846172593749999 0.2951461166666667 0.855350871875 0.28755853333333337 0.7163355218749999 0.7579886416666667
0 0.9480277718749999 0.20084330416666668 0.91469660625 0.1943396625 0.7456019125 0.7612404625 0.76999056875 0.7558207583333334 0.9480277718749999 0.20084330416666668
0 0.768364659375 0.7514850000000001 0.793566271875 0.7504010583333333 0.97566825 0.2030111875 0.947214815625 0.20084330416666668 0.768364659375 0.7514850000000001
0 0.98054598125 0.29297823333333334 0.9439629937499999 0.29297823333333334 0.8008828687499999 0.7493171166666667 0.82608448125 0.7406455958333333 0.98054598125 0.29297823333333334
0 0.999747984375 0.233198925 0.82771039375 0.7384777125 0.849660184375 0.7395616541666666 0.999747984375 0.3232526875 0.999747984375 0.25504032083333333 0.999747984375 0.233198925
0 0.8447824531249999 0.7384777125 0.8716099749999999 0.7319740708333333 0.999747984375 0.39852150416666665 0.999747984375 0.30577957083333335 0.8447824531249999 0.7384777125
0 0.8732358874999999 0.7319740708333333 0.89355976875 0.7298061916666666 0.999747984375 0.4579973125 0.999747984375 0.40658602083333334 0.8732358874999999 0.7319740708333333