0 0.09442475312500001 0.8826417791666666 0.0017478531249999999 0.038252254166666666 0.00012194375 0.2225221125 0.073287915625 0.8761381375 0.09442475312500001 0.8826417791666666
0 0.032640153125 0.024161029166666667 0.00581263125 0.02524497083333333 0.09523770937500001 0.8728863166666667 0.11800045625 0.8793899583333334 0.032640153125 0.024161029166666667
0 0.074100871875 0.023077091666666667 0.039143796875 0.023077091666666667 0.12694296249999998 0.8848096583333334 0.145640934375 0.8826417791666666 0.074100871875 0.023077091666666667
0 0.123691140625 0.11629595833333334 0.07735269375 0.12063172083333333 0.14482797812499998 0.8772220791666666 0.17815914375 0.8696344958333333 0.123691140625 0.11629595833333334
0 0.176533234375 0.11412807916666666 0.12775591875 0.1130441375 0.191979384375 0.8793899583333334 0.23425305624999998 0.8804739 0.176533234375 0.11412807916666666
0 0.21555508437499998 0.0317486125 0.1732814125 0.037168312499999995 0.23669192187500002 0.8848096583333334 0.2700230875 0.8783060166666666 0.21555508437499998 0.0317486125
0 0.26514535625 0.030664670833333334 0.21555508437499998 0.040420137499999995 0.273274909375 0.8869775416666666 0.30660607500000003 0.8869775416666666 0.26514535625 0.030664670833333334
0 0.30416720937499997 0.037168312499999995 0.261893534375 0.036084374999999995 0.308231984375 0.8837257208333333 0.33993724062499997 0.871802375 0.30416720937499997 0.037168312499999995
0 0.34156315 0.02199315 0.30579311875 0.026328912500000003 0.3472538375 0.8804739 0.37245545 0.8761381375 0.34156315 0.02199315
0 0.38302386875 0.024161029166666667 0.344002015625 0.016573445833333332 0.37245545 0.8793899583333334 0.40741252499999997 0.8804739 0.38302386875 0.024161029166666667
0 0.405786615625 0.028496791666666667 0.386275690625 0.028496791666666667 0.41472912187500005 0.8826417791666666 0.4326141375 0.8815578375 0.405786615625 0.028496791666666667
0 0.42611049687499997 0.030664670833333334 0.40822548125 0.037168312499999995 0.43017527187500004 0.8848096583333334 0.456189840625 0.8826417791666666 0.42611049687499997 0.030664670833333334
0 0.478139634375 0.11087625833333334 0.438304825 0.108708375 0.46106757187499997 0.8739702583333333 0.49439873749999996 0.8739702583333333 0.478139634375 0.11087625833333334
0 0.517974440625 0.12063172083333333 0.481391453125 0.1217156625 0.49765055937499997 0.8783060166666666 0.5301687687500001 0.8783060166666666 0.517974440625 0.12063172083333333
0 0.561874025 0.11846384166666667 0.5252910375 0.11954777916666666 0.5350465 0.8783060166666666 0.57081653125 0.8696344958333333 0.561874025 0.11846384166666667
0 0.584636771875 0.023077091666666667 0.562686978125 0.02524497083333333 0.578133128125 0.8848096583333334 0.59195336875 0.8869775416666666 0.584636771875 0.023077091666666667
0 0.60739951875 0.0176573875 0.58626268125 0.02199315 0.59195336875 0.8869775416666666 0.6098383843749999 0.8891454208333334 0.60739951875 0.0176573875
0 0.629349309375 0.019825270833333335 0.6041476968749999 0.019825270833333335 0.61227725 0.8826417791666666 0.6285363562499999 0.8826417791666666 0.629349309375 0.019825270833333335
0 0.6512991031250001 0.028496791666666667 0.630975221875 0.02741285 0.634227040625 0.8858936 0.64804728125 0.8793899583333334 0.6512991031250001 0.028496791666666667
0 0.680565490625 0.026328912500000003 0.656989790625 0.030664670833333334 0.6488602375 0.8815578375 0.66918411875 0.8804739 0.680565490625 0.026328912500000003
0 0.707393015625 0.1325550625 0.680565490625 0.13580688333333332 0.6732488937500001 0.8858936 0.6943857312499999 0.8858936 0.707393015625 0.1325550625
0 0.731781671875 0.13363900416666666 0.707393015625 0.13797476666666667 0.6992634625 0.8826417791666666 0.721213253125 0.8826417791666666 0.731781671875 0.13363900416666666
0 0.7634869281250001 0.13472294583333333 0.73584645 0.13363900416666666 0.7163355218749999 0.8869775416666666 0.74641486875 0.8848096583333334 0.7634869281250001 0.13472294583333333
0 0.788688540625 0.131471125 0.7634869281250001 0.13472294583333333 0.7456019125 0.8826417791666666 0.770803525 0.8750541958333333 0.788688540625 0.131471125
0 0.829336303125 0.0176573875 0.8000699156250001 0.0176573875 0.7748683 0.8837257208333333 0.798444003125 0.8761381375 0.829336303125 0.0176573875
0 0.8618545125000001 0.0176573875 0.8268974375000001 0.0176573875 0.7976310468750001 0.8804739 0.82771039375 0.8793899583333334 0.8618545125000001 0.0176573875
0 0.8886820375 0.23336151666666666 0.8529120062500001 0.23661333750000002 0.832588125 0.8848096583333334 0.8675452 0.8772220791666666 0.8886820375 0.23336151666666666
0 0.926890934375 0.019825270833333335 0.9090059187499999 0.0176573875 0.869171109375 0.8772220791666666 0.885430215625 0.8804739 0.926890934375 0.019825270833333335
0 0.942337084375 0.016573445833333332 0.927703890625 0.0176573875 0.8886820375 0.8804739 0.9041281874999999 0.8848096583333334 0.942337084375 0.016573445833333332
0 0.977294159375 0.20734694583333332 0.9431500406250001 0.2084308875 0.9106318281249999 0.8837257208333333 0.9309557093749999 0.8848096583333334 0.977294159375 0.20734694583333332
0 0.999747984375 0.44657257916666665 0.999747984375 0.2056451625 0.9829848468750001 0.204095125 0.93420753125 0.8815578375 0.9748552937499999 0.8858936 0.999747984375 0.44657257916666665