4 0.11064375 0.177134375 0.1132546875 0.21446874999999999 0.677259375 0.16035 0.6778453125 0.1220578125 0.11064375 0.177134375
4 0.11126093749999999 0.21705625 0.11278906250000001 0.25446562500000003 0.6785 0.2091984375 0.6780046875 0.17099375 0.11126093749999999 0.21705625
4 0.10976875 0.2579390625 0.10759062500000001 0.30457968750000003 0.6836125 0.266746875 0.6833484375000001 0.21630312499999998 0.10976875 0.2579390625
4 0.110153125 0.310109375 0.10586875 0.35771406250000004 0.68501875 0.3335265625 0.6865796875 0.278078125 0.110153125 0.310109375
4 0.11338437500000001 0.37186875 0.1108171875 0.381834375 0.1121796875 0.4013140625 0.680165625 0.3730140625 0.6810828124999999 0.3550078125 0.681265625 0.34208125 0.11338437500000001 0.37186875
4 0.1151265625 0.4590140625 0.1180828125 0.485721875 0.617546875 0.4108328125 0.612484375 0.38508749999999997 0.1151265625 0.4590140625
4 0.111984375 0.4918578125 0.1198375 0.526378125 0.6418062499999999 0.446653125 0.63533125 0.4162671875 0.111984375 0.4918578125
4 0.6390046875000001 0.484365625 0.639921875 0.466359375 0.635765625 0.45359999999999995 0.120234375 0.532059375 0.12250468750000001 0.5645249999999999 0.6390046875000001 0.484365625
4 0.11299062499999998 0.568453125 0.1193625 0.59736875 0.6922625 0.514896875 0.6845234375 0.4819984375 0.11299062499999998 0.568453125
4 0.1198171875 0.6038609375 0.1251640625 0.6336640625000001 0.69504375 0.5546656249999999 0.694703125 0.5497953125 0.6916296875 0.5369609375 0.6894250000000001 0.520984375 0.1198171875 0.6038609375
4 0.1048703125 0.68565 0.7338250000000001 0.6114921875 0.7295203124999999 0.565496875 0.0930890625 0.641615625 0.10219375 0.678496875 0.1048703125 0.68565
4 0.09432968750000001 0.6904640625 0.0984234375 0.7179078125 0.1048578125 0.7321390625 0.7391062500000001 0.6714765625 0.738084375 0.6568671875 0.7313859375 0.6232875 0.09432968750000001 0.6904640625
4 0.11915625 0.7344015625 0.122171875 0.7464234375000001 0.129290625 0.7548984375 0.693353125 0.7015890625 0.691815625 0.695171875 0.6874484375 0.6793859375 0.11915625 0.7344015625
4 0.1397671875 0.7802640625 0.6931171875000001 0.7293359374999999 0.68828125 0.7068375 0.133678125 0.75540625 0.13492656249999999 0.7732625 0.1397671875 0.7802640625
4 0.1251234375 0.788628125 0.13229531249999998 0.813409375 0.651859375 0.777078125 0.649815625 0.7478609374999999 0.1251234375 0.788628125
4 0.131553125 0.8183546875 0.136503125 0.8424765624999999 0.6558937499999999 0.81920625 0.6514015625 0.78608125 0.131553125 0.8183546875
4 0.1413921875 0.8812828125 0.7070953125 0.8670078125 0.701940625 0.8243984375 0.135646875 0.8457984375 0.13723593750000002 0.868525 0.1413921875 0.8812828125
4 0.13837656250000002 0.8848328125 0.1386 0.9035765625 0.1417859375 0.9180343750000001 0.708109375 0.9281828125 0.706346875 0.9185203124999999 0.7063109375 0.8869078125 0.13837656250000002 0.8848328125