0 0.039143796875 0.06860258333333333 0.002560809375 0.07185440416666666 0.00987740625 0.7872550291666667 0.053776990625 0.7807513875000001 0.039143796875 0.06860258333333333
0 0.07003609375 0.061015 0.03507901875 0.0653507625 0.0554029 0.7850871500000001 0.08548224374999999 0.7883389708333334 0.07003609375 0.061015
0 0.098489528125 0.058847120833333336 0.064345409375 0.061015 0.082230425 0.7850871500000001 0.11149681250000001 0.8002623124999999 0.098489528125 0.058847120833333336
0 0.131007740625 0.061015 0.0960506625 0.06318288333333334 0.11230976875000001 0.7894229083333334 0.139950246875 0.79592655 0.131007740625 0.061015
0 0.154583440625 0.22577393333333334 0.12206523124999999 0.2225221125 0.134259559375 0.7970104916666667 0.170029590625 0.7980944333333333 0.154583440625 0.22577393333333334
0 0.18954051875 0.22577393333333334 0.154583440625 0.226857875 0.170029590625 0.799178375 0.20092189062500002 0.7970104916666667 0.18954051875 0.22577393333333334
0 0.23018828125000002 0.06426682083333334 0.1927923375 0.069686525 0.20173484687499998 0.8024301958333333 0.238317834375 0.8002623124999999 0.23018828125000002 0.06426682083333334
0 0.2700230875 0.0740222875 0.22449759375 0.07077046666666667 0.23750487812499999 0.7970104916666667 0.271649 0.8035141333333333 0.2700230875 0.0740222875
0 0.28790810312500004 0.22468999166666667 0.26108058125 0.2225221125 0.26921013125000004 0.8045980749999999 0.29034696875 0.7980944333333333 0.28790810312500004 0.22468999166666667
0 0.3122967625 0.062098941666666664 0.288721059375 0.0555953 0.297663565625 0.8067659541666666 0.318800403125 0.8089338375 0.3122967625 0.062098941666666664
0 0.33668541875 0.058847120833333336 0.309857896875 0.058847120833333336 0.317987446875 0.8002623124999999 0.34237610625000003 0.799178375 0.33668541875 0.058847120833333336
0 0.3667647625 0.1466462875 0.337498375 0.14447840833333334 0.33993724062499997 0.8067659541666666 0.360261121875 0.8089338375 0.3667647625 0.1466462875
0 0.385462734375 0.14881417083333334 0.3570093 0.14556235 0.360261121875 0.8024301958333333 0.38302386875 0.7980944333333333 0.385462734375 0.14881417083333334
0 0.411477303125 0.06643470416666666 0.384649778125 0.06751864583333332 0.380585003125 0.8024301958333333 0.41229025625000004 0.8002623124999999 0.411477303125 0.06643470416666666
0 0.44236960312500007 0.069686525 0.4090384375 0.0653507625 0.41472912187500005 0.8056820166666667 0.44318255625 0.810017775 0.44236960312500007 0.069686525
0 0.465945303125 0.06860258333333333 0.4399307375 0.07185440416666666 0.44480846874999996 0.8056820166666667 0.469197125 0.8089338375 0.465945303125 0.06860258333333333
0 0.498463515625 0.075106225 0.47001008125 0.07185440416666666 0.46106757187499997 0.8121856583333333 0.49765055937499997 0.8056820166666667 0.498463515625 0.075106225
0 0.53179468125 0.069686525 0.5041542 0.0740222875 0.500089425 0.8089338375 0.527729903125 0.8035141333333333 0.53179468125 0.069686525
0 0.565125846875 0.07293834583333333 0.5350465 0.07835804583333333 0.5350465 0.8035141333333333 0.5602481125 0.8013462541666667 0.565125846875 0.07293834583333333
0 0.6025217875 0.075106225 0.5675647125000001 0.07727410833333333 0.5561833375 0.8111017166666666 0.5911404124999999 0.8089338375 0.6025217875 0.075106225
0 0.64316955 0.0794419875 0.60333474375 0.0794419875 0.6041476968749999 0.8078498958333333 0.6334140875000001 0.8078498958333333 0.64316955 0.0794419875
0 0.670810028125 0.11846384166666667 0.639917728125 0.11412807916666666 0.636665909375 0.8078498958333333 0.6626804749999999 0.8121856583333333 0.670810028125 0.11846384166666667
0 0.692759821875 0.11846384166666667 0.665119340625 0.11629595833333334 0.6529250125 0.8143535375000001 0.6862561781250001 0.8132695958333334 0.692759821875 0.11846384166666667
0 0.7187743875 0.07835804583333333 0.6943857312499999 0.075106225 0.687069134375 0.8143535375000001 0.7163355218749999 0.8143535375000001 0.7187743875 0.07835804583333333
0 0.758609196875 0.09678503333333334 0.71958734375 0.09678503333333334 0.7187743875 0.8165214166666667 0.753731465625 0.8186893000000001 0.758609196875 0.09678503333333334
0 0.8000699156250001 0.09353321249999999 0.76023510625 0.08811350833333333 0.7577962406250001 0.8165214166666667 0.7943792281250001 0.8121856583333333 0.8000699156250001 0.09353321249999999
0 0.840717678125 0.09353321249999999 0.8057605999999999 0.09028139166666667 0.799256959375 0.8186893000000001 0.8431565437499999 0.8219411208333334 0.840717678125 0.09353321249999999
0 0.869171109375 0.07077046666666667 0.84722131875 0.07293834583333333 0.8480342750000001 0.8230250625 0.878926575 0.8273608208333333 0.869171109375 0.07077046666666667
0 0.920387290625 0.2149345291666667 0.8716099749999999 0.21059876666666666 0.878926575 0.8316965833333333 0.91469660625 0.8273608208333333 0.920387290625 0.2149345291666667
0 0.9260779781249999 0.069686525 0.909818875 0.07293834583333333 0.9187613812500001 0.832780525 0.937459353125 0.8349484041666667 0.9260779781249999 0.069686525
0 0.95940914375 0.07185440416666666 0.9252650250000001 0.07727410833333333 0.942337084375 0.8392841666666667 0.964286875 0.8338644625 0.95940914375 0.07185440416666666
0 0.988675534375 0.075106225 0.961035053125 0.07077046666666667 0.96916460625 0.8306126416666667 0.9894884875000001 0.8306126416666667 0.988675534375 0.075106225