5 0.092352196875 0.9544474833333333 0.11159011562500001 0.9514875 0.06645498749999999 0.32594937500000004 0.013180734375 0.327922675 0.06645498749999999 0.9505008833333334 0.079033621875 0.9574074708333333 0.092352196875 0.9544474833333333
5 0.14562644687499998 0.9534608666666667 0.155985353125 0.9475409 0.164124475 0.9406343166666667 0.12860830625 0.32200275833333336 0.076813890625 0.324962725 0.116669634375 0.9446022749999999 0.124168796875 0.9485275833333334 0.1308280375 0.9524741833333333 0.14562644687499998 0.9534608666666667
5 0.142666775 0.3190428083333333 0.1308280375 0.32200275833333336 0.16560431250000002 0.9366877124999999 0.166344253125 0.9465542833333332 0.17744305 0.9534608666666667 0.187062009375 0.9495142 0.19964064374999999 0.9475409 0.210739440625 0.9416209999999999 0.183362396875 0.3210161083333333 0.16116480312499998 0.3190428083333333 0.142666775 0.3190428083333333
5 0.2403362625 0.9455676000000001 0.24921533125 0.9435943000000001 0.25883429062499996 0.9366877124999999 0.246064165625 0.3185172041666667 0.19150151875000002 0.3190428083333333 0.21295921875 0.9416209999999999 0.22553784999999998 0.9445809833333333 0.2403362625 0.9455676000000001
5 0.31210854375 0.9287945125 0.306929090625 0.8419690208333334 0.290009478125 0.3423887333333333 0.24699555 0.34469578333333334 0.27215286562499996 0.9347144125 0.298050075 0.9327411125 0.31210854375 0.9287945125
5 0.329866625 0.9386610125 0.342445259375 0.9416209999999999 0.355763834375 0.9366877124999999 0.3609432875 0.9337277958333333 0.363163065625 0.9287945125 0.3394855875 0.37034877083333334 0.3113686 0.37330873750000004 0.29065084375 0.3752820375 0.321727503125 0.9347144125 0.329866625 0.9386610125
5 0.384620715625 0.9347144125 0.39497961875 0.9337277958333333 0.40977803125 0.9278078291666667 0.3957195625 0.4315212875 0.394989946875 0.3684304 0.342445259375 0.3713354208333334 0.367602575 0.9327411125 0.375741696875 0.9347144125 0.384620715625 0.9347144125
5 0.45787283125 0.9238612291666667 0.46305228125 0.921887925 0.47045151250000006 0.913994725 0.45639304375 0.3437091291666666 0.418590209375 0.3456439416666666 0.437895015625 0.9258345291666666 0.448253921875 0.9268212125 0.45787283125 0.9238612291666667
5 0.48524987499999994 0.9149813416666667 0.494128890625 0.9149813416666667 0.5015281218750001 0.9080747583333333 0.490204790625 0.3434738 0.45713293750000006 0.34272247916666665 0.472671290625 0.9110347416666666 0.48524987499999994 0.9149813416666667
5 0.5570222031250001 0.3091762708333333 0.49190921249999997 0.31213622083333337 0.50596768125 0.9435943000000001 0.5651613281250001 0.9396477 0.5570222031250001 0.3091762708333333
5 0.597626665625 0.32502762083333336 0.557762096875 0.327922675 0.566641115625 0.9169546416666667 0.599197609375 0.9130080416666666 0.597626665625 0.32502762083333336
5 0.635875365625 0.3228574833333333 0.59697783125 0.323976075 0.601417390625 0.915968025 0.6317541062500001 0.9110347416666666 0.635875365625 0.3228574833333333
5 0.67318961875 0.32200275833333336 0.634713778125 0.323976075 0.636193665625 0.9149813416666667 0.668750159375 0.910048125 0.67318961875 0.32200275833333336
5 0.679820678125 0.319602275 0.6754094 0.9179413249999999 0.73460304375 0.9090614416666667 0.746441734375 0.31608284166666667 0.679820678125 0.319602275
5 0.74274216875 0.9061014583333333 0.79897614375 0.9021548541666667 0.81377450625 0.3062163041666667 0.7486615125 0.30720295416666665 0.74274216875 0.9061014583333333
5 0.8359720968750001 0.8982082541666667 0.851510453125 0.8982082541666667 0.8648290281250001 0.8913016708333333 0.892206071875 0.2933898166666667 0.8233935156250001 0.2933898166666667 0.8063752750000001 0.8932749708333334 0.821913628125 0.8982082541666667 0.8359720968750001 0.8982082541666667
5 0.8936859593750001 0.9031415375 0.907004534375 0.9021548541666667 0.9121838875 0.8962349541666667 0.9417807093749999 0.3407491791666667 0.9077444281249999 0.3387758625 0.877407709375 0.8922883541666666 0.88332705625 0.8972215708333333 0.8936859593750001 0.9031415375