4 0.15162031250000002 0.1598203125 0.1618109375 0.20680625 0.5802421875 0.0619234375 0.5720859375 0.0038906250000000004 0.15162031250000002 0.1598203125
4 0.6177718750000001 0.12479218750000001 0.6092453124999999 0.0641234375 0.1647734375 0.210871875 0.1774140625 0.258721875 0.6177718750000001 0.12479218750000001
4 0.17638437499999998 0.2594515625 0.18305625 0.30693281250000004 0.62680625 0.1817578125 0.6167234374999999 0.1258359375 0.17638437499999998 0.2594515625
4 0.611315625 0.2575046875 0.6029734375 0.18963593750000002 0.17824374999999998 0.3067125 0.18435625 0.3642515625 0.611315625 0.2575046875
4 0.18584375 0.3693046875 0.1896171875 0.421675 0.62126875 0.329475 0.61310625 0.2617359375 0.18584375 0.3693046875
4 0.6477515625 0.4146734375 0.63465625 0.3385078125 0.1977640625 0.4286 0.2107796875 0.48676718750000003 0.6477515625 0.4146734375
4 0.2099328125 0.4896546875 0.2170390625 0.5487296875000001 0.6594390625 0.4887984375 0.6488 0.4136296875 0.2099328125 0.4896546875
4 0.6573359375 0.5254046875 0.6520859375 0.49655468750000004 0.20346406250000001 0.554225 0.20821718749999998 0.5808125000000001 0.6573359375 0.5254046875
4 0.2084671875 0.5813171875 0.21847031249999999 0.618465625 0.6633312499999999 0.5765671875 0.6553625000000001 0.528371875 0.2084671875 0.5813171875
4 0.2139671875 0.6289609375 0.22057656250000002 0.667484375 0.6705281249999999 0.6331921875 0.6637015625 0.5792046875 0.2139671875 0.6289609375
4 0.6833437499999999 0.6849375 0.6682859375 0.6798796874999999 0.66643125 0.666690625 0.6651328125 0.648940625 0.663896875 0.6401484375 0.6882718750000001 0.6349296875 0.2245890625 0.6705078125 0.2141 0.680946875 0.22033593749999997 0.699796875 0.2223734375 0.7057875 0.6935875 0.6897734375 0.6833437499999999 0.6849375
4 0.7323515625 0.7444 0.7258015624999999 0.6977984375 0.2181171875 0.718040625 0.2267015625 0.753596875 0.7323515625 0.7444
4 0.703540625 0.7861078125 0.6970546875 0.7484640625 0.2260234375 0.757278125 0.235334375 0.783109375 0.703540625 0.7861078125
4 0.226153125 0.7922296875 0.236771875 0.8167390625 0.707415625 0.8301703125 0.7034796875 0.7941859375 0.226153125 0.7922296875
4 0.7065203125 0.8923875000000001 0.6999078125 0.8368296875000001 0.232821875 0.8226734375 0.24239531250000002 0.8652640625 0.7065203125 0.8923875000000001
4 0.71233125 0.9507484375 0.7037453124999999 0.8981578125 0.2346828125 0.869934375 0.2418046875 0.9133578124999999 0.71233125 0.9507484375