4 0.790996875 1 0.7931859375 0.9535453125 0.2220984375 0.8429703125 0.21451718749999998 0.8629843749999999 0.2099796875 0.88433125 0.7885421874999999 1 0.790996875 1
4 0.790678125 0.949684375 0.7973984375 0.9128515625 0.23263281249999998 0.7986296875 0.2242078125 0.8382687499999999 0.790678125 0.949684375
4 0.8014749999999999 0.91455 0.8097171875000001 0.8705546875 0.2414296875 0.757246875 0.2303296875 0.7938109375 0.8014749999999999 0.91455
4 0.8095484374999999 0.87135 0.817759375 0.8431515624999999 0.2480265625 0.726209375 0.23968124999999998 0.75503125 0.8095484374999999 0.87135
4 0.8536859375000001 0.794165625 0.165034375 0.64695625 0.15131250000000002 0.7062953125 0.8377687500000001 0.8481734375000001 0.8407375 0.8446468749999999 0.8536859375000001 0.794165625
4 0.8552093749999999 0.787003125 0.86440625 0.7698265625 0.8674046875 0.7505015625 0.8695578125000001 0.7351546875 0.1789515625 0.5866984375000001 0.165740625 0.6436359375 0.8552093749999999 0.787003125
4 0.1902390625 0.5283781249999999 0.1839796875 0.5578234375 0.18033749999999998 0.5801796875 0.8712484375 0.727196875 0.8835218749999999 0.6798984375 0.1902390625 0.5283781249999999
4 0.8946390624999999 0.6223734375000001 0.20610937499999998 0.46936875 0.19498125 0.5217265624999999 0.880290625 0.674221875 0.8932859375 0.628740625 0.8946390624999999 0.6223734375000001
4 0.2650796875 0.4685359375 0.2652 0.4784125 0.883653125 0.616653125 0.8987234374999999 0.5666234375 0.2799828125 0.4193015625 0.27387656250000003 0.42715312499999997 0.2687546875 0.44602812500000005 0.2650796875 0.4685359375
4 0.8855562499999999 0.55550625 0.8913249999999999 0.5492468749999999 0.89910625 0.5126390625 0.8976124999999999 0.5040046874999999 0.294621875 0.3608625 0.2832890625 0.4141828125 0.8855562499999999 0.55550625
4 0.8937062499999999 0.5015109375 0.8979046875 0.4974125 0.9135312499999999 0.4499953125 0.9083921875 0.448071875 0.307140625 0.301971875 0.2933453125 0.3564328125 0.8937062499999999 0.5015109375
4 0.9228640625000001 0.390428125 0.32139531250000003 0.2401234375 0.30883125 0.2940140625 0.9058859375000001 0.4442109375 0.9105921875 0.43772500000000003 0.9228640625000001 0.390428125
4 0.9298 0.3577984375 0.3695546875 0.2170890625 0.3645203125 0.240778125 0.9268468750000001 0.382125 0.928784375 0.3625734375 0.9298 0.3577984375
4 0.9318125 0.32745156249999996 0.37632187500000003 0.18525624999999998 0.368446875 0.2118625 0.9283531249999999 0.3541640625 0.9352124999999999 0.3323328125 0.9318125 0.32745156249999996
4 0.9451796874999999 0.321975 0.9533921875000001 0.2937765625 0.3800265625 0.14695 0.3719828125 0.174353125 0.9451796874999999 0.321975
4 0.9420546875 0.289703125 0.94606875 0.265603125 0.3820859375 0.12160312499999999 0.3782859375 0.144696875 0.9420546875 0.289703125
4 0.9553125 0.2534265625 0.9570343749999999 0.22967187500000003 0.389190625 0.088178125 0.38343906250000004 0.1100171875 0.9553125 0.2534265625
4 0.96310625 0.1802234375 0.40404687499999997 0.03394375 0.3895765625 0.0863625 0.950834375 0.227521875 0.9543109375000001 0.22160625 0.96310625 0.1802234375
4 0.411784375 0 0.40595781249999996 0.02495 0.961115625 0.1739375 0.9660375 0.17165625 0.9754640625000001 0.12209062500000001 0.9759703125 0.119703125 0.523853125 0 0.411784375 0