6 0.13861874999999999 0.3347078125 0.09019843749999999 0.33404375000000003 0.1554890625 0.8319796875 0.19366875 0.82724375 0.13861874999999999 0.3347078125
6 0.19455625000000001 0.820140625 0.23273749999999999 0.8154046875000001 0.18479062500000001 0.3323390625 0.14039531249999998 0.3323390625 0.19455625000000001 0.820140625
6 0.2309609375 0.346546875 0.1937140625 0.34576250000000003 0.2354 0.8189562499999999 0.2647015625 0.8118531250000001 0.2309609375 0.346546875
6 0.267365625 0.8130359374999999 0.296253125 0.8080015625 0.268253125 0.348915625 0.23451249999999998 0.348915625 0.267365625 0.8130359374999999
6 0.31383125 0.40435625000000003 0.27624375 0.403378125 0.29844218749999996 0.8071171874999999 0.32951874999999997 0.8059328125 0.31383125 0.40435625000000003
6 0.35289375 0.3978453125 0.3162 0.3986421875 0.33307031249999997 0.8011968749999999 0.364146875 0.7976453125 0.35289375 0.3978453125
6 0.3668109375 0.80238125 0.4076546875 0.798828125 0.4023265625 0.3323390625 0.3534921875 0.3335234375 0.3668109375 0.80238125
6 0.453825 0.8000125 0.49378124999999995 0.7940921875 0.46625625 0.327603125 0.42008437499999995 0.338259375 0.453825 0.8000125
6 0.502659375 0.3453625 0.475134375 0.35009843749999997 0.49910781249999997 0.80238125 0.5257453125 0.7964609375 0.502659375 0.3453625
6 0.5364875 0.34576250000000003 0.5079875 0.35009843749999997 0.5301843749999999 0.7976453125 0.5541578125 0.791725 0.5364875 0.34576250000000003
6 0.56215 0.8011968749999999 0.5921515625 0.7923765625 0.582571875 0.32641875 0.5479421875 0.3347078125 0.56215 0.8011968749999999
6 0.6273078125 0.3288359375 0.585234375 0.335890625 0.5932265625 0.7940921875 0.626965625 0.7881734375 0.6273078125 0.3288359375
6 0.674025 0.3311546875 0.63229375 0.337075 0.6305171875 0.791725 0.665146875 0.78935625 0.674025 0.3311546875
6 0.710315625 0.3132109375 0.6802406249999999 0.8225078124999999 0.720196875 0.8154046875000001 0.7583765625 0.307475 0.710315625 0.3132109375
6 0.8206671875 0.3053984375 0.76991875 0.311028125 0.7264109375000001 0.8165890625 0.7654796875 0.8083 0.8206671875 0.3053984375
6 0.862659375 0.3626890625 0.8143140624999999 0.367859375 0.76991875 0.782253125 0.803659375 0.7751484375000001 0.862659375 0.3626890625
6 0.8080984375 0.7834375 0.8577765625 0.7832625 0.9412843750000001 0.3749625 0.8826828125 0.376146875 0.8080984375 0.7834375