6 0.213803125 0.708821875 0.2400421875 0.708821875 0.25712812500000004 0.2994796875 0.23454999999999998 0.2978515625 0.2327203125 0.33203125 0.213803125 0.708821875
6 0.28275625 0.2978515625 0.2608390625 0.2994796875 0.2449234375 0.71045 0.2705515625 0.71045 0.28275625 0.2978515625
6 0.3138765625 0.3116859375 0.2876953125 0.310871875 0.2742125 0.708821875 0.30472343749999997 0.7096359375 0.3138765625 0.3116859375
6 0.3413359375 0.31494218749999997 0.315771875 0.3133140625 0.3089953125 0.708821875 0.3370640625 0.708821875 0.3413359375 0.31494218749999997
6 0.370625 0.71045 0.3938125 0.70719375 0.3645234375 0.3450515625 0.348046875 0.34749375 0.348046875 0.3507484375 0.370625 0.71045
6 0.39198125 0.3450515625 0.3719234375 0.3483078125 0.39564374999999996 0.7096359375 0.42005156250000003 0.70719375 0.39198125 0.3450515625
6 0.42432187499999996 0.32389375 0.4 0.3255203125 0.42676406250000004 0.70719375 0.4554421875 0.703125 0.42432187499999996 0.32389375
6 0.4591046875 0.3255203125 0.4317375 0.326334375 0.45971406249999996 0.71045 0.4871734375 0.7055671875 0.4591046875 0.3255203125
6 0.49205468750000003 0.32389375 0.4671390625 0.3255203125 0.49083437500000004 0.7080078125 0.5176828125 0.704753125 0.49205468750000003 0.32389375
6 0.5292765625 0.32470781249999997 0.503759375 0.3271484375 0.520734375 0.7096359375 0.5494140625 0.7055671875 0.5292765625 0.32470781249999997
6 0.5915171875 0.7120765625 0.622028125 0.7112625 0.6092125 0.3035484375 0.5861562499999999 0.302734375 0.5848046874999999 0.3043625 0.5915171875 0.7120765625
6 0.648265625 0.30517656249999997 0.6239984375 0.30110625 0.6262984375 0.7096359375 0.6561984375 0.7120765625 0.648265625 0.30517656249999997
6 0.70074375 0.3019203125 0.6655031250000001 0.30029374999999997 0.66413125 0.7055671875 0.70074375 0.708821875 0.70074375 0.3019203125
6 0.7391859375000001 0.3043625 0.7039546875 0.3019203125 0.7056250000000001 0.7063796875 0.7410171875 0.7096359375 0.7391859375000001 0.3043625
6 0.7715265625 0.2897140625 0.7472890624999999 0.2880859375 0.7483390625 0.70719375 0.774578125 0.7080078125 0.7715265625 0.2897140625
6 0.802646875 0.29052812499999997 0.7759765625 0.2897140625 0.7806796874999999 0.7080078125 0.80691875 0.7096359375 0.802646875 0.29052812499999997