6 0.1335625 0.31651406249999997 0.1091453125 0.3155265625 0.10840625 0.773334375 0.134303125 0.773334375 0.1335625 0.31651406249999997
6 0.15084999999999998 0.3152625 0.136521875 0.31651406249999997 0.136521875 0.7713609375 0.1520609375 0.7713609375 0.15084999999999998 0.3152625
6 0.1520609375 0.7792546875 0.166859375 0.7792546875 0.166859375 0.227715625 0.1520609375 0.227715625 0.1520609375 0.7792546875
6 0.18101875 0.2311796875 0.1690796875 0.2319578125 0.1699671875 0.7813265625 0.179734375 0.7801421875 0.18101875 0.2311796875
6 0.181509375 0.7801421875 0.194828125 0.7789578125000001 0.193053125 0.22958906250000002 0.181509375 0.23077343749999998 0.181509375 0.7801421875
6 0.228975 0.22954218750000002 0.195715625 0.2287015625 0.19645625 0.7841875 0.231971875 0.7812281249999999 0.228975 0.22954218750000002
6 0.2334515625 0.7822140625 0.2672234375 0.78075625 0.264528125 0.233634375 0.231971875 0.2316609375 0.2334515625 0.7822140625
6 0.300784375 0.23264843750000003 0.2667484375 0.2316609375 0.26748906250000004 0.7792546875 0.301525 0.7782671875 0.300784375 0.23264843750000003
6 0.3030046875 0.7792546875 0.3380234375 0.7785859375 0.33778125000000003 0.3096078125 0.300784375 0.3096078125 0.3030046875 0.7792546875
6 0.3697625 0.3087515625 0.340740625 0.3096078125 0.33999999999999997 0.7772812499999999 0.3718171875 0.7772812499999999 0.3697625 0.3087515625
6 0.3910546875 0.7960281250000001 0.40363437500000005 0.7940546875 0.39919375 0.20896875 0.392534375 0.20798125 0.379215625 0.2069953125 0.367378125 0.21192812499999997 0.37255781250000003 0.7970140625 0.3777359375 0.7940546875 0.3910546875 0.7960281250000001
6 0.42287187499999995 0.7950406250000001 0.43101093749999997 0.7940546875 0.4369296875 0.79109375 0.43397031249999996 0.21192812499999997 0.42435156249999995 0.20896875 0.40807343749999997 0.20896875 0.402153125 0.2109421875 0.4043734375 0.7950406250000001 0.415471875 0.7950406250000001 0.42287187499999995 0.7950406250000001
6 0.4894640625 0.2800078125 0.44300468750000005 0.27728437499999997 0.438409375 0.7822140625 0.48724531249999997 0.7782671875 0.4894640625 0.2800078125
6 0.5419984375 0.2800078125 0.5383 0.28099375000000004 0.5027828125 0.278034375 0.4902046875 0.278034375 0.4902046875 0.7812281249999999 0.5406609375 0.7785859375 0.5419984375 0.2800078125
6 0.5849140625 0.2365953125 0.543915625 0.2360515625 0.54421875 0.7792546875 0.5834343750000001 0.7772812499999999 0.5849140625 0.2365953125
6 0.5878734375 0.7782671875 0.6285515625 0.7764171875 0.63005 0.23856875 0.5893531249999999 0.23758125 0.5878734375 0.7782671875
6 0.6440140624999999 0.3771109375 0.63005 0.3767 0.62856875 0.7674140625 0.6441078124999999 0.7674140625 0.6440140624999999 0.3771109375
6 0.6478078125 0.770375 0.6655656249999999 0.770375 0.664825 0.3776859375 0.6470671875 0.3776859375 0.6478078125 0.770375
6 0.6749375 0.7775015625 0.711440625 0.7743203125 0.7099609375 0.241528125 0.672225 0.2405421875 0.6749375 0.7775015625
6 0.7358578125 0.31355468750000004 0.7129203125 0.31355468750000004 0.7107 0.7743203125 0.73141875 0.773334375 0.7358578125 0.31355468750000004
6 0.7336375 0.7723484375 0.7546906250000001 0.770990625 0.7550953125000001 0.3125671875 0.7358578125 0.3125671875 0.7336375 0.7723484375
6 0.7883921875000001 0.242515625 0.7595359375 0.2405421875 0.75805625 0.7743203125 0.7891328125 0.7743203125 0.7883921875000001 0.242515625
6 0.8216890625 0.242515625 0.7913515624999999 0.242515625 0.7891328125 0.7743203125 0.8179890625 0.7743203125 0.8216890625 0.242515625
6 0.86164375 0.7950406250000001 0.8786625000000001 0.79109375 0.8771828125000001 0.17838281250000002 0.8474640625 0.1763734375 0.84980625 0.7940546875 0.86164375 0.7950406250000001