6 0.034265625 0.2431171875 0.023696875 0.24636874999999997 0.0302015625 0.8685499999999999 0.0423953125 0.8674671875 0.034265625 0.2431171875
6 0.0489 0.2409484375 0.033453125 0.2409484375 0.044021875 0.87071875 0.054590625000000004 0.87071875 0.0489 0.2409484375
6 0.057842187499999996 0.23986562500000003 0.041582812499999997 0.237696875 0.058654687500000004 0.8685499999999999 0.065971875 0.8685499999999999 0.057842187499999996 0.23986562500000003
6 0.07572656250000001 0.2366140625 0.055403125 0.23878125 0.0651578125 0.8652984375000001 0.078165625 0.8663828125 0.07572656250000001 0.2366140625
6 0.0976765625 0.24420156249999997 0.0708484375 0.2431171875 0.078165625 0.8663828125 0.0968640625 0.8642140625 0.0976765625 0.24420156249999997
6 0.12125156249999999 0.24203281250000003 0.0952375 0.24203281250000003 0.100928125 0.8620468750000001 0.1196265625 0.8674671875 0.12125156249999999 0.24203281250000003
6 0.1472671875 0.316825 0.12125156249999999 0.316825 0.12450468750000002 0.8652984375000001 0.145640625 0.8652984375000001 0.1472671875 0.316825
6 0.17328125 0.3211609375 0.1480796875 0.317909375 0.144828125 0.8598796875 0.17409375 0.8598796875 0.17328125 0.3211609375
6 0.20010937499999998 0.3189921875 0.17246875 0.317909375 0.1765328125 0.8642140625 0.1976703125 0.86313125 0.20010937499999998 0.3189921875
6 0.22531093750000003 0.3244125 0.20173437500000002 0.325496875 0.2033609375 0.8609625 0.22937500000000002 0.8620468750000001 0.22531093750000003 0.3244125
6 0.2537640625 0.3265796875 0.22449687499999998 0.325496875 0.22774999999999998 0.8609625 0.2537640625 0.8609625 0.2537640625 0.3265796875
6 0.28384375 0.323328125 0.2545765625 0.3211609375 0.2529515625 0.8663828125 0.279778125 0.8652984375000001 0.28384375 0.323328125
6 0.300915625 0.1965078125 0.2830296875 0.1954234375 0.2765265625 0.8674671875 0.300915625 0.8652984375000001 0.300915625 0.1965078125
6 0.3277421875 0.1943390625 0.3033546875 0.198675 0.3033546875 0.8652984375000001 0.323678125 0.8652984375000001 0.3277421875 0.1943390625
6 0.35457031250000004 0.256125 0.323678125 0.2572078125 0.322865625 0.8620468750000001 0.3496921875 0.8609625 0.35457031250000004 0.256125
6 0.378959375 0.2517890625 0.35131875 0.25070468749999997 0.35213125 0.8609625 0.37408125000000003 0.85554375 0.378959375 0.2517890625
6 0.4049734375 0.25395625 0.378146875 0.25395625 0.37408125000000003 0.8598796875 0.40172187499999995 0.8598796875 0.4049734375 0.25395625
6 0.4269234375 0.255040625 0.40009531249999997 0.255040625 0.39603125 0.8642140625 0.4261109375 0.8609625 0.4269234375 0.255040625
6 0.44887343749999997 0.25395625 0.424484375 0.255040625 0.43017500000000003 0.8609625 0.447246875 0.8598796875 0.44887343749999997 0.25395625
6 0.4716359375 0.262628125 0.447246875 0.26154375 0.44887343749999997 0.8609625 0.47000937499999995 0.85554375 0.4716359375 0.262628125
6 0.491146875 0.3525953125 0.46757187499999997 0.353678125 0.47244843750000004 0.8566265625 0.49033437500000004 0.8566265625 0.491146875 0.3525953125
6 0.54155 0.2572078125 0.4952109375 0.2582921875 0.491959375 0.8587953125000001 0.536671875 0.86313125 0.54155 0.2572078125
6 0.5732546875 0.353678125 0.539925 0.3525953125 0.5382984375000001 0.8620468750000001 0.569190625 0.8577109374999999 0.5732546875 0.353678125
6 0.5992703125000001 0.3547625 0.570003125 0.3504265625 0.5781328125 0.8598796875 0.59601875 0.85554375 0.5992703125000001 0.3547625
6 0.623659375 0.3504265625 0.6000828125 0.3515109375 0.5952046875 0.8566265625 0.623659375 0.8566265625 0.623659375 0.3504265625
6 0.652925 0.3547625 0.623659375 0.3547625 0.6228453125 0.8587953125000001 0.6464218749999999 0.8587953125000001 0.652925 0.3547625
6 0.6724359375 0.3525953125 0.6447953125 0.3525953125 0.64073125 0.8598796875 0.6740625 0.8620468750000001 0.6724359375 0.3525953125
6 0.704140625 0.348259375 0.669996875 0.34934375 0.6732484375000001 0.8566265625 0.7000765624999999 0.8577109374999999 0.704140625 0.348259375
6 0.736659375 0.3515109375 0.703328125 0.3439234375 0.7008890625 0.86313125 0.7350328125 0.8652984375000001 0.736659375 0.3515109375
6 0.7659265625 0.3504265625 0.7334078125 0.3547625 0.7293421875 0.8620468750000001 0.7634875 0.85554375 0.7659265625 0.3504265625
6 0.7927531250000001 0.330915625 0.7643 0.3265796875 0.7634875 0.85554375 0.787875 0.8609625 0.7927531250000001 0.330915625
6 0.814703125 0.3276640625 0.7895015625 0.3276640625 0.787875 0.8674671875 0.8082 0.8674671875 0.814703125 0.3276640625
6 0.8464078125000001 0.2745515625 0.8114515625 0.2745515625 0.804134375 0.85554375 0.8350265625000001 0.8609625 0.8464078125000001 0.2745515625
6 0.8789265625 0.27671875 0.8399046875 0.2745515625 0.8374656249999999 0.8598796875 0.8683578125 0.8620468750000001 0.8789265625 0.27671875
6 0.9081921875000001 0.3547625 0.8781140625000001 0.3525953125 0.8691718749999999 0.8609625 0.8943734375 0.8587953125000001 0.9081921875000001 0.3547625
6 0.9382718750000001 0.355846875 0.9025015625 0.34934375 0.8927468749999999 0.86313125 0.9268906250000001 0.86313125 0.9382718750000001 0.355846875
6 0.9659125 0.3601828125 0.9333953125000001 0.3580140625 0.9260781250000001 0.854459375 0.9561578125000001 0.854459375 0.9659125 0.3601828125
6 0.9911140625 0.2897265625 0.9634734375 0.29514687500000003 0.9569703125 0.8577109374999999 0.9805453125 0.8598796875 0.9911140625 0.2897265625
6 0.9997484375000001 0.8598796875 0.9997484375000001 0.6344093749999999 0.9997484375000001 0.2869625 0.9911140625 0.29189375 0.9781078125 0.8566265625 0.9997484375000001 0.8598796875