4 0.2500875 0 0.2486625 0.034457812500000004 0.76768125 0.143871875 0.7821421875000001 0.0960875 0.3226015625 0 0.2500875 0
4 0.754053125 0.19090000000000001 0.7659687500000001 0.14623124999999998 0.24634687500000002 0.033965625 0.2409234375 0.0808859375 0.754053125 0.19090000000000001
4 0.768271875 0.2492953125 0.7774515625 0.20041250000000002 0.24221875 0.087553125 0.23545937499999997 0.131640625 0.768271875 0.2492953125
4 0.2310921875 0.13420625 0.222096875 0.18222031249999998 0.758146875 0.296653125 0.7684562500000001 0.2484265625 0.2310921875 0.13420625
4 0.7453296875000001 0.35153124999999996 0.7571953125 0.3014046875 0.223490625 0.1870546875 0.212921875 0.2376703125 0.7453296875000001 0.35153124999999996
4 0.21570312500000002 0.240771875 0.21192812499999997 0.269925 0.737528125 0.3811265625 0.7431984375 0.3501703125 0.21570312500000002 0.240771875
4 0.7310640625 0.4129484375 0.7373406250000001 0.3834203125 0.2090578125 0.27203750000000004 0.20334218750000002 0.3015265625 0.7310640625 0.4129484375
4 0.1999109375 0.30367968749999996 0.1941890625 0.330603125 0.7219171875 0.444590625 0.729353125 0.41530781250000004 0.1999109375 0.30367968749999996
4 0.7158265625 0.47325156249999994 0.7215484375 0.44632812499999996 0.199240625 0.3353078125 0.1926921875 0.3641578125 0.7158265625 0.47325156249999994
4 0.7061765624999999 0.51295625 0.713509375 0.472759375 0.1912515625 0.367196875 0.1822828125 0.40687187500000005 0.7061765624999999 0.51295625
4 0.1808640625 0.410375 0.173059375 0.44139531249999997 0.7175390625 0.5565859375 0.7243875 0.5240890625 0.1808640625 0.410375
4 0.711884375 0.5886046875 0.7206609375 0.5587 0.1746375 0.4453625 0.1704140625 0.475234375 0.711884375 0.5886046875
4 0.17359843749999998 0.4787265625 0.16621406249999998 0.5134671875000001 0.681065625 0.621715625 0.688353125 0.58541875 0.17359843749999998 0.4787265625
4 0.6704125000000001 0.686903125 0.680465625 0.628221875 0.1566296875 0.5186921875 0.1438421875 0.5731609375 0.6704125000000001 0.686903125
4 0.1258828125 0.5893140625 0.12044531249999998 0.626284375 0.74193125 0.7547546875 0.749546875 0.7191375 0.1258828125 0.5893140625
4 0.7288578125 0.799178125 0.7389281249999999 0.7631921875 0.1216546875 0.6319874999999999 0.11651562499999998 0.6724390625 0.7288578125 0.799178125
4 0.1313234375 0.6776140625 0.11974375 0.7377875 0.6312656249999999 0.8497421875000001 0.6447359374999999 0.784928125 0.1313234375 0.6776140625
4 0.72105625 0.9554656250000001 0.7362953125 0.8951640624999999 0.1109234375 0.7551140625 0.0979421875 0.8175734374999999 0.72105625 0.9554656250000001
4 0.6525296875000001 1 0.6639406250000001 0.945140625 0.09836249999999999 0.82129375 0.0848859375 0.88469375 0.6071203125 1 0.6525296875000001 1