4 0.641646875 0.9736156250000001 0.6501812499999999 0.95118125 0.144590625 0.7869046875000001 0.1340703125 0.8068578125 0.641646875 0.9736156250000001
4 0.1581203125 0.7567578125 0.1512609375 0.7778703124999999 0.644190625 0.938965625 0.65310625 0.9159484375 0.1581203125 0.7567578125
4 0.6552515624999999 0.9164187500000001 0.66301875 0.9040046875 0.17002343749999999 0.74255625 0.165975 0.7555765625 0.6552515624999999 0.9164187500000001
4 0.134075 0.6966640625 0.122796875 0.7275421875 0.6683749999999999 0.9066796874999999 0.68211875 0.8730062500000001 0.134075 0.6966640625
4 0.682728125 0.8739984375000001 0.6982078125 0.841684375 0.1453234375 0.6620421875 0.133771875 0.6937640625 0.682728125 0.8739984375000001
4 0.1700859375 0.631809375 0.1607578125 0.6605203125 0.6969953125 0.8300875 0.7075296875 0.803225 0.1700859375 0.631809375
4 0.7096750000000001 0.7987296875000001 0.725125 0.762671875 0.1932375 0.586834375 0.1793109375 0.6264046875 0.7096750000000001 0.7987296875000001
4 0.2079328125 0.5498140625 0.196409375 0.5852796875 0.7239703125 0.7585625 0.7387374999999999 0.7240328125 0.2079328125 0.5498140625
4 0.745903125 0.72554375 0.7703796875 0.657875 0.223315625 0.4679875 0.195975 0.540490625 0.745903125 0.72554375
4 0.2460890625 0.3978984375 0.2207609375 0.46435624999999997 0.77625625 0.6551171874999999 0.8024640625 0.5936125 0.2460890625 0.3978984375
4 0.8241328125 0.5997203125 0.827975 0.587896875 0.1550109375 0.3487 0.15044531249999998 0.360378125 0.8241328125 0.5997203125
4 0.8285234375 0.5862093749999999 0.8329421874999999 0.576440625 0.15912656249999999 0.3360328125 0.1552859375 0.34785468750000004 0.8285234375 0.5862093749999999
4 0.1651921875 0.3211984375 0.1595390625 0.334765625 0.8358515625 0.57131875 0.83946875 0.5572781250000001 0.1651921875 0.3211984375
4 0.8426312499999999 0.5581171875 0.8486953125 0.5432828125 0.17180625 0.304675 0.1646140625 0.31914375 0.8426312499999999 0.5581171875
4 0.1750703125 0.2907984375 0.171228125 0.3026203125 0.8489703125 0.5424375 0.8536953125 0.53035 0.1750703125 0.2907984375
4 0.8558859375000001 0.5288140625 0.859728125 0.5169921875 0.1797484375 0.27440625 0.173640625 0.28753281249999996 0.8558859375000001 0.5288140625
4 0.8599734375000001 0.512403125 0.8704281249999999 0.4840578125 0.191834375 0.24303124999999998 0.18083125 0.273065625 0.8599734375000001 0.512403125
4 0.2045140625 0.2116734375 0.193784375 0.24086406249999998 0.8729265625 0.4802015625 0.8815203125 0.45313749999999997 0.2045140625 0.2116734375
4 0.8740421875 0.44228750000000006 0.8922359375 0.39778437499999997 0.3132828125 0.1872640625 0.29596875 0.2367203125 0.8740421875 0.44228750000000006
4 0.32206250000000003 0.16024218750000002 0.31410625 0.18473124999999999 0.880340625 0.38458281250000004 0.8878984375 0.3576625 0.32206250000000003 0.16024218750000002
4 0.8936249999999999 0.35902500000000004 0.9015546875 0.3307921875 0.3339796875 0.12839687500000002 0.3242578125 0.1534859375 0.8936249999999999 0.35902500000000004
4 0.3410125 0.0674375 0.3251265625 0.120159375 0.90660625 0.33056718749999997 0.9237578125000001 0.2810078125 0.3410125 0.0674375
4 0.9238640625000001 0.2736234375 0.9423046875000001 0.22453281249999998 0.3571734375 0.0106609375 0.34043437499999996 0.0653828125 0.9238640625000001 0.2736234375