5 0.08268096875 0.2991876666666667 0.043323875 0.3027935625 0.16170443125 0.7396296166666667 0.190117403125 0.7360777166666667 0.08268096875 0.2991876666666667
5 0.101326934375 0.28497982499999996 0.079129359375 0.28497982499999996 0.191005275 0.7431816 0.192781140625 0.7443656166666667 0.203435959375 0.7491015416666666 0.21142710625 0.7467335791666667 0.2238577875 0.7408136375000001 0.12086083125 0.28142788333333335 0.10754227499999999 0.28379584166666666 0.101326934375 0.28497982499999996
5 0.167919771875 0.287347825 0.13950685625 0.29208374583333335 0.23273680625 0.7313417958333334 0.25049489999999996 0.7289738333333333 0.167919771875 0.287347825
5 0.25315863437499997 0.7491015416666666 0.28355825 0.7441998125 0.200772225 0.29445170416666666 0.16969557500000002 0.2968196666666667 0.25315863437499997 0.7491015416666666
5 0.25138283125 0.3039235875 0.223011375 0.3080018958333334 0.2913385 0.7266057958333333 0.31264820000000004 0.721869875 0.25138283125 0.3039235875
5 0.31353613125 0.7266057958333333 0.3314098125 0.7220643958333334 0.27713201249999997 0.3039235875 0.252270703125 0.3074755291666667 0.31353613125 0.7266057958333333
5 0.310872396875 0.29445170416666666 0.27713201249999997 0.29800364583333333 0.333070028125 0.7325257374999999 0.36148294375 0.7277898125 0.310872396875 0.29445170416666666
5 0.36503454999999996 0.7289738333333333 0.3900035625 0.7246685625 0.3481643875 0.2908997625 0.315311934375 0.2956356875 0.36503454999999996 0.7289738333333333
5 0.39293325 0.3040956458333334 0.349052259375 0.30629155 0.393447525 0.7313417958333334 0.42807578125 0.730157775 0.39293325 0.3040956458333334
5 0.43784272812499997 0.3039235875 0.39255959375 0.3039235875 0.429851584375 0.7289738333333333 0.460928234375 0.7289738333333333 0.43784272812499997 0.3039235875
5 0.464479840625 0.7455495583333334 0.48934120937500003 0.7455495583333334 0.468031446875 0.27077203749999995 0.436954796875 0.27195602083333337 0.464479840625 0.7455495583333334
5 0.50230825 0.2702414791666667 0.47069518125 0.27195602083333337 0.492892815625 0.7479175208333333 0.5177541812500001 0.7491015416666666 0.50230825 0.2702414791666667
5 0.519529925 0.7491015416666666 0.545279165625 0.7479175208333333 0.539951696875 0.27077203749999995 0.50709924375 0.27077203749999995 0.519529925 0.7491015416666666
5 0.550606634375 0.7538374624999999 0.6048473125 0.7494081458333334 0.6100962 0.28024390000000005 0.54261543125 0.28616384166666664 0.550606634375 0.7538374624999999
5 0.6891196625 0.28142788333333335 0.6171994125 0.28379584166666666 0.609208328125 0.7668612833333334 0.6686978906250001 0.7633093041666666 0.6891196625 0.28142788333333335
5 0.740618140625 0.28024390000000005 0.69977448125 0.28142788333333335 0.673137371875 0.7680453041666666 0.706877815625 0.7704132666666667 0.740618140625 0.28024390000000005
5 0.79211661875 0.28497982499999996 0.7486092249999999 0.287347825 0.7077656875 0.7704132666666667 0.740618140625 0.7727812249999999 0.79211661875 0.28497982499999996
5 0.857821525 0.23880447083333334 0.8089488749999999 0.24159564583333332 0.7521608343749999 0.7775171458333333 0.79034075625 0.7751491875000001 0.857821525 0.23880447083333334
5 0.794780353125 0.7822530666666666 0.8372691874999999 0.7793560625 0.917311090625 0.23643649166666666 0.864036865625 0.23762049166666666 0.794780353125 0.7822530666666666
5 0.9839039875 0.23998845 0.927965909375 0.23880447083333334 0.8409513625 0.7834370875 0.8809070312499999 0.7834370875 0.9839039875 0.23998845