5 0.310226075 0.3092447916666667 0.283495584375 0.3081597208333333 0.27117326249999996 0.8148871541666666 0.298835671875 0.8148871541666666 0.310226075 0.3092447916666667
5 0.3411428875 0.3070746541666667 0.3136062625 0.3059895833333333 0.302903671875 0.8181423624999999 0.332193284375 0.8181423624999999 0.3411428875 0.3070746541666667
5 0.3452108875 0.8203125 0.35822849375 0.8181423624999999 0.364737296875 0.3081597208333333 0.344530740625 0.3092447916666667 0.336261284375 0.8170572916666666 0.3395156875 0.8181423624999999 0.3452108875 0.8203125
5 0.38426370312499997 0.8159722208333334 0.386704503125 0.31141492916666663 0.385077303125 0.3103298625 0.3720597 0.3125 0.366503396875 0.31141492916666663 0.36148289375 0.8170572916666666 0.3785685 0.8181423624999999 0.38426370312499997 0.8159722208333334
5 0.4086717125 0.33311632083333337 0.388476053125 0.33203125 0.39158610625 0.8192274291666667 0.41436691249999996 0.8170572916666666 0.4086717125 0.33311632083333337
5 0.42982531875 0.33094617916666663 0.40963490937499997 0.3342013875 0.419248515625 0.8181423624999999 0.44040212500000003 0.8181423624999999 0.42982531875 0.33094617916666663
5 0.469691734375 0.8203125 0.47864133750000004 0.8159722208333334 0.46318293125 0.322265625 0.46074213124999996 0.322265625 0.45097892812499996 0.322265625 0.439588525 0.322265625 0.43242136562500005 0.32335069583333337 0.44447012499999994 0.8213975708333333 0.45667412812499997 0.8203125 0.469691734375 0.8203125
5 0.5095581499999999 0.8246527791666666 0.520134953125 0.8224826375000001 0.502235746875 0.3255208333333333 0.49409974375 0.3255208333333333 0.48108213749999995 0.3244357625 0.46904245937500005 0.3276909708333333 0.48596374062500003 0.8235677083333334 0.49328614374999996 0.8246527791666666 0.5095581499999999 0.8246527791666666
5 0.541288559375 0.2658420125 0.517870584375 0.2658420125 0.52745735625 0.8257378458333334 0.553492565625 0.8246527791666666 0.541288559375 0.2658420125
5 0.56651016875 0.341796875 0.54553985625 0.34071180416666663 0.557560565625 0.8279079874999999 0.5803413749999999 0.8246527791666666 0.56651016875 0.341796875
5 0.6104445843749999 0.8257378458333334 0.59579978125 0.3461371541666667 0.571391771875 0.3483072916666667 0.583595775 0.8213975708333333 0.586850178125 0.8246527791666666 0.6104445843749999 0.8257378458333334
5 0.6438021968750001 0.2777777791666667 0.614713034375 0.2777777791666667 0.6193941875 0.830078125 0.6503110000000001 0.8311631958333333 0.6438021968750001 0.2777777791666667
5 0.6828550124999999 0.2788628458333333 0.6554031375 0.2766927083333333 0.659260603125 0.8311631958333333 0.690177415625 0.8333333333333334 0.6828550124999999 0.2788628458333333
5 0.7251622281250001 0.35047742916666663 0.6944656375 0.35047742916666663 0.695872615625 0.8333333333333334 0.730043828125 0.8344184041666666 0.7251622281250001 0.35047742916666663
5 0.76909664375 0.35047742916666663 0.7335281375 0.35047742916666663 0.73492543125 0.8333333333333334 0.76746944375 0.8344184041666666 0.76909664375 0.35047742916666663
5 0.796759053125 0.20182291666666666 0.78455505 0.20182291666666666 0.780487046875 0.8463541666666666 0.792691053125 0.8485243041666667 0.796759053125 0.20182291666666666
5 0.813031059375 0.20182291666666666 0.802701315625 0.20182291666666666 0.795131853125 0.8463541666666666 0.809776659375 0.8463541666666666 0.813031059375 0.20182291666666666
5 0.826048665625 0.2766927083333333 0.814908346875 0.2766927083333333 0.8114038593749999 0.83984375 0.8268622656250001 0.8409288208333333 0.826048665625 0.2766927083333333
5 0.846388671875 0.28211805416666663 0.8284894656249999 0.2788628458333333 0.827675865625 0.83984375 0.8472022718750001 0.8387586791666667 0.846388671875 0.28211805416666663
5 0.8797462843750001 0.28211805416666663 0.853970846875 0.2810329875 0.8545246750000001 0.83984375 0.877305484375 0.8409288208333333 0.8797462843750001 0.28211805416666663
5 0.9074086937500001 0.283203125 0.884081521875 0.283203125 0.8854414875 0.83984375 0.90984949375 0.8420138875000001 0.9074086937500001 0.283203125