4 0.781146875 0.9102328125 0.7844859375000001 0.8942703125 0.7887859374999999 0.879265625 0.785225 0.86561875 0.15363906249999998 0.7752125000000001 0.1482640625 0.7900671874999999 0.1457734375 0.8077921874999999 0.14804062499999998 0.82284375 0.15006875 0.82400625 0.7740203125 0.9141609374999999 0.781146875 0.9102328125
4 0.790715625 0.8343484374999999 0.7920734375 0.8246796875 0.1654078125 0.7382515625 0.16376718750000002 0.742128125 0.1612765625 0.759853125 0.16185 0.7713671875 0.1648375 0.7735000000000001 0.78386875 0.8596765625 0.789865625 0.8481953125 0.790715625 0.8343484374999999
4 0.8182640625 0.786459375 0.0875984375 0.6837718749999999 0.079684375 0.7244828125 0.081596875 0.726471875 0.8126031250000001 0.82674375 0.8182640625 0.786459375
4 0.088390625 0.6781312500000001 0.8180953125 0.7798625 0.822909375 0.7378171874999999 0.0960875 0.6389546875 0.0896390625 0.6536593749999999 0.08755468749999999 0.67628125 0.088390625 0.6781312500000001
4 0.0946203125 0.618209375 0.09305 0.6293890625 0.0938828125 0.63125 0.8242687500000001 0.7281484375 0.82749375 0.7129921875 0.8287421875 0.68851875 0.1019203125 0.5896578124999999 0.0946203125 0.618209375
4 0.828346875 0.683534375 0.8320281250000001 0.6495437500000001 0.163909375 0.554003125 0.15905625 0.5885359375 0.828346875 0.683534375
4 0.16950937500000002 0.553146875 0.8292578125000001 0.64586875 0.8341265625000001 0.6112234375 0.1720015625 0.5198125 0.1662296875 0.5452921875000001 0.1673765625 0.5527234375 0.16950937500000002 0.553146875
4 0.8453250000000001 0.6095109375 0.8492328125 0.5739109375 0.1743265625 0.4798796875 0.1691359375 0.5168125 0.8453250000000001 0.6095109375
4 0.8537062499999999 0.53428125 0.179875 0.44040156250000007 0.1758734375 0.47666875 0.180153125 0.47741249999999996 0.84765 0.5695796875 0.8537062499999999 0.53428125
4 0.8576734374999999 0.47486249999999997 0.184690625 0.3827453125 0.1774109375 0.4267546875 0.1771625 0.42851875 0.8524078125000001 0.52013125 0.8576734374999999 0.47486249999999997
4 0.861584375 0.4236515625 0.1945390625 0.32826093749999996 0.1876921875 0.3535890625 0.1874875 0.3706453125 0.1872375 0.372421875 0.85546875 0.4671578125 0.8609 0.45970468750000004 0.8635046875000001 0.441175 0.861584375 0.4236515625
4 0.84818125 0.41765937500000005 0.85288125 0.37641874999999997 0.2188078125 0.2881265625 0.210909375 0.3287375 0.84818125 0.41765937500000005
4 0.219434375 0.26028125 0.2188921875 0.2797296875 0.22101406250000002 0.280221875 0.8563890625000001 0.367053125 0.85939375 0.3222875 0.2253203125 0.2339953125 0.2231125 0.2419015625 0.219434375 0.26028125
4 0.2196703125 0.1962296875 0.2170109375 0.20735781250000002 0.2159625 0.22261406250000002 0.8593375 0.314884375 0.8595109375 0.2902609375 0.2196703125 0.1962296875
4 0.2184265625 0.18948125 0.8639812499999999 0.2818515625 0.8654546875 0.25576875 0.227309375 0.16526093749999998 0.222390625 0.1612828125 0.2186828125 0.18765937500000002 0.2184265625 0.18948125
4 0.8691890624999999 0.24479062499999998 0.8706343750000001 0.24230468749999998 0.8700421875 0.21533281249999997 0.32215625000000003 0.1375109375 0.315421875 0.162034375 0.8691890624999999 0.24479062499999998
4 0.861221875 0.2001265625 0.335165625 0.1229078125 0.3300484375 0.1359234375 0.327640625 0.1374609375 0.8594109375000001 0.21301718749999998 0.861221875 0.2001265625
4 0.863034375 0.1872359375 0.2885109375 0.1040265625 0.2874109375 0.11185156249999999 0.2848890625 0.1141984375 0.8603734375000001 0.1983640625 0.863034375 0.1872359375
4 0.8653562499999999 0.1629140625 0.29145468750000003 0.083078125 0.2876953125 0.10202968750000001 0.8644484374999999 0.18496875 0.869709375 0.1709203125 0.8653562499999999 0.1629140625
4 0.8689765625 0.1527421875 0.872484375 0.143375 0.291628125 0.058454687500000005 0.290303125 0.06788125 0.8689765625 0.1527421875
4 0.8703359374999999 0.14307343749999998 0.8733359374999999 0.129528125 0.87339375 0.1213203125 0.2966078125 0.038615625 0.295928125 0.04345 0.2918890625 0.0565984375 0.8703359374999999 0.14307343749999998