6 0.07584375 0.20941875 0.04830625 0.20941875 0.046553125 0.824653125 0.074215625 0.8257375 0.07584375 0.20941875
6 0.1075734375 0.210503125 0.0800453125 0.20941875 0.07584375 0.8279078125 0.10513281249999999 0.8257375 0.1075734375 0.210503125
6 0.10513281249999999 0.8289937500000001 0.1327953125 0.8268234375000001 0.13523593750000001 0.2680125 0.1393046875 0.26475624999999997 0.1401171875 0.21484375 0.1117828125 0.2115890625 0.10513281249999999 0.8289937500000001
6 0.134421875 0.835503125 0.161271875 0.835503125 0.18730625 0.83441875 0.1905609375 0.83441875 0.18893437500000002 0.2669265625 0.13701093749999999 0.269096875 0.134421875 0.835503125
6 0.24019062500000002 0.84526875 0.2386734375 0.26258750000000003 0.20775625 0.26475624999999997 0.19072187499999999 0.2658421875 0.1921875 0.8387593750000001 0.24019062500000002 0.84526875
6 0.28819218750000003 0.1345484375 0.2672203125 0.1334640625 0.2817546875 0.8528640624999999 0.3028375 0.8506937499999999 0.28819218750000003 0.1345484375
6 0.310159375 0.1345484375 0.291634375 0.1334640625 0.30853281250000003 0.855034375 0.32968593749999997 0.8517796875 0.310159375 0.1345484375
6 0.364671875 0.22026875 0.32255781250000004 0.219184375 0.33456874999999997 0.8387593750000001 0.379315625 0.835503125 0.364671875 0.22026875
6 0.425690625 0.8387593750000001 0.42894531249999995 0.835503125 0.41267343749999996 0.2180984375 0.3722 0.219184375 0.3841984375 0.8387593750000001 0.425690625 0.8387593750000001
6 0.4468453125 0.219184375 0.4194 0.219184375 0.4313859375 0.844184375 0.4590484375 0.8420140625 0.4468453125 0.219184375
6 0.4762375 0.219184375 0.4510171875 0.22026875 0.4614890625 0.8409281249999999 0.4883390625 0.8409281249999999 0.4762375 0.219184375
6 0.4828765625 0.21267343749999998 0.4925171875 0.84526875 0.5063484375 0.8474390625 0.5209921875 0.8474390625 0.533196875 0.844184375 0.52180625 0.21484375 0.5063484375 0.21484375 0.4828765625 0.21267343749999998
6 0.5372656250000001 0.8474390625 0.5787578124999999 0.8474390625 0.569809375 0.21592812499999997 0.5519093749999999 0.21375937500000003 0.54051875 0.21375937500000003 0.5284500000000001 0.21375937500000003 0.5372656250000001 0.8474390625
6 0.5803859375 0.23654531250000002 0.5893359375 0.8626296874999999 0.6267609375000001 0.859375 0.6397781250000001 0.8572046875 0.6292015625 0.238715625 0.6194390624999999 0.2376296875 0.597471875 0.23654531250000002 0.5803859375 0.23654531250000002
6 0.64221875 0.22352500000000003 0.6503546874999999 0.8669703125 0.667440625 0.869140625 0.690221875 0.8658859375000001 0.704053125 0.8615453125 0.6926625 0.22677968750000002 0.6658140625 0.22569374999999997 0.64221875 0.22352500000000003
6 0.7422921875 0.22569374999999997 0.7195109375000001 0.22569374999999997 0.701790625 0.22569374999999997 0.708934375 0.8658859375000001 0.7219515624999999 0.869140625 0.7374109375 0.869140625 0.754496875 0.8669703125 0.76181875 0.8582906250000001 0.75286875 0.230034375 0.7422921875 0.22569374999999997
6 0.773209375 0.874565625 0.8236515624999999 0.8680562500000001 0.8138890625 0.234375 0.8098203125 0.2278640625 0.800871875 0.22569374999999997 0.7660796875 0.22677968750000002 0.773209375 0.874565625
6 0.8757234374999999 0.863715625 0.8643328125 0.23545937499999997 0.8586375 0.23220468749999998 0.81714375 0.230034375 0.8269062500000001 0.8669703125 0.8757234374999999 0.863715625
6 0.9302343750000001 0.2311203125 0.8865234375 0.2278640625 0.8960625 0.8713109375 0.9424374999999999 0.8648 0.9302343750000001 0.2311203125
6 0.9432515625000001 0.23220468749999998 0.93860625 0.23329062500000003 0.9489468750000001 0.869140625 0.9562687499999999 0.869140625 0.9432515625000001 0.23220468749999998
6 0.9530140625 0.23220468749999998 0.9475578125 0.23329062500000003 0.9619640625000001 0.8669703125 0.9684734374999999 0.869140625 0.9530140625 0.23220468749999998