5 0.1441422 0.13182531666666666 0.09382761875 0.12689206249999999 0.066450575 0.7159240625 0.119724828125 0.7208572791666668 0.1441422 0.13182531666666666
5 0.12342444374999999 0.7188840458333333 0.174478965625 0.7208573458333334 0.195936615625 0.13577195 0.14858175625 0.1308387 0.12342444374999999 0.7188840458333333
5 0.175958803125 0.7208573458333334 0.231415728125 0.7210779666666667 0.25217059062499997 0.15057175416666665 0.197416453125 0.14761180416666667 0.175958803125 0.7208573458333334
5 0.30470495 0.13971856666666668 0.2632693875 0.13379865000000002 0.24551130312499997 0.7188840458333333 0.2899065375 0.7198706625 0.30470495 0.13971856666666668
5 0.3513199125 0.14169186666666667 0.3113641875 0.13675861666666667 0.294346046875 0.7198706625 0.339481175 0.7208573458333334 0.3513199125 0.14169186666666667
5 0.41125345312499995 0.1466251375 0.370557834375 0.14366518333333334 0.4023743875 0.7228306458333333 0.44602972812499997 0.7139507625 0.41125345312499995 0.1466251375
5 0.45786841875000006 0.15451837083333334 0.41777640624999995 0.15250157916666665 0.45638858125 0.7208573458333334 0.496344259375 0.7139507625 0.45786841875000006 0.15451837083333334
5 0.51928184375 0.132812 0.46660453124999995 0.13080019166666668 0.5000439250000001 0.7218439624999999 0.558497578125 0.7129640791666667 0.51928184375 0.132812
5 0.5814351624999999 0.13577195 0.52742096875 0.1308387 0.565156915625 0.7208573458333334 0.619911003125 0.7169107458333334 0.5814351624999999 0.13577195
5 0.59697341875 0.169318175 0.6228706749999999 0.7228306458333333 0.7072215875000001 0.7139507625 0.67318520625 0.17819804166666667 0.65838684375 0.1772113916666667 0.648027940625 0.17523809166666665 0.628050128125 0.17523809166666665 0.59697341875 0.169318175
5 0.76493535 0.17819804166666667 0.725719615625 0.17523809166666665 0.711661146875 0.174251425 0.698538125 0.1731179 0.711661146875 0.7208573458333334 0.781213596875 0.7208573458333334 0.76493535 0.17819804166666667
5 0.836707678125 0.13577195 0.815249978125 0.13675861666666667 0.801931403125 0.13774526666666667 0.7715946875 0.13577195 0.7915725 0.7218439624999999 0.850766146875 0.7208573458333334 0.836707678125 0.13577195
5 0.9217984843749999 0.1308387 0.867808959375 0.12971512083333334 0.86852418125 0.7208573458333334 0.9217984843749999 0.7198706625 0.9217984843749999 0.1308387