4 0.04395625 0.681740625 0.067678125 0.68531875 0.17220156250000002 0.2393203125 0.1507234375 0.23422031250000003 0.04395625 0.681740625
4 0.06385625 0.6989203125000001 0.0887625 0.7040546875 0.197171875 0.24677031249999998 0.171078125 0.24008124999999997 0.06385625 0.6989203125000001
4 0.098803125 0.6948875 0.13518593750000002 0.701678125 0.2345984375 0.27801875 0.199359375 0.26818125 0.098803125 0.6948875
4 0.13601875000000002 0.704259375 0.1670171875 0.7091953125 0.26809375 0.2907 0.237321875 0.2801046875 0.13601875000000002 0.704259375
4 0.1694109375 0.7272328124999999 0.1836109375 0.730975 0.199640625 0.7319046874999999 0.20519062500000002 0.7257828125 0.3323453125 0.2290484375 0.32737656249999997 0.22848593749999999 0.32199062500000003 0.22663125 0.3104515625 0.2226578125 0.2989125 0.2186859375 0.2886609375 0.21630312499999998 0.162778125 0.72150625 0.1694109375 0.7272328124999999
4 0.20749843750000002 0.7265765625 0.22855937499999998 0.7303859375 0.344871875 0.297628125 0.3204328125 0.2915078125 0.20749843750000002 0.7265765625
4 0.23074218750000003 0.726546875 0.25866406249999996 0.7304234375 0.3828109375 0.2774109375 0.3568390625 0.2707625 0.23074218750000003 0.726546875
4 0.2613875 0.732509375 0.29812343750000003 0.7382734375 0.419884375 0.3096859375 0.3812578125 0.299828125 0.2613875 0.732509375
4 0.3030703125 0.7239093750000001 0.33490000000000003 0.7314265625 0.453315625 0.32005 0.420653125 0.30995 0.3030703125 0.7239093750000001
4 0.3322 0.74426875 0.359353125 0.7478796875 0.481009375 0.329584375 0.45275625 0.3221515625 0.3322 0.74426875
4 0.36195 0.74533125 0.38425937499999996 0.7530125 0.5090578125 0.3380953125 0.4815796875 0.330928125 0.36195 0.74533125
4 0.550221875 0.3384984375 0.5433609374999999 0.33843125 0.528390625 0.33442343750000003 0.5139359375 0.32944687500000003 0.38220312500000003 0.7614859375 0.3942828125 0.7713828125 0.40890000000000004 0.776415625 0.41682031249999996 0.7734046875 0.550221875 0.3384984375
4 0.4162390625 0.7800906249999999 0.44505625000000004 0.788865625 0.5840296875 0.3627625 0.5503515625000001 0.35116562500000004 0.4162390625 0.7800906249999999
4 0.47603125 0.778875 0.6127203125 0.366903125 0.586390625 0.358984375 0.4492953125 0.7765546875 0.472790625 0.7857921875 0.47603125 0.778875
4 0.47333125000000004 0.7917156249999999 0.5018578125000001 0.8038328124999999 0.6427859375 0.3795515625 0.6143234375 0.36974999999999997 0.47333125000000004 0.7917156249999999
4 0.504871875 0.8025765625 0.5279499999999999 0.8105218750000001 0.67195625 0.38730000000000003 0.646409375 0.3796515625 0.504871875 0.8025765625
4 0.5307125 0.7999984375 0.5502984375 0.8055937500000001 0.699234375 0.3955453125 0.6752328125 0.388428125 0.5307125 0.7999984375
4 0.558634375 0.803875 0.6023578125 0.8143390625 0.7549125 0.41127343749999995 0.704409375 0.3961796875 0.558634375 0.803875
4 0.6055609375000001 0.8200328125 0.65466875 0.8323515625000001 0.8124828125000001 0.42650625 0.7586953125 0.41028125 0.6055609375000001 0.8200328125
4 0.659284375 0.833940625 0.6711765625 0.8368874999999999 0.8236687500000001 0.43150468750000004 0.8143171875 0.4294328125 0.659284375 0.833940625
4 0.674190625 0.8356296875 0.7049624999999999 0.8462249999999999 0.8624218750000001 0.44140625 0.829996875 0.4313890625 0.674190625 0.8356296875
4 0.7114921875 0.8622453125 0.7438015625000001 0.8733703125 0.91159375 0.45604218750000003 0.8753328125 0.4447046875 0.7114921875 0.8622453125
4 0.7482921874999999 0.8703265625000001 0.7731375 0.8731421875 0.9412421875 0.4673984375 0.9161140624999999 0.458746875 0.7482921874999999 0.8703265625000001