6 0.10931874999999999 0.27787656250000003 0.07750312499999999 0.27545000000000003 0.0782421875 0.8189562499999999 0.1084296875 0.8154046875000001 0.10931874999999999 0.27787656250000003
6 0.1057671875 0.8213250000000001 0.1409796875 0.81841875 0.14039531249999998 0.279059375 0.11109374999999999 0.2766921875 0.1057671875 0.8213250000000001
6 0.13950625 0.8189562499999999 0.171253125 0.81841875 0.171471875 0.2577484375 0.1430578125 0.2553796875 0.13950625 0.8189562499999999
6 0.2034796875 0.2572203125 0.172359375 0.2553796875 0.171471875 0.817771875 0.200771875 0.817771875 0.2034796875 0.2572203125
6 0.20166093749999997 0.8154046875000001 0.2503546875 0.8158140625 0.24783125 0.2482765625 0.20521250000000002 0.243540625 0.20166093749999997 0.8154046875000001
6 0.30199375 0.2530125 0.2504953125 0.25064375 0.2513828125 0.8154046875000001 0.29844218749999996 0.8165890625 0.30199375 0.2530125
6 0.2993296875 0.8319796875 0.3714484375 0.8327421875000001 0.37835312499999996 0.1807890625 0.3046578125 0.176053125 0.2993296875 0.8319796875
6 0.42613593749999995 0.22076250000000003 0.38368125000000003 0.21630937499999997 0.379240625 0.8165890625 0.41830937500000004 0.8118531250000001 0.42613593749999995 0.22076250000000003
6 0.42008437499999995 0.8106687499999999 0.45640937499999995 0.8080015625 0.4644796875 0.22459687499999997 0.4280765625 0.21986093750000002 0.42008437499999995 0.8106687499999999
6 0.5052375 0.21685625000000003 0.46980781250000003 0.213940625 0.459153125 0.8130359374999999 0.49466875000000005 0.8106687499999999 0.5052375 0.21685625000000003
6 0.4982203125 0.8106687499999999 0.53258125 0.8067 0.5399515625 0.2186765625 0.5071 0.2186765625 0.4982203125 0.8106687499999999
6 0.5921515625 0.23248125000000003 0.543503125 0.22814843749999997 0.5319609375 0.8071171874999999 0.5816828125 0.8047484375 0.5921515625 0.23248125000000003
6 0.583459375 0.8083 0.6349578124999999 0.8071171874999999 0.6438359375 0.23643593749999997 0.597665625 0.2305171875 0.583459375 0.8083
6 0.68883125 0.22987656250000002 0.6500515625000001 0.22814843749999997 0.6367328125 0.8071171874999999 0.6731374999999999 0.8059328125 0.68883125 0.22987656250000002
6 0.6775765625 0.8059328125 0.7151984375 0.8067 0.729075 0.22814843749999997 0.6917828125 0.22459687499999997 0.6775765625 0.8059328125
6 0.78235 0.23288437499999998 0.747425 0.22987656250000002 0.7601515625 0.8083 0.7930046875000001 0.8000125 0.78235 0.23288437499999998
6 0.79744375 0.80238125 0.8323859375 0.79498125 0.816090625 0.23762031249999999 0.7832375 0.23288437499999998 0.79744375 0.80238125
6 0.8568 0.24810625000000003 0.8196421875000001 0.244725 0.8320718749999999 0.7964609375 0.8702515625 0.790540625 0.8568 0.24810625000000003
6 0.8720281249999999 0.7952765625 0.9105109375 0.791075 0.8951140625 0.2494609375 0.8613734375 0.2494609375 0.8720281249999999 0.7952765625