6 0.07502031249999999 0.299515625 0.064871875 0.7832578125 0.0991203125 0.7832578125 0.10355937500000001 0.781565625 0.11370781249999999 0.2978234375 0.10990156250000001 0.2978234375 0.080728125 0.2978234375 0.07502031249999999 0.299515625
6 0.10355937500000001 0.7824125000000001 0.13844218749999998 0.7824125000000001 0.14415 0.779875 0.15366249999999998 0.3003609375 0.14795468750000002 0.2961328125 0.11560937499999999 0.2961328125 0.10355937500000001 0.7824125000000001
6 0.14795468750000002 0.775646875 0.1885453125 0.7764921874999999 0.1974234375 0.302053125 0.183471875 0.2986703125 0.1631765625 0.299515625 0.1562 0.3003609375 0.14795468750000002 0.775646875
6 0.1891796875 0.7773375 0.230403125 0.7773375 0.2392828125 0.299515625 0.2265984375 0.296978125 0.20630312499999998 0.296978125 0.19835624999999998 0.29905624999999997 0.1891796875 0.7773375
6 0.2633828125 0.30120625 0.24090625000000002 0.2999859375 0.2310375 0.7773375 0.25386875 0.7781828125 0.2633828125 0.30120625
6 0.2602109375 0.7773375 0.2843125 0.7773375 0.28811718750000004 0.32911562499999997 0.2906546875 0.32826875 0.29128750000000003 0.299515625 0.269725 0.2986703125 0.2602109375 0.7773375
6 0.305778125 0.3278875 0.2887515625 0.32826875 0.2849453125 0.779875 0.306509375 0.7790296875 0.305778125 0.3278875
6 0.325309375 0.326028125 0.306509375 0.32742343749999997 0.30714375 0.7790296875 0.3268046875 0.7790296875 0.325309375 0.326028125
6 0.35809375 0.31858749999999997 0.330609375 0.32065781250000003 0.329975 0.775646875 0.35788125000000004 0.775646875 0.35809375 0.31858749999999997
6 0.3908609375 0.3189671875 0.363675 0.32044843749999996 0.35914999999999997 0.7748 0.3889578125 0.7748 0.3908609375 0.3189671875
6 0.41459531250000003 0.2999859375 0.3927625 0.30120625 0.3902265625 0.7739546875000001 0.4143265625 0.7748 0.41459531250000003 0.2999859375
6 0.4143265625 0.7764921874999999 0.4384265625 0.775646875 0.4383109375 0.30091718749999996 0.43462187500000005 0.299515625 0.41686249999999997 0.299515625 0.4143265625 0.7764921874999999
6 0.471096875 0.3278875 0.44286562500000004 0.32826875 0.43969531249999994 0.7739546875000001 0.46823437500000004 0.773109375 0.471096875 0.3278875
6 0.49829999999999997 0.3297484375 0.47140624999999997 0.32911562499999997 0.4701375 0.7722640625 0.49677499999999997 0.770571875 0.49829999999999997 0.3297484375
6 0.536665625 0.3269578125 0.5012140625 0.32742343749999997 0.49994531249999996 0.7739546875000001 0.5367296875 0.7739546875000001 0.536665625 0.3269578125
6 0.575728125 0.3278875 0.5379984375 0.32826875 0.5399015625 0.773109375 0.5779546875 0.773109375 0.575728125 0.3278875
6 0.6166421875 0.3248859375 0.580490625 0.32404062499999997 0.580490625 0.7714171875 0.61854375 0.7722640625 0.6166421875 0.3248859375
6 0.656596875 0.7722640625 0.6552484375 0.3195171875 0.6204468750000001 0.321503125 0.6204468750000001 0.773109375 0.656596875 0.7722640625
6 0.6887296875 0.3195171875 0.6610375000000001 0.31727500000000003 0.6629390625 0.7739546875000001 0.6921140625 0.7748 0.6887296875 0.3195171875
6 0.7145390625 0.32137812499999996 0.6883078125 0.321503125 0.6921140625 0.7722640625 0.7174828125 0.7722640625 0.7145390625 0.32137812499999996
6 0.7215140625 0.28510625 0.72509375 0.7722640625 0.7682203125 0.773109375 0.7644140625 0.2851390625 0.7215140625 0.28510625
6 0.8087078125 0.28510625 0.7656828124999999 0.2842921875 0.772025 0.7671890625 0.8145171875000001 0.7680343749999999 0.8087078125 0.28510625
6 0.8149859375 0.29719687499999997 0.819590625 0.7680343749999999 0.8538390625 0.76888125 0.8468625 0.2986703125 0.8149859375 0.29719687499999997
6 0.85195625 0.3325390625 0.8557421875 0.76634375 0.895696875 0.7671890625 0.8887203124999999 0.335034375 0.85195625 0.3325390625
6 0.8938078125000001 0.33160781250000004 0.8988687499999999 0.7671890625 0.9445328125 0.7680343749999999 0.9381906250000001 0.3324984375 0.8938078125000001 0.33160781250000004