0 0.02938833125 0.06860258333333333 0.00012194375 0.07727410833333333 0.384649778125 0.9476782 0.41472912187500005 0.9151599874999999 0.02938833125 0.06860258333333333
0 0.1383243375 0.16398933333333332 0.108244990625 0.19325572500000002 0.42936231874999997 0.9596015416666667 0.46757121562500004 0.9303351541666667 0.1383243375 0.16398933333333332
0 0.187101653125 0.14881417083333334 0.15295753125 0.1748287375 0.4805785 0.961769425 0.51634853125 0.9422585 0.187101653125 0.14881417083333334
0 0.5212262625 0.9552657833333333 0.558622203125 0.9249154541666668 0.24888625000000003 0.16073751249999998 0.21474213125000002 0.18350025833333333 0.5212262625 0.9552657833333333
0 0.26514535625 0.03500043333333334 0.2196198625 0.06751864583333332 0.574068353125 0.9693570083333333 0.629349309375 0.9368387958333333 0.26514535625 0.03500043333333334
0 0.64316955 0.9780285291666666 0.696011640625 0.9433424375 0.348879746875 0.08160986666666667 0.29847652187499996 0.11087625833333334 0.64316955 0.9780285291666666
0 0.41960685625 0.08486168749999999 0.369203628125 0.108708375 0.722026209375 0.9888679333333333 0.770803525 0.9520139625 0.41960685625 0.08486168749999999
0 0.7919403625 0.995371575 0.83746585625 0.9628533666666667 0.523665128125 0.20084330416666668 0.47895258749999997 0.22360605416666665 0.7919403625 0.995371575
0 0.58057199375 0.19000390416666668 0.5407371875 0.2225221125 0.843969496875 0.9888679333333333 0.889494990625 0.9520139625 0.58057199375 0.19000390416666668
0 0.9081929625 0.98128035 0.941524128125 0.9465942583333333 0.598457009375 0.08269380833333333 0.5569962937499999 0.11412807916666666 0.9081929625 0.98128035
0 0.999747984375 0.9297715041666667 0.665932296875 0.09353321249999999 0.621219759375 0.11954777916666666 0.966725740625 0.9834482291666667 0.999747984375 0.9670698916666667 0.999747984375 0.9297715041666667
0 0.69845050625 0.108708375 0.678126625 0.12930324166666668 0.9992439531249999 0.9346709166666667 0.999747984375 0.8548387083333334 0.69845050625 0.108708375
0 0.7472278218749999 0.1227996 0.721213253125 0.1412265875 0.999747984375 0.8497983875 0.999747984375 0.7483198916666667 0.7472278218749999 0.1227996
0 0.758609196875 0.1433944666666667 0.997618040625 0.7417295333333332 0.999747984375 0.7026209666666666 0.9992439531249999 0.675609175 0.77974603125 0.12930324166666668 0.758609196875 0.1433944666666667
0 0.8138901531249999 0.12605142083333334 0.79031445 0.14447840833333334 0.999747984375 0.6831317208333334 0.999747984375 0.6001344083333334 0.8138901531249999 0.12605142083333334
0 0.9008763656250001 0.265879725 0.8748617968750001 0.27997095 0.999747984375 0.5974462375 0.999747984375 0.5043682791666667 0.9008763656250001 0.265879725
0 0.906567053125 0.17699661666666666 0.8748617968750001 0.20626300833333333 0.999747984375 0.5010080625 0.999747984375 0.3881048375 0.906567053125 0.17699661666666666
0 0.964286875 0.1802484375 0.9293298 0.20626300833333333 0.999747984375 0.4055779583333334 0.999747984375 0.2661290333333333 0.964286875 0.1802484375