6 0.0413078125 0.1313015625 0.01023125 0.1277484375 0.043971875 0.750525 0.0750484375 0.749340625 0.0413078125 0.1313015625
6 0.077625 0.7517265625 0.112659375 0.74810625 0.0785125 0.13487031249999998 0.0456609375 0.13487031249999998 0.077625 0.7517265625
6 0.13267500000000002 0.19170156249999998 0.0953828125 0.18814999999999998 0.113140625 0.7505421875 0.1513203125 0.746990625 0.13267500000000002 0.19170156249999998
6 0.154871875 0.748175 0.1878546875 0.7468046875 0.16819062499999998 0.1928859375 0.1335625 0.1928859375 0.154871875 0.748175
6 0.210315625 0.10748125 0.167303125 0.1040875 0.1895 0.7529109375 0.22768125 0.7505421875 0.210315625 0.10748125
6 0.25698125 0.11119062500000002 0.2143625 0.1064546875 0.23034374999999999 0.755278125 0.268525 0.755278125 0.25698125 0.11119062500000002
6 0.276515625 0.7434390625 0.311878125 0.74029375 0.304928125 0.1857828125 0.26763593750000003 0.1845984375 0.276515625 0.7434390625
6 0.33778125000000003 0.186965625 0.3084796875 0.1857828125 0.31291875 0.7422546875 0.34222031249999996 0.7422546875 0.33778125000000003 0.186965625
6 0.3830640625 0.1159265625 0.33955625 0.11355937499999999 0.345771875 0.757646875 0.387503125 0.7611984374999999 0.3830640625 0.1159265625
6 0.387503125 0.75883125 0.42906562499999995 0.759825 0.4301234375 0.11711093749999998 0.38572812500000003 0.1159265625 0.387503125 0.75883125
6 0.43633749999999993 0.7540953125 0.4851734375 0.755278125 0.49671562500000005 0.1845984375 0.47540625 0.1845984375 0.45942343750000003 0.1834140625 0.4461046875 0.1834140625 0.43633749999999993 0.7540953125
6 0.5277921875 0.2106453125 0.4984921875 0.2106453125 0.4878359375 0.7505421875 0.51625 0.7517265625 0.5277921875 0.2106453125
6 0.5171375 0.7529109375 0.546253125 0.7533140625 0.5606453124999999 0.21301406250000002 0.5304562500000001 0.2118296875 0.5171375 0.7529109375
6 0.5686359375000001 0.1834140625 0.5633078125 0.1857828125 0.5482140625 0.768303125 0.5553171875 0.7671187500000001 0.5686359375000001 0.1834140625
6 0.58461875 0.7730390625 0.5952734375000001 0.7718546875000001 0.6032640625 0.768303125 0.632565625 0.16091875 0.593496875 0.1561828125 0.573075 0.16091875 0.5597562500000001 0.7635671875 0.5633078125 0.768303125 0.5766265625 0.7730390625 0.58461875 0.7730390625
6 0.6627531249999999 0.2698453125 0.6307890625 0.2674765625 0.6041515625 0.7623828125000001 0.6387796875 0.765934375 0.6627531249999999 0.2698453125
6 0.731121875 0.1928859375 0.67320625 0.1895125 0.63966875 0.7694859375 0.69471875 0.7718546875000001 0.731121875 0.1928859375
6 0.6973828125 0.75883125 0.718128125 0.759825 0.75154375 0.20472656250000001 0.731121875 0.2035421875 0.6973828125 0.75883125
6 0.799490625 0.1727578125 0.7659796875 0.1686796875 0.7204671874999999 0.76475 0.7586468749999999 0.768303125 0.799490625 0.1727578125
6 0.7604234375 0.765934375 0.780628125 0.7650328125 0.8225765624999999 0.19051875000000001 0.80393125 0.186965625 0.7604234375 0.765934375
6 0.8332312500000001 0.2899734375 0.8199125 0.2899734375 0.7799578125 0.7700781250000001 0.7959390625 0.7700781250000001 0.8332312500000001 0.2899734375
6 0.8350078125 0.7635671875 0.8900578124999999 0.1467109375 0.88739375 0.1455265625 0.86075625 0.14197500000000002 0.8456625000000001 0.14197500000000002 0.798603125 0.7611984374999999 0.8154734375 0.76475 0.8350078125 0.7635671875
6 0.9131421874999999 0.149078125 0.906928125 0.1443421875 0.8953843750000001 0.1384234375 0.838559375 0.75883125 0.8492140625 0.7623828125000001 0.866971875 0.7611984374999999 0.880290625 0.75883125 0.9362281250000001 0.151446875 0.9237984375 0.15026250000000002 0.9131421874999999 0.149078125