5 0.19722061875000002 0.15592559166666667 0.16081655625 0.15237365 0.13506731875 0.7905409708333334 0.17679885 0.7905409708333334 0.19722061875000002 0.15592559166666667
5 0.2376598125 0.15435606249999997 0.199884353125 0.15237365 0.178574653125 0.7881730083333333 0.22296985625 0.7869889916666666 0.2376598125 0.15435606249999997
5 0.227409396875 0.7846210291666667 0.328480125 0.7871685625 0.335733703125 0.16539747083333334 0.24250375625 0.16539747083333334 0.227409396875 0.7846210291666667
5 0.44405807187499996 0.15710957083333332 0.3411754375 0.15565814583333332 0.33750950625 0.79409295 0.44405807187499996 0.7905409708333334 0.44405807187499996 0.15710957083333332
5 0.45027341249999997 0.7929089291666667 0.48668325 0.7910748125 0.48667747187500005 0.16184551249999998 0.45027341249999997 0.16184551249999998 0.45027341249999997 0.7929089291666667
5 0.524857396875 0.15947755 0.48845333750000003 0.15829357083333334 0.48845333750000003 0.7917249125 0.524857396875 0.7917249125 0.524857396875 0.15947755
5 0.560902 0.16216856249999997 0.5284090031249999 0.16066153333333333 0.531960609375 0.7905409708333334 0.5683646687499999 0.7917249125 0.560902 0.16216856249999997
5 0.571916278125 0.7929089291666667 0.607432465625 0.7917249125 0.599441378125 0.16421349166666666 0.565700934375 0.16302949166666666 0.571916278125 0.7929089291666667
5 0.610984071875 0.7810691291666667 0.642948653125 0.7822530666666666 0.627854234375 0.16421349166666666 0.601217121875 0.16539747083333334 0.610984071875 0.7810691291666667
5 0.646500259375 0.7881730083333333 0.6771129375 0.7871685625 0.661594678125 0.16539747083333334 0.633181703125 0.16539747083333334 0.646500259375 0.7881730083333333
5 0.680240584375 0.7881730083333333 0.7200816875 0.7858664791666666 0.70243821875 0.16302949166666666 0.6660341562500001 0.16066153333333333 0.680240584375 0.7881730083333333
5 0.7396129375 0.16347064583333332 0.703326090625 0.16539747083333334 0.723747978125 0.7869889916666666 0.76192778125 0.78580505 0.7396129375 0.16347064583333332
5 0.76636738125 0.7881730083333333 0.8177379374999999 0.7884706458333334 0.7938923625000001 0.2032849416666667 0.7486092249999999 0.20210096249999998 0.76636738125 0.7881730083333333
5 0.8421519999999999 0.20123106249999997 0.7965560968750001 0.20091698333333333 0.8196416031249999 0.7869889916666666 0.86936421875 0.78580505 0.8421519999999999 0.20123106249999997
5 0.872915825 0.7869889916666666 0.9251598124999999 0.7871685625 0.89511345625 0.2032849416666667 0.849830321875 0.20446894166666668 0.872915825 0.7869889916666666