6 0.0664546875 0.9505015625000001 0.079034375 0.9574078125 0.0923515625 0.954446875 0.11159062500000001 0.9514875 0.0664546875 0.32595 0.01318125 0.3279234375 0.0664546875 0.9505015625000001
6 0.0768140625 0.3249625 0.1166703125 0.9446015624999999 0.12416875000000001 0.9485281249999999 0.13082812500000002 0.9524734374999999 0.1456265625 0.9534609375 0.1559859375 0.947540625 0.16412500000000002 0.9406343749999999 0.1286078125 0.322003125 0.0768140625 0.3249625
6 0.17744374999999998 0.9534609375 0.1870625 0.9495140624999999 0.199640625 0.947540625 0.2107390625 0.9416203124999999 0.1833625 0.32101562499999997 0.16116406249999998 0.3190421875 0.14266718750000001 0.3190421875 0.13082812500000002 0.322003125 0.1656046875 0.9366875 0.16634374999999998 0.9465546874999999 0.17744374999999998 0.9534609375
6 0.1915015625 0.3190421875 0.212959375 0.9416203124999999 0.2255375 0.94458125 0.24033593749999999 0.9455671875 0.249215625 0.94359375 0.258834375 0.9366875 0.24606406249999999 0.3185171875 0.1915015625 0.3190421875
6 0.272153125 0.9347140625 0.29805000000000004 0.9327406249999999 0.31210781249999997 0.92879375 0.3069296875 0.84196875 0.290009375 0.3423890625 0.2469953125 0.34469531249999996 0.272153125 0.9347140625
6 0.3631625 0.92879375 0.3394859375 0.3703484375 0.31136875 0.373309375 0.2906515625 0.3752828125 0.32172812500000003 0.9347140625 0.3298671875 0.9386609375000001 0.3424453125 0.9416203124999999 0.3557640625 0.9366875 0.36094375 0.933728125 0.3631625 0.92879375
6 0.39499062500000004 0.3684296875 0.3424453125 0.3713359375 0.367603125 0.9327406249999999 0.3757421875 0.9347140625 0.3846203125 0.9347140625 0.3949796875 0.933728125 0.409778125 0.9278078125 0.3957203125 0.43152187499999994 0.39499062500000004 0.3684296875
6 0.41859062500000005 0.34564374999999997 0.43789531249999997 0.925834375 0.44825468749999997 0.9268218750000001 0.4578734375 0.9238609375 0.4630515625 0.9218875000000001 0.4704515625 0.9139953125 0.45639375 0.343709375 0.41859062500000005 0.34564374999999997
6 0.4571328125 0.342721875 0.47267187499999996 0.9110343750000001 0.48525 0.91498125 0.49412812500000003 0.91498125 0.501528125 0.908075 0.4902046875 0.34347343750000003 0.4571328125 0.342721875
6 0.557021875 0.3091765625 0.491909375 0.3121359375 0.5059671875 0.94359375 0.5651609375 0.9396484375 0.557021875 0.3091765625
6 0.5976265625 0.325028125 0.5577625 0.3279234375 0.566640625 0.9169546875 0.599196875 0.9130078125000001 0.5976265625 0.325028125
6 0.635875 0.3228578125 0.5969781249999999 0.3239765625 0.6014171875 0.91596875 0.6317546875 0.9110343750000001 0.635875 0.3228578125
6 0.6731890625 0.322003125 0.6347140625 0.3239765625 0.63619375 0.91498125 0.66875 0.9100484375000001 0.6731890625 0.322003125
6 0.6798203125 0.3196015625 0.675409375 0.917940625 0.734603125 0.9090609374999999 0.7464421875 0.31608281250000003 0.6798203125 0.3196015625
6 0.7427421875 0.9061015625 0.7989765625 0.9021546875 0.813775 0.306215625 0.7486609375 0.307203125 0.7427421875 0.9061015625
6 0.8233937499999999 0.2933890625 0.8063750000000001 0.893275 0.8219140625 0.8982078124999999 0.835971875 0.8982078124999999 0.8515109375 0.8982078124999999 0.8648296875 0.8913015625 0.8922062499999999 0.2933890625 0.8233937499999999 0.2933890625
6 0.9077437500000001 0.3387765625 0.8774078125000001 0.8922890625000001 0.8833265625 0.897221875 0.8936859374999999 0.9031421875 0.9070046875 0.9021546875 0.912184375 0.896234375 0.94178125 0.3407484375 0.9077437500000001 0.3387765625