0 0.04646039375 0.2843067125 0.000934896875 0.29297823333333334 0.074913828125 0.9877839916666667 0.12043932187499999 0.9726088291666667 0.04646039375 0.2843067125
0 0.10743203750000001 0.2810548916666667 0.057028812500000005 0.27997095 0.13182069375 0.9780285291666666 0.1773461875 0.9693570083333333 0.10743203750000001 0.2810548916666667
0 0.135072515625 0.2572082041666667 0.10905794687499999 0.25829214166666664 0.18059800937499998 0.9747767083333333 0.20010893749999997 0.9736927666666666 0.135072515625 0.2572082041666667
0 0.16271299374999998 0.265879725 0.14076320312499999 0.25829214166666664 0.2041737125 0.9780285291666666 0.22449759375 0.9671891250000001 0.16271299374999998 0.265879725
0 0.23181419062500003 0.27780307083333333 0.16840368125 0.28972641250000003 0.22856236874999997 0.9715248875 0.283030371875 0.9596015416666667 0.23181419062500003 0.27780307083333333
0 0.28953401562500003 0.28322277083333336 0.232627146875 0.28755853333333337 0.27977854999999996 0.9596015416666667 0.33424655312499996 0.9563497208333334 0.28953401562500003 0.28322277083333336
0 0.33587246249999997 0.2539563833333333 0.29197288125 0.2539563833333333 0.34075019375000004 0.9574336625 0.37652022500000004 0.9552657833333333 0.33587246249999997 0.2539563833333333
0 0.370829540625 0.24962062083333333 0.338311328125 0.24745274166666667 0.379772046875 0.9541818416666668 0.411477303125 0.9433424375 0.370829540625 0.24962062083333333
0 0.42285867499999996 0.24528485833333333 0.38708864374999996 0.2539563833333333 0.4187939 0.9498460791666666 0.45212506562500004 0.9400906166666666 0.42285867499999996 0.24528485833333333
0 0.477326678125 0.2561242625 0.42936231874999997 0.2561242625 0.457002796875 0.9411745583333333 0.49195987187499995 0.939006675 0.477326678125 0.2561242625
0 0.508218978125 0.075106225 0.478139634375 0.07727410833333333 0.49195987187499995 0.9411745583333333 0.5196003499999999 0.9325030333333333 0.508218978125 0.075106225
0 0.534233546875 0.06318288333333334 0.5057801125 0.0653507625 0.522039215625 0.9346709166666667 0.5521185625 0.9346709166666667 0.534233546875 0.06318288333333334
0 0.5545574281250001 0.2767191291666667 0.5358594562500001 0.2767191291666667 0.549679696875 0.9335869750000001 0.570003578125 0.9270833333333334 0.5545574281250001 0.2767191291666667
0 0.5756942625 0.2691315458333333 0.5545574281250001 0.26696366666666665 0.5732553968749999 0.9249154541666668 0.589514503125 0.928167275 0.5756942625 0.2691315458333333
0 0.6025217875 0.07619016666666667 0.57244244375 0.069686525 0.592766325 0.9303351541666667 0.6179679375 0.9238315125 0.6025217875 0.07619016666666667
0 0.63829181875 0.06751864583333332 0.6025217875 0.06751864583333332 0.61715498125 0.9325030333333333 0.647234325 0.9270833333333334 0.63829181875 0.06751864583333332
0 0.6724359375 0.06426682083333334 0.639917728125 0.0653507625 0.649673190625 0.9238315125 0.682191403125 0.9238315125 0.6724359375 0.06426682083333334
0 0.7033282375 0.06751864583333332 0.670810028125 0.07077046666666667 0.676500715625 0.9205796916666666 0.7106448375000001 0.91949575 0.7033282375 0.06751864583333332
0 0.728529853125 0.1791645 0.70820596875 0.1791645 0.7163355218749999 0.9205796916666666 0.732594628125 0.9108242291666666 0.728529853125 0.1791645
0 0.7472278218749999 0.17808055833333333 0.728529853125 0.17591267916666667 0.731781671875 0.9129921083333333 0.7472278218749999 0.9064884666666667 0.7472278218749999 0.17808055833333333
0 0.761861015625 0.17699661666666666 0.7496666875 0.17374479583333333 0.7512926 0.9129921083333333 0.767551703125 0.9108242291666666 0.761861015625 0.17699661666666666
0 0.78137194375 0.16832509583333335 0.762673971875 0.1694090375 0.7748683 0.91407605 0.78543671875 0.91407605 0.78137194375 0.16832509583333335
0 0.8073865124999999 0.1694090375 0.7805589875 0.17157691666666666 0.782997853125 0.9086563458333334 0.80250878125 0.905404525 0.8073865124999999 0.1694090375
0 0.830149259375 0.0653507625 0.801695825 0.06643470416666666 0.799256959375 0.9086563458333334 0.8252715281249999 0.9086563458333334 0.830149259375 0.0653507625
0 0.86266746875 0.1748287375 0.830149259375 0.17266085833333333 0.8309622125 0.9097402875 0.864293378125 0.9010687666666667 0.86266746875 0.1748287375
0 0.9016893218750001 0.1802484375 0.8659192906250001 0.1824163208333333 0.8577897374999999 0.899984825 0.89355976875 0.8891454208333334 0.9016893218750001 0.1802484375
0 0.92445206875 0.13905870833333334 0.906567053125 0.14773022916666667 0.900063409375 0.8978169458333334 0.9195743375 0.9021527041666667 0.92445206875 0.13905870833333334
0 0.9504666374999999 0.14447840833333334 0.92851684375 0.1466462875 0.917948425 0.8956490625 0.942337084375 0.8848096583333334 0.9504666374999999 0.14447840833333334
0 0.9748552937499999 0.07293834583333333 0.951279590625 0.069686525 0.94477595 0.8891454208333334 0.962660965625 0.8869775416666666 0.9748552937499999 0.07293834583333333
0 0.9968050843749999 0.075106225 0.973229384375 0.075106225 0.966725740625 0.8858936 0.9813589374999999 0.8826417791666666 0.9968050843749999 0.075106225