0 0.047273346875 0.19759148333333335 0.0017478531249999999 0.19325572500000002 0.057841765625 0.9227475708333334 0.099302484375 0.9249154541666668 0.047273346875 0.19759148333333335
0 0.097676575 0.2030111875 0.04646039375 0.19975936666666666 0.10092839375 0.9292512125 0.145640934375 0.9292512125 0.097676575 0.2030111875
0 0.154583440625 0.08269380833333333 0.0919858875 0.07619016666666667 0.1480798 0.9314190958333334 0.1927923375 0.928167275 0.154583440625 0.08269380833333333
0 0.207425534375 0.08919745 0.152144575 0.08702957083333333 0.1927923375 0.9346709166666667 0.23750487812499999 0.928167275 0.207425534375 0.08919745
0 0.2700230875 0.08269380833333333 0.21880690625 0.08160986666666667 0.2350660125 0.9335869750000001 0.283030371875 0.9303351541666667 0.2700230875 0.08269380833333333
0 0.33424655312499996 0.08702957083333333 0.27652673125 0.08377775000000001 0.28059150625 0.9335869750000001 0.32692995625 0.9292512125 0.33424655312499996 0.08702957083333333
0 0.396031153125 0.097868975 0.3431890625 0.09570109166666667 0.326117 0.9292512125 0.369203628125 0.9216636333333333 0.396031153125 0.097868975
0 0.44968620000000004 0.10112079583333333 0.41229025625000004 0.09461715416666668 0.36351294375 0.9259993916666667 0.400908884375 0.9227475708333334 0.44968620000000004 0.10112079583333333
0 0.50090238125 0.25937608333333334 0.453750975 0.25829214166666664 0.45212506562500004 0.939006675 0.48545623125 0.9422585 0.50090238125 0.25937608333333334
0 0.546427875 0.2626279041666667 0.501715334375 0.26371184583333335 0.48870804999999995 0.9444263791666666 0.523665128125 0.9465942583333333 0.546427875 0.2626279041666667
0 0.5960181437500001 0.2680476083333333 0.55537038125 0.26046002500000004 0.522039215625 0.9444263791666666 0.5561833375 0.9487621416666666 0.5960181437500001 0.2680476083333333
0 0.64398250625 0.26371184583333335 0.600082921875 0.2680476083333333 0.552931515625 0.9444263791666666 0.598457009375 0.9455103208333333 0.64398250625 0.26371184583333335
0 0.6951986875 0.2756351875 0.64316955 0.2615439666666667 0.5911404124999999 0.9563497208333334 0.6391047750000001 0.9530978999999999 0.6951986875 0.2756351875
0 0.7456019125 0.27888700833333335 0.69845050625 0.2756351875 0.6447954593749999 0.9498460791666666 0.6756877593749999 0.9465942583333333 0.7456019125 0.27888700833333335
0 0.789501496875 0.2723833666666666 0.7456019125 0.26696366666666665 0.677313671875 0.9487621416666666 0.70983188125 0.9487621416666666 0.789501496875 0.2723833666666666
0 0.8399047218750001 0.27021548749999996 0.79112740625 0.2647957875 0.70820596875 0.9520139625 0.75454441875 0.9498460791666666 0.8399047218750001 0.27021548749999996
0 0.8838043062500001 0.28322277083333336 0.8382788124999999 0.27129942916666666 0.7512926 0.9487621416666666 0.786249675 0.9563497208333334 0.8838043062500001 0.28322277083333336
0 0.9171354718750001 0.2734673083333333 0.8797395281249999 0.26696366666666665 0.79031445 0.9476782 0.8220197062500001 0.9444263791666666 0.9171354718750001 0.2734673083333333
0 0.964286875 0.2918942958333333 0.9260779781249999 0.28755853333333337 0.8252715281249999 0.9444263791666666 0.850473140625 0.9509300208333333 0.964286875 0.2918942958333333
0 0.999747984375 0.29032257916666665 0.95940914375 0.27888700833333335 0.849660184375 0.9487621416666666 0.885430215625 0.9433424375 0.999747984375 0.29032257916666665
0 0.887056125 0.9422585 0.917948425 0.9465942583333333 0.999747984375 0.5124327958333333 0.999747984375 0.3037634416666667 0.887056125 0.9422585