0 0.06190654375 0.0794419875 0.02125878125 0.0740222875 0.073287915625 0.9335869750000001 0.11393567812500001 0.9335869750000001 0.06190654375 0.0794419875
0 0.11312272500000001 0.08052592916666666 0.07084905 0.08052592916666666 0.108244990625 0.9335869750000001 0.14401502187499998 0.9314190958333334 0.11312272500000001 0.08052592916666666
0 0.145640934375 0.08160986666666667 0.11312272500000001 0.08052592916666666 0.14157615625 0.9400906166666666 0.18059800937499998 0.9379227375 0.145640934375 0.08160986666666667
0 0.20336075625 0.2539563833333333 0.159461171875 0.2517885 0.18384983125 0.9368387958333333 0.222871684375 0.9400906166666666 0.20336075625 0.2539563833333333
0 0.24969920625 0.2517885 0.19848302499999998 0.24311697916666666 0.222058728125 0.939006675 0.258641715625 0.939006675 0.24969920625 0.2517885
0 0.29034696875 0.25504032083333333 0.2545769375 0.24745274166666667 0.260267625 0.9444263791666666 0.2952247 0.9487621416666666 0.29034696875 0.25504032083333333
0 0.34156315 0.14881417083333334 0.291159925 0.14556235 0.2952247 0.9520139625 0.344814971875 0.9487621416666666 0.34156315 0.14881417083333334
0 0.39521819687500004 0.15531781249999999 0.34806679375 0.15531781249999999 0.34237610625000003 0.9530978999999999 0.39521819687500004 0.9520139625 0.39521819687500004 0.15531781249999999
0 0.46106757187499997 0.16507327500000002 0.40253479375 0.16398933333333332 0.39277933125 0.9574336625 0.43424005 0.9661051875 0.46106757187499997 0.16507327500000002
0 0.48383031875000004 0.24528485833333333 0.45456393124999994 0.24962062083333333 0.4399307375 0.961769425 0.46106757187499997 0.961769425 0.48383031875000004 0.24528485833333333
0 0.51634853125 0.24745274166666667 0.4805785 0.24311697916666666 0.462693484375 0.9606854833333334 0.49114691875 0.9585176041666668 0.51634853125 0.24745274166666667
0 0.5366724125 0.2507045625 0.5098448875 0.25287244166666667 0.48545623125 0.961769425 0.5114708 0.9574336625 0.5366724125 0.2507045625
0 0.5756942625 0.2572082041666667 0.5326076343749999 0.2507045625 0.513909665625 0.9639373041666667 0.55049265 0.961769425 0.5756942625 0.2572082041666667
0 0.61715498125 0.2615439666666667 0.5830108625 0.25829214166666664 0.549679696875 0.9704409458333333 0.58138495 0.9726088291666667 0.61715498125 0.2615439666666667
0 0.6675582062500001 0.05451135833333333 0.635039996875 0.0555953 0.5870756375 0.9704409458333333 0.60333474375 0.9650212458333333 0.6675582062500001 0.05451135833333333
0 0.68869504375 0.2680476083333333 0.645608415625 0.26696366666666665 0.608212475 0.9736927666666666 0.64235659375 0.9726088291666667 0.68869504375 0.2680476083333333
0 0.733407584375 0.2756351875 0.6838173125 0.2723833666666666 0.64235659375 0.9704409458333333 0.677313671875 0.9747767083333333 0.733407584375 0.2756351875
0 0.777307165625 0.0740222875 0.741537134375 0.0740222875 0.6813784468749999 0.9769445875 0.705767103125 0.9780285291666666 0.777307165625 0.0740222875
0 0.81226424375 0.07619016666666667 0.774055346875 0.07293834583333333 0.7106448375000001 0.9791124708333334 0.732594628125 0.97586065 0.81226424375 0.07619016666666667
0 0.8707970218750001 0.16507327500000002 0.80657355625 0.15965357083333334 0.733407584375 0.97586065 0.79519218125 0.9791124708333334 0.8707970218750001 0.16507327500000002
0 0.9439629937499999 0.1748287375 0.88217839375 0.16073751249999998 0.789501496875 0.9867000499999999 0.855350871875 0.9834482291666667 0.9439629937499999 0.1748287375
0 0.9634739218749999 0.32441250416666667 0.9309557093749999 0.3254964458333333 0.861041559375 0.9877839916666667 0.8886820375 0.9834482291666667 0.9634739218749999 0.32441250416666667
0 0.98461075625 0.322244625 0.9634739218749999 0.3287482666666667 0.8862431718750001 0.9888679333333333 0.902502275 0.9921197541666668 0.98461075625 0.322244625