0 0.09883056875 0.06814173333333334 0.06275553125 0.06814173333333334 0.052985209374999995 0.998076 0.08680555625 0.9990780833333334 0.09883056875 0.06814173333333334
0 0.133402478125 0.07014590416666668 0.10634619999999999 0.07014590416666668 0.093569625 0.9970739125 0.12513528125 0.9970739125 0.133402478125 0.07014590416666668
0 0.173235328125 0.005010420833333334 0.14467592499999998 0.0040083375 0.13189935 0.9970739125 0.158955628125 0.9970739125 0.173235328125 0.005010420833333334
0 0.20630411249999997 0.005010420833333334 0.179247834375 0.0040083375 0.16346500625 0.9930655749999999 0.192024409375 0.9940676624999999 0.20630411249999997 0.005010420833333334
0 0.23636664375 0.006012504166666667 0.21306818125000002 0.0040083375 0.19954004375 0.9940676624999999 0.22133537812499998 0.9940676624999999 0.23636664375 0.006012504166666667
0 0.264926046875 0.006012504166666667 0.24162758437499998 0.007014591666666667 0.228099446875 0.9930655749999999 0.25139790624999997 0.9930655749999999 0.264926046875 0.006012504166666667
0 0.291982321875 0.22446689166666667 0.267180734375 0.22446689166666667 0.26116823125 0.9940676624999999 0.290479196875 0.9940676624999999 0.291982321875 0.22446689166666667
0 0.329560484375 0.22446689166666667 0.30024951875 0.22647105833333334 0.29949795625000003 0.9950697458333334 0.329560484375 0.9950697458333334 0.329560484375 0.22446689166666667
0 0.365635521875 0.08116882916666666 0.33632455625 0.083173 0.335572990625 0.9940676624999999 0.370896465625 0.9940676624999999 0.365635521875 0.08116882916666666
0 0.402462121875 0.08517716666666666 0.37315115312499997 0.08417508333333333 0.378412096875 0.9950697458333334 0.410729315625 0.9950697458333334 0.402462121875 0.08517716666666666
0 0.43628246875 0.006012504166666667 0.410729315625 0.006012504166666667 0.41824494999999995 0.9950697458333334 0.4437981 0.998076 0.43628246875 0.006012504166666667
0 0.46484187187500003 0.0030062541666666664 0.44154340937500003 0.0040083375 0.44981060624999997 0.9960718291666667 0.47386063125 0.9940676624999999 0.46484187187500003 0.0030062541666666664
0 0.491898146875 0.005010420833333334 0.473109065625 0.007014591666666667 0.48212782499999995 0.9970739125 0.504674725 0.9950697458333334 0.491898146875 0.005010420833333334
0 0.5144450468749999 0.005010420833333334 0.49941378125 0.0040083375 0.508432540625 0.9960718291666667 0.528724746875 0.9940676624999999 0.5144450468749999 0.005010420833333334
0 0.5452591375 0.005010420833333334 0.52421536875 0.0030062541666666664 0.5354888156250001 0.9960718291666667 0.56329665625 0.9960718291666667 0.5452591375 0.005010420833333334
0 0.5805826125 0.006012504166666667 0.555781025 0.007014591666666667 0.5708122906249999 0.998076 0.59937169375 0.998076 0.5805826125 0.006012504166666667
0 0.62567640625 0.08818342083333335 0.591856059375 0.0871813375 0.608390453125 0.9960718291666667 0.640707671875 0.9990780833333334 0.62567640625 0.08818342083333335
0 0.6640061312500001 0.09118967500000001 0.6316889125 0.08918550416666667 0.648223303125 0.9990780833333334 0.685801465625 0.9970739125 0.6640061312500001 0.09118967500000001
0 0.727889009375 0.4058441541666667 0.717367125 0.017035433333333336 0.673024890625 0.01603335 0.6933171 0.998076 0.73690776875 0.9950697458333334 0.727889009375 0.4058441541666667
0 0.7579515406249999 0.09620009583333333 0.7301437 0.0951980125 0.7436718375 0.9940676624999999 0.772982803125 0.9930655749999999 0.7579515406249999 0.09620009583333333
0 0.794026575 0.09620009583333333 0.7677218625 0.09720217916666667 0.7820015625 0.9950697458333334 0.8120640937499999 0.9920634916666666 0.794026575 0.09620009583333333
0 0.83611411875 0.09720217916666667 0.8045484593750001 0.09920635 0.8218344156249999 0.9970739125 0.8549032000000001 0.9940676624999999 0.83611411875 0.09720217916666667
0 0.8797047875 0.1032146875 0.8428781875 0.09920635 0.86241883125 0.9970739125 0.897742303125 0.9950697458333334 0.8797047875 0.1032146875
0 0.9150282593749999 0.022045854166666667 0.884214165625 0.0280583625 0.9060095 0.9940676624999999 0.9398298468749999 0.9960718291666667 0.9150282593749999 0.022045854166666667
0 0.958618928125 0.026054191666666667 0.9247985812499999 0.026054191666666667 0.9450907875000001 0.9940676624999999 0.9774080093749999 0.990059325 0.958618928125 0.026054191666666667
0 0.999751984375 0.9543650791666667 0.996948653125 0.33770242083333335 0.9886814562499999 0.107223025 0.965382996875 0.1032146875 0.985675203125 0.9940676624999999 0.99845178125 0.9950697458333334 0.999751984375 0.9543650791666667