6 0.065971875 0.098953125 0.027762500000000002 0.09786875 0.055403125 0.8577109374999999 0.0862953125 0.854459375 0.065971875 0.098953125
6 0.099303125 0.8501234375 0.1269421875 0.8522921875 0.1139359375 0.00465 0.0651578125 0.0024828124999999998 0.099303125 0.8501234375
6 0.1578359375 0.0339171875 0.12369062500000001 0.026329687499999997 0.12938125 0.8674671875 0.1749078125 0.8728859375000001 0.1578359375 0.0339171875
6 0.2586421875 0.9292515625 0.29522499999999996 0.9205796875000001 0.2041734375 0.015489062500000001 0.156209375 0.018740625 0.2586421875 0.9292515625
6 0.3155484375 0.9281671875 0.3480671875 0.917328125 0.2537640625 0.0230765625 0.2033609375 0.020909375 0.30823125 0.9303343749999999 0.3155484375 0.9281671875
6 0.3480671875 0.9259999999999999 0.3927796875 0.9129921875000001 0.301728125 0.0230765625 0.2594546875 0.0306640625 0.3480671875 0.9259999999999999
6 0.345628125 0.019825000000000002 0.3033546875 0.02199375 0.39603125 0.9368390625 0.4318015625 0.9238312499999999 0.345628125 0.019825000000000002
6 0.43098749999999997 0.9216640625 0.47569999999999996 0.9119078125 0.3854625 0.018740625 0.3496921875 0.020909375 0.43098749999999997 0.9216640625
6 0.4602546875 0.1303875 0.40416093750000004 0.1412265625 0.539925 0.9292515625 0.580571875 0.9119078125 0.4602546875 0.1303875
6 0.5968312499999999 0.9184125 0.648046875 0.8956484375 0.5074062500000001 0.15640156249999998 0.4716359375 0.159653125 0.5968312499999999 0.9184125
6 0.59601875 0.176996875 0.55211875 0.19759218750000002 0.718775 0.9346703125 0.7594218749999999 0.9054046874999999 0.59601875 0.176996875
6 0.83015 0.910825 0.8626671874999999 0.87830625 0.6781265624999999 0.22902499999999998 0.636665625 0.2572078125 0.83015 0.910825
6 0.7399109375 0.25395625 0.69845 0.2897265625 0.903315625 0.9292515625 0.9472140625 0.8858937499999999 0.7399109375 0.25395625
6 0.9997484375000001 0.8185484375 0.9997484375000001 0.7674734375 0.7951921875 0.3265796875 0.770803125 0.3515109375 0.99924375 0.8360328125 0.9997484375000001 0.8185484375