6 0.09101875000000001 0.21212187500000002 0.0887125 0.2138046875 0.048889062500000004 0.890571875 0.05030781250000001 0.8914140625 0.07019062499999999 0.8914140625 0.0730296875 0.890571875 0.10521875 0.214646875 0.10001249999999999 0.21212187500000002 0.09101875000000001 0.21212187500000002
6 0.1203671875 0.2154875 0.11380625 0.21632968749999998 0.07634375 0.890571875 0.08581093749999999 0.8914140625 0.09717187499999999 0.8914140625 0.10190625 0.890571875 0.13267500000000002 0.2180140625 0.127940625 0.2154875 0.1203671875 0.2154875
6 0.115159375 0.8872046875 0.1411953125 0.8872046875 0.16865000000000002 0.26346875000000003 0.16155 0.2609421875 0.151609375 0.261784375 0.1455296875 0.2626265625 0.115159375 0.8872046875
6 0.16628281250000002 0.8888890625 0.19610624999999998 0.8846796875 0.2027328125 0.23148125 0.1975265625 0.22895625000000003 0.1748046875 0.2272734375 0.1720453125 0.22895625000000003 0.16628281250000002 0.8888890625
6 0.23634218749999997 0.2095953125 0.20376875 0.2079125 0.197053125 0.890571875 0.2306609375 0.888046875 0.23634218749999997 0.2095953125
6 0.23965625 0.8888890625 0.270425 0.8863640625 0.2723171875 0.8846796875 0.27421093750000003 0.257575 0.2690046875 0.25505 0.24306718749999998 0.2558921875 0.23965625 0.8888890625
6 0.29977343749999996 0.8846796875 0.29693281250000003 0.25925937499999996 0.280365625 0.25925937499999996 0.2762125 0.2626265625 0.27799843750000003 0.888046875 0.29977343749999996 0.8846796875
6 0.2970453125 0.24242499999999997 0.30024687499999997 0.89225625 0.327228125 0.89225625 0.3319625 0.8888890625 0.325334375 0.24326562499999999 0.325334375 0.2398984375 0.30024687499999997 0.240740625 0.2970453125 0.24242499999999997
6 0.3618578125 0.89225625 0.41534843749999995 0.88973125 0.42008124999999996 0.88973125 0.42055468749999997 0.1649828125 0.3978328125 0.16161562499999998 0.3680671875 0.1582484375 0.3618578125 0.89225625
6 0.435703125 0.1557234375 0.4295484375 0.1557234375 0.422921875 0.8914140625 0.4759390625 0.893096875 0.48114687500000003 0.890571875 0.4787796875 0.16161562499999998 0.46694531250000004 0.16161562499999998 0.451796875 0.1582484375 0.435703125 0.1557234375
6 0.4820921875 0.8914140625 0.5171218750000001 0.89225625 0.5270625 0.8914140625 0.5341640625 0.89225625 0.528009375 0.233165625 0.48587968750000005 0.2272734375 0.4820921875 0.8914140625
6 0.6307296874999999 0.89478125 0.6207890625 0.2281140625 0.5380484375 0.2272734375 0.5393703125 0.88973125 0.553571875 0.89478125 0.5762937499999999 0.89478125 0.5966484375000001 0.8939390625 0.6155828125 0.8956234375 0.6274171875000001 0.89478125 0.6307296874999999 0.89478125
6 0.636884375 0.89478125 0.64493125 0.8956234375 0.661971875 0.8956234375 0.671440625 0.8956234375 0.6577124999999999 0.13804687499999999 0.628484375 0.1372046875 0.636884375 0.89478125
6 0.7306625 0.901515625 0.7453359374999999 0.901515625 0.7491234375 0.89730625 0.7529109375 0.8964640625 0.7420234375 0.1624578125 0.7382359375 0.1599328125 0.7282953125 0.1599328125 0.716934375 0.1599328125 0.7074671875 0.1599328125 0.69989375 0.15909062499999999 0.69231875 0.15909062499999999 0.6871125 0.1582484375 0.6785921874999999 0.1582484375 0.6738578125 0.1599328125 0.669678125 0.16161562499999998 0.6819046875 0.89225625 0.6871125 0.89730625 0.693265625 0.89730625 0.6980000000000001 0.898990625 0.7027328125000001 0.9006734375000001 0.7145671874999999 0.9006734375000001 0.7306625 0.901515625
6 0.762378125 0.890571875 0.78320625 0.89225625 0.7959875000000001 0.8914140625 0.7827328125 0.214646875 0.76853125 0.2095953125 0.7506437499999999 0.2087546875 0.762378125 0.890571875
6 0.7988265625000001 0.2104375 0.7852078125 0.21212187500000002 0.7978796874999999 0.8888890625 0.8064015625 0.8914140625 0.8295953125000001 0.8914140625 0.8343296875 0.88973125 0.8172875 0.2138046875 0.8163421874999999 0.21127968749999998 0.7988265625000001 0.2104375
6 0.91006875 0.901515625 0.8873468750000001 0.298821875 0.8636781250000001 0.2979796875 0.8567046875000001 0.2979796875 0.8764593749999999 0.9006734375000001 0.91006875 0.901515625