4 0.25362968750000003 0.082953125 0.2506359375 0.0973296875 0.252565625 0.106346875 0.7438671875 0.21167656250000003 0.7469281249999999 0.2049375 0.7493953125 0.196334375 0.75485625 0.1733546875 0.75886875 0.15936250000000002 0.2677375 0.057374999999999995 0.26191718750000004 0.0658625 0.25362968750000003 0.082953125
4 0.7409421875 0.233690625 0.7437609375 0.21598437499999998 0.2505484375 0.11338593749999999 0.243684375 0.12157500000000002 0.23531875000000002 0.142875 0.2348609375 0.156284375 0.7341359375 0.2613625 0.7409421875 0.233690625
4 0.23059375000000001 0.1711640625 0.2250546875 0.198353125 0.6963921875 0.2945734375 0.7028015625 0.2643484375 0.23059375000000001 0.1711640625
4 0.21840625 0.21760625 0.210175 0.25417968750000003 0.6844281249999999 0.3402328125 0.6902515625000001 0.29630625 0.21840625 0.21760625
4 0.204434375 0.2584578125 0.18888125 0.31663125000000003 0.682728125 0.40915 0.6925171875 0.34351875 0.204434375 0.2584578125
4 0.17851875 0.32127812499999997 0.16415625 0.3831765625 0.66701875 0.4757421875 0.673675 0.40923125000000005 0.17851875 0.32127812499999997
4 0.157965625 0.3890203125 0.1451828125 0.4335984375 0.6490109375 0.530671875 0.6552015625000001 0.4775875 0.157965625 0.3890203125
4 0.1373546875 0.437278125 0.1220375 0.4828234375 0.636890625 0.58475 0.6407671875000001 0.5318640625 0.1373546875 0.437278125
4 0.11570156250000001 0.48523750000000004 0.100753125 0.533428125 0.6223140625 0.6355859374999999 0.6295109375 0.586865625 0.11570156250000001 0.48523750000000004
4 0.095809375 0.56248125 0.6052234375000001 0.66369375 0.6069078125 0.6381390625 0.0970984375 0.5383046874999999 0.0948453125 0.557971875 0.095809375 0.56248125
4 0.0783390625 0.599790625 0.5919921875 0.7098375 0.5967453125 0.6657031250000001 0.087465625 0.5600875000000001 0.07469375 0.5928203125 0.0783390625 0.599790625
4 0.0747609375 0.6004562499999999 0.068346875 0.60708125 0.0619203125 0.6255531249999999 0.062359374999999995 0.6358343750000001 0.65245625 0.7627234374999999 0.6551890625000001 0.7256375 0.0747609375 0.6004562499999999
4 0.055203125 0.6371687500000001 0.04286875 0.6801828125 0.6477828125 0.8223234375 0.6529125 0.7690078125 0.055203125 0.6371687500000001
4 0.026587499999999997 0.72121875 0.6293375 0.8669703125 0.6366015625 0.8258875 0.0359390625 0.680734375 0.02533125 0.70985625 0.026587499999999997 0.72121875
4 0.0202515625 0.7236343749999999 0.0070296874999999995 0.7579312500000001 0.6173734375000001 0.9126296875 0.6230781249999999 0.8730499999999999 0.0202515625 0.7236343749999999
4 0.005684375 0.7626234375000001 0.0008968749999999999 0.78325625 0.6113078125 0.9455921875 0.6154296875 0.9233453125000001 0.005684375 0.7626234375000001
4 0 0.8099828125 0.6070359375 0.9722984374999999 0.6121984375 0.9503578125000001 0.00081875 0.7874656250000001 0 0.7903203125 0 0.8099828125