0 0.03995675 0.09136533333333333 0.012316271875 0.09353321249999999 0.031014243749999997 0.961769425 0.057028812500000005 0.9639373041666667 0.03995675 0.09136533333333333
0 0.074913828125 0.10003685416666667 0.043208571875000004 0.10003685416666667 0.056215856249999994 0.9650212458333333 0.08710815625 0.9628533666666667 0.074913828125 0.10003685416666667
0 0.108244990625 0.028496791666666667 0.073287915625 0.032832554166666666 0.087921109375 0.9650212458333333 0.12125227499999999 0.9661051875 0.108244990625 0.028496791666666667
0 0.13751138125 0.023077091666666667 0.10661908125 0.02524497083333333 0.124504096875 0.9682730666666667 0.15295753125 0.9693570083333333 0.13751138125 0.023077091666666667
0 0.1732814125 0.22902575416666665 0.1383243375 0.23010969583333332 0.151331621875 0.9704409458333333 0.18059800937499998 0.9682730666666667 0.1732814125 0.22902575416666665
0 0.20010893749999997 0.23661333750000002 0.1692166375 0.23444545416666665 0.1789721 0.9650212458333333 0.2098644 0.9671891250000001 0.20010893749999997 0.23661333750000002
0 0.23181419062500003 0.24420092083333333 0.19767006874999998 0.2409491 0.210677353125 0.9682730666666667 0.24400851875 0.9682730666666667 0.23181419062500003 0.24420092083333333
0 0.266771265625 0.24311697916666666 0.23018828125000002 0.23986515833333336 0.24238260937499997 0.9791124708333334 0.275713775 0.9715248875 0.266771265625 0.24311697916666666
0 0.302541296875 0.03500043333333334 0.263519446875 0.033916491666666666 0.27490081875 0.9715248875 0.31148380625 0.9693570083333333 0.302541296875 0.03500043333333334
0 0.34156315 0.041504075 0.30416720937499997 0.03933619583333334 0.313922671875 0.9726088291666667 0.355383390625 0.9671891250000001 0.34156315 0.041504075
0 0.396031153125 0.10654049583333333 0.34644088125 0.108708375 0.35619634375000003 0.9736927666666666 0.399282975 0.9693570083333333 0.396031153125 0.10654049583333333
0 0.4399307375 0.11521202083333333 0.396031153125 0.11412807916666666 0.40253479375 0.9736927666666666 0.44643437812500003 0.9715248875 0.4399307375 0.11521202083333333
0 0.4903339625 0.2463688 0.445621421875 0.2507045625 0.453750975 0.961769425 0.493585784375 0.961769425 0.4903339625 0.2463688
0 0.5301687687500001 0.22468999166666667 0.49521169374999996 0.22468999166666667 0.500089425 0.9726088291666667 0.530981725 0.9715248875 0.5301687687500001 0.22468999166666667
0 0.559435159375 0.22577393333333334 0.5261039937499999 0.22360605416666665 0.52691695 0.9693570083333333 0.56675175625 0.9682730666666667 0.559435159375 0.22577393333333334
0 0.579759040625 0.2539563833333333 0.557809246875 0.2572082041666667 0.5602481125 0.9693570083333333 0.58626268125 0.9661051875 0.579759040625 0.2539563833333333
0 0.634227040625 0.2626279041666667 0.585449728125 0.2647957875 0.58219790625 0.9563497208333334 0.63829181875 0.9574336625 0.634227040625 0.2626279041666667
0 0.6756877593749999 0.23336151666666666 0.636665909375 0.22902575416666665 0.639917728125 0.9661051875 0.67893958125 0.9650212458333333 0.6756877593749999 0.23336151666666666
0 0.70983188125 0.12496748333333334 0.676500715625 0.12605142083333334 0.6724359375 0.9650212458333333 0.7106448375000001 0.9639373041666667 0.70983188125 0.12496748333333334
0 0.74072418125 0.1227996 0.733407584375 0.12930324166666668 0.70820596875 0.12605142083333334 0.711457790625 0.9661051875 0.748040778125 0.9682730666666667 0.74072418125 0.1227996
0 0.7691776156250001 0.12388354166666667 0.743976 0.11954777916666666 0.741537134375 0.9661051875 0.767551703125 0.9671891250000001 0.7691776156250001 0.12388354166666667
0 0.78706263125 0.12388354166666667 0.768364659375 0.1227996 0.768364659375 0.9671891250000001 0.7878755843749999 0.9650212458333333 0.78706263125 0.12388354166666667
0 0.80657355625 0.2626279041666667 0.782997853125 0.2615439666666667 0.78543671875 0.9639373041666667 0.809825378125 0.9650212458333333 0.80657355625 0.2626279041666667
0 0.8488472281250001 0.26046002500000004 0.809825378125 0.2626279041666667 0.8114512875000001 0.9639373041666667 0.85860269375 0.9628533666666667 0.8488472281250001 0.26046002500000004
0 0.8976245437499999 0.2463688 0.855350871875 0.2507045625 0.8577897374999999 0.961769425 0.896811590625 0.9639373041666667 0.8976245437499999 0.2463688
0 0.931768665625 0.2691315458333333 0.8951856781249999 0.26371184583333335 0.891933859375 0.961769425 0.931768665625 0.9606854833333334 0.931768665625 0.2691315458333333
0 0.9618480093749999 0.27021548749999996 0.92851684375 0.2680476083333333 0.932581621875 0.9639373041666667 0.9659127875 0.961769425 0.9618480093749999 0.27021548749999996
0 0.999747984375 0.6975806458333333 0.9992439531249999 0.27021548749999996 0.966725740625 0.2723833666666666 0.9683516531249999 0.961769425 0.997618040625 0.9661051875 0.999747984375 0.6975806458333333