5 0.17435119375000002 0.22135416666666666 0.116666159375 0.21809895833333334 0.11414477187500001 0.7855902791666666 0.17028319375 0.7855902791666666 0.17435119375000002 0.22135416666666666
5 0.23618481562500002 0.1877170125 0.1866531375 0.1866319458333333 0.185741596875 0.7801649291666667 0.234557615625 0.78125 0.23618481562500002 0.1877170125
5 0.2955776375 0.18880208333333334 0.2452468875 0.1877170125 0.24025281875 0.78125 0.2947640375 0.7834201375000001 0.2955776375 0.18880208333333334
5 0.337884853125 0.7801649291666667 0.333816853125 0.2419704875 0.30139923125 0.24088541666666666 0.305340840625 0.7823350708333333 0.335444053125 0.7823350708333333 0.337884853125 0.7801649291666667
5 0.368801665625 0.2430555541666667 0.337206521875 0.2419704875 0.34113925625 0.7855902791666666 0.372869665625 0.7866753458333334 0.368801665625 0.2430555541666667
5 0.4281944875 0.7888454874999999 0.424126484375 0.22026909583333334 0.37057240937499997 0.21918402916666666 0.37775126875 0.7855902791666666 0.388328071875 0.7899305541666667 0.4281944875 0.7888454874999999
5 0.508740915625 0.8083767374999999 0.502232115625 0.1378038208333333 0.4307937625 0.1356336791666667 0.43226248749999996 0.8094618041666667 0.434703290625 0.8116319458333333 0.508740915625 0.8083767374999999
5 0.587660146875 0.1388888875 0.577896940625 0.13997395833333334 0.55348893125 0.13997395833333334 0.533148925 0.14105902916666666 0.514615378125 0.14105902916666666 0.51769051875 0.8116319458333333 0.594168946875 0.810546875 0.587660146875 0.1388888875
5 0.619482771875 0.8116319458333333 0.623550775 0.8094618041666667 0.61216036875 0.2365451375 0.593554178125 0.2365451375 0.603210765625 0.8072916666666666 0.60483796875 0.810546875 0.619482771875 0.8116319458333333
5 0.6487723843750001 0.8062065958333334 0.635754778125 0.23980034583333334 0.617154440625 0.24088541666666666 0.626805175 0.8083767374999999 0.64470438125 0.8072916666666666 0.6487723843750001 0.8062065958333334
5 0.6910796 0.8072916666666666 0.67562119375 0.21809895833333334 0.639127096875 0.21809895833333334 0.651213184375 0.8051215291666666 0.6560947875 0.8083767374999999 0.6910796 0.8072916666666666
5 0.735014015625 0.2170138875 0.686327615625 0.2159288208333333 0.6967748 0.8051215291666666 0.74803161875 0.8040364583333334 0.735014015625 0.2170138875
5 0.8049836406249999 0.8062065958333334 0.8017292406250001 0.21809895833333334 0.8001020375 0.2159288208333333 0.77650763125 0.21484375 0.752245584375 0.2159288208333333 0.755354021875 0.8083767374999999 0.78220283125 0.8083767374999999 0.8049836406249999 0.8062065958333334
5 0.8277644499999999 0.8138020833333334 0.84647725625 0.8127170125000001 0.8651900625 0.8127170125000001 0.8749532656250001 0.2159288208333333 0.8214187624999999 0.2159288208333333 0.80986524375 0.8083767374999999 0.81149244375 0.810546875 0.8277644499999999 0.8138020833333334
5 0.91156528125 0.8181423624999999 0.9245828843749999 0.8138020833333334 0.942482090625 0.2159288208333333 0.886522928125 0.2159288208333333 0.872512465625 0.8138020833333334 0.888784471875 0.8170572916666666 0.91156528125 0.8181423624999999