0 0.035891975 0.20951482916666667 0.0033737656249999996 0.2084308875 0.0017478531249999999 0.9455103208333333 0.043208571875000004 0.9422585 0.035891975 0.20951482916666667
0 0.0651583625 0.07835804583333333 0.035891975 0.07619016666666667 0.0456474375 0.9433424375 0.07003609375 0.9411745583333333 0.0651583625 0.07835804583333333
0 0.08548224374999999 0.08160986666666667 0.064345409375 0.08160986666666667 0.07003609375 0.9476782 0.0960506625 0.9411745583333333 0.08548224374999999 0.08160986666666667
0 0.12287818749999999 0.20734694583333332 0.08710815625 0.20626300833333333 0.09442475312500001 0.9400906166666666 0.130194784375 0.9357548541666667 0.12287818749999999 0.20734694583333332
0 0.1789721 0.08594562916666666 0.13182069375 0.08160986666666667 0.13344660625 0.9379227375 0.1846627875 0.9379227375 0.1789721 0.08594562916666666
0 0.21880690625 0.08594562916666666 0.1773461875 0.0794419875 0.18384983125 0.9422585 0.23018828125000002 0.9411745583333333 0.21880690625 0.08594562916666666
0 0.257828759375 0.09461715416666668 0.221245771875 0.08919745 0.232627146875 0.9422585 0.26433239999999997 0.9379227375 0.257828759375 0.09461715416666668
0 0.28790810312500004 0.097868975 0.25538989375 0.09028139166666667 0.26433239999999997 0.939006675 0.293598790625 0.939006675 0.28790810312500004 0.097868975
0 0.34237610625000003 0.09353321249999999 0.28953401562500003 0.09895291249999999 0.292785834375 0.939006675 0.349692703125 0.9379227375 0.34237610625000003 0.09353321249999999
0 0.400095928125 0.20951482916666667 0.34644088125 0.20734694583333332 0.34806679375 0.9335869750000001 0.409851390625 0.928167275 0.400095928125 0.20951482916666667
0 0.445621421875 0.21276665 0.40172184062499994 0.21385059166666667 0.416355034375 0.9097402875 0.456189840625 0.91407605 0.445621421875 0.21276665
0 0.46838416875 0.1466462875 0.44724733437499997 0.14556235 0.45212506562500004 0.9270833333333334 0.481391453125 0.9259993916666667 0.46838416875 0.1466462875
0 0.4903339625 0.14447840833333334 0.46757121562500004 0.14447840833333334 0.478139634375 0.9292512125 0.508218978125 0.9259993916666667 0.4903339625 0.14447840833333334
0 0.530981725 0.21276665 0.49521169374999996 0.2149345291666667 0.5057801125 0.9303351541666667 0.5431760531250001 0.9314190958333334 0.530981725 0.21276665
0 0.5716294875 0.13580688333333332 0.527729903125 0.13472294583333333 0.5423630968750001 0.928167275 0.58057199375 0.928167275 0.5716294875 0.13580688333333332
0 0.5960181437500001 0.11954777916666666 0.5675647125000001 0.1217156625 0.577320175 0.9325030333333333 0.61227725 0.9303351541666667 0.5960181437500001 0.11954777916666666
0 0.640730684375 0.15748569166666665 0.595205190625 0.16290539583333336 0.61227725 0.9325030333333333 0.65211205625 0.9314190958333334 0.640730684375 0.15748569166666665
0 0.6626804749999999 0.12821930416666666 0.6374788625 0.12388354166666667 0.6512991031250001 0.9227475708333334 0.678126625 0.9249154541666668 0.6626804749999999 0.12821930416666666
0 0.68869504375 0.1217156625 0.660241609375 0.12063172083333333 0.6732488937500001 0.9292512125 0.69845050625 0.928167275 0.68869504375 0.1217156625
0 0.727716896875 0.22577393333333334 0.68463026875 0.22468999166666667 0.70983188125 0.9238315125 0.7456019125 0.9292512125 0.727716896875 0.22577393333333334
0 0.753731465625 0.232277575 0.728529853125 0.22468999166666667 0.7456019125 0.9205796916666666 0.7716164812499999 0.9216636333333333 0.753731465625 0.232277575
0 0.782997853125 0.226857875 0.753731465625 0.2279418125 0.772429434375 0.9270833333333334 0.79681809375 0.9249154541666668 0.782997853125 0.226857875
0 0.8618545125000001 0.07835804583333333 0.782997853125 0.07185440416666666 0.8000699156250001 0.91949575 0.880552484375 0.9151599874999999 0.8618545125000001 0.07835804583333333
0 0.8984375 0.23336151666666666 0.869171109375 0.232277575 0.880552484375 0.9270833333333334 0.9106318281249999 0.9335869750000001 0.8984375 0.23336151666666666
0 0.9439629937499999 0.14014264583333333 0.8959986343749999 0.14014264583333333 0.9057540968750001 0.9162439291666666 0.961035053125 0.9119081666666666 0.9439629937499999 0.14014264583333333
0 0.9748552937499999 0.26046002500000004 0.947214815625 0.25937608333333334 0.964286875 0.9129921083333333 0.99030144375 0.9119081666666666 0.9748552937499999 0.26046002500000004
0 0.999747984375 0.10954301250000001 0.977294159375 0.10979231666666665 0.988675534375 0.9129921083333333 0.999747984375 0.9129704291666666 0.999747984375 0.10954301250000001