0 0.068410184375 0.7796674458333333 0.042395615625 0.2680476083333333 0.000934896875 0.2756351875 0 0.34610215 0.018006959375 0.7829192666666667 0.068410184375 0.7796674458333333
0 0.063532453125 0.1433944666666667 0.0245106 0.1433944666666667 0.06759722812499999 0.8067659541666666 0.098489528125 0.8024301958333333 0.063532453125 0.1433944666666667
0 0.09035997500000001 0.1412265875 0.062719496875 0.1433944666666667 0.088734065625 0.8056820166666667 0.12775591875 0.7948426125 0.09035997500000001 0.1412265875
0 0.11800045625 0.13580688333333332 0.089547021875 0.14231052916666667 0.119626365625 0.8056820166666667 0.1537704875 0.8024301958333333 0.11800045625 0.13580688333333332
0 0.154583440625 0.14773022916666667 0.11637454375 0.14773022916666667 0.145640934375 0.8143535375000001 0.182223921875 0.8197732375 0.154583440625 0.14773022916666667
0 0.181410965625 0.14881417083333334 0.15295753125 0.15531781249999999 0.18059800937499998 0.8024301958333333 0.20823848749999999 0.8067659541666666 0.181410965625 0.14881417083333334
0 0.20905144375 0.14556235 0.1789721 0.1433944666666667 0.20173484687499998 0.8089338375 0.24563443125 0.8035141333333333 0.20905144375 0.14556235
0 0.24563443125 0.14881417083333334 0.210677353125 0.14447840833333334 0.248073296875 0.8186893000000001 0.2814044625 0.8132695958333334 0.24563443125 0.14881417083333334
0 0.272461953125 0.2463688 0.244821475 0.24528485833333333 0.278152640625 0.810017775 0.30579311875 0.8035141333333333 0.272461953125 0.2463688
0 0.31067085 0.24853667916666666 0.27490081875 0.24853667916666666 0.3122967625 0.8121856583333333 0.34806679375 0.8056820166666667 0.31067085 0.24853667916666666
0 0.34806679375 0.2517885 0.309044940625 0.2517885 0.34806679375 0.8121856583333333 0.383836825 0.8002623124999999 0.34806679375 0.2517885
0 0.391153421875 0.2561242625 0.344002015625 0.25504032083333333 0.386275690625 0.8035141333333333 0.42285867499999996 0.8024301958333333 0.391153421875 0.2561242625
0 0.422045721875 0.25937608333333334 0.384649778125 0.2572082041666667 0.42936231874999997 0.810017775 0.466758259375 0.8078498958333333 0.422045721875 0.25937608333333334
0 0.44480846874999996 0.21059876666666666 0.415542078125 0.22035423333333334 0.47001008125 0.8067659541666666 0.493585784375 0.8121856583333333 0.44480846874999996 0.21059876666666666
0 0.472448946875 0.2171024125 0.4480602875 0.22035423333333334 0.493585784375 0.8132695958333334 0.5114708 0.8056820166666667 0.472448946875 0.2171024125
0 0.496837603125 0.21927029166666667 0.47082303437500006 0.22360605416666665 0.513909665625 0.8111017166666666 0.5382983218749999 0.8067659541666666 0.496837603125 0.21927029166666667
0 0.513909665625 0.21276665 0.49195987187499995 0.2149345291666667 0.5350465 0.8111017166666666 0.5675647125000001 0.8121856583333333 0.513909665625 0.21276665
0 0.54561491875 0.21276665 0.515535575 0.21818635 0.559435159375 0.8121856583333333 0.593579278125 0.8111017166666666 0.54561491875 0.21276665
0 0.5675647125000001 0.2149345291666667 0.54561491875 0.2225221125 0.5911404124999999 0.810017775 0.615529071875 0.8078498958333333 0.5675647125000001 0.2149345291666667
0 0.5960181437500001 0.15531781249999999 0.568377665625 0.16073751249999998 0.619593846875 0.8154374791666666 0.6415436406249999 0.8111017166666666 0.5960181437500001 0.15531781249999999
0 0.6204068031250001 0.16073751249999998 0.592766325 0.15965357083333334 0.649673190625 0.8165214166666667 0.6643063875 0.8121856583333333 0.6204068031250001 0.16073751249999998
0 0.639917728125 0.15098205 0.61878089375 0.15423387083333334 0.665119340625 0.8132695958333334 0.68869504375 0.8078498958333333 0.639917728125 0.15098205
0 0.665932296875 0.15098205 0.645608415625 0.15314992916666667 0.68463026875 0.8143535375000001 0.7163355218749999 0.8132695958333334 0.665932296875 0.15098205
0 0.690320953125 0.15423387083333334 0.66349343125 0.15748569166666665 0.7106448375000001 0.8208571791666667 0.7447889562500001 0.8143535375000001 0.690320953125 0.15423387083333334
0 0.748040778125 0.19108784166666667 0.700889371875 0.19759148333333335 0.739911225 0.8208571791666667 0.79031445 0.810017775 0.748040778125 0.19108784166666667
0 0.7846237656249999 0.136890825 0.742350090625 0.14014264583333333 0.7878755843749999 0.810017775 0.8431565437499999 0.8111017166666666 0.7846237656249999 0.136890825
0 0.834214034375 0.18133237916666667 0.798444003125 0.18675208333333335 0.8480342750000001 0.8143535375000001 0.8838043062500001 0.8143535375000001 0.834214034375 0.18133237916666667
0 0.8707970218750001 0.18350025833333333 0.84153063125 0.18133237916666667 0.8959986343749999 0.8165214166666667 0.9293298 0.8143535375000001 0.8707970218750001 0.18350025833333333
0 0.9041281874999999 0.23661333750000002 0.88217839375 0.24311697916666666 0.931768665625 0.8197732375 0.9537184562500001 0.8143535375000001 0.9041281874999999 0.23661333750000002
0 0.9195743375 0.23769727916666666 0.9057540968750001 0.23878121666666668 0.947214815625 0.8132695958333334 0.973229384375 0.8154374791666666 0.9195743375 0.23769727916666666
0 0.93989821875 0.23444545416666665 0.920387290625 0.23769727916666666 0.97566825 0.8176053583333334 0.997618040625 0.8176053583333334 0.93989821875 0.23444545416666665
0 0.9537184562500001 0.23878121666666668 0.93989821875 0.23878121666666668 0.999747984375 0.81955645 0.999747984375 0.673051075 0.9537184562500001 0.23878121666666668