4 0.1472890625 0.08526875 0.149065625 0.1276640625 0.7617453125 0.0871875 0.7620765625 0.046596874999999996 0.1472890625 0.08526875
4 0.7628250000000001 0.0873390625 0.130459375 0.13189843750000002 0.1266390625 0.148046875 0.1284953125 0.15706718749999998 0.1268140625 0.17410468750000002 0.130584375 0.19051875000000001 0.1355234375 0.2045296875 0.7728609375 0.17305625 0.7733156250000001 0.160046875 0.7737703125000001 0.1470375 0.7748484375 0.11613906249999999 0.7733046875 0.098175 0.7725046875 0.09000625 0.7628250000000001 0.0873390625
4 0.12708124999999998 0.2286578125 0.7794296875 0.20259375 0.7782828125 0.1732453125 0.1290171875 0.20430312499999997 0.12636562499999998 0.21805 0.12708124999999998 0.2286578125
4 0.9574999999999999 0.2022984375 0.95558125 0.1950421875 0.1042234375 0.230303125 0.099771875 0.233403125 0.098375 0.242309375 0.0968359375 0.25528125 0.0974953125 0.26751562500000003 0.09926718749999999 0.27897500000000003 0.9569375000000001 0.249496875 0.9581359375 0.2462828125 0.9595328125 0.2373765625 0.9598734375 0.22761874999999998 0.9601859375 0.218675 0.9594125 0.20969218750000002 0.9574999999999999 0.2022984375
4 0.09912499999999999 0.283040625 0.09838593749999999 0.30418124999999996 0.100071875 0.3180796875 0.10315468750000001 0.323071875 0.952809375 0.305525 0.9511749999999999 0.25906406249999997 0.09912499999999999 0.283040625
4 0.09605312499999999 0.3399203125 0.0966546875 0.35378125 0.097228125 0.3684546875 0.103478125 0.376 0.9473421875 0.368834375 0.9474828125 0.36476875 0.947625 0.360703125 0.9480796874999999 0.34769375 0.9485625000000001 0.3338703125 0.9479265625 0.3209921875 0.1007875 0.3286875 0.09605312499999999 0.3399203125
4 0.11372656249999999 0.393453125 0.1121875 0.40642500000000004 0.1127328125 0.4219125 0.11787031249999999 0.4302328125 0.7697984375 0.4473 0.772165625 0.441684375 0.77604375 0.42390937500000003 0.777696875 0.407684375 0.77486875 0.395375 0.77195 0.385690625 0.12060156250000001 0.3831109375 0.11372656249999999 0.393453125
4 0.11875625000000001 0.43596250000000003 0.11819375000000001 0.4831609375 0.8186640625000001 0.50925 0.8216234375000001 0.455621875 0.11875625000000001 0.43596250000000003
4 0.1206578125 0.5369765625 0.8153937499999999 0.5718203125 0.819465625 0.51741875 0.11691093749999999 0.48881406250000003 0.1166890625 0.5262546875 0.1206578125 0.5369765625
4 0.1203421875 0.5460078125 0.1194953125 0.6013375 0.8156062500000001 0.6590234374999999 0.81784375 0.5949390625000001 0.1203421875 0.5460078125
4 0.119296875 0.6070296875000001 0.11499843750000001 0.6679359375 0.8193578125000001 0.738121875 0.8227656250000001 0.6716546875 0.119296875 0.6070296875000001
4 0.1125734375 0.675178125 0.11007031249999999 0.7157953125 0.7777015625 0.7806296875000001 0.7781156250000001 0.7376828125 0.1125734375 0.675178125
4 0.10071875 0.76594375 0.099065625 0.7821671875 0.10078125 0.795253125 0.10269375 0.802646875 0.7557125 0.8506875 0.756246875 0.804303125 0.7545890625 0.789590625 0.753865625 0.7791796875 0.10910468749999999 0.7434421875 0.10559531250000001 0.7506453125 0.10071875 0.76594375