6 0.033375 0.717553125 0.0902109375 0.7275750000000001 0.203146875 0.174015625 0.1492703125 0.15725625000000001 0.033375 0.717553125
6 0.2645609375 0.1836421875 0.2087515625 0.167790625 0.09134375 0.73138125 0.1476546875 0.7400484374999999 0.2645609375 0.1836421875
6 0.1499296875 0.7417125 0.18994687500000002 0.7499703125 0.3049015625 0.191309375 0.26564062499999996 0.18263125 0.1499296875 0.7417125
6 0.345059375 0.2026453125 0.305915625 0.19454218750000002 0.1904109375 0.75245625 0.23191875 0.7573703125 0.345059375 0.2026453125
6 0.3815265625 0.20546875 0.348915625 0.1961125 0.23325625 0.7600109374999999 0.268153125 0.7652609375 0.3815265625 0.20546875
6 0.268028125 0.7673453125 0.3014609375 0.7720374999999999 0.4158875 0.21513437500000002 0.3824015625 0.20562343749999998 0.268028125 0.7673453125
6 0.43857656250000004 0.275640625 0.40792031250000005 0.26542656249999996 0.2990953125 0.7752265625 0.335984375 0.779865625 0.43857656250000004 0.275640625
6 0.3370546875 0.7747078125 0.3593265625 0.7762296875 0.459975 0.28476093750000003 0.438834375 0.27929375 0.3370546875 0.7747078125
6 0.4834296875 0.28715625 0.46198125 0.2809703125 0.3611265625 0.78135625 0.3847484375 0.7844984375 0.4834296875 0.28715625
6 0.386484375 0.785828125 0.42166718750000004 0.790828125 0.5216359374999999 0.283734375 0.48636093750000003 0.2756515625 0.386484375 0.785828125
6 0.5805859375 0.2525921875 0.535734375 0.24107656249999998 0.4227984375 0.794634375 0.47373750000000003 0.802834375 0.5805859375 0.2525921875
6 0.4794296875 0.8058234375 0.5275234375 0.814303125 0.636359375 0.262975 0.5888671875 0.251646875 0.4794296875 0.8058234375
6 0.6739515625 0.3315703125 0.6280187500000001 0.3210671875 0.53184375 0.8102562499999999 0.5756796875 0.820809375 0.6739515625 0.3315703125
6 0.5769015625 0.8206046875 0.621703125 0.827303125 0.7219046875 0.3402015625 0.6769859375 0.3297015625 0.5769015625 0.8206046875
6 0.7796984375 0.30453125000000003 0.7390109375 0.29495312500000004 0.6276703125 0.834365625 0.667553125 0.8396531250000001 0.7796984375 0.30453125000000003
6 0.670721875 0.8407546874999999 0.7102765625 0.8465265625 0.8315468750000001 0.31728125 0.794028125 0.3079640625 0.670721875 0.8407546874999999
6 0.8854 0.333990625 0.8477484375 0.32254218749999997 0.7281421875 0.8503359375 0.7636671875000001 0.86075 0.8854 0.333990625
6 0.78635 0.8599406249999999 0.8169546875 0.8653375000000001 0.9092203124999999 0.3778640625 0.8774843750000001 0.3686609375 0.78635 0.8599406249999999
6 0.82461875 0.867890625 0.8585156250000001 0.8750703124999999 0.9522671875000001 0.3834640625 0.920125 0.3773828125 0.82461875 0.867890625