4 0.0955609375 0.19948125 0.09479531249999999 0.2110515625 0.0984359375 0.22290000000000001 0.1021765625 0.23555625 0.10797187500000001 0.24714062499999997 0.552909375 0.15808125 0.550728125 0.140315625 0.5477671875000001 0.12510468749999998 0.54598125 0.11056875 0.5463546874999999 0.095796875 0.0986796875 0.1892625 0.0955609375 0.19948125
4 0.572503125 0.2286296875 0.565653125 0.163940625 0.112690625 0.25885625 0.11594843749999999 0.276490625 0.11987343749999999 0.2817453125 0.11645781250000001 0.2895421875 0.1248171875 0.3131078125 0.572503125 0.2286296875
4 0.583978125 0.3042734375 0.57761875 0.243575 0.5750609375 0.2316578125 0.121203125 0.3192890625 0.13422343750000001 0.3808078125 0.583978125 0.3042734375
4 0.141659375 0.44137343749999997 0.5928015624999999 0.37614375 0.5832078125 0.306909375 0.1268828125 0.38334843749999997 0.1379328125 0.4377328125 0.141659375 0.44137343749999997
4 0.5939921874999999 0.385834375 0.5941890625 0.3785328125 0.139221875 0.44823124999999997 0.1471984375 0.4775796875 0.15173281249999998 0.49669687500000004 0.15585625 0.5035671875000001 0.6022078125 0.44384375 0.5939921874999999 0.385834375
4 0.13471249999999999 0.5094421875 0.1429875 0.541215625 0.6066703125 0.480184375 0.6024203124999999 0.445575 0.13471249999999999 0.5094421875
4 0.14524062499999998 0.5417578125 0.14910625 0.5732515625 0.6101546875 0.5174624999999999 0.60590625 0.4828640625 0.14524062499999998 0.5417578125
4 0.1525359375 0.5744703125 0.16248281250000002 0.61095625 0.6155078125 0.56106875 0.6094734374999999 0.520825 0.1525359375 0.5744703125
4 0.1589671875 0.6179453125000001 0.1668578125 0.655503125 0.6285000000000001 0.6045578125 0.6210109375 0.5613609375 0.1589671875 0.6179453125000001
4 0.1685296875 0.660215625 0.16521406249999998 0.6688203125000001 0.16797656249999998 0.682415625 0.1725109375 0.7015328125 0.173996875 0.7136453125 0.181153125 0.7185046875000001 0.5917953125000001 0.6795609375 0.58796875 0.6751125 0.5832499999999999 0.6633953125 0.58106875 0.6456296874999999 0.5776125000000001 0.62638125 0.579078125 0.6116046875000001 0.1685296875 0.660215625
4 0.1819609375 0.7339796875 0.187075 0.7489265625 0.18935625 0.7675 0.195434375 0.7724921874999999 0.6056921875 0.7393328125 0.601271875 0.7300390625000001 0.5994875000000001 0.715503125 0.5959453124999999 0.7044609375 0.594359375 0.691540625 0.5943453125 0.6825265625 0.183803125 0.722278125 0.1819609375 0.7339796875
4 0.1845796875 0.7820218750000001 0.190203125 0.8100203125000001 0.643753125 0.7822015625 0.63893125 0.7518390625 0.1845796875 0.7820218750000001
4 0.1914796875 0.811503125 0.196125 0.8404421875000001 0.648115625 0.817734375 0.641340625 0.789259375 0.1914796875 0.811503125
4 0.206215625 0.8424828124999999 0.20533593749999998 0.8442296875 0.205646875 0.8556671874999999 0.20987031250000002 0.8633468750000001 0.21115937499999998 0.87384375 0.2143046875 0.8816546875 0.6287843750000001 0.856175 0.6250578124999999 0.8525328125 0.6219125 0.844721875 0.620921875 0.8366468749999999 0.6200296875 0.8293796875 0.621315625 0.8220546875 0.206215625 0.8424828124999999