4 0.34864375000000003 0.1305890625 0.3439515625 0.1450328125 0.7503015625 0.2006421875 0.7558 0.1813765625 0.34864375000000003 0.1305890625
4 0.3445421875 0.1549203125 0.33614375 0.1784265625 0.7368578125 0.23733749999999998 0.74639375 0.20798437500000003 0.3445421875 0.1549203125
4 0.3358609375 0.18631875 0.329359375 0.2110109375 0.6947203125 0.2687015625 0.7007625 0.27351562500000004 0.7291015625 0.277590625 0.7384515625 0.2464765625 0.3358609375 0.18631875
4 0.31875624999999996 0.21555 0.315809375 0.233984375 0.6897453125 0.2910375 0.6935078125 0.27009375 0.31875624999999996 0.21555
4 0.3068734375 0.2544625 0.680509375 0.317121875 0.6849406250000001 0.294121875 0.3103234375 0.23448281249999997 0.3071390625 0.24428437500000003 0.3068734375 0.2544625
4 0.70990625 0.3249640625 0.30224375000000003 0.2546703125 0.2982203125 0.26705 0.2976203125 0.27826093749999997 0.7024 0.35275 0.710065625 0.326815625 0.70990625 0.3249640625
4 0.6854984375 0.386040625 0.68931875 0.3696015625 0.6943171875 0.3542140625 0.28834218749999996 0.2763875 0.279290625 0.30424375000000003 0.6854984375 0.386040625
4 0.2788046875 0.308078125 0.2701078125 0.33718906249999997 0.6731125 0.4265 0.6831203125 0.393359375 0.2788046875 0.308078125
4 0.293215625 0.35268125 0.28840781249999997 0.3745015625 0.62065625 0.4545109375 0.625746875 0.42948125 0.293215625 0.35268125
4 0.289315625 0.3810703125 0.2848421875 0.401859375 0.6138375 0.48252187500000004 0.6186078125 0.46081874999999994 0.289315625 0.3810703125
4 0.28229375 0.40502343749999997 0.27677968750000004 0.42433437500000004 0.6063468750000001 0.5125968750000001 0.611953125 0.48832031249999996 0.28229375 0.40502343749999997
4 0.275775 0.42742812499999994 0.27009375 0.44725468749999997 0.597278125 0.538165625 0.6039234375 0.5153749999999999 0.275775 0.42742812499999994
4 0.262365625 0.468696875 0.5851234375 0.563871875 0.5934765625 0.5405031250000001 0.591121875 0.540728125 0.2666875 0.45071093749999996 0.262365625 0.468696875
4 0.2590828125 0.48816249999999994 0.5806859375 0.589234375 0.5870078125 0.5697765625 0.58618125 0.5676375 0.2642796875 0.4721703125 0.2590828125 0.48816249999999994
4 0.2320671875 0.4776734375 0.2231484375 0.5004390625 0.6177109375 0.62978125 0.6238296875 0.6062703125 0.2320671875 0.4776734375
4 0.22418906249999998 0.50191875 0.2173171875 0.52306875 0.6098515625 0.6563125000000001 0.6151109375 0.6331015625 0.22418906249999998 0.50191875
4 0.2142296875 0.52320625 0.2083984375 0.545834375 0.597915625 0.6883640625 0.6060578125 0.6609640625 0.2142296875 0.52320625
4 0.20670468749999998 0.5487062500000001 0.2008734375 0.571334375 0.5885171875 0.7196312500000001 0.5968546875 0.6916296875 0.20670468749999998 0.5487062500000001
4 0.19366406249999998 0.574796875 0.188203125 0.6009671875 0.5461609375 0.74465 0.5548124999999999 0.7133390625 0.19366406249999998 0.574796875
4 0.19338906250000001 0.6060749999999999 0.1885984375 0.6301812499999999 0.54248125 0.779384375 0.5509625 0.7485968749999999 0.19338906250000001 0.6060749999999999
4 0.18195624999999999 0.636578125 0.176628125 0.6576593749999999 0.5251921875 0.80684375 0.53285 0.7809328125 0.18195624999999999 0.636578125
4 0.1727109375 0.6837625 0.5177375 0.8414921874999999 0.5258953125 0.814040625 0.1778546875 0.660909375 0.17059375000000002 0.6762296875 0.1727109375 0.6837625
4 0.16673906249999998 0.6880953125 0.1584734375 0.7065109374999999 0.5068078125000001 0.8704484375 0.5161718750000001 0.8439671875 0.16673906249999998 0.6880953125
4 0.161075 0.7102078125 0.1526421875 0.7291390625 0.500675 0.8986828125 0.506784375 0.8728624999999999 0.161075 0.7102078125
4 0.14772968749999998 0.7372390625 0.14001875 0.7609671875 0.5006906250000001 0.9454546875000001 0.5089921875 0.9152234375000001 0.14772968749999998 0.7372390625
4 0.1340734375 0.7909734375 0.49068750000000005 0.9832656249999999 0.4974421875 0.9531140625000001 0.14196718749999998 0.769015625 0.1361984375 0.7774062500000001 0.1340734375 0.7909734375