6 0.09422343749999999 0.205653125 0.052025 0.2009953125 0.032070312499999996 0.7384453125 0.06936250000000001 0.7396296875 0.09422343749999999 0.205653125
6 0.07113749999999999 0.733709375 0.103990625 0.7360781249999999 0.1279640625 0.20446875000000003 0.0986625 0.20446875000000003 0.07113749999999999 0.733709375
6 0.1617046875 0.1890765625 0.1312140625 0.18560625 0.104878125 0.7372609375 0.13684375 0.7372609375 0.1617046875 0.1890765625
6 0.1421703125 0.744365625 0.1750234375 0.744365625 0.19278125 0.1926296875 0.16436875 0.1890765625 0.1421703125 0.744365625
6 0.2229703125 0.15237343750000001 0.194690625 0.1452421875 0.17857499999999998 0.75146875 0.20787499999999998 0.7491015625 0.2229703125 0.15237343750000001
6 0.212315625 0.7491015625 0.2396125 0.74810625 0.24516718750000002 0.1547421875 0.2238578125 0.157109375 0.212315625 0.7491015625
6 0.2708625 0.1556578125 0.24694375000000002 0.155925 0.24161562499999997 0.7538375 0.2638140625 0.75146875 0.2708625 0.1556578125
6 0.268253125 0.755021875 0.2952765625 0.7533140625 0.29844218749999996 0.1547421875 0.27535625 0.155925 0.268253125 0.755021875
6 0.3226203125 0.1569609375 0.2993296875 0.1547421875 0.29666562500000004 0.75146875 0.32330312499999997 0.755021875 0.3226203125 0.1569609375
6 0.363259375 0.21275624999999998 0.324190625 0.213940625 0.3259671875 0.755021875 0.3668109375 0.7526531249999999 0.363259375 0.21275624999999998
6 0.373025 0.75146875 0.41441718749999995 0.7494078125 0.40942968750000003 0.2186765625 0.3668109375 0.2174921875 0.373025 0.75146875
6 0.4147578125 0.7597578125 0.43961875 0.7573890624999999 0.433403125 0.16421406249999998 0.40942968750000003 0.16421406249999998 0.4147578125 0.7597578125
6 0.460040625 0.165396875 0.43517968749999997 0.16421406249999998 0.4440578125 0.760940625 0.46714374999999997 0.7585734375000001 0.460040625 0.165396875
6 0.49547187499999995 0.22206406250000002 0.46270468749999993 0.21986093750000002 0.46891875 0.7562046875 0.5062109375 0.755021875 0.49547187499999995 0.22206406250000002
6 0.5106515625 0.7597578125 0.5452765625 0.7572203125 0.5355125000000001 0.21986093750000002 0.5008843749999999 0.21986093750000002 0.5106515625 0.7597578125
6 0.5683640624999999 0.21986093750000002 0.5381765625 0.2186765625 0.55060625 0.763309375 0.5807953125 0.7656765625 0.5683640624999999 0.21986093750000002
6 0.582571875 0.7680453125 0.6155890625 0.7650328125 0.6012171875 0.22104531249999998 0.5736921875000001 0.21986093750000002 0.582571875 0.7680453125
6 0.6172 0.7680453125 0.6487921875 0.7663359375 0.63229375 0.22578125 0.6065453125 0.2234125 0.6172 0.7680453125
6 0.6615953125 0.205653125 0.637621875 0.20328437500000002 0.6509390625 0.7656765625 0.6775765625 0.7656765625 0.6615953125 0.205653125
6 0.692671875 0.1997328125 0.665146875 0.1985484375 0.6811281250000001 0.773965625 0.7104296875 0.77278125 0.692671875 0.1997328125
6 0.74328125 0.1440859375 0.7073859375 0.1426375 0.722859375 0.779884375 0.7619281250000001 0.7787015625 0.74328125 0.1440859375
6 0.7637031249999999 0.7834375 0.7991828125 0.77935625 0.7796859375 0.14645312500000002 0.7450578125 0.1452703125 0.7637031249999999 0.7834375
6 0.8167609375 0.21295000000000003 0.78235 0.2092046875 0.8001078125 0.771596875 0.8347359375 0.7704125000000001 0.8167609375 0.21295000000000003
6 0.8374 0.7704125000000001 0.8851203125 0.7702421875 0.8613734375 0.21630937499999997 0.818753125 0.21630937499999997 0.8374 0.7704125000000001
6 0.87633125 0.2155546875 0.8933375 0.779884375 0.9377328125 0.7763328125 0.9155359375 0.21630937499999997 0.87633125 0.2155546875
6 0.942171875 0.779884375 0.9705859374999999 0.78106875 0.9501640625000001 0.17486875 0.92175 0.1736859375 0.942171875 0.779884375