5 0.15709138125 0.3221260791666667 0.12231510625 0.3221260791666667 0.13711351562500002 0.7986795833333333 0.1696700125 0.7976929625 0.15709138125 0.3221260791666667
5 0.193980834375 0.319602275 0.15931110937499998 0.320152775 0.17928897187499998 0.8016395666666667 0.214805140625 0.8006528833333333 0.193980834375 0.319602275
5 0.23626284062499997 0.31916612499999997 0.19852689375000002 0.32113942500000003 0.21554508437500003 0.7996662625000001 0.25328103125 0.7996662625000001 0.23626284062499997 0.31916612499999997
5 0.280243853125 0.319602275 0.242182184375 0.320152775 0.25624070312499997 0.80262625 0.29471654375 0.8036128666666666 0.280243853125 0.319602275
5 0.32579320312500004 0.780919875 0.335412165625 0.7779598916666667 0.326630571875 0.3912168583333333 0.299895996875 0.3931651291666666 0.3102549 0.7789465083333333 0.318394021875 0.7799331916666666 0.32579320312500004 0.780919875
5 0.348730740625 0.7858530958333334 0.34453421875 0.392301925 0.32801298437500004 0.3931651291666666 0.33763194375 0.7858530958333334 0.34577106562500004 0.7878263958333334 0.348730740625 0.7858530958333334
5 0.361309371875 0.8253192375 0.37092833125 0.8223592541666667 0.359829534375 0.25108705833333334 0.3420928125 0.2501578291666667 0.35243035625 0.8213726375 0.354650084375 0.8223592541666667 0.361309371875 0.8253192375
5 0.37871390625 0.392301925 0.382767071875 0.7897996958333333 0.419763075 0.7878263958333334 0.41754334687499994 0.39217847916666665 0.37871390625 0.392301925
5 0.458466509375 0.3912168583333333 0.41902318125000004 0.39217847916666665 0.4212429125 0.7878263958333334 0.457499021875 0.7868397791666666 0.458466509375 0.3912168583333333
5 0.47895667187499996 0.5599095208333333 0.47895667187499996 0.441511125 0.46045874375 0.442497775 0.46045874375 0.7661200208333334 0.479696665625 0.7661200208333334 0.47895667187499996 0.5599095208333333
5 0.5000998812499999 0.4415246208333333 0.480399628125 0.44165906250000003 0.480399628125 0.7665146291666667 0.5009324125 0.7672546416666666 0.5000998812499999 0.4415246208333333
5 0.5220725374999999 0.442338425 0.5020422531250001 0.4431390625 0.5020422531250001 0.7679946541666667 0.521465196875 0.7687346166666666 0.5220725374999999 0.442338425
5 0.5452658968749999 0.442338425 0.52368495 0.44165906250000003 0.52313003125 0.7672546416666666 0.5414430593749999 0.7687346166666666 0.5452658968749999 0.442338425
5 0.5794455843749999 0.39106889166666664 0.5464374875 0.3913397458333333 0.5419979781250001 0.7887143583333334 0.57251969375 0.7901943374999999 0.5794455843749999 0.39106889166666664
5 0.61247541875 0.3913397458333333 0.5836184656250001 0.3905997583333333 0.5758493625 0.7901943374999999 0.60581608125 0.7909343 0.61247541875 0.3913397458333333
5 0.6441428499999999 0.42036576666666664 0.6185797625 0.4201993666666667 0.610255665625 0.7961142375 0.635782878125 0.7938942999999999 0.6441428499999999 0.42036576666666664
5 0.66075516875 0.7931542875 0.664639759375 0.7909343 0.676491484375 0.42036576666666664 0.648546484375 0.4201993666666667 0.639667465625 0.7931542875 0.651876153125 0.7946342625 0.66075516875 0.7931542875
5 0.67962319375 0.7946342625 0.681287953125 0.792414325 0.6929709749999999 0.39106889166666664 0.678513278125 0.3905997583333333 0.66630459375 0.7931542875 0.67351885 0.7938942999999999 0.67962319375 0.7946342625
5 0.697381228125 0.7946342625 0.710671171875 0.39025509166666666 0.703485571875 0.38985977083333334 0.6946065531250001 0.3905997583333333 0.682397865625 0.7938942999999999 0.697381228125 0.7946342625
5 0.7369162874999999 0.442338425 0.7095899125 0.442399075 0.6984911406250001 0.7909343 0.72512826875 0.792414325 0.7369162874999999 0.442338425
5 0.769264921875 0.443152225 0.740666621875 0.442399075 0.7273480218749999 0.7909343 0.756759821875 0.7931542875 0.769264921875 0.443152225
5 0.799490221875 0.39207973333333335 0.776737684375 0.3905997583333333 0.76119940625 0.7968542500000001 0.7845068625 0.7968542500000001 0.799490221875 0.39207973333333335
5 0.826027615625 0.39106889166666664 0.80115505625 0.3905997583333333 0.786171696875 0.7990741875 0.811143990625 0.7998142 0.826027615625 0.39106889166666664