0 0.105806125 0.1694090375 0.063532453125 0.14556235 0.00581263125 0.3536788916666667 0 0.5060483875 0.105806125 0.1694090375
0 0.16190003749999998 0.17266085833333333 0.11637454375 0.14231052916666667 0.006625584375 0.5065144833333333 0 0.6572580625000001 0.16190003749999998 0.17266085833333333
0 0.217993953125 0.16724115416666668 0.17246845625 0.131471125 0.00418671875 0.66151795 0.00418671875 0.799178375 0.217993953125 0.16724115416666668
0 0.33099473125 0.0458398375 0.28059150625 0.0122376875 0.000934896875 0.8056820166666667 0 0.9737903208333333 0.33099473125 0.0458398375
0 0.043094759375 0.9996639791666666 0.40497365937499996 0.046923779166666665 0.352944525 0.018741329166666664 0.0033737656249999996 0.9671891250000001 0.001512096875 0.9996639791666666 0.043094759375 0.9996639791666666
0 0.10383064374999999 0.9996639791666666 0.43424005 0.20192724583333332 0.390340465625 0.16615721666666666 0.047883065625 0.9996639791666666 0.09601814374999999 0.9996639791666666 0.10383064374999999 0.9996639791666666
0 0.5244780812500001 0.204095125 0.471635990625 0.16182145416666666 0.110683859375 0.9823642916666666 0.152144575 0.9975394541666667 0.5244780812500001 0.204095125
0 0.16271299374999998 0.9736927666666666 0.20092189062500002 0.9964555166666667 0.6147161156250001 0.1694090375 0.58057199375 0.1433944666666667 0.16271299374999998 0.9736927666666666
0 0.68869504375 0.1889199625 0.645608415625 0.15098205 0.222871684375 0.9704409458333333 0.258641715625 0.9867000499999999 0.68869504375 0.1889199625
0 0.2700230875 0.961769425 0.3163615375 0.9921197541666668 0.762673971875 0.2084308875 0.7204003 0.17374479583333333 0.2700230875 0.961769425
0 0.8203937968749999 0.20951482916666667 0.783810809375 0.1791645 0.34075019375000004 0.9585176041666668 0.37652022500000004 0.9845321708333333 0.8203937968749999 0.20951482916666667
0 0.399282975 0.9444263791666666 0.42285867499999996 0.9650212458333333 0.9106318281249999 0.15314992916666667 0.876487709375 0.12605142083333334 0.399282975 0.9444263791666666
0 0.885430215625 0.26696366666666665 0.8659192906250001 0.23769727916666666 0.440743690625 0.939006675 0.4594416625 0.9596015416666667 0.885430215625 0.26696366666666665
0 0.8781136187499999 0.25504032083333333 0.8886820375 0.26696366666666665 0.49439873749999996 0.9043205875000001 0.518787396875 0.9173278708333333 0.911444784375 0.25287244166666667 0.8976245437499999 0.23010969583333332 0.8781136187499999 0.25504032083333333
0 0.9488407249999999 0.24420092083333333 0.92851684375 0.22360605416666665 0.54155014375 0.8858936 0.563499934375 0.9097402875 0.9488407249999999 0.24420092083333333
0 0.59195336875 0.8772220791666666 0.6220327125 0.9086563458333334 0.9781071156250001 0.2908103541666666 0.946401859375 0.2572082041666667 0.59195336875 0.8772220791666666
0 0.99436621875 0.2810548916666667 0.6415436406249999 0.8804739 0.669997071875 0.899984825 0.999747984375 0.3588709666666666 0.99436621875 0.2810548916666667
0 0.9968050843749999 0.42088319583333333 0.99436621875 0.36993800000000004 0.6976375531250001 0.8728863166666667 0.7204003 0.8956490625 0.9968050843749999 0.42088319583333333
0 0.7651128375 0.8642147916666667 0.7878755843749999 0.8913133 0.9992439531249999 0.5000108375 0.99436621875 0.43063865833333337 0.7651128375 0.8642147916666667