6 0.31973124999999997 0.4427390625 0.2724703125 0.0970265625 0.24689843749999998 0.0940875 0.2135421875 0.0987046875 0.2094796875 0.1038375 0.2647296875 0.45545468749999996 0.31973124999999997 0.4427390625
6 0.157890625 0.115578125 0.1413265625 0.11668281250000001 0.1214484375 0.116984375 0.1576296875 0.44865625 0.1894671875 0.44286250000000005 0.156796875 0.1194640625 0.157890625 0.115578125
6 0.23722812499999998 0.445940625 0.251459375 0.437909375 0.2118921875 0.12160156250000001 0.163059375 0.1278125 0.20801093750000002 0.4505484375 0.23722812499999998 0.445940625
6 0.2843953125 0.10577812499999999 0.2753609375 0.1078875 0.32464218749999996 0.46022187499999995 0.3396171875 0.4572140625 0.291925 0.10678281249999999 0.2843953125 0.10577812499999999
6 0.35815625 0.1267203125 0.33647187500000003 0.1285265625 0.315240625 0.129565625 0.346778125 0.4594609375 0.3911796875 0.45284218750000005 0.35815625 0.1267203125
6 0.40639062499999995 0.13760937499999998 0.3661078125 0.1409234375 0.3672875 0.1458171875 0.3965390625 0.4612765625 0.435859375 0.45530781249999996 0.40639062499999995 0.13760937499999998
6 0.038856249999999995 0.0505015625 0.07345625 0.44424843750000004 0.1303234375 0.43645625 0.10254375 0.0510609375 0.075190625 0.046640625000000005 0.038856249999999995 0.0505015625
6 0.44955625 0.1093515625 0.42872343749999997 0.10715 0.406821875 0.111153125 0.4398328125 0.462096875 0.47972187499999996 0.45989531250000004 0.44955625 0.1093515625
6 0.456840625 0.09336875 0.4840671875 0.46645624999999996 0.5024875 0.465440625 0.4744265625 0.090821875 0.456840625 0.09336875
6 0.5182078125 0.46866874999999997 0.5229546875 0.46475156249999994 0.5001640625 0.09295624999999999 0.4891109375 0.0932953125 0.48185 0.0970734375 0.505378125 0.46849999999999997 0.5182078125 0.46866874999999997
6 0.5201984375 0.0991671875 0.5256640625 0.469053125 0.5668234375 0.467528125 0.56233125 0.10063906250000001 0.56076875 0.09929687499999999 0.541921875 0.097134375 0.5201984375 0.0991671875
6 0.62614375 0.4738015625 0.6277078125 0.07252031249999999 0.6131 0.067609375 0.5931546875 0.06693125 0.593003125 0.0741015625 0.589840625 0.4733296875 0.62614375 0.4738015625
6 0.6280359375 0.472459375 0.6428984375 0.4743234375 0.6616500000000001 0.47372812499999994 0.6671359375 0.133815625 0.65824375 0.1305984375 0.645159375 0.128565625 0.6313515625 0.12745625 0.6280359375 0.472459375
6 0.7012875000000001 0.1630140625 0.689346875 0.16064375 0.679146875 0.163025 0.669634375 0.47514218750000003 0.69395 0.47623437500000004 0.7012875000000001 0.1630140625
6 0.7061015625 0.14471406250000002 0.6957078125 0.4774453125 0.70551875 0.47780468750000005 0.715875 0.1456234375 0.7061015625 0.14471406250000002
6 0.714328125 0.47689843749999994 0.7245609375 0.14928125 0.7165265625 0.14716562500000002 0.7063921875 0.4778703125 0.714328125 0.47689843749999994
6 0.7259781249999999 0.1473921875 0.7195796875 0.48018906250000004 0.7301890625 0.4786765625 0.7377 0.14445 0.7259781249999999 0.1473921875
6 0.78005625 0.08852656249999999 0.769853125 0.08744687500000001 0.7603453124999999 0.0864515625 0.7486578125000001 0.48244375 0.7675140625 0.4835234375 0.78005625 0.08852656249999999
6 0.8300546875 0.11339999999999999 0.8077296875 0.10797187500000001 0.7805187499999999 0.10624375 0.76783125 0.48324531249999997 0.8139 0.48227343749999996 0.8300546875 0.11339999999999999
6 0.8864124999999999 0.0980859375 0.8656265624999999 0.0927953125 0.83445625 0.0951203125 0.815665625 0.4828765625 0.8592890625 0.48653124999999997 0.8864124999999999 0.0980859375
6 0.040578125 0.0856234375 0.0192765625 0.08618437500000001 0.046765625 0.444590625 0.0705734375 0.4428375 0.040578125 0.0856234375