6 0.8109125 0.8747328124999999 0.8056890624999999 0.8269390624999999 0.37440625 0.927290625 0.3764515625 0.98585625 0.8109125 0.8747328124999999
6 0.343653125 0.8608421875 0.345790625 0.9220703125 0.8031671875 0.8225843749999999 0.7955984375 0.773675 0.343653125 0.8608421875
6 0.7967 0.7730578125 0.7950265625 0.7251390625 0.3406234375 0.80324375 0.34480468750000004 0.8599125000000001 0.7967 0.7730578125
6 0.363946875 0.72953125 0.36515 0.7979 0.799790625 0.7258609375 0.799725 0.6679984375 0.363946875 0.72953125
6 0.7987734375 0.6628171875 0.8004953125000001 0.6103390625 0.3615703125 0.656915625 0.36260781249999996 0.7251359374999999 0.7987734375 0.6628171875
6 0.3441390625 0.5694140625 0.3492015625 0.6465328125 0.793115625 0.6026 0.786253125 0.5433921875000001 0.3441390625 0.5694140625
6 0.787396875 0.5406093750000001 0.7865046875 0.4811140625 0.3402640625 0.49447343750000006 0.3429859375 0.5703437499999999 0.787396875 0.5406093750000001
6 0.34618125 0.45828749999999996 0.34838749999999996 0.48752968750000003 0.8005796875 0.47706875000000004 0.79863125 0.45012968750000004 0.34618125 0.45828749999999996
6 0.7984359375000001 0.449603125 0.7923703125 0.4116109375 0.34556718750000004 0.4067796875 0.34845468749999997 0.45554375 0.7984359375000001 0.449603125
6 0.7979453125 0.40164375 0.7953984375 0.362640625 0.344328125 0.3497125 0.34547500000000003 0.4041171875 0.7979453125 0.40164375
6 0.35165 0.3434875 0.3268640625 0.3461296875 0.791725 0.359215625 0.8032484375 0.34992812500000003 0.7990171875 0.3305296875 0.7976156249999999 0.324359375 0.327309375 0.29103124999999996 0.33699218750000004 0.29691093749999997 0.3514390625 0.3035140625 0.3519046875 0.316825 0.351340625 0.3346140625 0.35165 0.3434875
6 0.29446875 0.2326515625 0.2961109375 0.27968125 0.8031296875 0.3126171875 0.798309375 0.276359375 0.29446875 0.2326515625
6 0.32748125 0.19418437500000002 0.329996875 0.2323 0.79936875 0.27276875 0.792809375 0.24610781249999997 0.32748125 0.19418437500000002
6 0.80289375 0.23799687500000002 0.7948953125 0.2125109375 0.32823281249999997 0.1499578125 0.3283859375 0.18615625 0.80289375 0.23799687500000002
6 0.3356265625 0.088175 0.3363953125 0.1441203125 0.7994421875 0.207021875 0.7943734375 0.1636640625 0.3356265625 0.088175
6 0.33594843750000003 0.0295265625 0.338990625 0.0827265625 0.8025328125 0.1598265625 0.7999875000000001 0.1158953125 0.33594843750000003 0.0295265625