6 0.0017484375 0.9834484375000001 0.0196328125 0.9812796875 0.0700359375 0.029581249999999996 0.0407703125 0.020909375 0 0.8797046875 0.0017484375 0.9834484375000001
6 0.0058125 0.768828125 0.041582812499999997 0.034999999999999996 0.0017484375 0.026329687499999997 0.0058125 0.768828125
6 0.11149687500000001 0.1650734375 0.0651578125 0.1509828125 0.022071874999999998 0.972609375 0.060281249999999995 0.9812796875 0.11149687500000001 0.1650734375
6 0.0594671875 0.9747765625 0.099303125 0.978028125 0.1635265625 0.1661578125 0.12125156249999999 0.15423437499999998 0.0594671875 0.9747765625
6 0.20742500000000003 0.0339171875 0.17246875 0.020909375 0.10499375 0.9736921875 0.1301953125 0.985615625 0.20742500000000003 0.0339171875
6 0.12856875 0.971525 0.1586484375 0.9812796875 0.24075625 0.0306640625 0.20986406249999998 0.018740625 0.12856875 0.971525
6 0.26351874999999997 0.0241609375 0.2415703125 0.02199375 0.1578359375 0.9769453125 0.17409375 0.9823640625 0.26351874999999997 0.0241609375
6 0.1749078125 0.9747765625 0.19604375000000002 0.9801968750000001 0.28546875 0.020909375 0.26270625000000003 0.020909375 0.1749078125 0.9747765625
6 0.3261171875 0.01440625 0.2887203125 0.00465 0.19360468749999998 0.972609375 0.222059375 0.9812796875 0.3261171875 0.01440625
6 0.222871875 0.9823640625 0.24969843749999998 0.9823640625 0.3879015625 0.0252453125 0.3586359375 0.0165734375 0.222871875 0.9823640625
6 0.425296875 0.02199375 0.3927796875 0.0165734375 0.273275 0.9812796875 0.30741874999999996 0.9801968750000001 0.425296875 0.02199375
6 0.30497968750000004 0.9812796875 0.3277421875 0.9812796875 0.452125 0.0252453125 0.42773593749999994 0.0122375 0.30497968750000004 0.9812796875
6 0.4561890625 0.27021562499999996 0.422859375 0.260459375 0.333434375 0.9801968750000001 0.357821875 0.9867000000000001 0.4561890625 0.27021562499999996
6 0.3635125 0.9563499999999999 0.43993125 0.972609375 0.5821984375 0.026329687499999997 0.49765 0.00465 0.3635125 0.9563499999999999
6 0.6073999999999999 0.260459375 0.55374375 0.23986562500000003 0.43830468749999996 0.978028125 0.491959375 0.9834484375000001 0.6073999999999999 0.260459375
6 0.4927734375 0.9682734375000001 0.5261046875 0.9801968750000001 0.68544375 0.10545625 0.6415437500000001 0.09136562499999999 0.4927734375 0.9682734375000001
6 0.7334078125 0.10545625 0.6838171875 0.0881140625 0.53098125 0.9563499999999999 0.5708171875 0.9671890624999999 0.7334078125 0.10545625
6 0.5732546875 0.9530984374999999 0.6285359374999999 0.970440625 0.7643 0.26154375 0.713084375 0.2366140625 0.5732546875 0.9530984374999999
6 0.8268968750000001 0.2582921875 0.7740546875 0.2409484375 0.6309750000000001 0.9606859375000001 0.6716234375 0.972609375 0.8268968750000001 0.2582921875
6 0.681378125 0.9574343750000001 0.7065796875 0.972609375 0.871609375 0.26154375 0.8374656249999999 0.24420156249999997 0.681378125 0.9574343750000001
6 0.9122578125 0.25287187499999997 0.8781140625000001 0.24636874999999997 0.7057671875 0.96935625 0.7415375 0.96935625 0.9122578125 0.25287187499999997
6 0.9951796875 0.1965078125 0.9997484375000001 0.15423437499999998 0.99924375 0.12063125 0.9569703125 0.1119609375 0.748853125 0.9530984374999999 0.79844375 0.9617687500000001 0.9951796875 0.1965078125
6 0.9968046875000001 0.198675 0.79681875 0.965021875 0.835840625 0.972609375 0.9997484375000001 0.37701562499999997 0.9968046875000001 0.198675