6 0.43195625 0.8395296875 0.46398593750000006 0.842553125 0.49129218750000003 0.8470046874999999 0.49250156250000005 0.46739687500000004 0.42914375 0.46334375000000005 0.43195625 0.8395296875
6 0.5115734375 0.8603609375 0.5233375 0.8596046875000001 0.5270046875000001 0.45772812500000004 0.5141078125 0.45470468750000004 0.500371875 0.458003125 0.49796874999999996 0.8554484375 0.5115734375 0.8603609375
6 0.5447828125 0.4819 0.5301843749999999 0.4824671875 0.5261453125 0.8641046875 0.5383328125 0.867128125 0.55420625 0.8658046875000001 0.5623765625 0.48197812500000003 0.5447828125 0.4819
6 0.40635000000000004 0.47075781250000004 0.38225625 0.472646875 0.3860015625 0.847334375 0.4072609375 0.847146875 0.425684375 0.847146875 0.42534687499999996 0.476190625 0.40635000000000004 0.47075781250000004
6 0.36236718749999997 0.8314984375 0.38504375 0.8301765624999999 0.3782234375 0.4712296875 0.3285015625 0.4716296875 0.334021875 0.8347109375 0.36236718749999997 0.8314984375
6 0.626053125 0.8419593750000001 0.6529812500000001 0.8463062499999999 0.67225625 0.8474390625 0.68653125 0.430940625 0.638628125 0.42565 0.626053125 0.8419593750000001
6 0.7121390625 0.8670125000000001 0.7351 0.8651234375 0.7621109374999999 0.421390625 0.729371875 0.4193109375 0.703125 0.42493437500000003 0.68379375 0.8730609375 0.7121390625 0.8670125000000001
6 0.6136203124999999 0.856165625 0.6243796875000001 0.4753640625 0.6016484375 0.475871875 0.5923625 0.852196875 0.6136203124999999 0.856165625
6 0.3117625 0.4618078125 0.2982984375 0.46350781249999995 0.30648906249999996 0.8305374999999999 0.3169765625 0.83205 0.3298734375 0.8301609375 0.32428124999999997 0.464615625 0.3117625 0.4618078125
6 0.2768890625 0.46872968750000005 0.251378125 0.47118593750000004 0.260884375 0.8374812500000001 0.29022187499999996 0.8327578125 0.30453593749999996 0.832190625 0.297590625 0.47141093749999996 0.2768890625 0.46872968750000005
6 0.22894062499999998 0.44638906250000004 0.21604375 0.446578125 0.229334375 0.8460921875 0.2367046875 0.8477921875 0.24747499999999997 0.846659375 0.23747500000000002 0.45056250000000003 0.22894062499999998 0.44638906250000004
6 0.203615625 0.4840984375 0.1864671875 0.48353124999999997 0.2033375 0.8274671874999999 0.21566875 0.8303015625000001 0.2299828125 0.82916875 0.21701406250000002 0.4861109375 0.203615625 0.4840984375
6 0.1787140625 0.8387203124999999 0.18710312499999998 0.84315 0.197165625 0.8416375 0.1785375 0.44553281250000004 0.161671875 0.44458906249999997 0.1787140625 0.8387203124999999
6 0.1530359375 0.46513906250000003 0.14240625 0.46627343750000005 0.1601375 0.8394234375 0.1684984375 0.8418796875 0.17842031249999998 0.8415015625000001 0.1599703125 0.4712296875 0.1530359375 0.46513906250000003
6 0.11670624999999998 0.4571625 0.0960140625 0.45791875 0.1187984375 0.8398468749999999 0.13679687499999998 0.8396578124999999 0.15933124999999998 0.840790625 0.137028125 0.46378906249999996 0.11670624999999998 0.4571625
6 0.069203125 0.46769375 0.0492203125 0.4669390625 0.07064843750000001 0.8469359375 0.08269531249999999 0.8482593749999999 0.11146562499999998 0.8459921874999999 0.08680625 0.4753640625 0.069203125 0.46769375