4 0.6761015625 0.9896046875 0.67979375 0.9587249999999999 0.064084375 0.8953671875 0.055715625000000005 0.92550625 0.6761015625 0.9896046875
4 0.07343125 0.8591796875 0.0682921875 0.8916265624999999 0.682553125 0.9565531249999999 0.6844578125 0.921384375 0.07343125 0.8591796875
4 0.686940625 0.9212890625 0.6894046875 0.8830234375 0.1380359375 0.8145749999999999 0.12869375 0.8508515624999999 0.686940625 0.9212890625
4 0.14476093750000002 0.77968125 0.13934375000000002 0.8138828124999999 0.6911296874999999 0.8797015625 0.6949359375 0.8469109375 0.14476093750000002 0.77968125
4 0.7012234375 0.8462406250000001 0.7048578125 0.808159375 0.066996875 0.7247140625 0.0569171875 0.7666671875 0.7012234375 0.8462406250000001
4 0.7099515625 0.8062703125 0.715925 0.7685609375 0.0779625 0.679203125 0.0666171875 0.7205578125 0.7099515625 0.8062703125
4 0.159134375 0.643515625 0.15213125 0.6801625 0.70548125 0.758815625 0.70790625 0.7233953125 0.159134375 0.643515625
4 0.71000625 0.722675 0.714590625 0.693734375 0.16544375 0.611253125 0.159690625 0.6400078125 0.71000625 0.722675
4 0.7303484375 0.692634375 0.740384375 0.651971875 0.1023625 0.5554140624999999 0.09321874999999999 0.598015625 0.7303484375 0.692634375
4 0.11089374999999999 0.5091203125 0.1027796875 0.5527828125 0.7380453124999999 0.6516015625 0.7455296875 0.61070625 0.11089374999999999 0.5091203125
4 0.7410078125 0.6026265625 0.749815625 0.554578125 0.18796718750000002 0.4539046875 0.184634375 0.4749515625 0.1809640625 0.4905515625 0.17888125 0.50370625 0.7410078125 0.6026265625
4 0.7455546875 0.5512078125000001 0.7511687499999999 0.5233296875 0.21855625 0.427284375 0.213971875 0.456225 0.7455546875 0.5512078125000001
4 0.226034375 0.3952078125 0.22014218749999998 0.4248390625 0.752478125 0.5226375 0.75743125 0.49394375 0.226034375 0.3952078125
4 0.7725421875 0.4943515625 0.7724828125000001 0.48715 0.1980484375 0.382684375 0.1995546875 0.388315625 0.7725421875 0.4943515625
4 0.76966875 0.48220937499999994 0.774903125 0.4794421875 0.7816640625 0.467028125 0.7829140625 0.4591359375 0.7834109375 0.4484265625 0.781153125 0.439978125 0.18583125 0.3160234375 0.1750421875 0.35386875 0.176525 0.3747796875 0.76966875 0.48220937499999994
4 0.7754453125 0.4381765625 0.7843703125 0.4045296875 0.2981390625 0.3032453125 0.2908 0.334446875 0.7754453125 0.4381765625
4 0.7880171875 0.4042078125 0.79896875 0.35020625 0.2328234375 0.2236796875 0.22042968749999997 0.2803546875 0.7880171875 0.4042078125
4 0.2477109375 0.2053609375 0.243346875 0.225346875 0.786521875 0.3455375 0.7907484375 0.325203125 0.2477109375 0.2053609375
4 0.7959796875 0.3236625 0.8054609375 0.2865078125 0.2236375 0.15300468750000001 0.2143671875 0.1854640625 0.7959796875 0.3236625
4 0.24479062499999998 0.13298125 0.238365625 0.1508421875 0.8034000000000001 0.284384375 0.8056703125 0.2642875 0.24479062499999998 0.13298125
4 0.8105484374999999 0.2657390625 0.8130484375 0.249953125 0.3446875 0.138015625 0.3426046875 0.1511703125 0.8105484374999999 0.2657390625
4 0.8108421874999999 0.2298265625 0.8127281249999999 0.21034843749999999 0.21207812499999998 0.05947812500000001 0.2104921875 0.0619234375 0.2028171875 0.087678125 0.20045625 0.1025859375 0.80469375 0.2459328125 0.8108421874999999 0.2298265625
4 0.8151343750000001 0.16488125 0.22397968750000002 0.0146171875 0.220865625 0.026709375 0.21802968749999999 0.037046875 0.2123796875 0.0424453125 0.20472656250000001 0.0529203125 0.8086062500000001 0.2061 0.8137812500000001 0.19613125 0.8153890625000001 0.17840625000000002 0.8151343750000001 0.16488125