6 0.1314171875 0.324975 0.106259375 0.3269484375 0.14177656249999998 0.8252078125000001 0.1647140625 0.82718125 0.1314171875 0.324975
6 0.16619375 0.8291546875 0.18991249999999998 0.8285 0.15509375 0.324975 0.1314171875 0.32596250000000004 0.16619375 0.8291546875
6 0.18258749999999999 0.32394218750000003 0.159534375 0.32596250000000004 0.19209062500000001 0.8291546875 0.211328125 0.8301421875000001 0.18258749999999999 0.32394218750000003
6 0.2128078125 0.838034375 0.228975 0.8350109375000001 0.20392968749999998 0.3920671875 0.1861703125 0.3920671875 0.2128078125 0.838034375
6 0.2224640625 0.39230156250000003 0.20392968749999998 0.3920671875 0.2290859375 0.839021875 0.24536406249999998 0.839021875 0.2224640625 0.39230156250000003
6 0.218728125 0.3230015625 0.24684374999999997 0.8419812500000001 0.25720312500000003 0.845928125 0.2737328125 0.8415203124999999 0.2498046875 0.3269484375 0.218728125 0.3230015625
6 0.29345937499999997 0.8469140625 0.3046578125 0.843690625 0.28162031249999997 0.33188125 0.27940156250000003 0.3299078125 0.26978125 0.3230015625 0.25054375 0.32398906250000004 0.276440625 0.8439546874999999 0.28088125 0.8449421875 0.29345937499999997 0.8469140625
6 0.3319359375 0.31806875 0.28384062499999996 0.31806875 0.306778125 0.8488875 0.35043281249999997 0.8488875 0.3319359375 0.31806875
6 0.3868515625 0.3196015625 0.333415625 0.3200421875 0.35339375 0.8538218750000001 0.4007484375 0.8557953125 0.3868515625 0.3196015625
6 0.402228125 0.8557953125 0.45277031250000005 0.8599671875 0.44144375 0.3190546875 0.3896484375 0.3190546875 0.402228125 0.8557953125
6 0.4547625 0.3713484375 0.45106250000000003 0.372334375 0.4458828125 0.3743078125 0.4532828125 0.8617140624999999 0.46438125 0.8636874999999999 0.49397812500000005 0.860728125 0.490278125 0.3703609375 0.4547625 0.3713484375
6 0.5058171875 0.8646750000000001 0.5354140625 0.8627015625000001 0.53415 0.3706 0.490278125 0.3703609375 0.49693750000000003 0.860728125 0.5058171875 0.8646750000000001
6 0.58135 0.3673453125 0.5368937500000001 0.3683875 0.5376328125 0.8617140624999999 0.5761093749999999 0.8577671875 0.58135 0.3673453125
6 0.5775890625 0.8617140624999999 0.6204125 0.8621375 0.62494375 0.37628125 0.58276875 0.3743078125 0.5775890625 0.8617140624999999
6 0.6752578125 0.3683875 0.65158125 0.3674015625 0.6427015625 0.369375 0.6390015625000001 0.3703609375 0.6308625 0.3743078125 0.62124375 0.868621875 0.6271640625 0.8696078125 0.6634203125 0.8705937499999999 0.6752578125 0.3683875
6 0.6745187500000001 0.8775015625 0.700415625 0.8765140625000001 0.7181734375 0.32398906250000004 0.6826578125 0.322015625 0.6663796875 0.8725671875 0.6745187500000001 0.8775015625
6 0.7555046875 0.3206875 0.7211328124999999 0.3200421875 0.7018953125 0.8705937499999999 0.7351921875 0.8725671875 0.7555046875 0.3206875
6 0.799565625 0.3091890625 0.75886875 0.3091890625 0.7366718750000001 0.8745406250000001 0.775146875 0.8784875 0.799565625 0.3091890625
6 0.8439609375 0.30820156249999997 0.8017843750000001 0.307215625 0.776628125 0.8735546875000001 0.815103125 0.8775015625 0.8439609375 0.30820156249999997
6 0.8876156249999999 0.358521875 0.8417406250000001 0.3595078125 0.81584375 0.8775015625 0.857278125 0.8824343750000001 0.8876156249999999 0.358521875
6 0.934540625 0.3586640625 0.8890953125 0.358521875 0.8587578125 0.881446875 0.8994546874999999 0.88638125 0.934540625 0.3586640625
6 0.9016734375000001 0.8873671875 0.9186921874999999 0.8883546875 0.9586484375 0.307215625 0.94385 0.307215625 0.9016734375000001 0.8873671875
6 0.9825546875000001 0.30658124999999997 0.9675265625 0.30820156249999997 0.920171875 0.88638125 0.9357109375 0.8834203125 0.9825546875000001 0.30658124999999997