4 0.6866749999999999 0.09998749999999999 0.6891890625 0.0787328125 0.688428125 0.05692343749999999 0.096590625 0.0847734375 0.1058 0.1308546875 0.6866749999999999 0.09998749999999999
4 0.10916718750000001 0.13399375 0.1115578125 0.171359375 0.6871796875 0.145559375 0.6857656249999999 0.105059375 0.10916718750000001 0.13399375
4 0.1071921875 0.170696875 0.1098375 0.21537968749999997 0.68865625 0.187840625 0.6905812499999999 0.149678125 0.1071921875 0.170696875
4 0.10980937500000001 0.2145671875 0.1086625 0.24391406249999997 0.6897640625 0.21955156250000002 0.6908875 0.18956718749999998 0.10980937500000001 0.2145671875
4 0.0856546875 0.3001375 0.7894640625 0.2763734375 0.7884234375 0.2154765625 0.0880328125 0.24388125 0.08600624999999999 0.24802343750000003 0.0856546875 0.3001375
4 0.085909375 0.30745625 0.081140625 0.326346875 0.08290625 0.3458234375 0.08453125 0.361234375 0.7905375 0.3382078125 0.7895828125000001 0.279765625 0.085909375 0.30745625
4 0.7936953124999999 0.3975265625 0.79264375 0.3674421875 0.7907703125000001 0.3448671875 0.0848140625 0.36936562500000003 0.08435000000000001 0.4182265625 0.7936953124999999 0.3975265625
4 0.08747812499999999 0.4767328125 0.7925703125 0.4586234375 0.7907031250000001 0.40512812499999995 0.0888578125 0.4229546875 0.0872515625 0.47022812500000005 0.08747812499999999 0.4767328125
4 0.735553125 0.473696875 0.7330484375 0.46414218749999997 0.09952187500000001 0.47962499999999997 0.0970015625 0.531815625 0.7330046875 0.5250734375 0.7370296875 0.515978125 0.7374328125 0.496425 0.735553125 0.473696875
4 0.1124671875 0.539415625 0.1083859375 0.5468859375 0.10969218750000001 0.5842890625 0.11322812499999999 0.59230625 0.7329375 0.58531875 0.731034375 0.530840625 0.1124671875 0.539415625
4 0.1176234375 0.5937812499999999 0.114540625 0.5987734375 0.11085 0.6485624999999999 0.11630156250000001 0.6491859375 0.7350390625000001 0.6454890625 0.7352484375 0.589309375 0.1176234375 0.5937812499999999
4 0.11620468749999999 0.7086171875 0.73616875 0.7089484374999999 0.735321875 0.6536203125 0.11966718750000001 0.652325 0.1166703125 0.65975625 0.11620468749999999 0.7086171875
4 0.11736875 0.7419546875 0.6950125 0.74295 0.6941671875 0.718746875 0.11434843750000001 0.7176375 0.1171984375 0.7370765625 0.11736875 0.7419546875
4 0.1227578125 0.7718890625 0.6961484375 0.7754734375 0.6973515625 0.747753125 0.1196515625 0.74513125 0.11827812499999998 0.7679750000000001 0.1227578125 0.7718890625
4 0.11111249999999999 0.7804359375 0.109965625 0.8097843749999999 0.7018203125 0.8135390625 0.7029953124999999 0.7850046875000001 0.11111249999999999 0.7804359375
4 0.12195156250000001 0.81099375 0.1238875 0.8353484375000001 0.7059546875 0.83863125 0.704053125 0.815303125 0.12195156250000001 0.81099375
4 0.1178640625 0.8493984375 0.121940625 0.872865625 0.7071468750000001 0.8727812500000001 0.70744375 0.8502000000000001 0.1178640625 0.8493984375
4 0.1280109375 0.9223125 0.705853125 0.9289999999999999 0.7072109375 0.8746375000000001 0.128475 0.8734515625 0.126534375 0.88003125 0.1280109375 0.9223125
4 0.1314640625 0.92793125 0.1272390625 0.9313343749999999 0.130084375 0.981709375 0.13016875 0.9841484375 0.706984375 0.9924984374999999 0.7061734375000001 0.9381875000000001 0.1314640625 0.92793125