0 0.032640153125 0.09570109166666667 0.000934896875 0.09570109166666667 0.040769706249999996 0.8555432708333334 0.073287915625 0.8555432708333334 0.032640153125 0.09570109166666667
0 0.07572678125 0.09353321249999999 0.032640153125 0.09353321249999999 0.07572678125 0.8598790333333334 0.100115440625 0.8587950916666667 0.07572678125 0.09353321249999999
0 0.10743203750000001 0.10220473333333334 0.074100871875 0.10003685416666667 0.0919858875 0.8620469125 0.12938182812500001 0.8609629708333333 0.10743203750000001 0.10220473333333334
0 0.14157615625 0.103288675 0.11393567812500001 0.097868975 0.13182069375 0.866382675 0.15864821875 0.8739702583333333 0.14157615625 0.103288675
0 0.17409436875 0.10545655416666667 0.1423891125 0.10112079583333333 0.15864821875 0.871802375 0.1887275625 0.8685505541666667 0.17409436875 0.10545655416666667
0 0.2334401 0.18133237916666667 0.187101653125 0.17374479583333333 0.187101653125 0.8783060166666666 0.23018828125000002 0.8783060166666666 0.2334401 0.18133237916666667
0 0.273274909375 0.18350025833333333 0.232627146875 0.18133237916666667 0.22531055000000003 0.8783060166666666 0.26839717812499997 0.8815578375 0.273274909375 0.18350025833333333
0 0.32123926875 0.1889199625 0.277339684375 0.1802484375 0.26108058125 0.8826417791666666 0.30335425312500003 0.8858936 0.32123926875 0.1889199625
0 0.35944816562500004 0.19759148333333335 0.317987446875 0.1943396625 0.30579311875 0.8891454208333334 0.34237610625000003 0.8956490625 0.35944816562500004 0.19759148333333335
0 0.400908884375 0.204095125 0.35782225625 0.19975936666666666 0.338311328125 0.8891454208333334 0.37814613750000003 0.894565125 0.400908884375 0.204095125
0 0.437491871875 0.20084330416666668 0.40253479375 0.198675425 0.37001658437499996 0.8956490625 0.41229025625000004 0.8989008833333333 0.437491871875 0.20084330416666668
0 0.48383031875000004 0.2084308875 0.44480846874999996 0.20626300833333333 0.410664346875 0.8978169458333334 0.45212506562500004 0.9043205875000001 0.48383031875000004 0.2084308875
0 0.523665128125 0.24528485833333333 0.47895258749999997 0.23444545416666665 0.4480602875 0.9032366458333333 0.48545623125 0.9075724083333333 0.523665128125 0.24528485833333333
0 0.57081653125 0.20951482916666667 0.522852171875 0.2030111875 0.48952100625000006 0.9108242291666666 0.527729903125 0.9119081666666666 0.57081653125 0.20951482916666667
0 0.624471578125 0.2149345291666667 0.5732553968749999 0.21385059166666667 0.528542859375 0.9173278708333333 0.568377665625 0.9173278708333333 0.624471578125 0.2149345291666667
0 0.666745253125 0.22035423333333334 0.619593846875 0.21601847083333334 0.5659388 0.91949575 0.605773609375 0.9227475708333334 0.666745253125 0.22035423333333334
0 0.696011640625 0.22468999166666667 0.661867521875 0.21927029166666667 0.608212475 0.9184118125 0.63829181875 0.9292512125 0.696011640625 0.22468999166666667
0 0.726903940625 0.22902575416666665 0.6943857312499999 0.22577393333333334 0.6326011312500001 0.9292512125 0.660241609375 0.9238315125 0.726903940625 0.22902575416666665
0 0.6951986875 0.9270833333333334 0.767551703125 0.16182145416666666 0.7301557625 0.15531781249999999 0.656176834375 0.9270833333333334 0.693572775 0.9303351541666667 0.6951986875 0.9270833333333334
0 0.808199465625 0.16724115416666668 0.772429434375 0.16615721666666666 0.69845050625 0.9379227375 0.731781671875 0.9379227375 0.808199465625 0.16724115416666668
0 0.85128609375 0.1694090375 0.8155160625000001 0.16832509583333335 0.733407584375 0.9400906166666666 0.76673875 0.9400906166666666 0.85128609375 0.1694090375
0 0.885430215625 0.17808055833333333 0.850473140625 0.16615721666666666 0.76673875 0.9476782 0.801695825 0.9433424375 0.885430215625 0.17808055833333333
0 0.9171354718750001 0.28647459166666667 0.88217839375 0.28322277083333336 0.804134690625 0.9498460791666666 0.8366529 0.9520139625 0.9171354718750001 0.28647459166666667
0 0.95534436875 0.29948187499999995 0.921200246875 0.2843067125 0.8423435874999999 0.9530978999999999 0.8781136187499999 0.9563497208333334 0.95534436875 0.29948187499999995
0 0.9789200687499999 0.48158385416666666 0.999747984375 0.2869623666666667 0.9650998312500001 0.2853906541666667 0.8846172593749999 0.9498460791666666 0.9171354718750001 0.9574336625 0.9789200687499999 0.48158385416666666