0 0.09958213125000001 0.0040083375 0.066513346875 0.0040083375 0.109352453125 0.9990780833333334 0.134154040625 0.9960718291666667 0.09958213125000001 0.0040083375
0 0.158204065625 0.0030062541666666664 0.10484307500000001 0.0020041666666666667 0.139414984375 0.9970739125 0.183005653125 0.9960718291666667 0.158204065625 0.0030062541666666664
0 0.20404942187500003 0.07415424166666668 0.170229075 0.07014590416666668 0.18976972187500002 0.9950697458333334 0.21908068749999998 0.9940676624999999 0.20404942187500003 0.07415424166666668
0 0.259665103125 0.021043770833333333 0.21306818125000002 0.019039604166666668 0.22509319374999998 0.998076 0.2679323 0.9990780833333334 0.259665103125 0.021043770833333333
0 0.3190386 0.024050025 0.2679323 0.019039604166666668 0.27394480625 0.9960718291666667 0.314529221875 0.9970739125 0.3190386 0.024050025
0 0.36713864687500003 0.060125058333333335 0.32354798125 0.05711880833333333 0.320541728125 0.9930655749999999 0.3558652 0.9970739125 0.36713864687500003 0.060125058333333335
0 0.416741821875 0.061127145833333334 0.37465428125 0.059122975 0.36187770625 0.9960718291666667 0.39795274062499997 0.9970739125 0.416741821875 0.061127145833333334
0 0.49490439999999997 0.0280583625 0.427263709375 0.022045854166666667 0.405468375 0.9970739125 0.46183561875 0.9990780833333334 0.49490439999999997 0.0280583625
0 0.5678060375 0.0390812875 0.503171596875 0.03306878333333333 0.47085437812500003 0.9950697458333334 0.52571849375 0.9930655749999999 0.5678060375 0.0390812875
0 0.61365139375 0.2455106625 0.573066978125 0.2354898208333333 0.539246634375 0.9950697458333334 0.582837303125 0.9930655749999999 0.61365139375 0.2455106625
0 0.671521765625 0.13427930000000002 0.629434221875 0.12926887916666666 0.591856059375 0.998076 0.629434221875 0.9960718291666667 0.671521765625 0.13427930000000002
0 0.739914021875 0.006012504166666667 0.6933171 0.007014591666666667 0.6377014187500001 0.9960718291666667 0.68204365 0.9970739125 0.739914021875 0.006012504166666667
0 0.77598905625 0.006012504166666667 0.74893278125 0.006012504166666667 0.68880771875 0.9950697458333334 0.71360930625 0.9970739125 0.77598905625 0.006012504166666667
0 0.805300025 0.008016675 0.7804984375 0.008016675 0.7181186875 0.9960718291666667 0.73841089375 0.9950697458333334 0.805300025 0.008016675
0 0.8481391281249999 0.13127305 0.8045484593750001 0.12225428749999999 0.746678090625 0.9950697458333334 0.7835046906249999 0.9950697458333334 0.8481391281249999 0.13127305
0 0.896239178125 0.006012504166666667 0.867679775 0.0030062541666666664 0.78876563125 0.9940676624999999 0.819579725 0.9930655749999999 0.896239178125 0.006012504166666667
0 0.93156265 0.29361070833333336 0.881959475 0.29461279583333333 0.8270953593750001 0.9920634916666666 0.871437590625 0.9910614083333333 0.93156265 0.29361070833333336
0 0.99845178125 0.292608625 0.99920334375 0.0791646625 0.9563642375000001 0.07816257916666666 0.88045635 0.9930655749999999 0.927053271875 0.9940676624999999 0.99845178125 0.292608625