5 0.193669009375 0.7313417958333334 0.204323890625 0.7266057958333333 0.151049609375 0.28853180416666663 0.11754262499999998 0.2910748125 0.171471378125 0.7325257374999999 0.18123832812500001 0.7348936958333333 0.193669009375 0.7313417958333334
5 0.17946252499999998 0.28616384166666664 0.151937540625 0.28971578333333337 0.2052117625 0.7266057958333333 0.22829726875 0.7266057958333333 0.17946252499999998 0.28616384166666664
5 0.230073071875 0.7289738333333333 0.2552379375 0.7285748125 0.20609969375 0.2826118625 0.17946252499999998 0.28497982499999996 0.230073071875 0.7289738333333333
5 0.234730125 0.2780539791666667 0.20609969375 0.28142788333333335 0.255822309375 0.7289738333333333 0.28334735312500003 0.7277898125 0.234730125 0.2780539791666667
5 0.265980125 0.3405539791666667 0.245167490625 0.3429950583333333 0.28334735312500003 0.7254218541666667 0.30288125 0.7254218541666667 0.265980125 0.3405539791666667
5 0.305544984375 0.7289738333333333 0.324573875 0.7246685625 0.284235284375 0.3382590958333333 0.26647719062499997 0.3418110791666667 0.305544984375 0.7289738333333333
5 0.339285309375 0.2695880583333333 0.2825816875 0.2767518958333334 0.325078884375 0.7289738333333333 0.37568943125 0.7230538916666667 0.339285309375 0.2695880583333333
5 0.3792410375 0.7266057958333333 0.430042625 0.7194602291666666 0.39433539687499997 0.2636681375 0.340173240625 0.27077203749999995 0.3792410375 0.7266057958333333
5 0.42097256562499996 0.2613001583333333 0.39699913124999997 0.2636681375 0.4316273875 0.7230538916666667 0.456488696875 0.7242378333333334 0.42097256562499996 0.2613001583333333
5 0.457376628125 0.721869875 0.4798473125 0.7181581458333334 0.44849760937500005 0.2553802375 0.42274837187500003 0.2589321958333333 0.457376628125 0.721869875
5 0.500355125 0.2962831458333334 0.45204921562499994 0.30037164583333337 0.48135000312500004 0.721869875 0.5230815343749999 0.7183179708333333 0.500355125 0.2962831458333334
5 0.526633140625 0.721869875 0.570667625 0.7181581458333334 0.548830771875 0.293267725 0.5053235 0.29800364583333333 0.526633140625 0.721869875
5 0.5985533875 0.24117243333333332 0.54971864375 0.24472439166666668 0.571916278125 0.7443656166666667 0.61542355 0.7431816 0.5985533875 0.24117243333333332
5 0.652698875 0.23117897916666666 0.601217121875 0.23998845 0.61986315 0.7431816 0.666922028125 0.7408136375000001 0.652698875 0.23117897916666666
5 0.666922028125 0.7419976583333334 0.7161754375 0.7428977291666666 0.708653559375 0.22578064583333332 0.658043071875 0.23170057083333334 0.666922028125 0.7419976583333334
5 0.7610973125 0.21685606249999997 0.710429421875 0.2234126875 0.715756771875 0.7443656166666667 0.7628157718749999 0.7408136375000001 0.7610973125 0.21685606249999997
5 0.81431425 0.2613001583333333 0.76370364375 0.2636681375 0.76370364375 0.721869875 0.80898678125 0.7183179708333333 0.81431425 0.2613001583333333
5 0.83562389375 0.2565642375 0.831184415625 0.7277898125 0.8809070312499999 0.7206859333333333 0.8888981156250001 0.2506443125 0.83562389375 0.2565642375