6 0.0335578125 0.1595640625 0.00384375 0.811740625 0.034032812499999995 0.8129250000000001 0.061557812499999996 0.16410156250000002 0.0335578125 0.1595640625
6 0.09312812499999999 0.1686796875 0.065996875 0.16646875 0.036696875000000004 0.81055625 0.0668859375 0.81055625 0.09312812499999999 0.1686796875
6 0.1228234375 0.170021875 0.0970734375 0.16765312500000001 0.0695484375 0.8129250000000001 0.09885000000000001 0.8129250000000001 0.1228234375 0.170021875
6 0.1592265625 0.2529 0.119271875 0.2529 0.10151406249999999 0.81055625 0.1441328125 0.81055625 0.1592265625 0.2529
6 0.1995734375 0.25201250000000003 0.161890625 0.25408437500000003 0.1503484375 0.8129250000000001 0.1903046875 0.8129250000000001 0.1995734375 0.25201250000000003
6 0.2346984375 0.24697968750000002 0.22226875000000001 0.24697968750000002 0.2178296875 0.7987171875 0.2346984375 0.7987171875 0.2346984375 0.24697968750000002
6 0.27554218750000004 0.308546875 0.2346984375 0.30973125 0.236475 0.801084375 0.2799828125 0.7998999999999999 0.27554218750000004 0.308546875
6 0.30839531249999996 0.16410156250000002 0.2746546875 0.16646875 0.283534375 0.81055625 0.3154984375 0.81055625 0.30839531249999996 0.16410156250000002
6 0.343128125 0.1634703125 0.3181625 0.16410156250000002 0.31905 0.8141078125 0.34657499999999997 0.8141078125 0.343128125 0.1634703125
6 0.374378125 0.1595640625 0.3474625 0.159365625 0.35012656249999996 0.8152921875000001 0.380315625 0.8176609375 0.374378125 0.1595640625
6 0.38386718750000004 0.8176609375 0.42027656249999995 0.81841875 0.4193828125 0.1617328125 0.38475468749999997 0.16055 0.38386718750000004 0.8176609375
6 0.43883124999999995 0.1582625 0.4238234375 0.159365625 0.42115937499999995 0.8176609375 0.4389171875 0.8176609375 0.43883124999999995 0.1582625
6 0.47789374999999995 0.16216875 0.4469078125 0.15699687499999998 0.4451328125 0.8176609375 0.476209375 0.8164765624999999 0.47789374999999995 0.16216875
6 0.51305 0.1595640625 0.4806484375 0.16055 0.4788734375 0.8141078125 0.5152765625 0.8164765624999999 0.51305 0.1595640625
6 0.5364875 0.1582625 0.517940625 0.159365625 0.516165625 0.8164765624999999 0.5365875 0.8164765624999999 0.5364875 0.1582625
6 0.581409375 0.24940781250000002 0.5419140625 0.25053281250000003 0.543690625 0.8164765624999999 0.5836453125000001 0.8176609375 0.581409375 0.24940781250000002
6 0.5989875 0.81841875 0.6369203125 0.820028125 0.63336875 0.2493484375 0.5951890625 0.24816406249999998 0.5989875 0.81841875
6 0.668884375 0.14989375 0.640003125 0.1491484375 0.6484625 0.8188437499999999 0.6786515625 0.8212125 0.668884375 0.14989375
6 0.6927375 0.822325 0.723934375 0.8223968749999999 0.7123921875 0.1522609375 0.682203125 0.1534453125 0.6927375 0.822325
6 0.74258125 0.151078125 0.7203828125 0.14989375 0.7345890625 0.8164765624999999 0.7621140625 0.8152921875000001 0.74258125 0.151078125
6 0.7558984375 0.1522609375 0.7692171875 0.8188437499999999 0.7958546875 0.8176609375 0.7807609375 0.1534453125 0.7558984375 0.1522609375
6 0.8242671874999999 0.148709375 0.79039375 0.1491484375 0.80029375 0.8188437499999999 0.8366984375 0.8188437499999999 0.8242671874999999 0.148709375
6 0.8295953125000001 0.1463421875 0.8420249999999999 0.8176609375 0.8784296875000001 0.8176609375 0.866 0.147525 0.8295953125000001 0.1463421875
6 0.903675 0.15045 0.8713265625 0.14989375 0.8837578125000001 0.8188437499999999 0.9228249999999999 0.8188437499999999 0.903675 0.15045
6 0.9246015625 0.820028125 0.9592296875 0.820028125 0.943246875 0.148709375 0.9121703125 0.148709375 0.9246015625 0.820028125