6 0.1415765625 0.169409375 0.09035937499999999 0.1661578125 0.0651578125 0.8251921875000001 0.1204390625 0.8262765625 0.1415765625 0.169409375
6 0.185475 0.1737453125 0.1423890625 0.1715765625 0.12287812499999999 0.8241093749999999 0.1757203125 0.8316968749999999 0.185475 0.1737453125
6 0.24726093750000003 0.1022046875 0.19604375000000002 0.096784375 0.166778125 0.8295281250000001 0.2285625 0.823025 0.24726093750000003 0.1022046875
6 0.291159375 0.1032890625 0.24400781249999998 0.1032890625 0.22774999999999998 0.8382 0.2773390625 0.84036875 0.291159375 0.1032890625
6 0.32936875 0.174828125 0.28384375 0.169409375 0.279778125 0.8436203125 0.3220515625 0.8436203125 0.32936875 0.174828125
6 0.3708296875 0.1802484375 0.33099531249999997 0.17808125 0.3204265625 0.8360328125 0.36920312499999997 0.8414515625 0.3708296875 0.1802484375
6 0.4269234375 0.1759125 0.389528125 0.161821875 0.3708296875 0.8436203125 0.4204203125 0.8414515625 0.4269234375 0.1759125
6 0.47000937499999995 0.1802484375 0.43098749999999997 0.17808125 0.4212328125 0.8414515625 0.46675781250000004 0.8436203125 0.47000937499999995 0.1802484375
6 0.49765 0.096784375 0.4716359375 0.0946171875 0.46757187499999997 0.8425359374999999 0.4927734375 0.8436203125 0.49765 0.096784375
6 0.523665625 0.08269375 0.4943984375 0.08377812500000001 0.49033437500000004 0.8490390624999999 0.5179750000000001 0.8522921875 0.523665625 0.08269375
6 0.55374375 0.0870296875 0.5163484375 0.0881140625 0.5155359374999999 0.84795625 0.54155 0.8490390624999999 0.55374375 0.0870296875
6 0.5773203125 0.089196875 0.5504921875 0.0881140625 0.536671875 0.846871875 0.5708171875 0.846871875 0.5773203125 0.089196875
6 0.6082124999999999 0.0848609375 0.5732546875 0.08594531250000001 0.5667515625 0.846871875 0.602521875 0.8512078125 0.6082124999999999 0.0848609375
6 0.6415437500000001 0.0881140625 0.6082124999999999 0.0848609375 0.59601875 0.8522921875 0.6342265625 0.853375 0.6415437500000001 0.0881140625
6 0.6895078125 0.1336390625 0.6399171875 0.1325546875 0.6342265625 0.8512078125 0.6903203125 0.85554375 0.6895078125 0.1336390625
6 0.735846875 0.139059375 0.691946875 0.136890625 0.6886953124999999 0.8522921875 0.74235 0.8577109374999999 0.735846875 0.139059375
6 0.79763125 0.12279999999999999 0.748853125 0.12063125 0.7512921875 0.8620468750000001 0.803321875 0.8598796875 0.79763125 0.12279999999999999
6 0.8285234375 0.26913125 0.79925625 0.268046875 0.8049468750000001 0.8598796875 0.83015 0.8609625 0.8285234375 0.26913125
6 0.86510625 0.096784375 0.81958125 0.09353281249999999 0.8334015625 0.8566265625 0.8691718749999999 0.8566265625 0.86510625 0.096784375
6 0.9122578125 0.1011203125 0.8683578125 0.0946171875 0.8748625000000001 0.8620468750000001 0.9187609374999999 0.8663828125 0.9122578125 0.1011203125
6 0.9651 0.1965078125 0.9187609374999999 0.20409531250000001 0.925265625 0.8609625 0.9724171875 0.8642140625 0.9651 0.1965078125
6 0.9997484375000001 0.17204375 0.9683515625 0.168325 0.9740421874999999 0.86313125 0.9997484375000001 0.8652546875 0.9997484375000001 0.17204375