0 0.071774290625 0.12726471250000002 0.019164862499999998 0.12826679583333334 0.031189875 0.9870530708333334 0.077786796875 0.9840468166666666 0.071774290625 0.12726471250000002
0 0.128141534375 0.007014591666666667 0.08680555625 0.010020841666666667 0.091314934375 0.9890572375000001 0.130396225 0.9890572375000001 0.128141534375 0.007014591666666667
0 0.1574525 0.12025012083333333 0.133402478125 0.1192480375 0.139414984375 0.990059325 0.16346500625 0.990059325 0.1574525 0.12025012083333333
0 0.198036915625 0.990059325 0.18901815625 0.12425845833333334 0.16722282187499998 0.12225428749999999 0.164968134375 0.15532307083333335 0.170980640625 0.9890572375000001 0.198036915625 0.990059325
0 0.23786976875 0.014029179166666666 0.2048009875 0.010020841666666667 0.208558803125 0.9880551541666667 0.24463383749999998 0.9880551541666667 0.23786976875 0.014029179166666666
0 0.28822450625 0.01603335 0.25139790624999997 0.01603335 0.258161978125 0.9870530708333334 0.28972763437500004 0.9860509875000001 0.28822450625 0.01603335
0 0.31227453125000004 0.005010420833333334 0.294988575 0.005010420833333334 0.30024951875 0.98204265 0.320541728125 0.9810405625 0.31227453125000004 0.005010420833333334
0 0.347598003125 0.0030062541666666664 0.32505110625 0.0040083375 0.329560484375 0.9840468166666666 0.34834956875 0.9830447333333333 0.347598003125 0.0030062541666666664
0 0.379915225 0.014029179166666666 0.3551136375 0.01603335 0.36037457812499996 0.9810405625 0.384424603125 0.9810405625 0.379915225 0.014029179166666666
0 0.41523869687500004 0.0010020833333333333 0.39269180000000004 0.0040083375 0.391188671875 0.9850489 0.416741821875 0.98204265 0.41523869687500004 0.0010020833333333333
0 0.44605279062500003 0.0020041666666666667 0.42425745625 0.005010420833333334 0.42350589375 0.9800384791666666 0.446804353125 0.9800384791666666 0.44605279062500003 0.0020041666666666667
0 0.49640752812500005 0.16534391666666667 0.453568421875 0.16935225416666666 0.454319984375 0.9760301416666667 0.497159090625 0.9780343125000001 0.49640752812500005 0.16534391666666667
0 0.52496693125 0.13728555416666666 0.5054262875 0.13628347083333334 0.5091841031250001 0.9780343125000001 0.5309794375 0.9780343125000001 0.52496693125 0.13728555416666666
0 0.553526334375 0.1382876375 0.533985690625 0.1382876375 0.539246634375 0.9760301416666667 0.5595388406249999 0.974025975 0.553526334375 0.1382876375
0 0.585091990625 0.0030062541666666664 0.558787278125 0.006012504166666667 0.567054471875 0.9760301416666667 0.59411075 0.9780343125000001 0.585091990625 0.0030062541666666664
0 0.61289983125 0.007014591666666667 0.5926076250000001 0.006012504166666667 0.59862013125 0.9730238875 0.6241732812499999 0.9750280583333333 0.61289983125 0.007014591666666667
0 0.641459234375 0.018037516666666666 0.6196639 0.017035433333333336 0.6309373500000001 0.9750280583333333 0.65047799375 0.9750280583333333 0.641459234375 0.018037516666666666
0 0.665509259375 0.017035433333333336 0.65047799375 0.019039604166666668 0.66099988125 0.9710197208333333 0.679037396875 0.9690155541666667 0.665509259375 0.017035433333333336
0 0.6925655374999999 0.0020041666666666667 0.673024890625 0.0020041666666666667 0.6842983406250001 0.9680134666666667 0.702335859375 0.9710197208333333 0.6925655374999999 0.0020041666666666667
0 0.7391624593749999 0.06212922916666667 0.69932960625 0.06413339583333334 0.709099928125 0.9670113833333333 0.75043590625 0.9680134666666667 0.7391624593749999 0.06212922916666667
0 0.794026575 0.0631313125 0.74968434375 0.06413339583333334 0.760206228125 0.9670113833333333 0.803796896875 0.9660093 0.794026575 0.0631313125
0 0.8255922312499999 0.0030062541666666664 0.79928751875 0.0040083375 0.81356721875 0.9640051291666667 0.8421266218750001 0.9640051291666667 0.8255922312499999 0.0030062541666666664
0 0.86166726875 0.007014591666666667 0.8323563 0.006012504166666667 0.846636003125 0.9609988791666667 0.8774500968750001 0.9609988791666667 0.86166726875 0.007014591666666667
0 0.8924813625000001 0.06413339583333334 0.8691829 0.06613756666666666 0.8857172906249999 0.9630030458333334 0.9037548093750001 0.9599967916666666 0.8924813625000001 0.06413339583333334
0 0.921792328125 0.06513548333333334 0.89999699375 0.06413339583333334 0.9127735687499999 0.9579926249999999 0.93156265 0.9579926249999999 0.921792328125 0.06513548333333334
0 0.959370490625 0.0020041666666666667 0.9202892031250001 0.0030062541666666664 0.9405814093749999 0.9529822041666667 0.97515331875 0.9509780333333333 0.959370490625 0.0020041666666666667
0 0.99920334375 0.006012504166666667 0.9661345593749999 0.006012504166666667 0.9826689500000001 0.9529822041666667 0.997700215625 0.9489738666666666 0.99920334375 0.006012504166666667