4 0.256484375 1 0.292275 0.9812937500000001 0.0309546875 0.471059375 0 0.4824265625 0 0.57641875 0.2296953125 1 0.256484375 1
4 0.097571875 0.439528125 0.0346328125 0.46993906250000006 0.29531406250000003 0.9877765625 0.3548765625 0.9584640625 0.097571875 0.439528125
4 0.360196875 0.9604703125 0.38586718750000004 0.944659375 0.1705765625 0.48045781249999997 0.1396515625 0.49432656250000007 0.360196875 0.9604703125
4 0.1960046875 0.4436484375 0.1624796875 0.45827656250000004 0.387921875 0.9452375 0.4182390625 0.9298249999999999 0.1960046875 0.4436484375
4 0.4488078125 0.91425 0.236025 0.429071875 0.2020296875 0.4392015625 0.41609999999999997 0.9198984375 0.4343125 0.9127359374999999 0.4488078125 0.91425
4 0.4586578125 0.935946875 0.489134375 0.9204812499999999 0.28135 0.43334687499999996 0.27459375 0.4355421875 0.26806406250000003 0.432684375 0.25584843749999997 0.42669375 0.2414921875 0.43135781250000005 0.4586578125 0.935946875
4 0.495196875 0.8817484375 0.5266671875 0.86654375 0.3189875 0.345178125 0.282034375 0.362096875 0.495196875 0.8817484375
4 0.5644140625 0.8505437499999999 0.37058125 0.3545578125 0.36517656249999997 0.3637828125 0.349809375 0.35383749999999997 0.33813125 0.3356546875 0.3191 0.3426515625 0.5304109375 0.866571875 0.5497203125000001 0.8627874999999999 0.5596 0.8558421875000001 0.5644140625 0.8505437499999999
4 0.5614874999999999 0.8415359375 0.5735625 0.8413468749999999 0.5915203124999999 0.8305328125000001 0.5941671875 0.8271828125 0.406415625 0.3068109375 0.3712890625 0.320775 0.5614874999999999 0.8415359375
4 0.45415625000000004 0.281340625 0.404953125 0.3023078125 0.6033984375 0.8441015625 0.6474234375 0.8273078125 0.45415625000000004 0.281340625
4 0.6493640625 0.8304109375 0.6932765625 0.81614375 0.5167578125000001 0.258509375 0.466090625 0.27497343750000003 0.6493640625 0.8304109375
4 0.5733359375 0.24012656250000003 0.5235140625 0.256315625 0.6982296875 0.8170234375 0.7373000000000001 0.79935 0.5733359375 0.24012656250000003
4 0.7391015624999999 0.796275 0.752978125 0.7930109375 0.7763703125 0.781675 0.7844484375 0.7778046875 0.6289296875 0.2158390625 0.579359375 0.2356796875 0.7391015624999999 0.796275
4 0.839984375 0.7734546875 0.69933125 0.18954375 0.6459312500000001 0.207825 0.795003125 0.79305 0.8232359375 0.785121875 0.839984375 0.7734546875
4 0.8836421874999999 0.755534375 0.888090625 0.749109375 0.755653125 0.1547453125 0.6931640625 0.17504843750000001 0.6955 0.187984375 0.698878125 0.1868859375 0.8422640625 0.7689796875 0.862784375 0.766046875 0.8836421874999999 0.755534375
4 0.8006343749999999 0.13515 0.7554000000000001 0.1510921875 0.8898921874999999 0.746034375 0.9012359375000001 0.7435937499999999 0.9130578125 0.739753125 0.9276390625 0.734190625 0.8006343749999999 0.13515
4 0.9294687500000001 0.735665625 0.9697765625000001 0.7275484375 0.8517125 0.1181265625 0.8002687500000001 0.1340234375 0.9294687500000001 0.735665625