6 0.8888890625 0.2891140625 0.8967609375000001 0.2754171875 0.9022921875 0.2583953125 0.9026734375000001 0.24317812499999997 0.900878125 0.24168125 0.30206093749999996 0.044546875 0.2943609375 0.047178125 0.2883015625 0.06231875 0.2814609375 0.07635 0.28259687499999997 0.09040625 0.8888890625 0.2891140625
6 0.8787 0.30291250000000003 0.8801359375000001 0.2914734375 0.8775625 0.28885625 0.2829015625 0.09649375 0.275003125 0.10675937499999999 0.27176093749999997 0.1202484375 0.26874375 0.129534375 0.8708796875000001 0.32346875 0.8731687499999999 0.3199359375 0.8787 0.30291250000000003
6 0.248884375 0.12393749999999999 0.23631406250000003 0.16262656250000002 0.9380484375 0.390634375 0.9529109375000001 0.3519140625 0.9513734375 0.34962343749999997 0.248884375 0.12393749999999999
6 0.9308093749999999 0.41993437499999997 0.9367906250000001 0.3980171875 0.9362875 0.39605 0.235334375 0.16915156250000002 0.22329218750000002 0.20972343750000003 0.9219046875 0.43329531250000003 0.9308093749999999 0.41993437499999997
6 0.2144671875 0.23337500000000003 0.20898750000000002 0.25725937499999996 0.9076000000000001 0.48083125000000004 0.9197468750000001 0.45397968750000006 0.9232359375 0.44324375 0.9227375 0.4412640625 0.220275 0.219009375 0.2144671875 0.23337500000000003
6 0.20851250000000002 0.2622375 0.198984375 0.295071875 0.8403625 0.505178125 0.8511374999999999 0.4720140625 0.20851250000000002 0.2622375
6 0.8365640624999999 0.5133546875 0.836725 0.5058359375 0.8347 0.50505 0.20107499999999998 0.29917343750000003 0.1902640625 0.3324453125 0.8264546875000001 0.5374453124999999 0.8365640624999999 0.5133546875
6 0.1789375 0.33218749999999997 0.1689078125 0.36656875 0.8172312500000001 0.5763671875 0.82875625 0.5408968749999999 0.1789375 0.33218749999999997
6 0.1697140625 0.37110781249999997 0.1576203125 0.40481875 0.8049125 0.61428125 0.81515 0.5792609375 0.811065625 0.5777859375000001 0.1697140625 0.37110781249999997
6 0.1564421875 0.4189796875 0.14339531249999998 0.462646875 0.7901578125000001 0.6702265625 0.8049703125000001 0.62815 0.8055203125 0.62645625 0.1564421875 0.4189796875
6 0.7858578125 0.67995 0.14422812499999998 0.4706171875 0.1375859375 0.4770125 0.131803125 0.494809375 0.1306515625 0.5124 0.770996875 0.722171875 0.7821390625 0.6984171875 0.785303125 0.68165625 0.7858578125 0.67995
6 0.142809375 0.520628125 0.13102031249999999 0.5604265625 0.7401296875 0.7574828124999999 0.754959375 0.7188609375 0.142809375 0.520628125
6 0.11520625 0.6126046875 0.724315625 0.8096609375 0.7278625 0.802259375 0.7346765625 0.784796875 0.7385875000000001 0.7657375 0.7365828125 0.7648843750000001 0.1259390625 0.569040625 0.11520625 0.6126046875
6 0.1095296875 0.6441234375 0.723321875 0.847834375 0.7278734375 0.8373375 0.7315546875 0.8224937499999999 0.11397656249999999 0.6199046874999999 0.1095296875 0.6441234375
6 0.714575 0.881778125 0.72280625 0.8564453125 0.723375 0.8546953125 0.1036671875 0.6516296875 0.0976859375 0.6770609375000001 0.7104203124999999 0.87700625 0.714575 0.881778125
6 0.6230875 0.8648828125 0.092103125 0.6872234374999999 0.0902484375 0.6894203125 0.0861484375 0.7160859375 0.612196875 0.8878640624999999 0.6230875 0.8648828125
6 0.096215625 0.7202124999999999 0.09219374999999999 0.7325921875 0.5968484375 0.8999874999999999 0.6041484374999999 0.8880578124999999 0.6067859375 0.8869624999999999 0.096215625 0.7202124999999999
6 0.092721875 0.734475 0.0881703125 0.7449734375 0.639515625 0.9266828125 0.6419578125000001 0.9191671875 0.6448484375 0.91729375 0.092721875 0.734475
6 0.0787625 0.7598812500000001 0.081659375 0.768521875 0.6329796875 0.9468015624999999 0.639971875 0.9287906250000001 0.086384375 0.746959375 0.0787625 0.7598812500000001
6 0.076328125 0.7779109375 0.071246875 0.7865249999999999 0.6285328125 0.9710203125 0.6314734375 0.9619687499999999 0.076328125 0.7779109375
6 0.6216921875 0.9850515625 0.627953125 0.9728031250000001 0.07331093749999999 0.7871953125 0.06800468750000001 0.8000140625000001 0.066521875 0.8080875000000001 0.6201828125 0.98969375 0.6216921875 0.9850515625