6 0.09708125 0.7454421875 0.1239296875 0.746528125 0.129625 0.11393281250000001 0.1019625 0.1095921875 0.09789375 0.673828125 0.09708125 0.7454421875
6 0.1336921875 0.7443578125 0.16216875 0.746528125 0.16379531249999998 0.1193578125 0.136196875 0.116103125 0.1353203125 0.118271875 0.1336921875 0.7443578125
6 0.1703046875 0.743271875 0.20935781250000002 0.7421875 0.2117984375 0.2115890625 0.17119062499999999 0.210503125 0.17111875000000001 0.20724843750000002 0.1703046875 0.743271875
6 0.2532921875 0.743271875 0.252478125 0.21701406250000002 0.2467828125 0.21484375 0.21350937499999997 0.21484375 0.21505312499999998 0.7443578125 0.2532921875 0.743271875
6 0.293971875 0.1627609375 0.252571875 0.1627609375 0.2654953125 0.75086875 0.3045484375 0.75086875 0.293971875 0.1627609375
6 0.35580625 0.1171875 0.3517375 0.1171875 0.33709218750000003 0.116103125 0.31919375 0.11393281250000001 0.3037359375 0.1150171875 0.295703125 0.1171875 0.3037359375 0.7595484375 0.312684375 0.7649734375 0.326515625 0.76714375 0.34278749999999997 0.7649734375 0.35580625 0.7638890625 0.3606875 0.760634375 0.35580625 0.1171875
6 0.395671875 0.7693140625 0.413571875 0.76714375 0.41519843749999996 0.073784375 0.3656890625 0.06944375 0.37045 0.76714375 0.395671875 0.7693140625
6 0.4705234375 0.08029531250000001 0.42102812500000003 0.07595468749999999 0.4176390625 0.7682296875 0.46157343749999996 0.7693140625 0.4705234375 0.08029531250000001
6 0.47214999999999996 0.7736546875 0.5217796875 0.7704 0.5372390625000001 0.08572031249999999 0.48369062500000004 0.08029531250000001 0.48435468750000005 0.082465625 0.47214999999999996 0.7736546875
6 0.5486296875 0.20941875 0.5365875 0.20941875 0.5356109375 0.2115890625 0.5209671874999999 0.737846875 0.529915625 0.7389328125 0.543746875 0.737846875 0.5518828124999999 0.7302515625 0.5640875000000001 0.21267343749999998 0.5486296875 0.20941875
6 0.5559515625 0.7443578125 0.590121875 0.7454421875 0.6015125 0.22677968750000002 0.5675125000000001 0.224609375 0.56896875 0.22677968750000002 0.5559515625 0.7443578125
6 0.6147125 0.2007375 0.5974453125 0.7476125 0.612903125 0.751953125 0.6397515625 0.7530375 0.65195625 0.75086875 0.673109375 0.20399375000000003 0.6381249999999999 0.19965312500000001 0.6147125 0.2007375
6 0.6773765625 0.2083328125 0.677178125 0.20616249999999997 0.6576515625 0.7486984375 0.6739234374999999 0.7530375 0.6983312500000001 0.751953125 0.7121625 0.75086875 0.7341296875000001 0.21375937500000003 0.6773765625 0.2083328125
6 0.797590625 0.2007375 0.7457359375 0.1974828125 0.71704375 0.7497828125 0.765046875 0.75086875 0.797590625 0.2007375
6 0.7699281250000001 0.7497828125 0.7862 0.75086875 0.8130484375 0.3461375 0.7935218749999999 0.3450515625 0.7935218749999999 0.347221875 0.7699281250000001 0.7497828125
6 0.8342031249999999 0.3450515625 0.8181640625 0.3439671875 0.7918953125 0.7486984375 0.8106078125 0.75086875 0.8342031249999999 0.3450515625
6 0.8122359375 0.7486984375 0.8276937500000001 0.7497828125 0.852915625 0.3461375 0.8393218750000001 0.3461375 0.83664375 0.3439671875 0.8122359375 0.7486984375
6 0.87406875 0.3483078125 0.8572265625 0.347221875 0.8333890625 0.7497828125 0.8480343749999999 0.7486984375 0.87406875 0.3483078125
6 0.8870859375 0.26475624999999997 0.8791984375 0.26475624999999997 0.8594250000000001 0.746528125 0.8724421875000001 0.7486984375 0.8838328125 0.7497828125 0.9074265625000001 0.2701828125 0.9049859375 0.2669265625 0.8952218750000001 0.263671875 0.8870859375 0.26475624999999997
6 0.9391578125000001 0.31141562500000003 0.9125640625000001 0.3092453125 0.8887140625000001 0.751953125 0.9155625000000001 0.7541234375 0.9391578125000001 0.31141562500000003
6 0.9684921875000001 0.3190109375 0.940015625 0.31358437499999997 0.9156078125 0.7530375 0.9391578125000001 0.7541234375 0.9684921875000001 0.3190109375