6 0.6074375 0.42513125 0.57540625 0.40302187500000003 0.45181875 0.7566546875 0.477896875 0.7662921875 0.50170625 0.7764968750000001 0.6318203125 0.44146875 0.6074375 0.42513125
6 0.587175 0.7405671875000001 0.60205625 0.746425 0.614103125 0.753984375 0.7186265625 0.4629625 0.6917328125 0.448196875 0.587175 0.7405671875000001
6 0.60258125 0.4225 0.575653125 0.40246875 0.4498984375 0.7559703125 0.4834875 0.7695765625 0.5019125 0.778646875 0.632628125 0.440640625 0.60258125 0.4225
6 0.6751031249999999 0.43724687500000003 0.6563953125 0.42874375000000003 0.5494859375 0.7436265625 0.5656421875000001 0.7481609375 0.57825625 0.7549640625 0.6894843749999999 0.45056250000000003 0.6751031249999999 0.43724687500000003
6 0.5274046875 0.45266093749999997 0.4139390625 0.7600453125 0.4305515625 0.7654328125000001 0.5465609375 0.4679640625 0.5377500000000001 0.46003125 0.5274046875 0.45266093749999997
6 0.3902140625 0.7694015624999999 0.405359375 0.77436875 0.5186796874999999 0.47475781250000004 0.49023125 0.458178125 0.37725624999999996 0.7633546875 0.3902140625 0.7694015624999999
6 0.352346875 0.77275625 0.36203124999999997 0.77753125 0.4759953125 0.47041093749999996 0.4559421875 0.456540625 0.34117031249999996 0.7681140625 0.352346875 0.77275625
6 0.3190421875 0.774821875 0.325275 0.7792796875 0.332321875 0.7818703124999999 0.4368625 0.4828046875 0.42450937499999997 0.4730671875 0.3190421875 0.774821875
6 0.4016671875 0.46158593750000004 0.2932375 0.7656359375 0.301821875 0.77200625 0.31232187499999997 0.776296875 0.4241859375 0.47482187500000006 0.41162968749999995 0.46666093750000004 0.4016671875 0.46158593750000004
6 0.37165781249999996 0.468396875 0.2588234375 0.7873249999999999 0.2667609375 0.7966109375 0.2809328125 0.7973671875 0.394103125 0.4821671875 0.380971875 0.473471875 0.37165781249999996 0.468396875
6 0.3223421875 0.4732015625 0.22554218750000002 0.7768640625 0.24206249999999999 0.77945625 0.2563984375 0.7856109375 0.3532453125 0.49319687500000003 0.3371625 0.48097500000000004 0.3223421875 0.4732015625
6 0.287871875 0.4656859375 0.200046875 0.755225 0.213490625 0.7594375 0.22418125 0.7632156250000001 0.3125 0.4804234375 0.30107343750000004 0.4697890625 0.287871875 0.4656859375
6 0.163265625 0.7805453124999999 0.1839171875 0.784540625 0.28869687499999996 0.4136484375 0.25711249999999997 0.3957234375 0.1507125 0.7725546875 0.163265625 0.7805453124999999
6 0.18636875 0.41693281249999997 0.1032546875 0.7970171875000001 0.12738906249999998 0.7882703125 0.14601718749999998 0.7902140625 0.2377140625 0.4386375 0.21382343750000002 0.4270828125 0.18636875 0.41693281249999997
6 0.07904531249999999 0.4303671875 0.05636875 0.42410312499999997 0.062406249999999996 0.7661109374999999 0.0781984375 0.7734546875 0.0901046875 0.771834375 0.11124218749999999 0.6926828125 0.1055703125 0.4303671875 0.07904531249999999 0.4303671875
6 0.042809375 0.42997968750000004 0.023899999999999998 0.4310296875 0.0006562499999999999 0.4314078125 0.0018281249999999999 0.544915625 0.0180203125 0.775403125 0.046081250000000004 0.7767265625 0.063371875 0.770490625 0.042809375 0.42997968750000004
6 0.6343765625 0.46255781249999994 0.6290843749999999 0.460290625 0.5174640625 0.737828125 0.5230390625 0.7395921875 0.5303140625 0.744253125 0.6411203125 0.4679234375 0.6343765625 0.46255781249999994
6 0.7433546875 0.7665734375000001 0.756865625 0.7689671875 0.8176718749999999 0.4485140625 0.79783125 0.44410625000000004 0.7774109375 0.441459375 0.7212453125 0.7660703125 0.7433546875 0.7665734375000001
6 0.6878734375 0.762715625 0.7092265624999999 0.763596875 0.7807890625 0.3844328125 0.7406453125 0.375084375 0.6740781250000001 0.7576765625 0.6878734375 0.762715625
6 0.8481500000000001 0.38250625 0.848440625 0.381634375 0.834740625 0.380878125 0.8184890625 0.3786109375 0.8131937499999999 0.4426828125 0.8169015625 0.45153437500000004 0.7738562499999999 0.750265625 0.7885015625 0.759965625 0.800984375 0.7589578125 0.8481500000000001 0.38250625
6 0.87268125 0.8006046874999999 0.8883656249999999 0.7966984375 0.9184687500000001 0.4448546875 0.9042953125000001 0.44435 0.887896875 0.44808125 0.85983125 0.80085625 0.87268125 0.8006046874999999