0 0.028183621875 0.3296857458333333 0.003382034375 0.332692 0.002630471875 0.9970739125 0.01240079375 0.9940676624999999 0.028183621875 0.3296857458333333
0 0.064258659375 0.107223025 0.043966450000000004 0.107223025 0.0176617375 0.998076 0.042463325 0.9950697458333334 0.064258659375 0.107223025
0 0.09056337187499999 0.10822510833333333 0.071774290625 0.10822510833333333 0.04922739375 0.9960718291666667 0.072525853125 0.9960718291666667 0.09056337187499999 0.10822510833333333
0 0.12062590312499999 0.25452942083333335 0.096575878125 0.2555315041666667 0.077786796875 0.998076 0.11311026875 0.9970739125 0.12062590312499999 0.25452942083333335
0 0.158955628125 0.257535675 0.127389971875 0.257535675 0.12062590312499999 0.9960718291666667 0.1551978125 0.9950697458333334 0.158955628125 0.257535675
0 0.201794734375 0.03407086666666667 0.1694775125 0.03507295 0.160458753125 0.9970739125 0.19578222812499999 0.9960718291666667 0.201794734375 0.03407086666666667
0 0.23711820625 0.038079204166666665 0.208558803125 0.040083375000000004 0.20329785937499997 0.9960718291666667 0.233360390625 0.9930655749999999 0.23711820625 0.038079204166666665
0 0.269435425 0.04108545833333333 0.24839165625 0.042087541666666665 0.23937289687500002 0.9970739125 0.264926046875 0.9950697458333334 0.269435425 0.04108545833333333
0 0.30100108125 0.04509379583333333 0.278454184375 0.04509379583333333 0.272441678125 0.9950697458333334 0.296491703125 0.9950697458333334 0.30100108125 0.04509379583333333
0 0.32505110625 0.046095879166666666 0.3070135875 0.046095879166666666 0.3047589 0.9920634916666666 0.320541728125 0.9940676624999999 0.32505110625 0.046095879166666666
0 0.34834956875 0.04509379583333333 0.33406986562499996 0.0470979625 0.327305796875 0.9950697458333334 0.346094878125 0.9920634916666666 0.34834956875 0.04509379583333333
0 0.39795274062499997 0.0040083375 0.35736832500000004 0.006012504166666667 0.352107384375 0.9950697458333334 0.39870430625000003 0.9930655749999999 0.39795274062499997 0.0040083375
0 0.44605279062500003 0.04509379583333333 0.403213684375 0.04509379583333333 0.40471681249999997 0.998076 0.44905904375 0.9960718291666667 0.44605279062500003 0.04509379583333333
0 0.495655965625 0.046095879166666666 0.456574675 0.04509379583333333 0.456574675 0.9960718291666667 0.501668471875 0.9930655749999999 0.495655965625 0.046095879166666666
0 0.596365440625 0.008016675 0.510687228125 0.005010420833333334 0.515196609375 0.9960718291666667 0.608390453125 0.9940676624999999 0.596365440625 0.008016675
0 0.69857804375 0.008016675 0.616657646875 0.011022929166666667 0.62567640625 0.9950697458333334 0.71285774375 0.9960718291666667 0.69857804375 0.008016675
0 0.7263858812499999 0.05411255416666667 0.71210618125 0.0551146375 0.727889009375 0.9970739125 0.7451749624999999 0.9970739125 0.7263858812499999 0.05411255416666667
0 0.75118746875 0.05611672083333333 0.73615620625 0.05711880833333333 0.7526905968750001 0.998076 0.770728115625 0.998076 0.75118746875 0.05611672083333333
0 0.79928751875 0.0551146375 0.7639640437499999 0.05311047083333333 0.7797468750000001 0.9940676624999999 0.821082853125 0.9930655749999999 0.79928751875 0.0551146375
0 0.8511453812499999 0.059122975 0.81356721875 0.0551146375 0.830853175 0.9960718291666667 0.8751954062499999 0.9990780833333334 0.8511453812499999 0.059122975
0 0.8827110375 0.061127145833333334 0.860164140625 0.061127145833333334 0.8812079125000001 0.9940676624999999 0.9037548093750001 0.9940676624999999 0.8827110375 0.061127145833333334
0 0.9150282593749999 0.060125058333333335 0.890226671875 0.0631313125 0.9135251312499999 0.9930655749999999 0.9420845343750001 0.9960718291666667 0.9150282593749999 0.060125058333333335
0 0.9465939156250001 0.06613756666666666 0.92404701875 0.06713965000000001 0.9511032937499999 0.9970739125 0.97365019375 0.9970739125 0.9465939156250001 0.06613756666666666
0 0.99920334375 0.6503527333333333 0.972147065625 0.06613756666666666 0.9541095468749999 0.06814173333333334 0.981165825 0.9940676624999999 0.997700215625 0.9960718291666667 0.99920334375 0.6503527333333333