0 0.0302012875 0.25287244166666667 0.004999675 0.2507045625 0.057028812500000005 0.8837257208333333 0.09035997500000001 0.8880614791666667 0.0302012875 0.25287244166666667
0 0.066784275 0.24420092083333333 0.023697646875 0.25504032083333333 0.079791559375 0.8772220791666666 0.115561590625 0.8793899583333334 0.066784275 0.24420092083333333
0 0.10336725937499999 0.2539563833333333 0.06597131875 0.2517885 0.119626365625 0.8772220791666666 0.14320206875 0.8793899583333334 0.10336725937499999 0.2539563833333333
0 0.14076320312499999 0.25287244166666667 0.10174135 0.25937608333333334 0.152144575 0.8804739 0.18384983125 0.871802375 0.14076320312499999 0.25287244166666667
0 0.1537704875 0.1271353625 0.12125227499999999 0.12821930416666666 0.187101653125 0.8804739 0.20661257812499997 0.8783060166666666 0.1537704875 0.1271353625
0 0.187101653125 0.13038718333333332 0.15702230625 0.12821930416666666 0.2098644 0.8772220791666666 0.23587896874999997 0.8761381375 0.187101653125 0.13038718333333332
0 0.22043281874999998 0.13580688333333332 0.185475740625 0.12930324166666668 0.23587896874999997 0.8783060166666666 0.257828759375 0.8793899583333334 0.22043281874999998 0.13580688333333332
0 0.24563443125 0.057763179166666664 0.21555508437499998 0.0555953 0.25620285 0.8772220791666666 0.2854692375 0.8783060166666666 0.24563443125 0.057763179166666664
0 0.275713775 0.05667924166666667 0.24726034062500002 0.061015 0.292785834375 0.8728863166666667 0.309044940625 0.8685505541666667 0.275713775 0.05667924166666667
0 0.2968506125 0.062098941666666664 0.28059150625 0.062098941666666664 0.30741903125 0.8696344958333333 0.33262064375 0.8642147916666667 0.2968506125 0.062098941666666664
0 0.34644088125 0.061015 0.30741903125 0.0599310625 0.34156315 0.8707184375 0.3667647625 0.8652987333333333 0.34644088125 0.061015
0 0.37326840625 0.062098941666666664 0.3431890625 0.058847120833333336 0.365138853125 0.8707184375 0.399282975 0.8739702583333333 0.37326840625 0.062098941666666664
0 0.40741252499999997 0.08486168749999999 0.37245545 0.08269380833333333 0.40741252499999997 0.8750541958333333 0.4244845875 0.8783060166666666 0.40741252499999997 0.08486168749999999
0 0.43911778124999995 0.09028139166666667 0.40497365937499996 0.08377775000000001 0.421232765625 0.8707184375 0.44643437812500003 0.8707184375 0.43911778124999995 0.09028139166666667
0 0.462693484375 0.15965357083333334 0.43505300625 0.16290539583333336 0.457002796875 0.8772220791666666 0.47895258749999997 0.8783060166666666 0.462693484375 0.15965357083333334
0 0.500089425 0.1325550625 0.46106757187499997 0.1271353625 0.477326678125 0.871802375 0.508218978125 0.8707184375 0.500089425 0.1325550625
0 0.527729903125 0.0599310625 0.50090238125 0.058847120833333336 0.509031934375 0.8761381375 0.534233546875 0.8793899583333334 0.527729903125 0.0599310625
0 0.5545574281250001 0.0599310625 0.522852171875 0.061015 0.53179468125 0.8793899583333334 0.5569962937499999 0.8761381375 0.5545574281250001 0.0599310625
0 0.5830108625 0.0599310625 0.5513056062499999 0.061015 0.552931515625 0.866382675 0.578946084375 0.8652987333333333 0.5830108625 0.0599310625
0 0.61227725 0.06426682083333334 0.58138495 0.061015 0.58057199375 0.8685505541666667 0.6139031593750001 0.8696344958333333 0.61227725 0.06426682083333334
0 0.630162265625 0.3038176375 0.60333474375 0.2983979375 0.6025217875 0.8707184375 0.6326011312500001 0.8696344958333333 0.630162265625 0.3038176375
0 0.6683711625 0.2517885 0.629349309375 0.25287244166666667 0.6334140875000001 0.871802375 0.665119340625 0.8783060166666666 0.6683711625 0.2517885
0 0.70983188125 0.2539563833333333 0.669997071875 0.2517885 0.665932296875 0.8685505541666667 0.701702328125 0.866382675 0.70983188125 0.2539563833333333
0 0.762673971875 0.15423387083333334 0.71389665625 0.15531781249999999 0.7106448375000001 0.8739702583333333 0.743163046875 0.8739702583333333 0.762673971875 0.15423387083333334
0 0.7764942125000001 0.3103212791666667 0.75617033125 0.3059855166666667 0.7447889562500001 0.8674666125 0.7634869281250001 0.8652987333333333 0.7764942125000001 0.3103212791666667
0 0.8203937968749999 0.31682492083333336 0.778933078125 0.3146570416666667 0.7659257937499999 0.8685505541666667 0.803321734375 0.8707184375 0.8203937968749999 0.31682492083333336
0 0.850473140625 0.24962062083333333 0.8252715281249999 0.2507045625 0.8106383312500001 0.8707184375 0.830149259375 0.8707184375 0.850473140625 0.24962062083333333
0 0.8707970218750001 0.24853667916666666 0.8447824531249999 0.2507045625 0.8268974375000001 0.8685505541666667 0.85128609375 0.8728863166666667 0.8707970218750001 0.24853667916666666
0 0.907380009375 0.2539563833333333 0.8748617968750001 0.24745274166666667 0.849660184375 0.8631308541666667 0.878926575 0.8587950916666667 0.907380009375 0.2539563833333333
0 0.9504666374999999 0.15965357083333334 0.915509559375 0.16073751249999998 0.8797395281249999 0.8609629708333333 0.909818875 0.8609629708333333 0.9504666374999999 0.15965357083333334
0 0.98461075625 0.16182145416666666 0.9480277718749999 0.15423387083333334 0.91469660625 0.8598790333333334 0.94558890625 0.8620469125 0.98461075625 0.16182145416666666
0 0.99436621875 0.5141020625 0.999747984375 0.16061827916666666 0.983797803125 0.15640175 0.947214815625 0.8587950916666667 0.97566825 0.8544593291666666 0.99436621875 0.5141020625