5 0.139327840625 0.3059895833333333 0.11341095000000001 0.3049045125 0.14583664375 0.8604600708333333 0.17024465 0.8572048624999999 0.139327840625 0.3059895833333333
5 0.16617664999999998 0.3049045125 0.142582240625 0.3049045125 0.173499053125 0.8550347208333334 0.196279859375 0.8517795125000001 0.16617664999999998 0.3049045125
5 0.22801027187499998 0.3005642375 0.16956329375 0.302734375 0.2003478625 0.8539496541666666 0.256486284375 0.849609375 0.22801027187499998 0.3005642375
5 0.263808684375 0.3070746541666667 0.23385365937499997 0.31358507083333337 0.3012343 0.8528645833333334 0.332151109375 0.8474392374999999 0.263808684375 0.3070746541666667
5 0.31994710625 0.36241319583333337 0.32076070625 0.3537326375 0.285936990625 0.36024305416666663 0.347609515625 0.8441840291666666 0.374458325 0.83984375 0.31994710625 0.36241319583333337
5 0.362254321875 0.35264757083333337 0.320116678125 0.36024305416666663 0.378526328125 0.8648003458333334 0.416765540625 0.859375 0.362254321875 0.35264757083333337
5 0.461513559375 0.849609375 0.46720875937499995 0.8420138875000001 0.397239134375 0.3005642375 0.367949525 0.3049045125 0.43791915000000003 0.8528645833333334 0.44686875312499996 0.8517795125000001 0.461513559375 0.849609375
5 0.507888775 0.8376736124999999 0.43710554999999995 0.30164930416666663 0.40882110625 0.3070746541666667 0.4777855625 0.8485243041666667 0.504634375 0.8430989583333334 0.507888775 0.8376736124999999
5 0.48103996562500007 0.3352864583333333 0.480226365625 0.3255208333333333 0.44706980312500005 0.33203125 0.517651978125 0.8452690958333334 0.5461279875 0.8344184041666666 0.48103996562500007 0.3352864583333333
5 0.581926403125 0.8344184041666666 0.518465578125 0.3266059041666667 0.48694610625 0.33311632083333337 0.48673516875 0.3352864583333333 0.551009590625 0.8420138875000001 0.581926403125 0.8344184041666666
5 0.5428735875 0.3081597208333333 0.526822409375 0.3103298625 0.586808003125 0.8430989583333334 0.603080009375 0.8376736124999999 0.5428735875 0.3081597208333333
5 0.62423361875 0.8355034708333334 0.564840796875 0.3070746541666667 0.548795065625 0.3103298625 0.605520809375 0.8430989583333334 0.620165615625 0.83984375 0.62423361875 0.8355034708333334
5 0.59413040625 0.30164930416666663 0.578091940625 0.3049045125 0.62911521875 0.8452690958333334 0.650268828125 0.8387586791666667 0.59413040625 0.30164930416666663
5 0.62504721875 0.2994791666666667 0.605761209375 0.3049045125 0.655964028125 0.8474392374999999 0.6754904374999999 0.8409288208333333 0.62504721875 0.2994791666666667
5 0.69420324375 0.33203125 0.637499490625 0.3439670125 0.6819992375 0.8474392374999999 0.73406965625 0.8355034708333334 0.69420324375 0.33203125
5 0.8424076406250001 0.3342013875 0.78708281875 0.33203125 0.75047080625 0.83984375 0.801727625 0.8355034708333334 0.8424076406250001 0.3342013875
5 0.9123772656250001 0.3342013875 0.8531570437499999 0.33203125 0.81881323125 0.8376736124999999 0.876578853125 0.8365885416666666 0.9123772656250001 0.3342013875