0 0.031941437499999996 0.0040083375 0.004133596875 0.006012504166666667 0 0.9947089958333333 0.02517736875 0.9920634916666666 0.031941437499999996 0.0040083375
0 0.096575878125 0.09419592916666668 0.040960196875 0.09920635 0.031189875 0.9940676624999999 0.091314934375 0.9910614083333333 0.096575878125 0.09419592916666668
0 0.20104316875 0.007014591666666667 0.10634619999999999 0.005010420833333334 0.103339946875 0.9930655749999999 0.20630411249999997 0.9920634916666666 0.20104316875 0.007014591666666667
0 0.314529221875 0.006012504166666667 0.22133537812499998 0.006012504166666667 0.21607443437499999 0.998076 0.309268278125 0.9920634916666666 0.314529221875 0.006012504166666667
0 0.3693933375 0.008016675 0.32429954375 0.009018758333333333 0.316783909375 0.9930655749999999 0.366387084375 0.9950697458333334 0.3693933375 0.008016675
0 0.42350589375 0.0040083375 0.3806667875 0.009018758333333333 0.37315115312499997 0.9950697458333334 0.42350589375 0.9960718291666667 0.42350589375 0.0040083375
0 0.4813762625 0.007014591666666667 0.435530903125 0 0.433276215625 0.998076 0.47536375625 0.9920634916666666 0.4813762625 0.007014591666666667
0 0.52571849375 0.006012504166666667 0.489643459375 0.005010420833333334 0.48287939062499996 0.9960718291666667 0.52647005625 0.990059325 0.52571849375 0.006012504166666667
0 0.579079484375 0.009018758333333333 0.53774350625 0.005010420833333334 0.539998196875 0.9950697458333334 0.5805826125 0.9930655749999999 0.579079484375 0.009018758333333333
0 0.633943603125 0.007014591666666667 0.5926076250000001 0.006012504166666667 0.58659511875 0.9950697458333334 0.634695165625 0.9960718291666667 0.633943603125 0.007014591666666667
0 0.677534271875 0.007014591666666667 0.643713925 0.011022929166666667 0.643713925 0.9930655749999999 0.6812920874999999 0.9910614083333333 0.677534271875 0.007014591666666667
0 0.72413119375 0.0040083375 0.6880561562499999 0.0010020833333333333 0.6880561562499999 0.9940676624999999 0.72413119375 0.9910614083333333 0.72413119375 0.0040083375
0 0.76997655 0.006012504166666667 0.7331499531250001 0.007014591666666667 0.7308952625 0.9940676624999999 0.771479678125 0.9940676624999999 0.76997655 0.006012504166666667
0 0.796281265625 0.0020041666666666667 0.7782437468750001 0.0030062541666666664 0.777492184375 0.9940676624999999 0.796281265625 0.9890572375000001 0.796281265625 0.0020041666666666667
0 0.823337540625 0.005010420833333334 0.803045334375 0.005010420833333334 0.805300025 0.9960718291666667 0.82408910625 0.9930655749999999 0.823337540625 0.005010420833333334
0 0.8481391281249999 0.009018758333333333 0.8301016125 0.007014591666666667 0.828598484375 0.9970739125 0.8518969468750001 0.9990780833333334 0.8481391281249999 0.009018758333333333
0 0.881959475 0.3878066375 0.87444384375 0.006012504166666667 0.8518969468750001 0.005010420833333334 0.857909453125 0.9990780833333334 0.8766985343749999 0.9950697458333334 0.881959475 0.3878066375
0 0.927053271875 0.9790363958333334 0.9232954531249999 0.13427930000000002 0.8827110375 0.1302709625 0.8827110375 0.998076 0.927053271875 0.9960718291666667 0.927053271875 0.9790363958333334
0 0.97515331875 0.14430014583333334 0.9300595250000001 0.14229597500000002 0.9360720312499999 0.9950697458333334 0.97365019375 0.9970739125 0.97515331875 0.14430014583333334