4 0.2754765625 0.8973078125 0.855084375 0.84411875 0.85453125 0.83355625 0.8507265625 0.8231640625000001 0.2721609375 0.8754828124999999 0.2733078125 0.8973703125 0.2754765625 0.8973078125
4 0.27351875 0.8599328125 0.275240625 0.8720625 0.2764515625 0.87444375 0.845053125 0.8185734374999999 0.847878125 0.810278125 0.8452 0.8006421874999999 0.2732203125 0.8542453125 0.27351875 0.8599328125
4 0.8231031249999999 0.793653125 0.8203156249999999 0.7612109375 0.3388453125 0.80029375 0.340184375 0.8051125000000001 0.3422046875 0.8229296875 0.3418 0.835921875 0.8231031249999999 0.793653125
4 0.8211875 0.7570921875 0.8195265624999999 0.7254046875 0.33497499999999997 0.7679078125000001 0.3366328125 0.7995203125 0.8211875 0.7570921875
4 0.8181015625000001 0.7189609375 0.8149124999999999 0.6995750000000001 0.33456874999999997 0.7394140625000001 0.3355859375 0.7588296875 0.8181015625000001 0.7189609375
4 0.8135312499999999 0.6939453125 0.8104281249999999 0.676184375 0.335415625 0.7141140625 0.3364765625 0.7343359375 0.8135312499999999 0.6939453125
4 0.409203125 0.6915078125 0.40866875 0.7020296874999999 0.4109265625 0.7036390625 0.7793625 0.6639609375 0.7798499999999999 0.6525296875000001 0.7751750000000001 0.6462578125 0.4077375 0.6842515625 0.409203125 0.6915078125
4 0.18005625 0.693740625 0.17960625 0.7058859375 0.1818640625 0.7074953125000001 0.855890625 0.6314359375 0.8527640625 0.59249375 0.1794375 0.661184375 0.1799484375 0.6709343750000001 0.18005625 0.693740625
4 0.311525 0.63145 0.8314937499999999 0.580571875 0.8344890625 0.5755265625 0.8340640625000001 0.5674015625 0.8325109375 0.5585218750000001 0.832128125 0.551209375 0.8263265625 0.5441812500000001 0.3081859375 0.5884453125 0.3074421875 0.5950015625 0.3059984375 0.6089265625 0.30676562500000004 0.6235515625 0.309309375 0.630634375 0.311525 0.63145
4 0.8165281249999999 0.5023296875 0.390021875 0.532828125 0.3921015625 0.5725109374999999 0.819528125 0.538834375 0.8204171875 0.514346875 0.8165281249999999 0.5023296875
4 0.8197984375 0.48179062500000003 0.8214109374999999 0.4711140625 0.8209421875 0.4621765625 0.8180937500000001 0.449290625 0.8133765625 0.4422046875 0.3008 0.46825312500000005 0.2993984375 0.4829921875 0.299209375 0.5001109375 0.3001046875 0.5171734375 0.3029875 0.53073125 0.8181843750000001 0.492465625 0.8197984375 0.48179062500000003
4 0.7977765625 0.39332500000000004 0.3154546875 0.4161578125 0.31787343749999997 0.4623125 0.32013437499999997 0.46398124999999996 0.8023281250000001 0.43871093749999995 0.7977765625 0.39332500000000004
4 0.7973890625 0.3444625 0.3126015625 0.361721875 0.3140640625 0.41035781250000003 0.3141578125 0.412153125 0.7976484375 0.3908875 0.7973890625 0.3444625
4 0.7868890625 0.3099796875 0.7828296875 0.29471250000000004 0.25514375 0.302 0.25656875 0.30844375 0.2556359375 0.33211875 0.2570734375 0.359559375 0.2602484375 0.3579484375 0.78716875 0.3360359375 0.786571875 0.32466093749999997 0.7868890625 0.3099796875
4 0.7822328125 0.2833375 0.7836531250000001 0.24823125 0.2592140625 0.21379687500000003 0.25574375 0.2512453125 0.7822328125 0.2833375
4 0.2571703125 0.1747984375 0.25323125 0.20329687500000002 0.25532499999999997 0.20177968750000003 0.7799765625 0.24027656249999998 0.7834171875 0.22298749999999998 0.781609375 0.20923124999999998 0.26120625 0.16888281249999998 0.2571703125 0.1747984375
4 0.779778125 0.17429531250000002 0.2812171875 0.13606093749999998 0.2786171875 0.16936875 0.2807953125 0.16948593750000002 0.7780171874999999 0.2029015625 0.779778125 0.17429531250000002