0 0.1383243375 0.008985866666666667 0.097676575 0.011153745833333334 0.1171875 0.9769445875 0.156209353125 0.97586065 0.1383243375 0.008985866666666667
0 0.18059800937499998 0.008985866666666667 0.135885471875 0.008985866666666667 0.159461171875 0.9780285291666666 0.1927923375 0.9693570083333333 0.18059800937499998 0.008985866666666667
0 0.2098644 0.1325550625 0.1789721 0.136890825 0.19360529375 0.98128035 0.222058728125 0.9834482291666667 0.2098644 0.1325550625
0 0.24563443125 0.13472294583333333 0.21149030937500002 0.13363900416666666 0.217993953125 0.9791124708333334 0.25538989375 0.9834482291666667 0.24563443125 0.13472294583333333
0 0.2854692375 0.1694090375 0.24400851875 0.1694090375 0.24969920625 0.9834482291666667 0.291159925 0.9856161125 0.2854692375 0.1694090375
0 0.338311328125 0.15314992916666667 0.282217415625 0.15748569166666665 0.283030371875 0.9823642916666666 0.337498375 0.9877839916666667 0.338311328125 0.15314992916666667
0 0.386275690625 0.15965357083333334 0.33587246249999997 0.16073751249999998 0.338311328125 0.9888679333333333 0.380585003125 0.9888679333333333 0.386275690625 0.15965357083333334
0 0.42285867499999996 0.16724115416666668 0.37814613750000003 0.16290539583333336 0.381397959375 0.9877839916666667 0.425297540625 0.9801964083333333 0.42285867499999996 0.16724115416666668
0 0.46106757187499997 0.14447840833333334 0.42041980937499995 0.14014264583333333 0.43098822812500004 0.9877839916666667 0.46431939375000003 0.9856161125 0.46106757187499997 0.14447840833333334
0 0.49927646875000004 0.14447840833333334 0.452938021875 0.1433944666666667 0.46025461874999996 0.9899518749999999 0.49521169374999996 0.9801964083333333 0.49927646875000004 0.14447840833333334
0 0.5326076343749999 0.0653507625 0.49765055937499997 0.0653507625 0.496837603125 0.9834482291666667 0.530981725 0.9801964083333333 0.5326076343749999 0.0653507625
0 0.57244244375 0.07619016666666667 0.533420590625 0.07835804583333333 0.528542859375 0.9845321708333333 0.568377665625 0.9801964083333333 0.57244244375 0.07619016666666667
0 0.6277234 0.14447840833333334 0.577320175 0.13905870833333334 0.570003578125 0.9877839916666667 0.6228456687499999 0.9877839916666667 0.6277234 0.14447840833333334
0 0.656989790625 0.14556235 0.624471578125 0.14231052916666667 0.619593846875 0.9834482291666667 0.650486146875 0.9834482291666667 0.656989790625 0.14556235
0 0.6919468656250001 0.15206599166666665 0.656989790625 0.15531781249999999 0.655363878125 0.9888679333333333 0.6854432218750001 0.9834482291666667 0.6919468656250001 0.15206599166666665
0 0.742350090625 0.1466462875 0.680565490625 0.15314992916666667 0.687069134375 0.9856161125 0.739911225 0.98128035 0.742350090625 0.1466462875
0 0.799256959375 0.1466462875 0.7456019125 0.15748569166666665 0.736659403125 0.9845321708333333 0.78706263125 0.9856161125 0.799256959375 0.1466462875
0 0.8447824531249999 0.15098205 0.801695825 0.14556235 0.789501496875 0.9888679333333333 0.8382788124999999 0.9845321708333333 0.8447824531249999 0.15098205
0 0.8927468125000001 0.15206599166666665 0.84722131875 0.1466462875 0.84153063125 0.9932036958333333 0.875674753125 0.9932036958333333 0.8927468125000001 0.15206599166666665
0 0.933394575 0.15314992916666667 0.89355976875 0.15098205 0.876487709375 0.9899518749999999 0.915509559375 0.9856161125 0.933394575 0.15314992916666667
0 0.9699775624999999 0.17808055833333333 0.9683516531249999 0.15314992916666667 0.93420753125 0.15640175 0.916322515625 0.9791124708333334 0.952905503125 0.9791124708333334 0.9699775624999999 0.17808055833333333
0 0.999747984375 0.6038306458333333 0.999747984375 0.14852150416666668 0.9748552937499999 0.14881417083333334 0.9520925468750001 0.9834482291666667 0.98461075625 0.9834482291666667 0.999747984375 0.6038306458333333