0 0.16433890625 0.26371184583333335 0.09117293125 0.27455125 0.17237903125 0.9996639791666666 0.21718099687499998 0.9845321708333333 0.16433890625 0.26371184583333335
0 0.21718099687499998 0.98128035 0.262706490625 0.9650212458333333 0.23750487812499999 0.2691315458333333 0.17246845625 0.27455125 0.21718099687499998 0.98128035
0 0.322865178125 0.3059855166666667 0.244821475 0.30923734166666667 0.258641715625 0.9747767083333333 0.308231984375 0.9596015416666667 0.322865178125 0.3059855166666667
0 0.308231984375 0.9596015416666667 0.352944525 0.9433424375 0.3976570625 0.3135731 0.32530404687500003 0.31140522083333333 0.308231984375 0.9596015416666667
0 0.44236960312500007 0.32658038333333334 0.39847001875 0.3374197875 0.354570434375 0.9433424375 0.379772046875 0.9379227375 0.44236960312500007 0.32658038333333334
0 0.380585003125 0.9379227375 0.406599571875 0.928167275 0.47082303437500006 0.3254964458333333 0.44155664687499996 0.327664325 0.380585003125 0.9379227375
0 0.50090238125 0.327664325 0.47001008125 0.3330840291666667 0.400908884375 0.928167275 0.42611049687499997 0.928167275 0.50090238125 0.327664325
0 0.426923453125 0.9173278708333333 0.46025461874999996 0.9108242291666666 0.57244244375 0.19975936666666666 0.522852171875 0.204095125 0.426923453125 0.9173278708333333
0 0.615529071875 0.20734694583333332 0.570003578125 0.20192724583333332 0.46025461874999996 0.905404525 0.4903339625 0.8989008833333333 0.615529071875 0.20734694583333332
0 0.6098383843749999 0.39703650833333337 0.57650721875 0.39703650833333337 0.48952100625000006 0.8989008833333333 0.51472261875 0.8923972416666667 0.6098383843749999 0.39703650833333337
0 0.512283753125 0.8902293625 0.537485365625 0.8826417791666666 0.635039996875 0.39595256666666667 0.610651340625 0.394868625 0.512283753125 0.8902293625
0 0.64235659375 0.47616415 0.6204068031250001 0.4804999125 0.534233546875 0.8869775416666666 0.553744471875 0.8815578375 0.64235659375 0.47616415
0 0.55537038125 0.8772220791666666 0.5968311 0.8587950916666667 0.748040778125 0.28322277083333336 0.6919468656250001 0.2908103541666666 0.55537038125 0.8772220791666666
0 0.8000699156250001 0.27997095 0.742350090625 0.2853906541666667 0.600895878125 0.85771115 0.635852953125 0.85229145 0.8000699156250001 0.27997095
0 0.640730684375 0.8447038666666666 0.654550925 0.8403681041666666 0.792753315625 0.38294528333333333 0.7756812562500001 0.38186134166666663 0.640730684375 0.8447038666666666
0 0.81226424375 0.37969346249999997 0.789501496875 0.38186134166666663 0.656989790625 0.8414520458333333 0.66918411875 0.8457878083333333 0.81226424375 0.37969346249999997
0 0.834214034375 0.3786095208333334 0.813077196875 0.38294528333333333 0.671622984375 0.8403681041666666 0.682191403125 0.838200225 0.834214034375 0.3786095208333334
0 0.6878820875 0.824109 0.6992634625 0.8208571791666667 0.8537249593749999 0.3742737583333334 0.8317751687499999 0.3775255791666667 0.6878820875 0.824109
0 0.869171109375 0.389448925 0.843969496875 0.39920438750000004 0.702515284375 0.8186893000000001 0.7204003 0.8176053583333334 0.869171109375 0.389448925
0 0.7228391656250001 0.8089338375 0.736659403125 0.8045980749999999 0.9187613812500001 0.3233285625 0.9016893218750001 0.32441250416666667 0.7228391656250001 0.8089338375
0 0.9309557093749999 0.3233285625 0.91469660625 0.32441250416666667 0.736659403125 0.8067659541666666 0.75047964375 0.8013462541666667 0.9309557093749999 0.3233285625
0 0.933394575 0.3710219375 0.9171354718750001 0.3753577 0.752105553125 0.8056820166666667 0.772429434375 0.7980944333333333 0.933394575 0.3710219375
0 0.7756812562500001 0.7948426125 0.792753315625 0.7872550291666667 0.95534436875 0.3666861791666667 0.9350204874999999 0.36993800000000004 0.7756812562500001 0.7948426125
0 0.9764812031250001 0.3656022375 0.9545314125000001 0.36993800000000004 0.7960051375 0.7926747291666667 0.803321734375 0.7915907916666666 0.9764812031250001 0.3656022375
0 0.8073865124999999 0.7829192666666667 0.8268974375000001 0.7774995666666666 0.9959921312500001 0.3937846875 0.999747984375 0.3353494625 0.8073865124999999 0.7829192666666667