0 0.0415826625 0.08052592916666666 0.008251496875 0.0794419875 0.087921109375 0.8858936 0.1171875 0.8902293625 0.0415826625 0.08052592916666666
0 0.064345409375 0.08594562916666666 0.036704928125 0.09028139166666667 0.114748634375 0.8826417791666666 0.13344660625 0.8793899583333334 0.064345409375 0.08594562916666666
0 0.135885471875 0.07835804583333333 0.07247495937500001 0.07727410833333333 0.131007740625 0.8793899583333334 0.1887275625 0.8837257208333333 0.135885471875 0.07835804583333333
0 0.196857115625 0.08160986666666667 0.13263365 0.07727410833333333 0.19360529375 0.8858936 0.23425305624999998 0.8837257208333333 0.196857115625 0.08160986666666667
0 0.2545769375 0.22577393333333334 0.205799621875 0.226857875 0.246447384375 0.8913133 0.2814044625 0.8902293625 0.2545769375 0.22577393333333334
0 0.30172834375 0.22902575416666665 0.24969920625 0.22577393333333334 0.283030371875 0.8848096583333334 0.32692995625 0.8880614791666667 0.30172834375 0.22902575416666665
0 0.3472538375 0.226857875 0.297663565625 0.2279418125 0.32692995625 0.8869775416666666 0.365951809375 0.8891454208333334 0.3472538375 0.226857875
0 0.417167990625 0.22577393333333334 0.34237610625000003 0.22468999166666667 0.36757771875 0.8880614791666667 0.42367163124999996 0.8848096583333334 0.417167990625 0.22577393333333334
0 0.4748878125 0.232277575 0.41472912187500005 0.23119363333333334 0.41960685625 0.894565125 0.47976554374999997 0.8967330041666667 0.4748878125 0.232277575
0 0.517161484375 0.08702957083333333 0.481391453125 0.08486168749999999 0.478139634375 0.8956490625 0.512283753125 0.8956490625 0.517161484375 0.08702957083333333
0 0.5545574281250001 0.08486168749999999 0.51634853125 0.08269380833333333 0.513096709375 0.8967330041666667 0.5431760531250001 0.8956490625 0.5545574281250001 0.08486168749999999
0 0.5911404124999999 0.10437261666666667 0.552931515625 0.10437261666666667 0.552931515625 0.8978169458333334 0.578133128125 0.894565125 0.5911404124999999 0.10437261666666667
0 0.635039996875 0.11196019583333333 0.598457009375 0.11196019583333333 0.58057199375 0.8967330041666667 0.615529071875 0.894565125 0.635039996875 0.11196019583333333
0 0.671622984375 0.23444545416666665 0.630162265625 0.23661333750000002 0.61878089375 0.8934811833333334 0.656176834375 0.8934811833333334 0.671622984375 0.23444545416666665
0 0.701702328125 0.22902575416666665 0.665932296875 0.2279418125 0.649673190625 0.8967330041666667 0.68300435625 0.9032366458333333 0.701702328125 0.22902575416666665
0 0.736659403125 0.23878121666666668 0.702515284375 0.23661333750000002 0.6813784468749999 0.905404525 0.711457790625 0.9032366458333333 0.736659403125 0.23878121666666668
0 0.7577962406250001 0.23661333750000002 0.727716896875 0.23444545416666665 0.709018925 0.9075724083333333 0.72934280625 0.9119081666666666 0.7577962406250001 0.23661333750000002
0 0.808199465625 0.21059876666666666 0.758609196875 0.2149345291666667 0.73096871875 0.905404525 0.768364659375 0.9010687666666667 0.808199465625 0.21059876666666666
0 0.85209905 0.20734694583333332 0.80250878125 0.20626300833333333 0.7651128375 0.9043205875000001 0.813077196875 0.9043205875000001 0.85209905 0.20734694583333332
0 0.932581621875 0.08377775000000001 0.8561638281249999 0.08160986666666667 0.81226424375 0.9021527041666667 0.869984065625 0.899984825 0.932581621875 0.08377775000000001
0 0.9992439531249999 0.16398933333333332 0.999747984375 0.07963709583333332 0.9350204874999999 0.08919745 0.8707970218750001 0.9108242291666666 0.937459353125 0.9043205875000001 0.9992439531249999 0.16398933333333332
0 0.998430996875 0.1748287375 0.9309557093749999 0.9064884666666667 0.9602221 0.9097402875 0.999747984375 0.4576612916666667 0.999747984375 0.2775537625 0.998430996875 0.1748287375