0 0.097327440625 0.9970739125 0.048475828124999995 0.14029180833333335 0.00112734375 0.14029180833333335 0.002630471875 0.4118566625 0.054488334375 0.9970739125 0.097327440625 0.9970739125
0 0.11912277499999999 0.14931056666666667 0.060500840624999996 0.1463043125 0.11761965 0.9930655749999999 0.159707190625 0.9930655749999999 0.11912277499999999 0.14931056666666667
0 0.17173220312499998 0.0120250125 0.12513528125 0.015031266666666666 0.16722282187499998 0.9930655749999999 0.2048009875 0.9920634916666666 0.17173220312499998 0.0120250125
0 0.234863515625 0.007014591666666667 0.18826659375000002 0.006012504166666667 0.22133537812499998 0.9960718291666667 0.25665885 0.9960718291666667 0.234863515625 0.007014591666666667
0 0.28672138125 0.010020841666666667 0.246888528125 0.009018758333333333 0.267180734375 0.9930655749999999 0.30776515 0.9950697458333334 0.28672138125 0.010020841666666667
0 0.35285894687499997 0.14129389166666667 0.309268278125 0.1382876375 0.3190386 0.9920634916666666 0.36037457812499996 0.9940676624999999 0.35285894687499997 0.14129389166666667
0 0.422002765625 0.14730639583333333 0.3693933375 0.14430014583333334 0.37465428125 0.9910614083333333 0.415990259375 0.9920634916666666 0.422002765625 0.14730639583333333
0 0.5144450468749999 0.009018758333333333 0.43853715624999995 0.006012504166666667 0.428015271875 0.9920634916666666 0.48513407812500003 0.9920634916666666 0.5144450468749999 0.009018758333333333
0 0.597868565625 0.0120250125 0.527221621875 0.0120250125 0.50016534375 0.9910614083333333 0.5550294625000001 0.9940676624999999 0.597868565625 0.0120250125
0 0.653484246875 0.009018758333333333 0.6076388875000001 0.009018758333333333 0.570060725 0.9940676624999999 0.6001232562500001 0.998076 0.653484246875 0.009018758333333333
0 0.7053421125 0.009018758333333333 0.664757696875 0.009018758333333333 0.610645140625 0.9920634916666666 0.640707671875 0.9960718291666667 0.7053421125 0.009018758333333333
0 0.771479678125 0.126262625 0.7181186875 0.11824595 0.65122955625 0.9950697458333334 0.694820225 0.9940676624999999 0.771479678125 0.126262625
0 0.8270953593750001 0.13227513333333332 0.7789953093750001 0.1302709625 0.703838984375 0.9970739125 0.7481812156250001 0.998076 0.8270953593750001 0.13227513333333332
0 0.8932329250000001 0.0521083875 0.8436297500000001 0.0440917125 0.754193721875 0.9930655749999999 0.7947781375 0.9990780833333334 0.8932329250000001 0.0521083875
0 0.9526064218749999 0.059122975 0.9037548093750001 0.04910213333333333 0.8045484593750001 0.9940676624999999 0.8481391281249999 0.9940676624999999 0.9526064218749999 0.059122975
0 0.996948653125 0.17235850416666668 0.9939424000000001 0.0440917125 0.96387986875 0.043089625 0.860915703125 0.9950697458333334 0.8939844875 0.9950697458333334 0.996948653125 0.17235850416666668
0 0.9954455281250001 0.5431297083333334 0.9946939625000001 0.23649190416666668 0.9015001187499999 0.9960718291666667 0.933817340625 0.9960718291666667 0.9954455281250001 0.5431297083333334