0 0.0960506625 0.9162439291666666 0.0302012875 0.21276665 0.00012194375 0.21601847083333334 0.00012194375 0.265879725 0.06597131875 0.9216636333333333 0.0960506625 0.9162439291666666
0 0.063532453125 0.27888700833333335 0.035891975 0.28213882916666666 0.099302484375 0.9151599874999999 0.12775591875 0.9129921083333333 0.063532453125 0.27888700833333335
0 0.099302484375 0.2756351875 0.064345409375 0.27780307083333333 0.12531705312500002 0.9151599874999999 0.1537704875 0.9108242291666666 0.099302484375 0.2756351875
0 0.15702230625 0.2734673083333333 0.099302484375 0.2723833666666666 0.154583440625 0.9151599874999999 0.20498666875 0.9075724083333333 0.15702230625 0.2734673083333333
0 0.21718099687499998 0.2767191291666667 0.161087084375 0.2756351875 0.202547803125 0.9064884666666667 0.258641715625 0.9010687666666667 0.21718099687499998 0.2767191291666667
0 0.274087865625 0.27129942916666666 0.21718099687499998 0.2723833666666666 0.257015803125 0.9021527041666667 0.30416720937499997 0.8934811833333334 0.274087865625 0.27129942916666666
0 0.2968506125 0.17157691666666666 0.26839717812499997 0.1694090375 0.3009153875 0.8967330041666667 0.3318076875 0.8967330041666667 0.2968506125 0.17157691666666666
0 0.326117 0.16832509583333335 0.2952247 0.16724115416666668 0.338311328125 0.8956490625 0.35619634375000003 0.894565125 0.326117 0.16832509583333335
0 0.35782225625 0.16182145416666666 0.322052225 0.16398933333333332 0.35619634375000003 0.894565125 0.383836825 0.8913133 0.35782225625 0.16182145416666666
0 0.390340465625 0.16615721666666666 0.383836825 0.16398933333333332 0.358635209375 0.16724115416666668 0.385462734375 0.894565125 0.410664346875 0.8837257208333333 0.390340465625 0.16615721666666666
0 0.42367163124999996 0.16615721666666666 0.391966375 0.16507327500000002 0.41472912187500005 0.8880614791666667 0.43911778124999995 0.8848096583333334 0.42367163124999996 0.16615721666666666
0 0.453750975 0.16507327500000002 0.42285867499999996 0.16832509583333335 0.43667891562500005 0.8880614791666667 0.46838416875 0.8837257208333333 0.453750975 0.16507327500000002
0 0.48301736562500003 0.1694090375 0.452938021875 0.17049297500000002 0.46431939375000003 0.8837257208333333 0.4903339625 0.8848096583333334 0.48301736562500003 0.1694090375
0 0.512283753125 0.16724115416666668 0.48545623125 0.16615721666666666 0.49195987187499995 0.8804739 0.518787396875 0.8750541958333333 0.512283753125 0.16724115416666668
0 0.5448019656249999 0.16073751249999998 0.5114708 0.16398933333333332 0.51472261875 0.8739702583333333 0.54724083125 0.8685505541666667 0.5448019656249999 0.16073751249999998
0 0.56675175625 0.16615721666666666 0.5439890093749999 0.16615721666666666 0.5439890093749999 0.8761381375 0.565125846875 0.8750541958333333 0.56675175625 0.16615721666666666
0 0.589514503125 0.16615721666666666 0.5659388 0.1694090375 0.564312890625 0.8728863166666667 0.5870756375 0.8696344958333333 0.589514503125 0.16615721666666666
0 0.6277234 0.16073751249999998 0.5911404124999999 0.16398933333333332 0.585449728125 0.8728863166666667 0.615529071875 0.8685505541666667 0.6277234 0.16073751249999998
0 0.656989790625 0.16724115416666668 0.6228456687499999 0.16615721666666666 0.61878089375 0.8707184375 0.64398250625 0.8652987333333333 0.656989790625 0.16724115416666668
0 0.689508 0.3374197875 0.6512991031250001 0.33850372916666666 0.6415436406249999 0.866382675 0.67406185 0.871802375 0.689508 0.3374197875
0 0.72365211875 0.24528485833333333 0.68300435625 0.24311697916666666 0.6732488937500001 0.8620469125 0.70820596875 0.8587950916666667 0.72365211875 0.24528485833333333
0 0.76023510625 0.25287244166666667 0.7228391656250001 0.2539563833333333 0.707393015625 0.8512075083333334 0.7390982687500001 0.8490396291666666 0.76023510625 0.25287244166666667
0 0.799256959375 0.2561242625 0.758609196875 0.2561242625 0.7342205374999999 0.8490396291666666 0.774055346875 0.84687175 0.799256959375 0.2561242625
0 0.8537249593749999 0.15531781249999999 0.8090124218750001 0.15640175 0.774055346875 0.8490396291666666 0.82120675 0.8512075083333334 0.8537249593749999 0.15531781249999999
0 0.904941140625 0.15423387083333334 0.85697678125 0.15531781249999999 0.823645615625 0.8501235708333332 0.8659192906250001 0.84687175 0.904941140625 0.15423387083333334
0 0.94477595 0.13905870833333334 0.9081929625 0.14447840833333334 0.8659192906250001 0.8501235708333332 0.904941140625 0.8425359875 0.94477595 0.13905870833333334
0 0.9878625781249999 0.14014264583333333 0.94965368125 0.14231052916666667 0.9122577406250001 0.8425359875 0.937459353125 0.8414520458333333 0.9878625781249999 0.14014264583333333