6 0.0423953125 0.1260515625 0.01719375 0.121715625 0.0245109375 0.9021531250000001 0.044834374999999996 0.9021531250000001 0.0423953125 0.1260515625
6 0.067596875 0.1325546875 0.041582812499999997 0.131471875 0.044021875 0.8999843750000001 0.06678437499999999 0.9021531250000001 0.067596875 0.1325546875
6 0.0927984375 0.1325546875 0.0643453125 0.1347234375 0.06678437499999999 0.8999843750000001 0.0911734375 0.8978171875 0.0927984375 0.1325546875
6 0.13182031249999998 0.23227812499999997 0.09035937499999999 0.2355296875 0.0919859375 0.8999843750000001 0.13182031249999998 0.9032359375000001 0.13182031249999998 0.23227812499999997
6 0.18141093749999998 0.23444531249999997 0.132634375 0.22902499999999998 0.1310078125 0.8999843750000001 0.1700296875 0.8913140625 0.18141093749999998 0.23444531249999997
6 0.2090515625 0.22902499999999998 0.17165625 0.22685781249999998 0.1700296875 0.8989015625000001 0.210678125 0.89348125 0.2090515625 0.22902499999999998
6 0.25782812499999996 0.23878125 0.20986406249999998 0.2333609375 0.20986406249999998 0.8989015625000001 0.246446875 0.8967328125 0.25782812499999996 0.23878125
6 0.266771875 0.1726609375 0.2529515625 0.168325 0.24726093750000003 0.9032359375000001 0.26351874999999997 0.9032359375000001 0.266771875 0.1726609375
6 0.28384375 0.1802484375 0.268396875 0.1759125 0.26270625000000003 0.9032359375000001 0.28059218750000003 0.90106875 0.28384375 0.1802484375
6 0.3220515625 0.237696875 0.28384375 0.2355296875 0.278153125 0.8956484375 0.3163609375 0.8956484375 0.3220515625 0.237696875
6 0.37326875 0.23444531249999997 0.3277421875 0.23227812499999997 0.3196140625 0.89348125 0.3610734375 0.8913140625 0.37326875 0.23444531249999997
6 0.38871406249999996 0.2637125 0.3610734375 0.2637125 0.3586359375 0.8999843750000001 0.3813984375 0.8999843750000001 0.38871406249999996 0.2637125
6 0.413103125 0.2582921875 0.38627500000000003 0.260459375 0.3838375 0.90106875 0.40903906250000005 0.8967328125 0.413103125 0.2582921875
6 0.43342656249999995 0.1184640625 0.413915625 0.1184640625 0.40903906250000005 0.8999843750000001 0.43098749999999997 0.90106875 0.43342656249999995 0.1184640625
6 0.46269375 0.1195484375 0.425296875 0.1162953125 0.4293625 0.8989015625000001 0.452125 0.8999843750000001 0.46269375 0.1195484375
6 0.4838296875 0.1498984375 0.458628125 0.14556249999999998 0.452125 0.8989015625000001 0.47569999999999996 0.90106875 0.4838296875 0.1498984375
6 0.5065937500000001 0.1585703125 0.4813921875 0.15315 0.4732625 0.90106875 0.5000890625000001 0.8978171875 0.5065937500000001 0.1585703125
6 0.5431765625 0.146646875 0.5098453125 0.14447812499999999 0.4895203125 0.90106875 0.5382984375000001 0.90106875 0.5431765625 0.146646875
6 0.58545 0.15315 0.5431765625 0.15640156249999998 0.535859375 0.8956484375 0.5773203125 0.90106875 0.58545 0.15315
6 0.64073125 0.26913125 0.5781328125 0.2658796875 0.5821984375 0.8956484375 0.64073125 0.9032359375000001 0.64073125 0.26913125
6 0.7057671875 0.2713 0.637478125 0.2647953125 0.6342265625 0.8999843750000001 0.704140625 0.8999843750000001 0.7057671875 0.2713
6 0.7594218749999999 0.27238281249999996 0.703328125 0.2713 0.70739375 0.8967328125 0.7651125000000001 0.8978171875 0.7594218749999999 0.27238281249999996
6 0.8228328125000001 0.27780312500000004 0.7626734374999999 0.27563593750000004 0.7683640625 0.9021531250000001 0.8293359375 0.8999843750000001 0.8228328125000001 0.27780312500000004
6 0.8610421875000001 0.1639890625 0.8334015625 0.1661578125 0.8309625 0.9021531250000001 0.8594156249999999 0.8999843750000001 0.8610421875000001 0.1639890625
6 0.8854296875 0.1661578125 0.8561640625000001 0.1639890625 0.8553515624999999 0.9021531250000001 0.8886828124999999 0.90106875 0.8854296875 0.1661578125
6 0.9073796875 0.1661578125 0.8903078125 0.1661578125 0.8903078125 0.9032359375000001 0.913884375 0.8978171875 0.9073796875 0.1661578125
6 0.9390859375 0.25395625 0.9122578125 0.255040625 0.9114453125 0.9032359375000001 0.9382718750000001 0.8999843750000001 0.9390859375 0.25395625
6 0.960221875 0.256125 0.9333953125000001 0.25395625 0.9464015625 0.8956484375 0.9561578125000001 0.892396875 0.960221875 0.256125
6 0.9997484375000001 0.25705625 0.960221875 0.255040625 0.9618484374999999 0.8902296875 0.9997484375000001 0.89348125 0.9997484375000001 0.25705625