6 0.1173234375 0.8810765625 0.1067453125 0.2994796875 0.0855921875 0.2962234375 0.06376875 0.2962234375 0.07094687499999999 0.888671875 0.1173234375 0.8810765625
6 0.1523078125 0.3005640625 0.1117828125 0.3005640625 0.1205765625 0.8778218750000001 0.158003125 0.8767359375 0.1523078125 0.3005640625
6 0.1946140625 0.3005640625 0.15654218749999999 0.297309375 0.1571890625 0.8810765625 0.20193750000000002 0.8799906249999999 0.1946140625 0.3005640625
6 0.22634531249999998 0.3005640625 0.19641875 0.29839375 0.2011234375 0.8799906249999999 0.2304125 0.8821609374999999 0.22634531249999998 0.3005640625
6 0.233728125 0.9049484375000001 0.2857984375 0.9071187500000001 0.2866125 0.20290781249999998 0.225715625 0.2018234375 0.2296609375 0.902778125 0.233728125 0.9049484375000001
6 0.29312187500000003 0.9071187500000001 0.311834375 0.91254375 0.3313609375 0.9114578124999999 0.34681875 0.9103734375 0.348446875 0.20399375000000003 0.29000625 0.20290781249999998 0.29312187500000003 0.9071187500000001
6 0.4037703125 0.91254375 0.4078390625 0.20290781249999998 0.3777359375 0.20290781249999998 0.3551109375 0.20399375000000003 0.3549546875 0.9103734375 0.4037703125 0.91254375
6 0.455840625 0.9114578124999999 0.46235 0.9114578124999999 0.46885937499999997 0.20616249999999997 0.41533125000000004 0.20616249999999997 0.408653125 0.908203125 0.455840625 0.9114578124999999
6 0.4722984375 0.2658421875 0.46566093750000004 0.8995218749999999 0.51773125 0.9038625 0.533190625 0.2680125 0.524240625 0.263671875 0.5047140625 0.26258750000000003 0.48193281250000003 0.263671875 0.4722984375 0.2658421875
6 0.5258671875 0.888671875 0.533190625 0.8930125 0.5706156250000001 0.8930125 0.5787515625 0.8897562499999999 0.593396875 0.2701828125 0.5388859375 0.2701828125 0.5258671875 0.888671875
6 0.580378125 0.8854171875000001 0.5852609375 0.888671875 0.6348906249999999 0.894096875 0.635703125 0.888671875 0.653603125 0.2701828125 0.5974640625000001 0.2680125 0.580378125 0.8854171875000001
6 0.64628125 0.888671875 0.6950968750000001 0.8908421875 0.7170640625 0.2712671875 0.6617390624999999 0.2701828125 0.6389578124999999 0.8854171875000001 0.64628125 0.888671875
6 0.723571875 0.8908421875 0.7284546875 0.8908421875 0.7496078125000001 0.31358437499999997 0.725390625 0.31358437499999997 0.704046875 0.8930125 0.723571875 0.8908421875
6 0.7544890625 0.8908421875 0.7585578125 0.8865015625 0.7821515625 0.31358437499999997 0.7544890625 0.31141562500000003 0.7317078125 0.888671875 0.7544890625 0.8908421875
6 0.8203906249999999 0.3092453125 0.791915625 0.307075 0.7666937500000001 0.8984375 0.7959828124999999 0.9006078125 0.8203906249999999 0.3092453125
6 0.8456125 0.3059890625 0.8222328125 0.307075 0.7976109375 0.888671875 0.82201875 0.8875875000000001 0.8456125 0.3059890625
6 0.8797843750000001 0.3059890625 0.8572265625 0.3049046875 0.83585 0.894096875 0.85944375 0.8908421875 0.8797843750000001 0.3059890625
6 0.866765625 0.8865015625 0.9090734375 0.8865015625 0.935921875 0.3092453125 0.881640625 0.3059890625 0.8602578125000001 0.88433125 0.866765625 0.8865015625
6 0.9148078125 0.883246875 0.9180624999999999 0.8875875000000001 0.9685062500000001 0.8865015625 0.9709468749999999 0.8865015625 0.999421875 0.3103296875 0.9451171875 0.3092453125 0.9148078125 0.883246875