0 0.04646039375 0.002482225 0.000934896875 0.006817983333333334 0.102318546875 0.9996639791666666 0.13751138125 0.9986233958333333 0.04646039375 0.002482225
0 0.13751138125 0.9888679333333333 0.175720278125 0.9888679333333333 0.10092839375 0.0013982833333333333 0.052964034375 0.004650104166666667 0.13751138125 0.9888679333333333
0 0.1537704875 0.0013982833333333333 0.10092839375 0.006817983333333334 0.17978505625000002 0.9942876333333334 0.221245771875 0.9942876333333334 0.1537704875 0.0013982833333333333
0 0.21880690625 0.9867000499999999 0.26108058125 0.9867000499999999 0.196068546875 0 0.1537704875 0.002482225 0.21880690625 0.9867000499999999
0 0.262706490625 0.07835804583333333 0.2041737125 0.07727410833333333 0.26108058125 0.9942876333333334 0.309044940625 0.9942876333333334 0.262706490625 0.07835804583333333
0 0.30660607500000003 0.9932036958333333 0.352944525 0.9942876333333334 0.313922671875 0.08702957083333333 0.26433239999999997 0.07835804583333333 0.30660607500000003 0.9932036958333333
0 0.34237610625000003 0.12496748333333334 0.317987446875 0.1271353625 0.355383390625 0.9986233958333333 0.37570727187499997 0.9975394541666667 0.34237610625000003 0.12496748333333334
0 0.37652022500000004 0.9942876333333334 0.3976570625 0.9921197541666668 0.368390675 0.12496748333333334 0.348879746875 0.12496748333333334 0.37652022500000004 0.9942876333333334
0 0.4131032125 0.1217156625 0.369203628125 0.12496748333333334 0.40172184062499994 0.9975394541666667 0.44318255625 0.9942876333333334 0.4131032125 0.1217156625
0 0.472448946875 0.21385059166666667 0.41960685625 0.2279418125 0.44155664687499996 0.995371575 0.49439873749999996 0.9932036958333333 0.472448946875 0.21385059166666667
0 0.49114691875 0.9856161125 0.5439890093749999 0.9888679333333333 0.53992423125 0.22035423333333334 0.47326190312499994 0.22468999166666667 0.49114691875 0.9856161125
0 0.599269965625 0.2149345291666667 0.534233546875 0.21601847083333334 0.5439890093749999 0.9964555166666667 0.6025217875 0.995371575 0.599269965625 0.2149345291666667
0 0.599269965625 0.9932036958333333 0.631788175 0.9942876333333334 0.634227040625 0.10545655416666667 0.608212475 0.1076244375 0.599269965625 0.9932036958333333
0 0.670810028125 0.10654049583333333 0.6374788625 0.10437261666666667 0.631788175 0.9986233958333333 0.66103830625 0.9996639791666666 0.670810028125 0.10654049583333333
0 0.660241609375 0.9921197541666668 0.68869504375 0.995371575 0.69845050625 0.10220473333333334 0.677313671875 0.10112079583333333 0.660241609375 0.9921197541666668
0 0.739911225 0.004650104166666667 0.702515284375 0.002482225 0.6878820875 0.995371575 0.717148478125 0.9975394541666667 0.739911225 0.004650104166666667
0 0.71389665625 0.9921197541666668 0.748853734375 0.9921197541666668 0.7756812562500001 0.006817983333333334 0.7390982687500001 0.004650104166666667 0.71389665625 0.9921197541666668
0 0.8106383312500001 0.008985866666666667 0.774055346875 0.010069804166666666 0.75478830625 0.9996639791666666 0.778120121875 0.9921197541666668 0.8106383312500001 0.008985866666666667
0 0.78137194375 0.995371575 0.823645615625 0.9888679333333333 0.85209905 0.1130441375 0.8090124218750001 0.1173799 0.78137194375 0.995371575
0 0.9016893218750001 0.10979231666666665 0.8561638281249999 0.11087625833333334 0.82120675 0.9975394541666667 0.8748617968750001 0.9975394541666667 0.9016893218750001 0.10979231666666665
0 0.8773006625 0.9888679333333333 0.931768665625 0.9888679333333333 0.9716034718750001 0.108708375 0.906567053125 0.1076244375 0.8773006625 0.9888679333333333
0 0.9968050843749999 0.580222425 0.999747984375 0.0984543 0.972416428125 0.10112079583333333 0.927703890625 0.995371575 0.97079051875 0.9986233958333333 0.9968050843749999 0.580222425