4 0.868546875 0.8910562499999999 0.8591828125 0.8504015624999999 0.2489578125 0.946640625 0.2487734375 0.954040625 0.24889999999999998 0.972878125 0.2515546875 0.985590625 0.868546875 0.8910562499999999
4 0.2458125 0.9388296875 0.25080468749999996 0.9438671875000001 0.8598625 0.8470390625 0.8540265625 0.8084093749999999 0.2439015625 0.90545625 0.24333437500000002 0.9186406249999999 0.243446875 0.9284625 0.2458125 0.9388296875
4 0.8452984375 0.7996453125 0.8405515625 0.7698984375 0.2881875 0.8565734375 0.29293281250000003 0.8863203125 0.8452984375 0.7996453125
4 0.8353515625 0.7631593750000001 0.8296281249999999 0.7343515625 0.2944953125 0.8189125 0.30021875 0.84771875 0.8353515625 0.7631593750000001
4 0.8467609375 0.7314296875 0.843659375 0.688365625 0.280625 0.7771703125 0.28684375 0.8189140625 0.8467609375 0.7314296875
4 0.8355984375000001 0.6672234375 0.824065625 0.6178171875 0.2386109375 0.7110140625 0.24484218750000003 0.7617578125 0.8355984375000001 0.6672234375
4 0.81018125 0.5670609375 0.23568125 0.651534375 0.23995468749999999 0.7041453125 0.8247453124999999 0.6144546875 0.8133125 0.5658562500000001 0.81018125 0.5670609375
4 0.8087078125 0.5639624999999999 0.802403125 0.539325 0.20283437499999998 0.62441875 0.20620625 0.651875 0.8087078125 0.5639624999999999
4 0.802984375 0.5351546875000001 0.7997109375 0.50850625 0.19818906249999999 0.5954796875 0.201340625 0.6211546875 0.802984375 0.5351546875000001
4 0.7962828125 0.5072890625 0.791253125 0.484134375 0.2846890625 0.5520703124999999 0.28774062499999997 0.5769296875000001 0.7962828125 0.5072890625
4 0.79731875 0.4801109375 0.7950234375 0.45252187499999996 0.2196328125 0.5297296874999999 0.22298125 0.5570046875 0.79731875 0.4801109375
4 0.7977593749999999 0.4480875 0.7942890625000001 0.4198234375 0.213809375 0.5001156250000001 0.21815937500000002 0.52663125 0.7977593749999999 0.4480875
4 0.78351875 0.421146875 0.78054375 0.3969203125 0.241571875 0.46801562499999994 0.24569843750000003 0.492721875 0.78351875 0.421146875
4 0.783875 0.39733125 0.7772718750000001 0.370271875 0.23712343749999998 0.4406921875 0.24125000000000002 0.46539062500000006 0.783875 0.39733125
4 0.79790625 0.35134375 0.7918984375 0.3291296875 0.12025937499999999 0.414875 0.12271093749999999 0.43484999999999996 0.79790625 0.35134375
4 0.20905625 0.33675625 0.2059390625 0.346975 0.2084171875 0.3671640625 0.21363125 0.4007296875 0.7811296875 0.3304515625 0.7786640625000001 0.31927812499999997 0.7740171874999999 0.2903390625 0.7701640624999999 0.2678609375 0.20905625 0.33675625
4 0.19916875 0.2740328125 0.20055625 0.28533906249999996 0.2028375 0.3039125 0.20793750000000003 0.32763593750000003 0.76829375 0.2615328125 0.7661125 0.24376718749999998 0.7641296875 0.2276171875 0.7595953125 0.2085 0.19916875 0.2740328125
4 0.7644624999999999 0.19470937500000002 0.7503796875 0.1423375 0.2093375 0.205490625 0.21890625 0.265615625 0.7644624999999999 0.19470937500000002
4 0.7475171875 0.127934375 0.737359375 0.08081875 0.19240625 0.14772968749999998 0.2030359375 0.1986921875 0.7475171875 0.127934375
4 0.7263359375 0.044465624999999995 0.7245515625000001 0.029929687500000003 0.7174953125 0.025878125000000002 0.17137968750000002 0.1011296875 0.17167656250000002 0.1035515625 0.17356093749999998 0.1188953125 0.17779687500000002 0.1355890625 0.1814125 0.1472328125 0.730203125 0.075959375 0.729990625 0.0653296875 0.7263359375 0.044465624999999995