0 0.078978603125 0.12063172083333333 0.044021528125 0.12063172083333333 0.10905794687499999 0.9845321708333333 0.14482797812499998 0.9791124708333334 0.078978603125 0.12063172083333333
0 0.118813409375 0.11087625833333334 0.07735269375 0.10654049583333333 0.14320206875 0.9867000499999999 0.17815914375 0.9888679333333333 0.118813409375 0.11087625833333334
0 0.15702230625 0.2810548916666667 0.13344660625 0.27888700833333335 0.1773461875 0.9823642916666666 0.19929598125 0.9823642916666666 0.15702230625 0.2810548916666667
0 0.16190003749999998 0.023077091666666667 0.1383243375 0.019825270833333335 0.20010893749999997 0.9867000499999999 0.21474213125000002 0.9899518749999999 0.16190003749999998 0.023077091666666667
0 0.22856236874999997 0.15206599166666665 0.167590725 0.14881417083333334 0.21474213125000002 0.9823642916666666 0.261893534375 0.9845321708333333 0.22856236874999997 0.15206599166666665
0 0.287095146875 0.14989810833333334 0.226123503125 0.15206599166666665 0.257828759375 0.9823642916666666 0.308231984375 0.9823642916666666 0.287095146875 0.14989810833333334
0 0.338311328125 0.15748569166666665 0.28628219375 0.15748569166666665 0.309857896875 0.9780285291666666 0.360261121875 0.97586065 0.338311328125 0.15748569166666665
0 0.409851390625 0.0176573875 0.338311328125 0.0176573875 0.36188703125 0.9791124708333334 0.42367163124999996 0.9747767083333333 0.409851390625 0.0176573875
0 0.49114691875 0.026328912500000003 0.41391616875 0.0176573875 0.416355034375 0.9801964083333333 0.48870804999999995 0.9801964083333333 0.49114691875 0.026328912500000003
0 0.5350465 0.17808055833333333 0.496837603125 0.1748287375 0.487895096875 0.9823642916666666 0.52041330625 0.9769445875 0.5350465 0.17808055833333333
0 0.569190621875 0.17266085833333333 0.5358594562500001 0.1748287375 0.5261039937499999 0.9747767083333333 0.5513056062499999 0.9704409458333333 0.569190621875 0.17266085833333333
0 0.6025217875 0.25829214166666664 0.56675175625 0.2615439666666667 0.55537038125 0.9801964083333333 0.58788859375 0.9780285291666666 0.6025217875 0.25829214166666664
0 0.636665909375 0.019825270833333335 0.6041476968749999 0.02199315 0.590327459375 0.9769445875 0.615529071875 0.9780285291666666 0.636665909375 0.019825270833333335
0 0.665119340625 0.024161029166666667 0.6326011312500001 0.02090920833333333 0.61715498125 0.9791124708333334 0.636665909375 0.9747767083333333 0.665119340625 0.024161029166666667
0 0.691133909375 0.02524497083333333 0.66349343125 0.028496791666666667 0.635852953125 0.9801964083333333 0.656989790625 0.9769445875 0.691133909375 0.02524497083333333
0 0.74641486875 0.07293834583333333 0.692759821875 0.07185440416666666 0.661054565625 0.9726088291666667 0.70820596875 0.9736927666666666 0.74641486875 0.07293834583333333
0 0.803321734375 0.075106225 0.752105553125 0.075106225 0.711457790625 0.9715248875 0.75942215 0.9682730666666667 0.803321734375 0.075106225
0 0.8748617968750001 0.0317486125 0.817141975 0.02741285 0.761861015625 0.9693570083333333 0.8114512875000001 0.9661051875 0.8748617968750001 0.0317486125
0 0.937459353125 0.04367195833333334 0.8781136187499999 0.03500043333333334 0.813077196875 0.9661051875 0.8667322437499999 0.9596015416666667 0.937459353125 0.04367195833333334
0 0.999747984375 0.0672043 0.935833440625 0.061015 0.869984065625 0.9639373041666667 0.92282615625 0.9574336625 0.999747984375 0.0672043
0 0.9992439531249999 0.09895291249999999 0.921200246875 0.961769425 0.98054598125 0.9650212458333333 0.998430996875 0.7514850000000001 0.9992439531249999 0.09895291249999999