5 0.08998134062499999 0.28452242499999997 0.05890472812500001 0.282549125 0.075182978125 0.7936354541666667 0.103299915625 0.7926488333333332 0.08998134062499999 0.28452242499999997
5 0.103299915625 0.7926488333333332 0.132131875 0.7916074833333333 0.11883826875 0.2864957083333334 0.09146122500000001 0.2845223916666667 0.103299915625 0.7926488333333332
5 0.1328967375 0.7936354541666667 0.16323350625 0.7936354541666667 0.15065482187499998 0.27465585416666666 0.12031810624999999 0.27465585416666666 0.1328967375 0.7936354541666667
5 0.166193178125 0.7936354541666667 0.20293265625 0.7916074833333333 0.193570221875 0.293402275 0.1543544375 0.292415625 0.166193178125 0.7936354541666667
5 0.23222953125 0.29573074583333336 0.19505005625 0.29438892499999997 0.20392907500000002 0.7936354541666667 0.23796545624999998 0.7926488333333332 0.23222953125 0.29573074583333336
5 0.240925128125 0.7975820541666666 0.263154009375 0.7992029666666667 0.25942310625 0.29734889583333335 0.234265840625 0.29636222916666666 0.240925128125 0.7975820541666666
5 0.284312865625 0.2989859541666667 0.25942310625 0.2983355458333333 0.26460255625 0.7995554208333334 0.2882800375 0.7995554208333334 0.284312865625 0.2989859541666667
5 0.30011872500000003 0.7847555666666667 0.33563489375 0.7867288666666667 0.32749576875 0.3269484833333333 0.28975987187499996 0.32497518333333336 0.30011872500000003 0.7847555666666667
5 0.344513959375 0.7887022333333333 0.380341509375 0.7850970666666667 0.368191390625 0.3308951041666666 0.32749576875 0.33385505416666666 0.344513959375 0.7887022333333333
5 0.408147115625 0.3111620291666667 0.368931334375 0.3101753791666667 0.381509965625 0.7985687375 0.416286240625 0.7975820541666666 0.408147115625 0.3111620291666667
5 0.41998585625 0.7995554208333334 0.452769896875 0.7970328291666667 0.44810279375000006 0.31510865 0.407407171875 0.314122 0.41998585625 0.7995554208333334
5 0.48857718749999995 0.3185172041666667 0.4488427375 0.32004191666666665 0.45476213125 0.8005420375 0.49027830000000006 0.8005420375 0.48857718749999995 0.3185172041666667
5 0.526012084375 0.3206873416666667 0.48805851875000006 0.3210285666666667 0.492498078125 0.8025153374999999 0.527274253125 0.8025153374999999 0.526012084375 0.3206873416666667
5 0.528754140625 0.809421925 0.5664900875 0.811395225 0.570929546875 0.27070925416666664 0.53097391875 0.26972260416666666 0.528754140625 0.809421925
5 0.567969875 0.8104086041666666 0.604965928125 0.8084352375 0.611625165625 0.27465585416666666 0.57388921875 0.2736692041666667 0.567969875 0.8104086041666666
5 0.657848021875 0.2729442875 0.619024396875 0.2726825541666667 0.60718570625 0.8104086041666666 0.642701875 0.8123819083333333 0.657848021875 0.2729442875
5 0.67155870625 0.3535881083333334 0.658240228125 0.3516148083333333 0.642701875 0.8054753208333333 0.6552804562500001 0.8064619375 0.67155870625 0.3535881083333334
5 0.6575002375000001 0.8104086041666666 0.6789579375 0.811395225 0.6922765125 0.8123819083333333 0.715953990625 0.2835357416666667 0.681177715625 0.28057579166666663 0.6575002375000001 0.8104086041666666
5 0.694496290625 0.8123819083333333 0.729272565625 0.813368525 0.76256895625 0.2855090416666667 0.72779268125 0.2835357416666667 0.694496290625 0.8123819083333333
5 0.783173540625 0.358664775 0.76108906875 0.3565480916666666 0.7300124593749999 0.8015287208333334 0.74777059375 0.8015287208333334 0.783173540625 0.358664775
5 0.806224246875 0.36049469166666664 0.7855064406250001 0.35950804166666667 0.749250378125 0.7985687375 0.764788734375 0.7985687375 0.806224246875 0.36049469166666664