0 0.052964034375 0.1130441375 0.0017478531249999999 0.108708375 0 0.8753360208333334 0.05215107812500001 0.871802375 0.052964034375 0.1130441375
0 0.053776990625 0.8696344958333333 0.114748634375 0.8707184375 0.10255430624999999 0.11196019583333333 0.052964034375 0.11412807916666666 0.053776990625 0.8696344958333333
0 0.12206523124999999 0.23878121666666668 0.12043932187499999 0.8739702583333333 0.17409436875 0.866382675 0.159461171875 0.23552939583333332 0.12206523124999999 0.23878121666666668
0 0.212303265625 0.2409491 0.167590725 0.23769727916666666 0.1732814125 0.871802375 0.216368040625 0.8652987333333333 0.212303265625 0.2409491
0 0.21474213125000002 0.8642147916666667 0.25620285 0.8631308541666667 0.2505121625 0.23444545416666665 0.222058728125 0.23119363333333334 0.21474213125000002 0.8642147916666667
0 0.28790810312500004 0.22577393333333334 0.248073296875 0.22577393333333334 0.2545769375 0.8674666125 0.292785834375 0.8620469125 0.28790810312500004 0.22577393333333334
0 0.292785834375 0.8620469125 0.3277429125 0.85771115 0.3163615375 0.10220473333333334 0.29034696875 0.10654049583333333 0.292785834375 0.8620469125
0 0.34644088125 0.10220473333333334 0.31717449375 0.10112079583333333 0.322052225 0.8620469125 0.35944816562500004 0.8631308541666667 0.34644088125 0.10220473333333334
0 0.379772046875 0.11087625833333334 0.35213156875 0.10545655416666667 0.34644088125 0.8728863166666667 0.38708864374999996 0.8587950916666667 0.379772046875 0.11087625833333334
0 0.389527509375 0.8533753916666666 0.42611049687499997 0.8447038666666666 0.41798094375000006 0.11412807916666666 0.39277933125 0.108708375 0.389527509375 0.8533753916666666
0 0.4594416625 0.1076244375 0.41960685625 0.10979231666666665 0.43098822812500004 0.8566272125 0.46025461874999996 0.8533753916666666 0.4594416625 0.1076244375
0 0.46025461874999996 0.8490396291666666 0.49765055937499997 0.8457878083333333 0.487082140625 0.11196019583333333 0.45862870625 0.10979231666666665 0.46025461874999996 0.8490396291666666
0 0.527729903125 0.1130441375 0.48870804999999995 0.10979231666666665 0.498463515625 0.8555432708333334 0.534233546875 0.85229145 0.527729903125 0.1130441375
0 0.5244780812500001 0.1173799 0.5358594562500001 0.8490396291666666 0.559435159375 0.84687175 0.55537038125 0.11087625833333334 0.5244780812500001 0.1173799
0 0.589514503125 0.05342742083333333 0.5569962937499999 0.05667924166666667 0.5675647125000001 0.8479556875 0.592766325 0.8436199291666667 0.589514503125 0.05342742083333333
0 0.592766325 0.8403681041666666 0.623658625 0.8447038666666666 0.624471578125 0.05667924166666667 0.588701546875 0.05342742083333333 0.592766325 0.8403681041666666
0 0.656989790625 0.14556235 0.650486146875 0.14231052916666667 0.621219759375 0.14231052916666667 0.629349309375 0.84687175 0.6626804749999999 0.8425359875 0.656989790625 0.14556235
0 0.671622984375 0.838200225 0.706580059375 0.8403681041666666 0.6992634625 0.14447840833333334 0.6675582062500001 0.14014264583333333 0.671622984375 0.838200225
0 0.739911225 0.14556235 0.701702328125 0.14773022916666667 0.709018925 0.8479556875 0.7529185093749999 0.85229145 0.739911225 0.14556235
0 0.748853734375 0.8403681041666666 0.79519218125 0.8414520458333333 0.789501496875 0.14989810833333334 0.748040778125 0.14556235 0.748853734375 0.8403681041666666
0 0.829336303125 0.22143817083333334 0.7943792281250001 0.22577393333333334 0.788688540625 0.8403681041666666 0.829336303125 0.838200225 0.829336303125 0.22143817083333334
0 0.834214034375 0.838200225 0.86266746875 0.8392841666666667 0.86266746875 0.21601847083333334 0.829336303125 0.2171024125 0.834214034375 0.838200225
0 0.8878690812500001 0.21927029166666667 0.8659192906250001 0.21818635 0.86835815625 0.8306126416666667 0.880552484375 0.8360323458333333 0.8878690812500001 0.21927029166666667
0 0.89355976875 0.8284447625 0.93827230625 0.8273608208333333 0.947214815625 0.21059876666666666 0.8927468125000001 0.20734694583333332 0.89355976875 0.8284447625
0 0.995179175 0.2030111875 0.941524128125 0.198675425 0.93827230625 0.8284447625 0.9894884875000001 0.8306126416666667 0.995179175 0.2030111875