0 0.0456474375 0.20951482916666667 0.00581263125 0.20951482916666667 0.016381046875 0.8479556875 0.058654721875 0.8414520458333333 0.0456474375 0.20951482916666667
0 0.10092839375 0.04367195833333334 0.044021528125 0.038252254166666666 0.0554029 0.8403681041666666 0.10336725937499999 0.838200225 0.10092839375 0.04367195833333334
0 0.14889275625 0.04909165833333333 0.09686361875 0.036084374999999995 0.10092839375 0.8479556875 0.151331621875 0.8414520458333333 0.14889275625 0.04909165833333333
0 0.19848302499999998 0.1845842 0.14889275625 0.1791645 0.156209353125 0.8371162833333333 0.20173484687499998 0.832780525 0.19848302499999998 0.1845842
0 0.243195565625 0.198675425 0.19848302499999998 0.19650754583333332 0.20336075625 0.8403681041666666 0.24400851875 0.8349484041666667 0.243195565625 0.198675425
0 0.29603765625 0.20517906666666666 0.24563443125 0.20192724583333332 0.24563443125 0.8306126416666667 0.317987446875 0.8219411208333334 0.29603765625 0.20517906666666666
0 0.31554858124999996 0.22902575416666665 0.3009153875 0.226857875 0.344002015625 0.8186893000000001 0.364325896875 0.8176053583333334 0.31554858124999996 0.22902575416666665
0 0.35619634375000003 0.1271353625 0.3163615375 0.13472294583333333 0.3667647625 0.8306126416666667 0.405786615625 0.8143535375000001 0.35619634375000003 0.1271353625
0 0.394405240625 0.131471125 0.35619634375000003 0.1325550625 0.40253479375 0.8230250625 0.4480602875 0.810017775 0.394405240625 0.131471125
0 0.431801184375 0.23878121666666668 0.40497365937499996 0.23878121666666668 0.45537688750000005 0.8121856583333333 0.47570076875 0.8067659541666666 0.431801184375 0.23878121666666668
0 0.44643437812500003 0.24853667916666666 0.42936231874999997 0.2463688 0.472448946875 0.8078498958333333 0.496837603125 0.8013462541666667 0.44643437812500003 0.24853667916666666
0 0.493585784375 0.2409491 0.4594416625 0.24528485833333333 0.501715334375 0.8002623124999999 0.528542859375 0.8045980749999999 0.493585784375 0.2409491
0 0.5196003499999999 0.2409491 0.49195987187499995 0.23878121666666668 0.539111278125 0.8089338375 0.5659388 0.8067659541666666 0.5196003499999999 0.2409491
0 0.5545574281250001 0.23769727916666666 0.5212262625 0.23444545416666665 0.5659388 0.8067659541666666 0.595205190625 0.8024301958333333 0.5545574281250001 0.23769727916666666
0 0.598457009375 0.21276665 0.557809246875 0.21601847083333334 0.594392234375 0.799178375 0.6285363562499999 0.79050685 0.598457009375 0.21276665
0 0.6277234 0.2171024125 0.599269965625 0.21601847083333334 0.634227040625 0.8024301958333333 0.6683711625 0.7980944333333333 0.6277234 0.2171024125
0 0.670810028125 0.22360605416666665 0.631788175 0.22468999166666667 0.6732488937500001 0.79592655 0.7041411937500001 0.7970104916666667 0.670810028125 0.22360605416666665
0 0.7049541500000001 0.2171024125 0.669997071875 0.22360605416666665 0.707393015625 0.8013462541666667 0.741537134375 0.7937586708333334 0.7049541500000001 0.2171024125
0 0.7390982687500001 0.2225221125 0.706580059375 0.226857875 0.7447889562500001 0.7948426125 0.7764942125000001 0.7948426125 0.7390982687500001 0.2225221125
0 0.7634869281250001 0.24420092083333333 0.739911225 0.2463688 0.778933078125 0.7980944333333333 0.8049476468749999 0.7948426125 0.7634869281250001 0.24420092083333333
0 0.803321734375 0.23986515833333336 0.767551703125 0.23986515833333336 0.79681809375 0.7948426125 0.8309622125 0.7937586708333334 0.803321734375 0.23986515833333336
0 0.8228326625 0.16832509583333335 0.801695825 0.17049297500000002 0.830149259375 0.7970104916666667 0.8447824531249999 0.7980944333333333 0.8228326625 0.16832509583333335
0 0.8577897374999999 0.7840032083333334 0.840717678125 0.16615721666666666 0.8187678843749999 0.16724115416666668 0.843969496875 0.7948426125 0.8618545125000001 0.7883389708333334 0.8577897374999999 0.7840032083333334
0 0.869171109375 0.2463688 0.845595409375 0.2507045625 0.8602286031249999 0.7948426125 0.8886820375 0.7883389708333334 0.869171109375 0.2463688
0 0.909818875 0.09678503333333334 0.869171109375 0.09028139166666667 0.8886820375 0.79592655 0.9309557093749999 0.7894229083333334 0.909818875 0.09678503333333334
0 0.9650998312500001 0.09678503333333334 0.911444784375 0.09353321249999999 0.935833440625 0.79050685 0.9813589374999999 0.7829192666666667 0.9650998312500001 0.09678503333333334