0 0.06028063125000001 0.07727410833333333 0.0033737656249999996 0.08052592916666666 0.06028063125000001 0.9834482291666667 0.115561590625 0.9834482291666667 0.06028063125000001 0.07727410833333333
0 0.12043932187499999 0.08377775000000001 0.069223140625 0.08377775000000001 0.11637454375 0.9780285291666666 0.16840368125 0.9801964083333333 0.12043932187499999 0.08377775000000001
0 0.195231203125 0.2030111875 0.12531705312500002 0.20084330416666668 0.16271299374999998 0.9823642916666666 0.22856236874999997 0.9736927666666666 0.195231203125 0.2030111875
0 0.24563443125 0.08811350833333333 0.191979384375 0.08052592916666666 0.227749415625 0.9769445875 0.278965596875 0.9736927666666666 0.24563443125 0.08811350833333333
0 0.309044940625 0.08919745 0.257015803125 0.08811350833333333 0.287095146875 0.9856161125 0.338311328125 0.9726088291666667 0.309044940625 0.08919745
0 0.361074075 0.011153745833333334 0.313922671875 0.0122376875 0.34075019375000004 0.97586065 0.381397959375 0.9769445875 0.361074075 0.011153745833333334
0 0.405786615625 0.013321625 0.35944816562500004 0.010069804166666666 0.3822109125 0.9801964083333333 0.421232765625 0.97586065 0.405786615625 0.013321625
0 0.431801184375 0.23444545416666665 0.406599571875 0.23661333750000002 0.422045721875 0.98128035 0.437491871875 0.9769445875 0.431801184375 0.23444545416666665
0 0.4480602875 0.22902575416666665 0.425297540625 0.23010969583333332 0.43667891562500005 0.9801964083333333 0.45456393124999994 0.97586065 0.4480602875 0.22902575416666665
0 0.465945303125 0.23010969583333332 0.4439955125 0.23010969583333332 0.4594416625 0.97586065 0.47082303437500006 0.9791124708333334 0.465945303125 0.23010969583333332
0 0.47651372187499996 0.015489508333333334 0.465945303125 0.019825270833333335 0.46513235 0.9780285291666666 0.4805785 0.9747767083333333 0.47651372187499996 0.015489508333333334
0 0.48870804999999995 0.016573445833333332 0.47407485625 0.0176573875 0.478139634375 0.97586065 0.49195987187499995 0.97586065 0.48870804999999995 0.016573445833333332
0 0.5301687687500001 0.02090920833333333 0.493585784375 0.02090920833333333 0.48870804999999995 0.9747767083333333 0.5261039937499999 0.9715248875 0.5301687687500001 0.02090920833333333
0 0.5732553968749999 0.02090920833333333 0.530981725 0.023077091666666667 0.5261039937499999 0.97586065 0.561874025 0.98128035 0.5732553968749999 0.02090920833333333
0 0.6017088312500001 0.11087625833333334 0.57081653125 0.11412807916666666 0.565125846875 0.97586065 0.58788859375 0.9780285291666666 0.6017088312500001 0.11087625833333334
0 0.636665909375 0.10979231666666665 0.6017088312500001 0.1130441375 0.59195336875 0.9747767083333333 0.619593846875 0.9682730666666667 0.636665909375 0.10979231666666665
0 0.6724359375 0.10545655416666667 0.6326011312500001 0.10654049583333333 0.621219759375 0.9769445875 0.6512991031250001 0.9726088291666667 0.6724359375 0.10545655416666667
0 0.706580059375 0.02524497083333333 0.6732488937500001 0.02524497083333333 0.6512991031250001 0.9747767083333333 0.67893958125 0.9693570083333333 0.706580059375 0.02524497083333333
0 0.743976 0.030664670833333334 0.706580059375 0.029580733333333335 0.682191403125 0.9780285291666666 0.7163355218749999 0.9769445875 0.743976 0.030664670833333334
0 0.7716164812499999 0.2517885 0.73503349375 0.2517885 0.7228391656250001 0.9747767083333333 0.752105553125 0.9715248875 0.7716164812499999 0.2517885
0 0.81226424375 0.24962062083333333 0.7716164812499999 0.2507045625 0.755357375 0.9715248875 0.783810809375 0.9715248875 0.81226424375 0.24962062083333333
0 0.85697678125 0.2507045625 0.8114512875000001 0.25287244166666667 0.7919403625 0.9704409458333333 0.8268974375000001 0.9628533666666667 0.85697678125 0.2507045625
0 0.909818875 0.25504032083333333 0.85860269375 0.26046002500000004 0.8268974375000001 0.9682730666666667 0.87242293125 0.9606854833333334 0.909818875 0.25504032083333333
0 0.952905503125 0.26046002500000004 0.915509559375 0.26371184583333335 0.880552484375 0.9704409458333333 0.9171354718750001 0.9671891250000001 0.952905503125 0.26046002500000004
0 0.999747984375 0.266801075 0.9569702781249999 0.2626279041666667 0.921200246875 0.9671891250000001 0.9569702781249999 0.9650212458333333 0.999747984375 0.266801075
0 0.9968050843749999 0.3287482666666667 0.9602221 0.961769425 0.9878625781249999 0.961769425 0.999747984375 0.7251344083333334 0.9968050843749999 0.3287482666666667