6 0.122303125 0.1838359375 0.12619687500000001 0.1996734375 0.7242359375 0.0545671875 0.7215703125 0.03945625 0.122303125 0.1838359375
6 0.72905625 0.0694140625 0.7245171874999999 0.0561703125 0.1264796875 0.201275 0.1293671875 0.2238984375 0.13426875 0.2329484375 0.7304515625 0.089821875 0.72905625 0.0694140625
6 0.7367109375 0.1440703125 0.72831875 0.102721875 0.143946875 0.23784999999999998 0.1416515625 0.249821875 0.14611093749999998 0.2688625 0.152221875 0.278525 0.7367109375 0.1440703125
6 0.1460921875 0.2812578125 0.14942187499999998 0.293890625 0.7411703125 0.1631109375 0.7356421875 0.144259375 0.1460921875 0.2812578125
6 0.14849375 0.29487968750000004 0.154365625 0.3219328125 0.7485359375 0.19238125 0.7422390625 0.1629234375 0.14849375 0.29487968750000004
6 0.151725 0.325703125 0.15810156250000001 0.34936406249999996 0.7533390625 0.2196234375 0.7491265625 0.1957359375 0.151725 0.325703125
6 0.15673281249999998 0.3603453125 0.15606875 0.3753328125 0.7590703125 0.245875 0.7536484375 0.2213828125 0.158665625 0.35256875 0.15673281249999998 0.3603453125
6 0.164740625 0.38702187499999996 0.16792968749999998 0.3988515625 0.7644390624999999 0.276321875 0.7588484375 0.25087187499999997 0.16397343749999999 0.37641718750000003 0.164740625 0.38702187499999996
6 0.16073125 0.4017734375 0.16950937500000002 0.4390546875 0.7745671875 0.31501875 0.76795625 0.27753125 0.16792968749999998 0.3988515625 0.16073125 0.4017734375
6 0.17071875 0.43966874999999994 0.1776421875 0.47892812500000004 0.7841921875 0.35710625 0.776765625 0.3212390625 0.17071875 0.43966874999999994
6 0.7617234374999999 0.4296390625 0.7500921875000001 0.3699265625 0.1771375 0.48232187499999996 0.179115625 0.4935390625 0.18535 0.5163984375 0.189165625 0.5380328125 0.7617234374999999 0.4296390625
6 0.188140625 0.5572140625 0.18933125 0.570221875 0.19441875 0.5990671875 0.7742359375000001 0.4943515625 0.7623249999999999 0.433053125 0.187028125 0.538409375 0.1841046875 0.5405765625 0.188140625 0.5572140625
6 0.1980109375 0.625696875 0.20255 0.638940625 0.8262421874999999 0.5330984375 0.8172218750000001 0.49443906249999997 0.1972609375 0.602696875 0.1980109375 0.625696875
6 0.203725 0.66434375 0.20733593749999998 0.678578125 0.836290625 0.577590625 0.828340625 0.5387546875 0.20247031249999997 0.6447375 0.203725 0.66434375
6 0.20898124999999998 0.6816609375 0.21683124999999998 0.7199312499999999 0.833528125 0.624409375 0.8262140625000001 0.5829265625 0.20898124999999998 0.6816609375
6 0.22600625000000002 0.728228125 0.2307671875 0.7364765625 0.8095593750000001 0.6509421875 0.8041734375 0.632890625 0.2258046875 0.7208281249999999 0.22600625000000002 0.728228125
6 0.2293359375 0.740859375 0.2301046875 0.7514640625 0.23472343750000002 0.7589109374999999 0.8155109375 0.6721984375 0.8150875 0.6697953125 0.8118203125000001 0.6637625 0.8129687499999999 0.6577765624999999 0.8120140625 0.6523656250000001 0.2293359375 0.740859375
6 0.2285140625 0.767440625 0.237396875 0.8303140625 0.8305671875 0.7513328125000001 0.8169609375 0.680415625 0.2285140625 0.767440625
6 0.23624843750000002 0.8362999999999999 0.2446640625 0.8777765625 0.8772921874999999 0.7976203125 0.867140625 0.75255 0.23624843750000002 0.8362999999999999
6 0.2448671875 0.8851765625000001 0.2522125 0.926840625 0.8899625 0.8507390625 0.8807 0.8044546875 0.2448671875 0.8851765625000001
6 0.2514890625 0.9352296875 0.2563546875 0.9690703125000001 0.8497265625000001 0.8974890625 0.8435109375 0.8622343750000001 0.2514890625 0.9352296875