5 0.1267546125 0.31225954166666664 0.0979521875 0.3120067875 0.08753888125 0.7897996958333333 0.11565581875 0.7917730625 0.1267546125 0.31225954166666664
5 0.153290728125 0.314176925 0.12749455625 0.31324622500000004 0.117135653125 0.7917730625 0.14377280312500001 0.7917730625 0.153290728125 0.314176925
5 0.185029009375 0.3575797041666667 0.15413170625 0.3566589708333333 0.14747241875 0.7868397791666666 0.180768809375 0.7868397791666666 0.185029009375 0.3575797041666667
5 0.21595349062500002 0.3564946333333333 0.186688203125 0.3566589708333333 0.181508753125 0.7868397791666666 0.21332530312500003 0.7868397791666666 0.21595349062500002 0.3564946333333333
5 0.248101578125 0.3250860625 0.22246390625 0.32502762083333336 0.21554508437500003 0.7848664791666666 0.24292212812499997 0.7848664791666666 0.248101578125 0.3250860625
5 0.27621856562499997 0.3290326625 0.25180119375 0.3290326625 0.24514190624999999 0.7848664791666666 0.27251895312499996 0.7838797958333333 0.27621856562499997 0.3290326625
5 0.316864946875 0.3510692875 0.27917824062499996 0.34975238333333336 0.275478625 0.7838797958333333 0.313214571875 0.7838797958333333 0.316864946875 0.3510692875
5 0.355113646875 0.3521543583333333 0.31913391562500004 0.3487657333333333 0.31765408125 0.7819064916666666 0.35243035625 0.7838797958333333 0.355113646875 0.3521543583333333
5 0.38424690625 0.3221260791666667 0.358368853125 0.3217724125 0.35760975625 0.7769732083333333 0.38498685 0.7769732083333333 0.38424690625 0.3221260791666667
5 0.416803403125 0.3240994125 0.389426359375 0.3221260791666667 0.389426359375 0.7799331916666666 0.416803403125 0.7789465083333333 0.416803403125 0.3240994125
5 0.44344055625 0.3586322708333334 0.419763075 0.3576456208333333 0.41902318125000004 0.7799331916666666 0.444180446875 0.7799331916666666 0.44344055625 0.3586322708333334
5 0.46859786875 0.3586322708333334 0.444180446875 0.3576456208333333 0.446400228125 0.7799331916666666 0.47081755000000003 0.7799331916666666 0.46859786875 0.3586322708333334
5 0.496715209375 0.3033262333333333 0.47303732812500005 0.30436633750000003 0.4745172125 0.7819064916666666 0.49967447812500004 0.780919875 0.496715209375 0.3033262333333333
5 0.52483174375 0.34580578333333334 0.52519828125 0.3033262333333333 0.500414371875 0.3023930375 0.501894259375 0.780919875 0.527791415625 0.7789465083333333 0.52483174375 0.34580578333333334
5 0.578106046875 0.30633964166666666 0.5325225 0.3044113 0.5307510875 0.7779598916666667 0.578845940625 0.7779598916666667 0.578106046875 0.30633964166666666
5 0.626109740625 0.3076665083333333 0.580325825 0.30633964166666666 0.580325825 0.7769732083333333 0.627680684375 0.7740132916666667 0.626109740625 0.3076665083333333
5 0.675035640625 0.30633964166666666 0.6291605687499999 0.3053529875 0.6299004625 0.7779598916666667 0.6787352062500001 0.7779598916666667 0.675035640625 0.30633964166666666
5 0.679820678125 0.27077415 0.682434771875 0.7789465083333333 0.716471153125 0.7769732083333333 0.710551809375 0.27279343333333333 0.679820678125 0.27077415
5 0.729049834375 0.2678601625 0.7127715875 0.2698334625 0.719430825 0.7789465083333333 0.748993853125 0.7764165083333334 0.743108303125 0.2688468125 0.737928853125 0.2678601625 0.729049834375 0.2678601625
5 0.776663125 0.2686040083333333 0.7475477625 0.2688468125 0.751987321875 0.7789465083333333 0.780104259375 0.7789465083333333 0.776663125 0.2686040083333333
5 0.8074813031250001 0.2688468125 0.778624471875 0.2678601625 0.78158414375 0.7779598916666667 0.808221296875 0.7779598916666667 0.8074813031250001 0.2688468125
5 0.8442086968750001 0.2696890791666667 0.81266075625 0.2688468125 0.81266075625 0.7759865916666667 0.8452172499999999 0.7759865916666667 0.8442086968750001 0.2696890791666667
5 0.8832711968750001 0.2696890791666667 0.8481769218749999 0.2688468125 0.848916915625 0.7749999083333333 0.8829531968750001 0.7740132916666667 0.8832711968750001 0.2696890791666667
5 0.919949253125 0.27279343333333333 0.8851729781250001 0.2718067833333333 0.8866528625000001 0.7769732083333333 0.9206891468749999 0.7769732083333333 0.919949253125 0.27279343333333333