4 0.116578125 0.1833765625 0.0678375 0.176865625 0.028709375 0.8235671874999999 0.077525 0.8279078125 0.116578125 0.1833765625
4 0.1694609375 0.8289937500000001 0.2158375 0.8192281250000001 0.17271562499999998 0.3493921875 0.1222734375 0.3569875 0.167834375 0.830078125 0.1694609375 0.8289937500000001
4 0.22397343749999998 0.8224828125 0.2312953125 0.8192281250000001 0.2475671875 0.8192281250000001 0.265465625 0.815971875 0.2264140625 0.3548171875 0.18095624999999999 0.361328125 0.22397343749999998 0.8224828125
4 0.25651718749999997 0.210503125 0.2305984375 0.20941875 0.2752296875 0.8127171875 0.3028921875 0.8072921875000001 0.25651718749999997 0.210503125
4 0.28743281249999997 0.21701406250000002 0.264778125 0.21592812499999997 0.3094 0.8094625000000001 0.3354359375 0.805121875 0.28743281249999997 0.21701406250000002
4 0.34764062500000004 0.258246875 0.3028921875 0.25933125 0.34357187499999997 0.8127171875 0.394828125 0.8018656249999999 0.34764062500000004 0.258246875
4 0.3980828125 0.263671875 0.354296875 0.2658421875 0.4021515625 0.810546875 0.45259375 0.7986109375 0.3980828125 0.263671875
4 0.445271875 0.3352859375 0.409634375 0.3385421875 0.46072968750000004 0.8029515625 0.500596875 0.7942703125 0.445271875 0.3352859375
4 0.4883921875 0.3352859375 0.45113906249999997 0.3396265625 0.504665625 0.8072921875000001 0.546971875 0.799696875 0.4883921875 0.3352859375
4 0.52581875 0.2615015625 0.48938750000000003 0.2669265625 0.55429375 0.8181421875 0.594975 0.8083765625 0.52581875 0.2615015625
4 0.568125 0.26258750000000003 0.5290734375 0.2658421875 0.5990421875 0.8192281250000001 0.64135 0.8083765625 0.568125 0.26258750000000003
4 0.6120593750000001 0.2897140625 0.5837890625 0.29188437500000003 0.6511125 0.8268234375000001 0.6820296875 0.8203125 0.6120593750000001 0.2897140625
4 0.7057203125 0.8213968749999999 0.7171109375 0.8181421875 0.641446875 0.29296875 0.6145984375 0.297309375 0.6845671875 0.8213968749999999 0.7057203125 0.8213968749999999
4 0.656090625 0.22243906249999998 0.6407546875000001 0.22352500000000003 0.72199375 0.824653125 0.7374515625 0.8213968749999999 0.656090625 0.22243906249999998
4 0.6731765625 0.2278640625 0.6578453125 0.22895 0.739078125 0.8213968749999999 0.7577906249999999 0.815971875 0.6731765625 0.2278640625
4 0.8025390625 0.8127171875 0.7154843750000001 0.219184375 0.6959578125 0.219184375 0.6798171875000001 0.2213546875 0.7610453125000001 0.8224828125 0.8025390625 0.8127171875
4 0.8472875 0.8094625000000001 0.7577906249999999 0.219184375 0.74151875 0.22026875 0.7237625000000001 0.22352500000000003 0.80579375 0.8181421875 0.8472875 0.8094625000000001
4 0.8009124999999999 0.22895 0.776659375 0.23220468749999998 0.858678125 0.8224828125 0.8904078125 0.815971875 0.8009124999999999 0.22895
4 0.9294609375 0.8181421875 0.8391515625 0.224609375 0.8293874999999999 0.224609375 0.8124671875 0.2278640625 0.89773125 0.824653125 0.9294609375 0.8181421875