4 0.9501468750000001 0.847075 0.9450234375000001 0.8207203125 0.397303125 0.9031499999999999 0.3999859375 0.928321875 0.9501468750000001 0.847075
4 0.942271875 0.8179390625 0.9385249999999999 0.792975 0.392934375 0.874990625 0.394059375 0.8978359375 0.942271875 0.8179390625
4 0.9302718750000001 0.7846328125 0.925925 0.7622703125 0.39220625 0.8428078125 0.3928640625 0.8632500000000001 0.9302718750000001 0.7846328125
4 0.933225 0.760021875 0.9244406250000001 0.7318921875 0.33671093750000003 0.8245859375 0.340275 0.8486015625000001 0.933225 0.760021875
4 0.9216906249999999 0.7291109375 0.91565625 0.7037625000000001 0.336759375 0.796396875 0.3394109375 0.8214109374999999 0.9216906249999999 0.7291109375
4 0.9185421874999999 0.70154375 0.9117546875 0.6779984375 0.3401578125 0.768384375 0.3448140625 0.79234375 0.9185421874999999 0.70154375
4 0.9114437499999999 0.6764 0.9015296875000001 0.631084375 0.3281125 0.7234828125 0.3341765625 0.766053125 0.9114437499999999 0.6764
4 0.9073 0.6266484375 0.8957218749999999 0.5841421875 0.32199374999999997 0.6749421875 0.3270265625 0.7178921875000001 0.9073 0.6266484375
4 0.8943453124999999 0.5827515625 0.8848968749999999 0.53983125 0.31483125 0.6324062500000001 0.31939843749999997 0.6729609375 0.8943453124999999 0.5827515625
4 0.8876125 0.5367359375 0.87980625 0.4852078125 0.3085203125 0.5771921875 0.314925 0.6272031250000001 0.8876125 0.5367359375
4 0.8899703125 0.47494375 0.8854046875 0.434390625 0.25872968749999997 0.5371406249999999 0.26389687500000003 0.575090625 0.8899703125 0.47494375
4 0.8837187500000001 0.431403125 0.8756453125 0.38987343750000003 0.2520328125 0.49700156250000005 0.2580796875 0.53379375 0.8837187500000001 0.431403125
4 0.8748687500000001 0.3858796875 0.8686375 0.3481359375 0.241209375 0.45269062499999996 0.2457234375 0.4872828125 0.8748687500000001 0.3858796875
4 0.867240625 0.3409484375 0.8595 0.3068140625 0.2363328125 0.4105390625 0.23946718749999998 0.44373125 0.867240625 0.3409484375
4 0.8485390625000001 0.3072859375 0.8443687499999999 0.2915203125 0.2808484375 0.38365312500000004 0.2830078125 0.4004484375 0.8485390625000001 0.3072859375
4 0.843903125 0.28912499999999997 0.83560625 0.2691875 0.27954218750000004 0.3598703125 0.28125625 0.3800625 0.843903125 0.28912499999999997
4 0.83545 0.2683890625 0.82975 0.250434375 0.29893749999999997 0.33455 0.3004953125 0.35393906249999996 0.83545 0.2683890625
4 0.8306374999999999 0.24363125000000002 0.8247828125 0.2248765625 0.29487968750000004 0.30798749999999997 0.2965921875 0.32816875 0.8306374999999999 0.24363125000000002
4 0.8256703125 0.21807343750000002 0.8217671875000001 0.192309375 0.2644828125 0.2824015625 0.26575000000000004 0.3059765625 0.8256703125 0.21807343750000002
4 0.8151140625 0.163765625 0.2611796875 0.254034375 0.26248593750000004 0.277815625 0.8188609375 0.18873125 0.8180640625000001 0.17894062500000002 0.8151140625 0.163765625
4 0.8121859375 0.1543890625 0.8127421874999999 0.14019062499999999 0.8062437499999999 0.1124453125 0.800896875 0.1076828125 0.2944484375 0.1920359375 0.298084375 0.23917187499999998 0.8121859375 0.1543890625