6 0.14177656249999998 0.1917765625 0.11504218749999999 0.18939375 0.0825828125 0.75515625 0.10921875 0.7581156250000001 0.14177656249999998 0.1917765625
6 0.16793906249999999 0.1959046875 0.14251562499999998 0.1927640625 0.1121796875 0.7561421875 0.1380765625 0.759103125 0.16793906249999999 0.1959046875
6 0.138815625 0.7600890625 0.171371875 0.7630484375 0.19875 0.1967109375 0.16989218749999999 0.1947375 0.138815625 0.7600890625
6 0.1735921875 0.7600890625 0.2068890625 0.7610765625 0.23130625 0.1996703125 0.2031890625 0.1967109375 0.1735921875 0.7600890625
6 0.20984843749999998 0.765021875 0.24388437500000001 0.7640359375 0.260903125 0.2716953125 0.2298265625 0.2667625 0.20984843749999998 0.765021875
6 0.2461046875 0.7669953125 0.28024375 0.765565625 0.2927203125 0.2716953125 0.2623828125 0.2687359375 0.2461046875 0.7669953125
6 0.3341546875 0.204603125 0.29570625 0.2024140625 0.28088125 0.7669953125 0.320096875 0.76995625 0.3341546875 0.204603125
6 0.3252765625 0.76995625 0.3624375 0.7688203125 0.371890625 0.2065765625 0.33563437500000004 0.204603125 0.3252765625 0.76995625
6 0.4140671875 0.20953750000000002 0.37485 0.2065765625 0.3674515625 0.76896875 0.40740781249999997 0.7709421875 0.4140671875 0.20953750000000002
6 0.41533437500000003 0.7731609374999999 0.454021875 0.76995625 0.4532828125 0.21150937500000003 0.41480625 0.20953750000000002 0.41533437500000003 0.7731609374999999
6 0.503596875 0.2174296875 0.4562421875 0.21447031249999998 0.46438125 0.7768625 0.5102562500000001 0.775875 0.503596875 0.2174296875
6 0.51395625 0.779821875 0.5422875 0.779671875 0.53319375 0.23124375000000003 0.5058171875 0.23124375000000003 0.51395625 0.779821875
6 0.56181875 0.23388124999999998 0.5354140625 0.23124375000000003 0.5428124999999999 0.779821875 0.5701890625 0.780809375 0.56181875 0.23388124999999998
6 0.5738890624999999 0.21545625 0.5709296875 0.220390625 0.572409375 0.7827828125 0.604965625 0.7827828125 0.6000687499999999 0.2110953125 0.5775890625 0.21052343750000002 0.5738890624999999 0.21545625
6 0.6108859375 0.7857421875 0.6440140624999999 0.785096875 0.6330828125 0.21545625 0.601265625 0.2174296875 0.6108859375 0.7857421875
6 0.6643578125 0.2219453125 0.6360421875 0.2213765625 0.64788125 0.786728125 0.6759984375 0.78475625 0.6643578125 0.2219453125
6 0.677478125 0.7857421875 0.7055953125000001 0.7857421875 0.69005625 0.22236250000000002 0.664159375 0.22236250000000002 0.677478125 0.7857421875
6 0.723765625 0.271859375 0.6952359375 0.27366875 0.710775 0.7877156249999999 0.7411109375 0.7877156249999999 0.723765625 0.271859375
6 0.7744078125 0.7887015625 0.75295 0.27366875 0.7366718750000001 0.2726828125 0.7263124999999999 0.27465625 0.746290625 0.7887015625 0.7551703125 0.790675 0.765528125 0.7896890625 0.7744078125 0.7887015625
6 0.8062250000000001 0.227296875 0.7714484374999999 0.2213765625 0.78920625 0.79856875 0.8284218750000001 0.794621875 0.8062250000000001 0.227296875
6 0.8521000000000001 0.23124375000000003 0.8173234375 0.22927031250000002 0.8306421875 0.794621875 0.8661578125 0.7936359375 0.8521000000000001 0.23124375000000003