4 0.7914703125 0.9054171875 0.79670625 0.8832203125 0.3923 0.7740296875 0.385821875 0.7966203125 0.7914703125 0.9054171875
4 0.78949375 0.8650703125 0.7957734375000001 0.843171875 0.3633515625 0.729334375 0.3564265625 0.75348125 0.78949375 0.8650703125
4 0.782771875 0.797971875 0.3980265625 0.7028828125000001 0.3924203125 0.722434375 0.776940625 0.81830625 0.7823125 0.8113828125 0.782771875 0.797971875
4 0.7955125 0.8007781250000001 0.800603125 0.775153125 0.3818859375 0.66863125 0.3753359375 0.695409375 0.7955125 0.8007781250000001
4 0.8068140625 0.74561875 0.3905546875 0.6423390625 0.384903125 0.66598125 0.8034390625000001 0.7691953125000001 0.8069593749999999 0.7490453125000001 0.8068140625 0.74561875
4 0.8110640625000001 0.7426046875 0.8159296875000001 0.7177625 0.4015328125 0.6158640625 0.3933125 0.640590625 0.8110640625000001 0.7426046875
4 0.8221890625 0.71955625 0.8262359375000001 0.6936328125 0.40856250000000005 0.587409375 0.40093750000000006 0.614 0.8221890625 0.71955625
4 0.8289953125 0.691884375 0.8346796875000001 0.6681234375 0.41305781250000007 0.559921875 0.40714843749999996 0.584465625 0.8289953125 0.691884375
4 0.8393 0.6677562499999999 0.8437171875 0.6444765625 0.41919218750000004 0.5345953125 0.41350625 0.5583578124999999 0.8393 0.6677562499999999
4 0.8464765625 0.6427296874999999 0.8499296875000001 0.6149421875 0.47010781250000006 0.51449375 0.4635703125 0.5412312499999999 0.8464765625 0.6427296874999999
4 0.8529125000000001 0.6124109375 0.8592703125 0.5863031249999999 0.4804125 0.49036406250000003 0.47499843750000004 0.513184375 0.8529125000000001 0.6124109375
4 0.877559375 0.550075 0.4574296875 0.4406078125 0.4491015625 0.4735875 0.86135625 0.5869015625 0.8645625000000001 0.5835890625 0.877559375 0.550075
4 0.8833328125 0.5102578125 0.47103124999999996 0.39711093750000004 0.461584375 0.433990625 0.8738359375 0.547315625 0.8798125000000001 0.5304078125 0.8833328125 0.5102578125
4 0.9012218750000001 0.5069234375 0.90721875 0.4663234375 0.48770468749999996 0.3350265625 0.4755953125 0.377259375 0.9012218750000001 0.5069234375
4 0.5922328125 0.36415312499999997 0.9034953124999999 0.4635625 0.9166484374999999 0.4216296875 0.49966875 0.2893671875 0.4924921875 0.31439374999999997 0.487559375 0.3316 0.5922328125 0.36415312499999997
4 0.5132703125 0.2458703125 0.5084140625 0.258865625 0.502196875 0.28054843749999997 0.9217171875 0.4196984375 0.9347140625 0.38618281250000003 0.5132703125 0.2458703125
4 0.9299468750000001 0.3831234375 0.9407796875000001 0.3532203125 0.522621875 0.2053859375 0.5116328125 0.2437078125 0.9299468750000001 0.3831234375
4 0.9690984374999999 0.3528765625 0.9864906250000001 0.31977656250000003 0.5337671875 0.15864375 0.5223296875 0.19065625 0.9690984374999999 0.3528765625
4 0.9765359374999999 0.31512656250000004 0.9881875000000001 0.28630468750000004 0.5419453125 0.12618281250000002 0.5324234375 0.155453125 0.9765359374999999 0.31512656250000004
4 0.9873687500000001 0.2852234375 0.9994687499999999 0.2548359375 0.553753125 0.0889421875 0.5441546875000001 0.1224140625 0.9873687500000001 0.2852234375
4 1 0.2201265625 0.571225 0.0516328125 0.563990625 0.05717656250000001 0.554921875 0.0848640625 0.9973828125 0.2542390625 1 0.2476640625 1 0.2201265625
4 1 0.17465625 0.5811015625 0.005375 0.568975 0.0397921875 1 0.21102812499999998 1 0.17465625