4 0.9833562499999999 0.778534375 0.9753343750000001 0.7446515625 0.466071875 0.8906796874999999 0.47614375000000003 0.9258046875 0.9833562499999999 0.778534375
4 0.9752750000000001 0.74149375 0.9679921874999999 0.722 0.4224671875 0.88033125 0.42626406250000004 0.899471875 0.9752750000000001 0.74149375
4 0.9673203125000001 0.719653125 0.9617687500000001 0.700296875 0.41434375 0.857903125 0.4210984375 0.8755546875 0.9673203125000001 0.719653125
4 0.9596421875000001 0.695828125 0.9508453125 0.6710546875000001 0.42794687500000006 0.8197234375000001 0.43800625000000004 0.84594375 0.9596421875000001 0.695828125
4 0.9487171875 0.6665875 0.940196875 0.6398296875 0.42104375000000005 0.786790625 0.4282484375 0.8119140625 0.9487171875 0.6665875
4 0.9291124999999999 0.6188859375 0.43046562499999996 0.7606015625 0.4364328125 0.7784546875 0.4377484375 0.7800953125000001 0.9343265625000001 0.63706875 0.9291124999999999 0.6188859375
4 0.43230781250000005 0.7581687500000001 0.929053125 0.6157296875 0.9273125 0.60670625 0.92339375 0.5989421875 0.424746875 0.7406578125000001 0.42992968749999994 0.7587312500000001 0.43230781250000005 0.7581687500000001
4 0.9265078125 0.5802765625 0.9223609375 0.56876875 0.9177687499999999 0.558659375 0.911671875 0.55215625 0.360334375 0.710884375 0.361015625 0.722115625 0.3659515625 0.7422828124999999 0.3707375 0.756021875 0.9280296874999999 0.5944390625 0.9288624999999999 0.5884875 0.9265078125 0.5802765625
4 0.9147921875 0.5423734375 0.9145578125 0.5297453125 0.908678125 0.5181 0.9053734375 0.5095265625 0.8989390625 0.50185 0.34620625 0.6616125 0.34565 0.66558125 0.34951875 0.679071875 0.35321875 0.6919765625000001 0.3591203125 0.7066515625 0.9123953124999999 0.548775 0.9147921875 0.5423734375
4 0.8935140625000001 0.49769218750000005 0.8856671875 0.47328125 0.39031875 0.6146843750000001 0.397175 0.6385953125 0.8935140625000001 0.49769218750000005
4 0.883540625 0.4688125 0.8764749999999999 0.44417656250000004 0.3828 0.5825625 0.38920781249999997 0.6078609375 0.883540625 0.4688125
4 0.8737343750000001 0.44051875 0.8654343750000001 0.40862031249999997 0.37243125 0.5493515625 0.38096406250000003 0.5791125 0.8737343750000001 0.44051875
4 0.853778125 0.373875 0.363121875 0.513934375 0.371821875 0.5442734375 0.372371875 0.5461953125 0.8639203125 0.4033421875 0.853778125 0.373875
4 0.8550968749999999 0.3696171875 0.8438265625 0.3303171875 0.31372187500000004 0.48041875 0.3235046875 0.517490625 0.8550968749999999 0.3696171875
4 0.8396890625 0.3276953125 0.8283109375000001 0.290965625 0.3017796875 0.4387734375 0.311896875 0.4770078125 0.8396890625 0.3276953125
4 0.8308171874999999 0.2819953125 0.81955625 0.2515796875 0.291796875 0.40100781249999995 0.30006093749999996 0.43278125 0.8308171874999999 0.2819953125
4 0.8393515624999999 0.21728125 0.831396875 0.19544062499999998 0.17707656249999998 0.38179375000000004 0.1812640625 0.4052546875 0.8393515624999999 0.21728125
4 0.788859375 0.19176875 0.299709375 0.3282203125 0.301709375 0.34405 0.3030234375 0.3456796875 0.7966390624999999 0.2041375 0.788859375 0.19176875
4 0.7852265625 0.19090625 0.78415 0.17534375 0.7774890625 0.1639234375 0.7726203125 0.1557984375 0.289896875 0.29104375 0.29873125 0.3277609375 0.7852265625 0.19090625
4 0.8198453125 0.090203125 0.8107125 0.0642578125 0.0349796875 0.293678125 0.041471875000000005 0.3045125 0.0438265625 0.3127234375 0.045196875 0.32045625 0.8198453125 0.090203125
4 0.8081296874999999 0.052301562499999996 0.79944375 0.024957812500000003 0.016821875 0.23921406250000002 0.0247265625 0.2667828125 0.8081296874999999 0.052301562499999996
4 0.7404359375 0.0406078125 0.7303015625 0.0200265625 0.226128125 0.1690390625 0.22833437499999998 0.1796859375 0.7404359375 0.0406078125
4 0.7077734375 0 0.21722187499999998 0.1468375 0.2222859375 0.16745000000000002 0.7290140625 0.018490625 0.7230203125 0 0.7077734375 0
4 0.6085 0 0.209653125 0.12044218749999999 0.211115625 0.1314484375 0.21650624999999998 0.1443453125 0.69104375 0 0.6085 0