4 0.055615625 0.75195 0.066978125 0.7527453125 0.053809375000000007 0.182946875 0.0441328125 0.1822703125 0.055615625 0.75195
4 0.0677140625 0.7538843749999999 0.0956125 0.751484375 0.086034375 0.15365625 0.0566640625 0.15377812500000002 0.0677140625 0.7538843749999999
4 0.10372812499999999 0.7520515624999999 0.11450625 0.7495421875 0.10582812500000001 0.185496875 0.0960890625 0.185903125 0.10372812499999999 0.7520515624999999
4 0.11450625 0.7495421875 0.13989374999999998 0.7480546875 0.1346546875 0.15814375 0.1087609375 0.1563328125 0.11450625 0.7495421875
4 0.1421765625 0.7503890625 0.1569375 0.7492453125 0.1556984375 0.2770890625 0.139390625 0.2770359375 0.1421765625 0.7503890625
4 0.1600328125 0.7516375 0.1746421875 0.752659375 0.174365625 0.27839375 0.158209375 0.2761765625 0.1600328125 0.7516375
4 0.17785 0.753971875 0.19504531249999998 0.7529984375 0.19416875 0.15904218750000002 0.17540625 0.15990625 0.17785 0.753971875
4 0.199028125 0.7543640625 0.2236046875 0.7528203125 0.228109375 0.2451703125 0.200578125 0.24324531249999998 0.199028125 0.7543640625
4 0.2252265625 0.7529328125 0.24729218749999998 0.7523015625 0.2549640625 0.16438124999999998 0.2313515625 0.16381718750000002 0.2252265625 0.7529328125
4 0.27098125 0.75178125 0.2810125 0.16511562500000002 0.2582875 0.1646140625 0.24899062500000002 0.75133125 0.25784375000000004 0.7530390625 0.27098125 0.75178125
4 0.27407499999999996 0.7541734375 0.3049921875 0.7552484374999999 0.3170265625 0.1632828125 0.28368125 0.1631265625 0.27407499999999996 0.7541734375
4 0.306615625 0.7553609375 0.33930781250000003 0.754384375 0.35872187499999997 0.161846875 0.324575 0.161634375 0.306615625 0.7553609375
4 0.3415921875 0.75671875 0.36203281249999997 0.7559734375 0.381521875 0.16235312500000001 0.360521875 0.1608859375 0.3415921875 0.75671875
4 0.3635046875 0.7582515625 0.3837953125 0.7596703125000001 0.403209375 0.1671328125 0.3830703125 0.16355 0.3635046875 0.7582515625
4 0.3856453125 0.7565375000000001 0.4067484375 0.7580125 0.42933281250000005 0.166784375 0.40834374999999995 0.1653171875 0.3856453125 0.7565375000000001
4 0.40852187500000003 0.7559609375 0.4271890625 0.7572671875 0.45471874999999995 0.165296875 0.4320375 0.1647984375 0.40852187500000003 0.7559609375
4 0.4285109375 0.761709375 0.44880000000000003 0.7631281249999999 0.475896875 0.165690625 0.45654374999999997 0.1643375 0.4285109375 0.761709375
4 0.5119453125 0.1867015625 0.48604843750000004 0.183803125 0.4813109375 0.183471875 0.45661406250000003 0.768025 0.48628593750000004 0.763575 0.5119453125 0.1867015625
4 0.48724999999999996 0.761465625 0.5616359375 0.759053125 0.599771875 0.17870312500000002 0.516240625 0.17395 0.48724999999999996 0.761465625
4 0.5663546875 0.761559375 0.6395515625 0.7645015625 0.688465625 0.1816421875 0.6065796875 0.17700312499999998 0.5663546875 0.761559375
4 0.6427984375 0.7647296875 0.668921875 0.76438125 0.7232890624999999 0.185165625 0.696615625 0.18438749999999998 0.6427984375 0.7647296875
4 0.6720171875000001 0.766771875 0.6989515625 0.7664796875000001 0.7573015625 0.18863125 0.7283515625 0.18551875 0.6720171875000001 0.766771875
4 0.7036703125 0.7689859375 0.7281703125 0.7685234375000001 0.7948859374999999 0.18799531249999998 0.765515625 0.1881171875 0.7036703125 0.7689859375
4 0.730703125 0.7676125 0.7582984374999999 0.7695421875 0.8266140625 0.18912656249999998 0.7983953125000001 0.187153125 0.730703125 0.7676125
4 0.7608078125 0.7686296875 0.78774375 0.7683390625000001 0.858928125 0.1935625 0.8307171875 0.19158906250000002 0.7608078125 0.7686296875
4 0.789215625 0.7706171875 0.8177734375 0.7704390625 0.8899203124999999 0.193553125 0.8634921875 0.18952968750000002 0.789215625 0.7706171875
4 0.8219828124999999 0.7685578125 0.8489921875 0.7671828125 0.925934375 0.19172187499999999 0.9009874999999999 0.1899765625 0.8219828124999999 0.7685578125
4 0.8528234375 0.7707140625 0.8779843749999999 0.7724734375 0.960909375 0.19307968749999999 0.9343484375 0.191221875 0.8528234375 0.7707140625
4 0.8812046875 0.7737859375 0.911234375 0.7758859375 0.9985968749999999 0.1913640625 0.9663125000000001 0.18910625 0.8812046875 0.7737859375
4 1 0.215809375 0.9901609375 0.28866875 0.9167640625000001 0.7784484375 0.946134375 0.7783265625 1 0.41774843749999996 1 0.215809375