0 0.14157615625 0.1694090375 0.09035997500000001 0.16615721666666666 0.0651583625 0.8251929416666666 0.12043932187499999 0.8262768833333334 0.14157615625 0.1694090375
0 0.185475740625 0.17374479583333333 0.1423891125 0.17157691666666666 0.12287818749999999 0.824109 0.175720278125 0.8316965833333333 0.185475740625 0.17374479583333333
0 0.24726034062500002 0.10220473333333334 0.196044159375 0.09678503333333334 0.166777771875 0.8295287041666667 0.22856236874999997 0.8230250625 0.24726034062500002 0.10220473333333334
0 0.291159925 0.103288675 0.24400851875 0.103288675 0.227749415625 0.838200225 0.277339684375 0.8403681041666666 0.291159925 0.103288675
0 0.329368821875 0.1748287375 0.283843328125 0.1694090375 0.27977854999999996 0.8436199291666667 0.322052225 0.8436199291666667 0.329368821875 0.1748287375
0 0.370829540625 0.1802484375 0.33099473125 0.17808055833333333 0.32042631250000003 0.8360323458333333 0.369203628125 0.8414520458333333 0.370829540625 0.1802484375
0 0.426923453125 0.17591267916666667 0.389527509375 0.16182145416666666 0.370829540625 0.8436199291666667 0.42041980937499995 0.8414520458333333 0.426923453125 0.17591267916666667
0 0.47001008125 0.1802484375 0.43098822812500004 0.17808055833333333 0.421232765625 0.8414520458333333 0.466758259375 0.8436199291666667 0.47001008125 0.1802484375
0 0.49765055937499997 0.09678503333333334 0.471635990625 0.09461715416666668 0.46757121562500004 0.8425359875 0.492772828125 0.8436199291666667 0.49765055937499997 0.09678503333333334
0 0.523665128125 0.08269380833333333 0.49439873749999996 0.08377775000000001 0.4903339625 0.8490396291666666 0.517974440625 0.85229145 0.523665128125 0.08269380833333333
0 0.553744471875 0.08702957083333333 0.51634853125 0.08811350833333333 0.515535575 0.8479556875 0.54155014375 0.8490396291666666 0.553744471875 0.08702957083333333
0 0.577320175 0.08919745 0.55049265 0.08811350833333333 0.5366724125 0.84687175 0.57081653125 0.84687175 0.577320175 0.08919745
0 0.608212475 0.08486168749999999 0.5732553968749999 0.08594562916666666 0.56675175625 0.84687175 0.6025217875 0.8512075083333334 0.608212475 0.08486168749999999
0 0.6415436406249999 0.08811350833333333 0.608212475 0.08486168749999999 0.5960181437500001 0.85229145 0.634227040625 0.8533753916666666 0.6415436406249999 0.08811350833333333
0 0.689508 0.13363900416666666 0.639917728125 0.1325550625 0.634227040625 0.8512075083333334 0.690320953125 0.8555432708333334 0.689508 0.13363900416666666
0 0.73584645 0.13905870833333334 0.6919468656250001 0.136890825 0.68869504375 0.85229145 0.742350090625 0.85771115 0.73584645 0.13905870833333334
0 0.7976310468750001 0.1227996 0.748853734375 0.12063172083333333 0.7512926 0.8620469125 0.803321734375 0.8598790333333334 0.7976310468750001 0.1227996
0 0.8285233468750001 0.2691315458333333 0.799256959375 0.2680476083333333 0.8049476468749999 0.8598790333333334 0.830149259375 0.8609629708333333 0.8285233468750001 0.2691315458333333
0 0.865106334375 0.09678503333333334 0.819580840625 0.09353321249999999 0.8334010781250001 0.8566272125 0.869171109375 0.8566272125 0.865106334375 0.09678503333333334
0 0.9122577406250001 0.10112079583333333 0.86835815625 0.09461715416666668 0.8748617968750001 0.8620469125 0.9187613812500001 0.866382675 0.9122577406250001 0.10112079583333333
0 0.9650998312500001 0.19650754583333332 0.9187613812500001 0.204095125 0.9252650250000001 0.8609629708333333 0.972416428125 0.8642147916666667 0.9650998312500001 0.19650754583333332
0 0.999747984375 0.1720430125 0.9683516531249999 0.16832509583333335 0.9740423375 0.8631308541666667 0.999747984375 0.865255375 0.999747984375 0.1720430125