4 0.0819796875 0.21027656249999999 0.05308906249999999 0.2077421875 0.0260421875 0.9017234375 0.05800625 0.8981718750000001 0.0819796875 0.21027656249999999
4 0.1175421875 0.22076250000000003 0.0890828125 0.2185640625 0.0722125 0.89461875 0.10151406249999999 0.8934359374999999 0.1175421875 0.22076250000000003
4 0.11039218749999999 0.89461875 0.1292609375 0.8939390625 0.1361421875 0.2233 0.120159375 0.2233 0.11039218749999999 0.89461875
4 0.1605109375 0.22206406250000002 0.1450203125 0.22448437499999999 0.13259062500000002 0.8887 0.1503484375 0.8898828125 0.1605109375 0.22206406250000002
4 0.1624640625 0.8926375 0.189415625 0.8887 0.1903046875 0.22448437499999999 0.1654421875 0.22448437499999999 0.1624640625 0.8926375
4 0.2210578125 0.22466875000000003 0.19207968749999998 0.22685312500000002 0.19385625 0.89461875 0.2258203125 0.8934359374999999 0.2210578125 0.22466875000000003
4 0.233753125 0.8939390625 0.26577656250000004 0.8934359374999999 0.257784375 0.2304046875 0.2258203125 0.2304046875 0.233753125 0.8939390625
4 0.2913703125 0.2311796875 0.2604484375 0.2304046875 0.2684390625 0.8934359374999999 0.3012921875 0.8910671875 0.2913703125 0.2311796875
4 0.30484374999999997 0.8922515625 0.32945625 0.8913359375000001 0.3199375 0.23395625 0.2950765625 0.23514062500000002 0.30484374999999997 0.8922515625
4 0.3510140625 0.2375078125 0.3226015625 0.23987656249999997 0.34568750000000004 0.89461875 0.3714359375 0.8910671875 0.3510140625 0.2375078125
4 0.37853906249999997 0.8958031249999999 0.4122796875 0.8910671875 0.395409375 0.2410609375 0.3758765625 0.2375078125 0.36078125 0.24224375 0.37853906249999997 0.8958031249999999
4 0.41583125 0.8922515625 0.44859687499999995 0.8900328125 0.42737499999999995 0.2410609375 0.3980734375 0.23987656249999997 0.41583125 0.8922515625
4 0.46617499999999995 0.2428984375 0.4335890625 0.24342812500000002 0.45223593749999996 0.8958031249999999 0.48419999999999996 0.8934359374999999 0.46617499999999995 0.2428984375
4 0.4868640625 0.8958031249999999 0.5197171875000001 0.8934359374999999 0.502846875 0.24816406249999998 0.4717703125 0.24697968750000002 0.4868640625 0.8958031249999999
4 0.5277078125 0.8958031249999999 0.558784375 0.8922515625 0.5419140625 0.2493484375 0.5135015625 0.24697968750000002 0.5277078125 0.8958031249999999
4 0.560559375 0.8969875 0.59508125 0.8900328125 0.5774296875 0.2529 0.546353125 0.25053281250000003 0.560559375 0.8969875
4 0.6302375 0.2897734375 0.57920625 0.29315625 0.5969640625 0.8815953125 0.64935 0.875675 0.6302375 0.2897734375
4 0.6857546875 0.291971875 0.6324796874999999 0.2943390625 0.6511265625 0.87804375 0.7061765624999999 0.8709390625 0.6857546875 0.291971875
4 0.74524375 0.29315625 0.6928578125 0.2955234375 0.7079515625 0.8744921874999999 0.7612265625 0.86975625 0.74524375 0.29315625
4 0.7665546875 0.8744921874999999 0.8167609375 0.8744078125 0.807396875 0.299075 0.7558984375 0.2978921875 0.7665546875 0.8744921874999999
4 0.88020625 0.2978921875 0.819690625 0.2962828125 0.8313703125 0.8744921874999999 0.888196875 0.8744921874999999 0.88020625 0.2978921875
4 0.956409375 0.3014921875 0.9006281250000001 0.2967078125 0.8979640625 0.87804375 0.957453125 0.8744921874999999 0.956409375 0.3014921875