6 0.0491671875 0.720571875 0.07509218749999999 0.72245 0.15780624999999998 0.106975 0.1286359375 0.102309375 0.0491671875 0.720571875
6 0.18795781250000002 0.11459375000000001 0.16214843750000002 0.107896875 0.0734859375 0.725740625 0.09965625 0.7264609375 0.18795781250000002 0.11459375000000001
6 0.217253125 0.1305046875 0.1894625 0.12459687500000001 0.100525 0.7266453125 0.126675 0.7315359375 0.217253125 0.1305046875
6 0.1276953125 0.7312109375 0.15076875 0.73369375 0.2440890625 0.1321734375 0.21948281249999999 0.1285578125 0.1276953125 0.7312109375
6 0.2676265625 0.1412109375 0.24529218749999998 0.135253125 0.151390625 0.7350375 0.1723828125 0.737259375 0.2676265625 0.1412109375
6 0.1740875 0.7350203125 0.202371875 0.7386109375000001 0.2906046875 0.21394375000000002 0.2631484375 0.2092546875 0.1740875 0.7350203125
6 0.326665625 0.2179140625 0.2925484375 0.21187187500000002 0.20299375 0.739953125 0.2333734375 0.7462296875 0.326665625 0.2179140625
6 0.236490625 0.7446531249999999 0.273459375 0.7500890625000001 0.3700015625 0.21617812500000003 0.33273125000000003 0.21072968749999998 0.236490625 0.7446531249999999
6 0.41275000000000006 0.222896875 0.372553125 0.21556250000000002 0.273965625 0.75625 0.31170156250000003 0.7628781250000001 0.41275000000000006 0.222896875
6 0.31243906250000003 0.7716890624999999 0.34791875 0.7756000000000001 0.46576093749999997 0.178484375 0.42435625000000005 0.17182187499999999 0.31243906250000003 0.7716890624999999
6 0.5088109375000001 0.1852140625 0.47121874999999996 0.17843437499999998 0.3491625 0.7782859375 0.3879921875 0.78441875 0.5088109375000001 0.1852140625
6 0.3923140625 0.771721875 0.42184375 0.7779984375 0.5329453125 0.25746875 0.50221875 0.2503875 0.3923140625 0.771721875
6 0.5674875 0.2678921875 0.5362203125 0.2612453125 0.4254328125 0.7739203125 0.4560765625 0.779221875 0.5674875 0.2678921875
6 0.611409375 0.20218124999999998 0.5844859375 0.1964578125 0.456453125 0.7817234375 0.483484375 0.7860796875 0.611409375 0.20218124999999998
6 0.48935312499999994 0.80203125 0.5141640625 0.804884375 0.6482609375 0.20344062499999999 0.619834375 0.19670937500000002 0.48935312499999994 0.80203125
6 0.66813125 0.30259843750000004 0.6307859375 0.2946609375 0.5188546875 0.79135625 0.5533421875 0.7956046875 0.66813125 0.30259843750000004
6 0.713409375 0.30738125 0.6773078124999999 0.30212812499999997 0.5591828125 0.8023484375000001 0.5929234375 0.8058890625 0.713409375 0.30738125
6 0.7083640625000001 0.4079859375 0.6892578125 0.40392343750000004 0.5961375 0.799309375 0.6177203125 0.800265625 0.7083640625000001 0.4079859375
6 0.7971468749999999 0.319128125 0.7369749999999999 0.3075484375 0.62219375 0.8048484374999999 0.6791453125 0.8143578125 0.7971468749999999 0.319128125
6 0.6824953125000001 0.8200875 0.7368359375 0.829215625 0.8663187499999999 0.3283296875 0.8022281250000001 0.3165765625 0.6824953125000001 0.8200875
6 0.9095375000000001 0.255865625 0.8864640625 0.2533828125 0.7405421875 0.8203203125 0.7619640624999999 0.8239734375 0.9095375000000001 0.255865625
6 0.7625 0.8237781249999999 0.785328125 0.82741875 0.936865625 0.2594609375 0.911521875 0.2550765625 0.7625 0.8237781249999999
6 0.9619640625000001 0.3081640625 0.9295828125 0.3024921875 0.7901625 0.8260265625000001 0.82154375 0.8278546875 0.9619640625000001 0.3081640625
6 0.8212984375 0.8290124999999999 0.8510734375 0.8341312500000001 0.99725 0.3135625 0.96456875 0.30871875000000004 0.8212984375 0.8290124999999999
6 1 0.31629843750000003 0.8513203125000001 0.8329734375 0.8831187500000001 0.8364140624999999 1 0.42387499999999995 1 0.31629843750000003