6 0.044834374999999996 0.159653125 0.000934375 0.1574859375 0.054590625000000004 0.844703125 0.08304375 0.8360328125 0.044834374999999996 0.159653125
6 0.08385625 0.1650734375 0.0432078125 0.1607375 0.0871078125 0.8392843750000001 0.12369062500000001 0.8436203125 0.08385625 0.1650734375
6 0.1423890625 0.018740625 0.08466875 0.01440625 0.1188140625 0.8457874999999999 0.167590625 0.8436203125 0.1423890625 0.018740625
6 0.189540625 0.0783578125 0.144828125 0.074021875 0.1708421875 0.8522921875 0.213115625 0.8501234375 0.189540625 0.0783578125
6 0.23913125000000002 0.20084375 0.188728125 0.1965078125 0.21149062500000002 0.8490390624999999 0.25782812499999996 0.8457874999999999 0.23913125000000002 0.20084375
6 0.2724625 0.17808125 0.235065625 0.174828125 0.29278593750000004 0.85554375 0.3261171875 0.846871875 0.2724625 0.17808125
6 0.3147359375 0.176996875 0.2765265625 0.1759125 0.323678125 0.8501234375 0.3602609375 0.8501234375 0.3147359375 0.176996875
6 0.3488796875 0.1802484375 0.31229687500000003 0.18566875 0.3610734375 0.8566265625 0.39521875 0.8501234375 0.3488796875 0.1802484375
6 0.3822109375 0.18892031250000002 0.3488796875 0.192171875 0.39684375 0.8598796875 0.4261109375 0.853375 0.3822109375 0.18892031250000002
6 0.413915625 0.12279999999999999 0.38058437500000003 0.1238828125 0.422859375 0.854459375 0.45375156250000004 0.853375 0.413915625 0.12279999999999999
6 0.45131249999999995 0.1249671875 0.4155421875 0.12279999999999999 0.45375156250000004 0.8652984375000001 0.49033437500000004 0.8577109374999999 0.45131249999999995 0.1249671875
6 0.49033437500000004 0.1260515625 0.4504984375 0.12713593750000002 0.48626874999999997 0.8652984375000001 0.5204140625 0.8620468750000001 0.49033437500000004 0.1260515625
6 0.5228515625 0.12930312500000002 0.491146875 0.1325546875 0.5187875 0.8663828125 0.5488671875 0.8598796875 0.5228515625 0.12930312500000002
6 0.5618734375 0.13580625 0.5334203125 0.13797500000000001 0.5488671875 0.8652984375000001 0.587075 0.8663828125 0.5618734375 0.13580625
6 0.5992703125000001 0.1412265625 0.5675640625 0.14339375000000001 0.5862625 0.8663828125 0.614715625 0.8739703125 0.5992703125000001 0.1412265625
6 0.6277234375 0.21385 0.6008953125 0.20843124999999998 0.61959375 0.8761374999999999 0.637478125 0.8728859375000001 0.6277234375 0.21385
6 0.6488609375000001 0.217103125 0.625284375 0.2181859375 0.64235625 0.8739703125 0.659428125 0.87071875 0.6488609375000001 0.217103125
6 0.669996875 0.21493437499999998 0.647234375 0.2192703125 0.6610546875 0.8728859375000001 0.6838171875 0.87071875 0.669996875 0.21493437499999998
6 0.718775 0.2192703125 0.6756875 0.21601875 0.6903203125 0.87830625 0.726090625 0.8728859375000001 0.718775 0.2192703125
6 0.7699906249999999 0.217103125 0.7228390625000001 0.22252187499999998 0.7301562500000001 0.8793906249999999 0.7740546875 0.8718031249999999 0.7699906249999999 0.217103125
6 0.82120625 0.2214375 0.7724296875000001 0.23227812499999997 0.77568125 0.8815578125 0.82120625 0.87830625 0.82120625 0.2214375
6 0.8748625000000001 0.2279421875 0.8236453125000001 0.23227812499999997 0.81958125 0.8739703125 0.871609375 0.877221875 0.8748625000000001 0.2279421875
6 0.9122578125 0.23119375 0.8764875 0.2409484375 0.8740484374999999 0.8804734375000001 0.914696875 0.87830625 0.9122578125 0.23119375
6 0.9529062500000001 0.23444531249999997 0.919575 0.24420156249999997 0.9179484375 0.8837249999999999 0.9545312499999999 0.8869781250000001 0.9529062500000001 0.23444531249999997
6 0.9789203125 0.136890625 0.95371875 0.1412265625 0.9553437499999999 0.8891453125 0.97648125 0.8880609375 0.9789203125 0.136890625
6 0.9959921875 0.1412265625 0.97566875 0.14231093749999998 0.97566875 0.8826421874999999 0.99843125 0.8858937499999999 0.9959921875 0.1412265625