5 0.140040146875 0.19405227500000002 0.10387074999999998 0.19211647916666666 0.0965328125 0.7967001083333333 0.137376409375 0.7978840500000001 0.140040146875 0.19405227500000002
5 0.16441762499999998 0.21685606249999997 0.143591753125 0.21536397916666666 0.13826434062499998 0.8038039916666667 0.15957404375 0.8038039916666667 0.16441762499999998 0.21685606249999997
5 0.164013521875 0.8038039916666667 0.18101918749999998 0.8040956458333334 0.18443535 0.21773194166666665 0.16578932500000002 0.21891592083333336 0.164013521875 0.8038039916666667
5 0.21639987187499998 0.19523625833333333 0.18980824999999998 0.19602272916666666 0.188874890625 0.8002520083333333 0.21462406875 0.7990680666666666 0.21639987187499998 0.19523625833333333
5 0.2415660625 0.19732481249999997 0.215512 0.19523625833333333 0.215512 0.8014360291666667 0.2394854375 0.8002520083333333 0.2415660625 0.19732481249999997
5 0.24303704375000001 0.8026199708333334 0.2806285625 0.8014914791666666 0.28210483750000004 0.20826007916666667 0.24570071875 0.20826007916666667 0.24303704375000001 0.8026199708333334
5 0.3187145 0.20774147916666666 0.28210483750000004 0.2070761 0.282992709375 0.8026199708333334 0.3158451625 0.8038039916666667 0.3187145 0.20774147916666666
5 0.3158451625 0.8097239291666667 0.35935249687500004 0.8097239291666667 0.35935249687500004 0.08275777916666667 0.31939682812500003 0.08157379583333334 0.3158451625 0.8097239291666667
5 0.3655678375 0.8026199708333334 0.4056285625 0.7988873125 0.40463563437500005 0.275747175 0.36645576874999997 0.275747175 0.3655678375 0.8026199708333334
5 0.4446910625 0.2806581458333334 0.40552356562499997 0.28048309583333336 0.40552356562499997 0.7990680666666666 0.44459135937500005 0.7978840500000001 0.4446910625 0.2806581458333334
5 0.44636716249999997 0.8026199708333334 0.4837535625 0.7988873125 0.48010748750000004 0.192868275 0.44547923125000005 0.192868275 0.44636716249999997 0.8026199708333334
5 0.520951146875 0.8014360291666667 0.5208629375 0.19472064583333332 0.48632283125000003 0.19405227500000002 0.48454708750000003 0.8002520083333333 0.504080984375 0.8026199708333334 0.520951146875 0.8014360291666667
5 0.522726890625 0.8109078708333333 0.5462535625 0.8093039791666666 0.546700384375 0.22838780416666668 0.522726890625 0.22957178333333333 0.522726890625 0.8109078708333333
5 0.5671221562500001 0.24141162916666667 0.54758825625 0.24141162916666667 0.546700384375 0.8002520083333333 0.568010028125 0.8026199708333334 0.5671221562500001 0.24141162916666667
5 0.594105125 0.19211647916666666 0.571561634375 0.19050031666666667 0.5706737625 0.8026199708333334 0.595535128125 0.8038039916666667 0.594105125 0.19211647916666666
5 0.597310871875 0.8038039916666667 0.622172240625 0.8026199708333334 0.618620634375 0.19523625833333333 0.595535128125 0.19523625833333333 0.597310871875 0.8038039916666667
5 0.66637075 0.19992897916666666 0.62128425 0.20115617916666664 0.622172240625 0.7967001083333333 0.663903771875 0.7943320666666666 0.66637075 0.19992897916666666
5 0.665679515625 0.22128390416666666 0.665679515625 0.793148125 0.701195703125 0.7978840500000001 0.7278328125 0.7978840500000001 0.7482545843749999 0.7943320666666666 0.750030446875 0.22009992083333335 0.729608678125 0.21773194166666665 0.706523171875 0.21536397916666666 0.687877146875 0.21536397916666666 0.665679515625 0.22128390416666666
5 0.7509183187499999 0.7978840500000001 0.77134020625 0.8026199708333334 0.7926498468750001 0.8049879291666666 0.81218374375 0.80617195 0.8245738749999999 0.7988873125 0.8468120625 0.19878819583333335 0.764236875 0.19760421666666667 0.7509183187499999 0.7978840500000001