6 0.199390625 0.33942031250000004 0.2093125 0.3671640625 0.49629843749999997 0.35969375000000003 0.493746875 0.314153125 0.48921093750000005 0.2835640625 0.1989703125 0.2922875 0.199390625 0.33942031250000004
6 0.21475 0.274709375 0.4557296875 0.2637234375 0.46345625 0.2289796875 0.2158828125 0.24296250000000003 0.21475 0.274709375
6 0.26648125 0.4000875 0.27175625000000003 0.7234265625 0.306053125 0.7217265625 0.3031640625 0.402165625 0.28715 0.39763125 0.26648125 0.4000875
6 0.242171875 0.37786718750000003 0.21836093750000002 0.379190625 0.2185046875 0.7224859375 0.2397640625 0.7241859374999999 0.260596875 0.7221078125 0.263146875 0.38089062500000004 0.242171875 0.37786718750000003
6 0.188834375 0.3763671875 0.1617890625 0.37901250000000003 0.1649828125 0.726371875 0.1902046875 0.7296234375 0.21583281250000003 0.725465625 0.2173203125 0.379390625 0.188834375 0.3763671875
6 0.14271875 0.35310312499999996 0.126703125 0.3548046875 0.1280109375 0.7272765625 0.14799374999999998 0.7287890625 0.162875 0.7238749999999999 0.15935 0.356315625 0.14271875 0.35310312499999996
6 0.1002046875 0.317784375 0.08773281250000001 0.3183515625 0.08950156249999999 0.7351421874999999 0.09928125 0.7341968750000001 0.1103359375 0.7355203125 0.1072671875 0.32572812500000003 0.1002046875 0.317784375
6 0.3285703125 0.36398281250000003 0.3081609375 0.36795 0.331084375 0.7321984375 0.351209375 0.7301203125 0.3681984375 0.7285625 0.3438765625 0.3692734375 0.3285703125 0.36398281250000003
6 0.34889375 0.3780125 0.36946875 0.7281109375 0.3905859375 0.726978125 0.4025 0.72674375 0.3860828125 0.37419375 0.364484375 0.3732875 0.34889375 0.3780125
6 0.4128453125 0.36745625 0.3879015625 0.37066875 0.403865625 0.7299359375 0.4320453125 0.7291796875000001 0.44394999999999996 0.724834375 0.4327875 0.37285 0.4128453125 0.36745625
6 0.45518281250000003 0.389703125 0.438034375 0.3915921875 0.4475765625 0.7364140625 0.46670937500000004 0.7356578125000001 0.4832921875 0.7341453125 0.47247031249999993 0.3902109375 0.45518281250000003 0.389703125
6 0.5010734375 0.3633296875 0.47286875000000006 0.36465312499999997 0.482496875 0.740434375 0.5104171875 0.7393 0.5325265625 0.7376 0.5217265624999999 0.3642671875 0.5010734375 0.3633296875
6 0.524678125 0.3398609375 0.5347453125 0.7380453124999999 0.566209375 0.7422015625 0.5951234375000001 0.73909375 0.5890375 0.3373015625 0.558125 0.33740312499999997 0.524678125 0.3398609375
6 0.614334375 0.33305625 0.5954843750000001 0.3336234375 0.6011578125 0.742446875 0.6188734375 0.7413140625 0.6329046875000001 0.738290625 0.6287203124999999 0.33399531250000003 0.614334375 0.33305625
6 0.6622671875 0.737228125 0.6815421875000001 0.731559375 0.674603125 0.32572812500000003 0.629925 0.327009375 0.633496875 0.7334484375 0.6622671875 0.737228125
6 0.716021875 0.3149921875 0.6872515625 0.31839375 0.692921875 0.7518359375 0.7238171875 0.75618125 0.7498953125 0.7520249999999999 0.7467921875 0.31417812500000003 0.716021875 0.3149921875
6 0.7741515625 0.3117734375 0.749065625 0.31706406249999997 0.7514671875000001 0.7504765625 0.78815 0.7518 0.809975 0.7487765625 0.8066718749999999 0.31663437499999997 0.7741515625 0.3117734375
6 0.8389578125 0.314325 0.8070937499999999 0.31507968750000004 0.8118093749999999 0.7512875 0.8424234374999999 0.7518546875000001 0.8677671874999999 0.7485578125 0.863715625 0.3191140625 0.8389578125 0.314325
6 0.8971140625 0.3063609375 0.868909375 0.3088171875 0.8681484375 0.7490078125 0.89861875 0.750896875 0.9200156249999999 0.74885625 0.9228203125000001 0.31336875000000003 0.8971140625 0.3063609375
6 0.9459484375 0.307696875 0.9236968750000001 0.3110984375 0.9215671875 0.7417203125 0.947928125 0.7473890625 0.9659265625 0.7470109375 0.9641609375 0.30919375 0.9459484375 0.307696875
6 1 0.3008484375 0.9667578125 0.31556875 0.968396875 0.7417234374999999 1 0.7436140625000001 1 0.3008484375