6 0.10434687499999999 0.2788625 0.080859375 0.2810328125 0.1255 0.9657125000000001 0.15235 0.96245625 0.10434687499999999 0.2788625
6 0.1305015625 0.283203125 0.16780781250000001 0.9288187499999999 0.1791984375 0.927734375 0.1767578125 0.9201390625 0.1531625 0.37109375 0.1580453125 0.366753125 0.15479062500000002 0.283203125 0.1305015625 0.283203125
6 0.1791984375 0.3689234375 0.15479062500000002 0.37217812499999997 0.1791984375 0.9581156249999999 0.20360625 0.9548609375 0.1791984375 0.3689234375
6 0.207675 0.37000937500000003 0.182584375 0.37000937500000003 0.20523281249999997 0.96245625 0.23208281249999999 0.961371875 0.207675 0.37000937500000003
6 0.224759375 0.2951390625 0.21676406250000002 0.2951390625 0.237778125 0.9559468750000001 0.24916718750000003 0.9559468750000001 0.224759375 0.2951390625
6 0.238590625 0.2951390625 0.22815781249999997 0.2962234375 0.2507953125 0.9559468750000001 0.26299843749999996 0.9548609375 0.238590625 0.2951390625
6 0.25567656250000004 0.297309375 0.24361875 0.2962234375 0.2638125 0.9537765625000001 0.2784578125 0.9505203124999999 0.25567656250000004 0.297309375
6 0.2727625 0.2962234375 0.2582671875 0.297309375 0.280084375 0.9548609375 0.293915625 0.952690625 0.2727625 0.2962234375
6 0.3175109375 0.341796875 0.2794265625 0.341796875 0.2996109375 0.9581156249999999 0.3313421875 0.952690625 0.3175109375 0.341796875
6 0.35575 0.34071250000000003 0.3207640625 0.34071250000000003 0.3321546875 0.9385843749999999 0.3638859375 0.9396703125 0.35575 0.34071250000000003
6 0.39724375 0.3396265625 0.36162031250000004 0.3396265625 0.367140625 0.9396703125 0.399684375 0.9385843749999999 0.39724375 0.3396265625
6 0.43873749999999995 0.3396265625 0.403125 0.3396265625 0.4037515625 0.95703125 0.437109375 0.9559468750000001 0.43873749999999995 0.3396265625
6 0.4541953125 0.9559468750000001 0.46233124999999997 0.952690625 0.46721250000000003 0.24848125 0.44361875 0.24848125 0.44036406250000004 0.9537765625000001 0.4541953125 0.9559468750000001
6 0.4794171875 0.9548609375 0.48999375 0.95160625 0.4981296875 0.2473953125 0.47555312499999997 0.2473953125 0.4663984375 0.952690625 0.4794171875 0.9548609375
6 0.5656578125 0.3342015625 0.5040359375000001 0.3342015625 0.49080781250000005 0.91796875 0.5477593749999999 0.9168843750000001 0.5656578125 0.3342015625
6 0.5656578125 0.913628125 0.6112203125 0.9114578124999999 0.6372546875 0.33203125 0.57565 0.33203125 0.556709375 0.9092874999999999 0.5656578125 0.913628125
6 0.6682718750000001 0.366753125 0.6407546875000001 0.36566875 0.6145734375 0.8854171875000001 0.6332859375 0.883246875 0.6682718750000001 0.366753125
6 0.641421875 0.8821609374999999 0.6601343749999999 0.87890625 0.69430625 0.3645828125 0.6682718750000001 0.3645828125 0.6357265625 0.8799906249999999 0.641421875 0.8821609374999999
6 0.7203421875 0.361328125 0.6969078125 0.36024375000000003 0.6617625 0.874565625 0.6812890625 0.874565625 0.7203421875 0.361328125
6 0.74475 0.361328125 0.7205078125 0.36024375000000003 0.6829156249999999 0.87348125 0.7048828125 0.87348125 0.74475 0.361328125
6 0.7642765625 0.355903125 0.7473625 0.355903125 0.7089515625 0.863715625 0.7252234375 0.863715625 0.7642765625 0.355903125
6 0.7520718750000001 0.8713109375 0.7919390625 0.355903125 0.78705625 0.3548171875 0.7725906250000001 0.3548171875 0.7349859375000001 0.8713109375 0.7520718750000001 0.8713109375
6 0.858653125 0.26475624999999997 0.8155328125000001 0.26258750000000003 0.7675296875 0.8995218749999999 0.8065828125 0.8995218749999999 0.858653125 0.26475624999999997
6 0.9082828125000001 0.2615015625 0.8678062499999999 0.258246875 0.8155328125000001 0.8973531250000001 0.8488906249999999 0.8984375 0.9082828125000001 0.2615015625
6 0.9400140625000001 0.25933125 0.9158203125 0.258246875 0.8553984375000001 0.8995218749999999 0.8781796875 0.8995218749999999 0.9400140625000001 0.25933125
6 0.9684890625 0.25933125 0.9418609375000001 0.258246875 0.8798078125 0.8908421875 0.9009609375000001 0.894096875 0.9684890625 0.25933125