6 0.1622390625 0.20399375000000003 0.181634375 0.8973531250000001 0.1922109375 0.9006078125 0.20604218749999997 0.8984375 0.21417812500000002 0.894096875 0.19953437499999999 0.205078125 0.1808203125 0.20399375000000003 0.1622390625 0.20399375000000003
6 0.218246875 0.8919265624999999 0.2247546875 0.8930125 0.23858593749999998 0.8919265624999999 0.250790625 0.8875875000000001 0.2402140625 0.20616249999999997 0.2036015625 0.20724843750000002 0.218246875 0.8919265624999999
6 0.2760125 0.88433125 0.2979796875 0.8810765625 0.2906578125 0.1931421875 0.24280624999999997 0.18988750000000001 0.25323125 0.88433125 0.2760125 0.88433125
6 0.29326093750000004 0.1920578125 0.302046875 0.8919265624999999 0.3118109375 0.8930125 0.3223875 0.8897562499999999 0.3313375 0.8908421875 0.3443546875 0.888671875 0.3443546875 0.1953125 0.29326093750000004 0.1920578125
6 0.3695765625 0.8897562499999999 0.393984375 0.8854171875000001 0.3956109375 0.1920578125 0.3477859375 0.18988750000000001 0.35005000000000003 0.8897562499999999 0.3695765625 0.8897562499999999
6 0.44279999999999997 0.8810765625 0.449309375 0.1953125 0.43954531250000006 0.1953125 0.403125 0.194228125 0.39642499999999997 0.8854171875000001 0.44279999999999997 0.8810765625
6 0.47127656250000005 0.8875875000000001 0.4826671875 0.8799906249999999 0.49487031249999996 0.1974828125 0.4584625 0.1974828125 0.4501234375 0.8875875000000001 0.47127656250000005 0.8875875000000001
6 0.5347375000000001 0.20399375000000003 0.50078125 0.2018234375 0.48836250000000003 0.883246875 0.5184656249999999 0.87890625 0.5347375000000001 0.20399375000000003
6 0.5901500000000001 0.27235312500000003 0.5372656250000001 0.269096875 0.5226203125 0.8778218750000001 0.5771328125 0.8767359375 0.5901500000000001 0.27235312500000003
6 0.6259484375000001 0.8810765625 0.6381515624999999 0.8778218750000001 0.6169984375 0.21484375 0.592740625 0.21484375 0.6080484375 0.87890625 0.6259484375000001 0.8810765625
6 0.7268343749999999 0.8854171875000001 0.7349703125 0.8854171875000001 0.759378125 0.8767359375 0.772396875 0.8680562500000001 0.689409375 0.224609375 0.6552374999999999 0.23220468749999998 0.7268343749999999 0.8854171875000001
6 0.8342296875 0.863715625 0.7536828125 0.22569374999999997 0.7414796875 0.2278640625 0.7195125 0.23329062500000003 0.7902953125 0.8865015625 0.8342296875 0.863715625
6 0.8049406250000001 0.2213546875 0.780728125 0.22677968750000002 0.8439937499999999 0.8810765625 0.878978125 0.8680562500000001 0.8049406250000001 0.2213546875
6 0.85375625 0.224609375 0.8303703125 0.2311203125 0.888740625 0.8778218750000001 0.91884375 0.8648 0.85375625 0.224609375