5 0.095999525 0.24590837499999998 0.057819659375 0.2435404125 0.09333584687499999 0.78580505 0.1261883 0.7810691291666667 0.095999525 0.24590837499999998
5 0.127076171875 0.7822530666666666 0.15855824999999998 0.7780539791666666 0.129739909375 0.24590837499999998 0.09688745625 0.24472439166666668 0.127076171875 0.7822530666666666
5 0.164368165625 0.2092048625 0.13062778125000002 0.20802088333333335 0.16081655625 0.7787010875 0.1883416 0.7763331250000001 0.164368165625 0.2092048625
5 0.191005275 0.7787010875 0.2025035625 0.7754498125 0.1741351125 0.2092048625 0.164368165625 0.2103888625 0.191005275 0.7787010875
5 0.19189320625 0.0848865625 0.16880770312499999 0.08015063333333333 0.203435959375 0.8094847333333333 0.22296985625 0.8094847333333333 0.19189320625 0.0848865625
5 0.2265214625 0.8118526958333334 0.2474254375 0.8080018958333334 0.21142710625 0.0813346125 0.19455694375000002 0.08370258333333333 0.2265214625 0.8118526958333334
5 0.31708773749999997 0.20446894166666668 0.2337535625 0.19992897916666666 0.25671024062500003 0.7704132666666667 0.33040629374999997 0.7668612833333334 0.31708773749999997 0.20446894166666668
5 0.33484583125 0.7633093041666666 0.406605125 0.7559185625 0.40410234375 0.20802088333333335 0.32330307812500003 0.2032849416666667 0.33484583125 0.7633093041666666
5 0.457376628125 0.21512478333333332 0.40942981562499997 0.21157284583333333 0.40942981562499997 0.7597574041666667 0.44938548125000005 0.7550214791666666 0.457376628125 0.21512478333333332
5 0.45293708749999995 0.7538374624999999 0.4954723125 0.7494081458333334 0.50709924375 0.21749276666666667 0.4627040375 0.21512478333333332 0.45293708749999995 0.7538374624999999
5 0.550606634375 0.22933258750000002 0.509762978125 0.22578064583333332 0.49910815625 0.7526534416666667 0.533736353125 0.7479175208333333 0.550606634375 0.22933258750000002
5 0.53728808125 0.7479175208333333 0.5710284062500001 0.7431816 0.58967443125 0.22696462916666665 0.5559339875 0.22578064583333332 0.53728808125 0.7479175208333333
5 0.62341475625 0.2613001583333333 0.5932260375 0.25774821666666664 0.57280415 0.7455495583333334 0.60210499375 0.7443656166666667 0.62341475625 0.2613001583333333
5 0.6553793375 0.2624841375 0.6269663624999999 0.2613001583333333 0.60476873125 0.7431816 0.633181703125 0.7443656166666667 0.6553793375 0.2624841375
5 0.6536034749999999 0.2624841375 0.658043071875 0.2636681375 0.6367333125 0.7348936958333333 0.664417625 0.7311789791666666 0.688231790625 0.24709235416666667 0.6536034749999999 0.24590837499999998 0.6536034749999999 0.2624841375
5 0.730823875 0.24810606249999997 0.6953350031250001 0.24709235416666667 0.671361628125 0.7360777166666667 0.7015503437499999 0.7337097541666666 0.730823875 0.24810606249999997
5 0.705989825 0.7348936958333333 0.7405895 0.7324810625 0.7699189875 0.22459666666666667 0.737066534375 0.219860725 0.705989825 0.7348936958333333
5 0.8138316874999999 0.22857481249999997 0.77524645625 0.22814860833333334 0.743281875 0.7337097541666666 0.774358465625 0.7313417958333334 0.8138316874999999 0.22857481249999997
5 0.78057380625 0.7325257374999999 0.8001598124999999 0.7311789791666666 0.8409513625 0.2660361 0.81875373125 0.2660361 0.78057380625 0.7325257374999999
5 0.867588475 0.26485211666666664 0.84450296875 0.2660361 0.8018835687499999 0.7277898125 0.8258569437500001 0.7242378333333334 0.867588475 0.26485211666666664
5 0.834736021875 0.730157775 0.8607066874999999 0.7272727291666666 0.900440928125 0.2672200791666667 0.87824329375 0.2660361 0.834736021875 0.730157775