0 0.042395615625 0.05451135833333333 0.016381046875 0.05451135833333333 0.05052516875 0.8501235708333332 0.073287915625 0.8544593291666666 0.042395615625 0.05451135833333333
0 0.062719496875 0.058847120833333336 0.038330840625 0.05667924166666667 0.074100871875 0.8555432708333334 0.09279884375 0.8598790333333334 0.062719496875 0.058847120833333336
0 0.09442475312500001 0.05451135833333333 0.058654721875 0.05234347916666667 0.0960506625 0.8631308541666667 0.12694296249999998 0.8631308541666667 0.09442475312500001 0.05451135833333333
0 0.13182069375 0.062098941666666664 0.09117293125 0.05342742083333333 0.12694296249999998 0.8620469125 0.152144575 0.8620469125 0.13182069375 0.062098941666666664
0 0.16190003749999998 0.10003685416666667 0.131007740625 0.09570109166666667 0.15295753125 0.8642147916666667 0.18059800937499998 0.8728863166666667 0.16190003749999998 0.10003685416666667
0 0.190353471875 0.08702957083333333 0.159461171875 0.09136533333333333 0.18059800937499998 0.8696344958333333 0.20336075625 0.8696344958333333 0.190353471875 0.08702957083333333
0 0.222058728125 0.09353321249999999 0.1887275625 0.097868975 0.20661257812499997 0.8685505541666667 0.23425305624999998 0.8685505541666667 0.222058728125 0.09353321249999999
0 0.2505121625 0.09353321249999999 0.22043281874999998 0.09461715416666668 0.226936459375 0.871802375 0.263519446875 0.8685505541666667 0.2505121625 0.09353321249999999
0 0.313109715625 0.10112079583333333 0.25620285 0.103288675 0.26514535625 0.8707184375 0.31067085 0.8707184375 0.313109715625 0.10112079583333333
0 0.3626999875 0.10003685416666667 0.302541296875 0.09678503333333334 0.31148380625 0.8761381375 0.3626999875 0.8696344958333333 0.3626999875 0.10003685416666667
0 0.422045721875 0.10545655416666667 0.36757771875 0.10220473333333334 0.3626999875 0.8739702583333333 0.41391616875 0.8750541958333333 0.422045721875 0.10545655416666667
0 0.46513235 0.07727410833333333 0.42773640625000003 0.075106225 0.4131032125 0.8826417791666666 0.450499153125 0.8848096583333334 0.46513235 0.07727410833333333
0 0.503341246875 0.0794419875 0.46513235 0.0794419875 0.45212506562500004 0.8848096583333334 0.48301736562500003 0.8880614791666667 0.503341246875 0.0794419875
0 0.5448019656249999 0.08052592916666666 0.50496715625 0.07727410833333333 0.47895258749999997 0.8869775416666666 0.522852171875 0.8869775416666666 0.5448019656249999 0.08052592916666666
0 0.593579278125 0.08269380833333333 0.546427875 0.08052592916666666 0.5261039937499999 0.8869775416666666 0.5659388 0.8913133 0.593579278125 0.08269380833333333
0 0.64804728125 0.07835804583333333 0.5976440562499999 0.07619016666666667 0.564312890625 0.8848096583333334 0.6147161156250001 0.8869775416666666 0.64804728125 0.07835804583333333
0 0.6992634625 0.08811350833333333 0.64804728125 0.08594562916666666 0.6098383843749999 0.894565125 0.6683711625 0.9010687666666667 0.6992634625 0.08811350833333333
0 0.7390982687500001 0.08919745 0.707393015625 0.08486168749999999 0.669997071875 0.8956490625 0.7000764187499999 0.8978169458333334 0.7390982687500001 0.08919745
0 0.767551703125 0.09028139166666667 0.74072418125 0.08702957083333333 0.705767103125 0.899984825 0.728529853125 0.9010687666666667 0.767551703125 0.09028139166666667
0 0.8049476468749999 0.09028139166666667 0.770803525 0.09028139166666667 0.7260909843750001 0.9021527041666667 0.76023510625 0.9064884666666667 0.8049476468749999 0.09028139166666667
0 0.834214034375 0.09244927083333333 0.808199465625 0.09136533333333333 0.764299884375 0.894565125 0.788688540625 0.9021527041666667 0.834214034375 0.09244927083333333
0 0.880552484375 0.05667924166666667 0.8431565437499999 0.0599310625 0.801695825 0.905404525 0.830149259375 0.9075724083333333 0.880552484375 0.05667924166666667
0 0.921200246875 0.0653507625 0.8732358874999999 0.0555953 0.82771039375 0.9010687666666667 0.8675452 0.9032366458333333 0.921200246875 0.0653507625
0 0.9634739218749999 0.06426682083333334 0.920387290625 0.06751864583333332 0.859415646875 0.9119081666666666 0.9081929625 0.9129921083333333 0.9634739218749999 0.06426682083333334
0 0.997618040625 0.3623504166666667 0.999747984375 0.07560483750000001 0.9748552937499999 0.0740222875 0.9130706937499999 0.9119081666666666 0.956157321875 0.9108242291666666 0.997618040625 0.3623504166666667