0 0.11290322500000001 0.9993279583333333 0.07003609375 0.041504075 0.019632868749999997 0.032832554166666666 0.06597131875 0.9986233958333333 0.074100871875 0.9986233958333333 0.11290322500000001 0.9993279583333333
0 0.11637454375 0.13472294583333333 0.07572678125 0.13797476666666667 0.14726684375000001 0.9932036958333333 0.11637454375 0.13472294583333333
0 0.155396396875 0.1412265875 0.115561590625 0.1466462875 0.145640934375 0.9975394541666667 0.17978505625000002 0.9964555166666667 0.155396396875 0.1412265875
0 0.17978505625000002 0.9888679333333333 0.2407567 0.9964555166666667 0.226123503125 0.004650104166666667 0.166777771875 0.002482225 0.17978505625000002 0.9888679333333333
0 0.2854692375 0.011153745833333334 0.217993953125 0.007901925 0.23412298437499998 0.9996639791666666 0.29511088750000003 0.9996639791666666 0.2854692375 0.011153745833333334
0 0.355383390625 0.1943396625 0.291159925 0.1845842 0.2952247 0.995371575 0.352944525 0.995371575 0.355383390625 0.1943396625
0 0.353757478125 0.9942876333333334 0.4090384375 0.9964555166666667 0.4187939 0.19975936666666666 0.354570434375 0.19325572500000002 0.353757478125 0.9942876333333334
0 0.45537688750000005 0.20951482916666667 0.41472912187500005 0.2030111875 0.40822548125 0.9975394541666667 0.44236960312500007 0.995371575 0.45537688750000005 0.20951482916666667
0 0.440743690625 0.9942876333333334 0.481391453125 0.995371575 0.4903339625 0.20951482916666667 0.457002796875 0.20951482916666667 0.440743690625 0.9942876333333334
0 0.52691695 0.21059876666666666 0.49114691875 0.204095125 0.4748878125 0.9964555166666667 0.5105846781250001 0.9993279583333333 0.52691695 0.21059876666666666
0 0.5098448875 0.9964555166666667 0.537485365625 0.995371575 0.559435159375 0.17374479583333333 0.533420590625 0.17374479583333333 0.5098448875 0.9964555166666667
0 0.58626268125 0.1748287375 0.562686978125 0.17591267916666667 0.5350465 0.9975394541666667 0.5625 0.9996639791666666 0.58626268125 0.1748287375
0 0.565125846875 0.995371575 0.5911404124999999 0.9964555166666667 0.6147161156250001 0.16724115416666668 0.59195336875 0.1748287375 0.565125846875 0.995371575
0 0.6488602375 0.1802484375 0.6204068031250001 0.17591267916666667 0.5960181437500001 0.9975394541666667 0.61309020625 0.9975394541666667 0.6488602375 0.1802484375
0 0.6204068031250001 0.9932036958333333 0.6512991031250001 0.9932036958333333 0.6976375531250001 0.032832554166666666 0.656989790625 0.02090920833333333 0.6204068031250001 0.9932036958333333
0 0.736659403125 0.028496791666666667 0.6992634625 0.024161029166666667 0.654550925 0.9986233958333333 0.6813784468749999 0.995371575 0.736659403125 0.028496791666666667
0 0.6862561781250001 0.9888679333333333 0.7106448375000001 0.9921197541666668 0.772429434375 0.03933619583333334 0.741537134375 0.036084374999999995 0.6862561781250001 0.9888679333333333
0 0.77974603125 0.22143817083333334 0.75454441875 0.2171024125 0.71552256875 0.995371575 0.736659403125 0.9932036958333333 0.77974603125 0.22143817083333334
0 0.73584645 0.9910358125 0.7577962406250001 0.9932036958333333 0.81226424375 0.20192724583333332 0.7878755843749999 0.20084330416666668 0.73584645 0.9910358125
0 0.840717678125 0.20084330416666668 0.8138901531249999 0.204095125 0.76023510625 0.9932036958333333 0.78706263125 0.9910358125 0.840717678125 0.20084330416666668
0 0.84153063125 0.20084330416666668 0.7846237656249999 0.9899518749999999 0.80657355625 0.9932036958333333 0.813077196875 0.9910358125 0.86835815625 0.2030111875 0.84153063125 0.20084330416666668
0 0.909818875 0.002482225 0.88299135 0.00031434166666666663 0.8106383312500001 0.9899518749999999 0.839091765625 0.9942876333333334 0.909818875 0.002482225
0 0.91456653125 0 0.839091765625 0.9942876333333334 0.85697678125 0.995371575 0.941524128125 0.0013982833333333333 0.927671371875 0 0.91456653125 0
0 0.9699775624999999 0.0013982833333333333 0.941524128125 0.00031434166666666663 0.85860269375 0.995371575 0.8773006625 0.9932036958333333 0.9699775624999999 0.0013982833333333333
0 0.88217839375 0.9899518749999999 0.900063409375 0.9910358125 0.9894884875000001 0.002482225 0.964286875 0.0013982833333333333 0.88217839375 0.9899518749999999