5 0.2631121125 0.8626518833333333 0.279094403125 0.8590999041666667 0.287085546875 0.24224430833333335 0.20717415312499998 0.23987632916666665 0.2009588125 0.860283925 0.230259659375 0.8626518833333333 0.2631121125 0.8626518833333333
5 0.324377540625 0.29197162083333333 0.31461059062499996 0.29197162083333333 0.29951623125000004 0.2943395833333333 0.29685249687500004 0.8425241 0.335920290625 0.8437081208333334 0.342135634375 0.2955235625 0.335920290625 0.2943395833333333 0.324377540625 0.29197162083333333
5 0.34746304375000003 0.29315560416666664 0.3439114375 0.2955235625 0.346575171875 0.8342362791666668 0.356342121875 0.8377881791666667 0.37321228125 0.8413401583333333 0.382091359375 0.8413401583333333 0.3865308375 0.8389722000000001 0.403401059375 0.8342362791666668 0.398792625 0.2975852291666667 0.385642965625 0.2967075416666667 0.374100215625 0.2943395833333333 0.364333265625 0.2943395833333333 0.34746304375000003 0.29315560416666664
5 0.40872847187500005 0.8342362791666668 0.42559869375000003 0.8330522583333334 0.4362535125 0.8330522583333334 0.445132590625 0.8342362791666668 0.462890625 0.8295002791666667 0.45933901875 0.2955235625 0.403401059375 0.2967075416666667 0.40872847187500005 0.8342362791666668
5 0.47709705312499995 0.8306842958333333 0.503734284375 0.8271323166666666 0.488639865625 0.3452508958333333 0.463778496875 0.346434875 0.47709705312499995 0.8306842958333333
5 0.515276975 0.3488028375 0.490415609375 0.3499868166666667 0.5063979 0.8306842958333333 0.534810871875 0.8283163375 0.515276975 0.3488028375
5 0.556120634375 0.8330522583333334 0.564999590625 0.8318682375 0.574766540625 0.8295002791666667 0.5534569 0.306179425 0.5516810343749999 0.29907554166666667 0.54546569375 0.30144350416666665 0.541026215625 0.30144350416666665 0.5365867375 0.29907554166666667 0.5303713937500001 0.29907554166666667 0.52326818125 0.300259525 0.515980125 0.3027935625 0.534810871875 0.8295002791666667 0.53836248125 0.8318682375 0.556120634375 0.8330522583333334
5 0.60761899375 0.8318682375 0.613834334375 0.8306842958333333 0.592152 0.2988873125 0.5578963781249999 0.29907554166666667 0.577430275 0.8318682375 0.6022916406250001 0.8354202166666667 0.60761899375 0.8318682375
5 0.649350521875 0.31328334583333334 0.6085069843750001 0.3109153458333333 0.621825540625 0.8318682375 0.6653328125 0.8295002791666667 0.649350521875 0.31328334583333334
5 0.6927379375 0.3093039791666667 0.652014259375 0.3097313666666667 0.667108678125 0.8283163375 0.709728078125 0.825948375 0.6927379375 0.3093039791666667
5 0.7035127375 0.3049954458333334 0.6990732562499999 0.3097313666666667 0.71061595 0.825948375 0.72393450625 0.825948375 0.7416926593750001 0.825948375 0.75234748125 0.8212124541666667 0.7396129375 0.3106060625 0.728374103125 0.3085473875 0.7221587625 0.3085473875 0.715055428125 0.30381146666666664 0.7035127375 0.3049954458333334
5 0.77632085625 0.3357790125 0.7416926593750001 0.33696299166666666 0.75234748125 0.8212124541666667 0.785199934375 0.8188444958333334 0.77632085625 0.3357790125
5 0.8145007812499999 0.33696299166666666 0.782536196875 0.33696299166666666 0.77809671875 0.3381470125 0.78786366875 0.817660475 0.8224918656250001 0.8164764541666667 0.8145007812499999 0.33696299166666666
5 0.853568575 0.33696299166666666 0.8189402593749999 0.3381470125 0.8251556000000001 0.8129245541666666 0.8588960437500001 0.8164764541666667 0.853568575 0.33696299166666666