0 0.073277415625 0.1142376125 0.037953943750000003 0.11223344583333333 0.08680555625 0.9950697458333334 0.11010401562500001 0.9970739125 0.073277415625 0.1142376125
0 0.109352453125 0.1192480375 0.0800414875 0.12025012083333333 0.116868084375 0.9960718291666667 0.140918109375 0.9970739125 0.109352453125 0.1192480375
0 0.1551978125 0.015031266666666666 0.11311026875 0.011022929166666667 0.15143999375 0.9960718291666667 0.179247834375 0.9970739125 0.1551978125 0.015031266666666666
0 0.20029160625000003 0.022045854166666667 0.16346500625 0.02304794166666667 0.18601190625 0.9930655749999999 0.216825996875 0.9950697458333334 0.20029160625000003 0.022045854166666667
0 0.27394480625 0.042087541666666665 0.21306818125000002 0.03507295 0.2303541375 0.9940676624999999 0.277702621875 0.9970739125 0.27394480625 0.042087541666666665
0 0.320541728125 0.18939393750000003 0.284466690625 0.18538560416666666 0.28672138125 0.9940676624999999 0.317535475 0.9960718291666667 0.320541728125 0.18939393750000003
0 0.36037457812499996 0.19540644583333336 0.327305796875 0.19340227499999998 0.327305796875 0.9960718291666667 0.3453433125 0.998076 0.36037457812499996 0.19540644583333336
0 0.402462121875 0.17736892916666666 0.368641775 0.1763668416666667 0.359623015625 0.9960718291666667 0.3821699125 0.9960718291666667 0.402462121875 0.17736892916666666
0 0.439288721875 0.17937309583333333 0.41223244374999995 0.18037517916666665 0.389685546875 0.9950697458333334 0.41523869687500004 0.9940676624999999 0.439288721875 0.17937309583333333
0 0.46935125 0.006012504166666667 0.44981060624999997 0.006012504166666667 0.42125120312500003 0.9920634916666666 0.43102152499999996 0.9910614083333333 0.46935125 0.006012504166666667
0 0.49490439999999997 0.0040083375 0.47761844687500005 0.0020041666666666667 0.43703403124999995 0.9890572375000001 0.452065296875 0.9910614083333333 0.49490439999999997 0.0040083375
0 0.520457553125 0.006012504166666667 0.503171596875 0.006012504166666667 0.459580928125 0.9930655749999999 0.47085437812500003 0.9920634916666666 0.520457553125 0.006012504166666667
0 0.5475138281249999 0.005010420833333334 0.527973184375 0.005010420833333334 0.476866884375 0.9910614083333333 0.489643459375 0.9930655749999999 0.5475138281249999 0.005010420833333334
0 0.5693091625 0.008016675 0.5520232093749999 0.007014591666666667 0.49640752812500005 0.9880551541666667 0.51143879375 0.9890572375000001 0.5693091625 0.008016675
0 0.5933591875 0.005010420833333334 0.57607323125 0.0030062541666666664 0.5174513000000001 0.9880551541666667 0.528724746875 0.9880551541666667 0.5933591875 0.005010420833333334
0 0.6174092124999999 0.005010420833333334 0.602377946875 0.005010420833333334 0.534737253125 0.990059325 0.544507575 0.9920634916666666 0.6174092124999999 0.005010420833333334
0 0.635446728125 0.0040083375 0.62492484375 0.005010420833333334 0.5520232093749999 0.9930655749999999 0.564799784375 0.9910614083333333 0.635446728125 0.0040083375
0 0.6579936281250001 0.07816257916666666 0.6377014187500001 0.075156325 0.5708122906249999 0.9920634916666666 0.5858435531249999 0.9860509875000001 0.6579936281250001 0.07816257916666666
0 0.7000811687499999 0.08217091666666666 0.66776395 0.07716049166666666 0.5933591875 0.9940676624999999 0.621167028125 0.9940676624999999 0.7000811687499999 0.08217091666666666
0 0.7564484125 0.18338143333333334 0.7030874218750001 0.17937309583333333 0.628682659375 0.9960718291666667 0.679037396875 0.9960718291666667 0.7564484125 0.18338143333333334
0 0.8278469218750001 0.19240019166666666 0.771479678125 0.18638768749999998 0.691813971875 0.9960718291666667 0.734653078125 0.9950697458333334 0.8278469218750001 0.19240019166666666
0 0.8496422562499999 0.32367324166666667 0.82408910625 0.31866282083333336 0.745926528125 0.9940676624999999 0.766218734375 0.9960718291666667 0.8496422562499999 0.32367324166666667
0 0.88045635 0.3276815791666667 0.856406325 0.324675325 0.77448593125 0.9950697458333334 0.791020321875 0.9950697458333334 0.88045635 0.3276815791666667
0 0.9691408125000001 0.007014591666666667 0.9285563968749999 0.008016675 0.8007906437500001 0.9950697458333334 0.8278469218750001 0.9930655749999999 0.9691408125000001 0.007014591666666667
0 0.990936146875 0.12726471250000002 0.9623767437499999 0.12125220416666667 0.834610990625 0.9920634916666666 0.86241883125 0.9930655749999999 0.990936146875 0.12726471250000002
0 0.9954455281250001 0.3858024708333333 0.9954455281250001 0.13427930000000002 0.8699344625000001 0.9960718291666667 0.896239178125 0.998076 0.9954455281250001 0.3858024708333333