6 0.1230984375 0.3776046875 0.0898109375 0.37651875 0.075909375 0.8756515625000001 0.11089374999999999 0.87348125 0.1230984375 0.3776046875
6 0.16540468749999998 0.3396265625 0.128059375 0.3385421875 0.1141484375 0.87348125 0.14750625 0.8713109375 0.16540468749999998 0.3396265625
6 0.1995765625 0.34071250000000003 0.1670328125 0.3385421875 0.14994687499999998 0.8702249999999999 0.189 0.8713109375 0.1995765625 0.34071250000000003
6 0.23862968750000002 0.341796875 0.2053703125 0.341796875 0.19306874999999998 0.869140625 0.22886718749999999 0.8723953124999999 0.23862968750000002 0.341796875
6 0.2907 0.3938796875 0.2444328125 0.3938796875 0.23212031249999998 0.869140625 0.27768281250000004 0.8713109375 0.2907 0.3938796875
6 0.3378890625 0.394965625 0.292446875 0.3938796875 0.28419062500000003 0.8702249999999999 0.3289390625 0.869140625 0.3378890625 0.394965625
6 0.37205937499999997 0.29405312499999997 0.34208906250000004 0.29405312499999997 0.33219375 0.869140625 0.3614828125 0.869140625 0.37205937499999997 0.29405312499999997
6 0.4021640625 0.2864578125 0.3746421875 0.2864578125 0.3614828125 0.8767359375 0.39239999999999997 0.8767359375 0.4021640625 0.2864578125
6 0.42006249999999995 0.21375937500000003 0.40556562500000004 0.21267343749999998 0.39239999999999997 0.88433125 0.4103 0.88433125 0.42006249999999995 0.21375937500000003
6 0.440403125 0.21375937500000003 0.4275390625 0.21375937500000003 0.41599375 0.883246875 0.431453125 0.88433125 0.440403125 0.21375937500000003
6 0.47131875 0.302734375 0.447884375 0.30165000000000003 0.43877499999999997 0.8648 0.46237031249999994 0.8615453125 0.47131875 0.302734375
6 0.496540625 0.30381874999999997 0.47473906250000003 0.30381874999999997 0.46481093749999997 0.863715625 0.48921875000000004 0.863715625 0.496540625 0.30381874999999997
6 0.5388484375 0.3352859375 0.49898125000000004 0.3352859375 0.49003281249999997 0.8680562500000001 0.5323390625 0.8669703125 0.5388484375 0.3352859375
6 0.6055640624999999 0.3157546875 0.542284375 0.3125 0.53559375 0.8658859375000001 0.602309375 0.863715625 0.6055640624999999 0.3157546875
6 0.6104453125 0.863715625 0.672278125 0.8658859375000001 0.67471875 0.316840625 0.612271875 0.3146703125 0.6104453125 0.53276875 0.6104453125 0.863715625
6 0.7105171875 0.30165000000000003 0.683071875 0.3005640625 0.6828546875 0.8648 0.712959375 0.863715625 0.7105171875 0.30165000000000003
6 0.743875 0.3005640625 0.715625 0.3005640625 0.72028125 0.863715625 0.7471296875 0.863715625 0.743875 0.3005640625
6 0.770725 0.3493921875 0.7498046875 0.3483078125 0.752825 0.8615453125 0.77641875 0.8626296874999999 0.770725 0.3493921875
6 0.7983859375 0.3493921875 0.7782875 0.3483078125 0.7796734375 0.863715625 0.805709375 0.8626296874999999 0.7983859375 0.3493921875
6 0.8211671875000001 0.2853734375 0.8048953125 0.2853734375 0.810590625 0.8658859375000001 0.8268625000000001 0.8713109375 0.8390671875000001 0.8723953124999999 0.845575 0.8658859375000001 0.8423203125000001 0.28754375 0.8382531249999999 0.2853734375 0.8211671875000001 0.2853734375
6 0.861034375 0.2810328125 0.8504578125 0.28428749999999997 0.8553390625 0.8702249999999999 0.8707968749999999 0.874565625 0.8821875 0.8702249999999999 0.8886968749999999 0.8648 0.88625625 0.28211875000000003 0.8764921875 0.2810328125 0.861034375 0.2810328125