6 0.1279640625 0.24117187499999998 0.05308906249999999 0.2350859375 0.0400609375 0.8414515625 0.11642187500000001 0.8426359375000001 0.1279640625 0.24117187499999998
6 0.118196875 0.8426359375000001 0.1927375 0.8431578125 0.20343593750000002 0.243540625 0.131515625 0.2399890625 0.118196875 0.8426359375000001
6 0.19455625000000001 0.8402687500000001 0.26695625 0.8405546875000001 0.27535625 0.244725 0.20521250000000002 0.24117187499999998 0.19455625000000001 0.8402687500000001
6 0.3558234375 0.24810625000000003 0.2860109375 0.2459078125 0.2735796875 0.8426359375000001 0.3446125 0.8426359375000001 0.3558234375 0.24810625000000003
6 0.350828125 0.8426359375000001 0.38805 0.8405546875000001 0.3961109375 0.2530125 0.3605953125 0.25182812499999996 0.350828125 0.8426359375000001
6 0.45648906250000004 0.23643593749999997 0.40269843749999995 0.2311796875 0.391671875 0.8402687500000001 0.448496875 0.8367156250000001 0.45648906250000004 0.23643593749999997
6 0.45027343750000004 0.839084375 0.5042609375 0.8353453125 0.508875 0.24235625 0.45826406249999996 0.235253125 0.45027343750000004 0.839084375
6 0.5472296875 0.3080015625 0.5079875 0.308659375 0.5115390625 0.8260609375 0.5594859375000001 0.8225078124999999 0.5472296875 0.3080015625
6 0.5648125 0.8236921875000001 0.6109843749999999 0.8189562499999999 0.5932265625 0.3122109375 0.54971875 0.3122109375 0.5648125 0.8236921875000001
6 0.6429484375000001 0.30984375000000003 0.604846875 0.30670000000000003 0.618975 0.8331640625000001 0.65981875 0.8236921875000001 0.6429484375000001 0.30984375000000003
6 0.6624828125 0.8319796875 0.694690625 0.8275328125 0.6766890625 0.3122109375 0.644725 0.3133953125 0.6624828125 0.8319796875
6 0.7093390625 0.3171171875 0.679353125 0.31813125000000003 0.6971109375 0.8213250000000001 0.7255234374999999 0.820140625 0.7093390625 0.3171171875
6 0.7459453125 0.8379 0.7894171875 0.83404375 0.7663671875 0.22459687499999997 0.729075 0.22578125 0.7459453125 0.8379
6 0.816090625 0.2269640625 0.7743578125 0.22933281249999998 0.7921171874999999 0.8402687500000001 0.8356234375 0.8402687500000001 0.816090625 0.2269640625
6 0.8646125 0.22419531250000002 0.8196421875000001 0.22637187499999997 0.8382875000000001 0.8414515625 0.8844593749999999 0.836125 0.8646125 0.22419531250000002