6 0.143421875 0.16059062500000001 0.1230828125 0.16059062500000001 0.1117828125 0.16059062500000001 0.080775 0.8224828125 0.0824015625 0.8268234375000001 0.10518281249999999 0.8268234375000001 0.13772656249999998 0.8268234375000001 0.148303125 0.8257375 0.171084375 0.16493125 0.143421875 0.16059062500000001
6 0.18328906250000002 0.1595046875 0.1777015625 0.1638453125 0.1556265625 0.8279078125 0.15969375 0.830078125 0.1865421875 0.830078125 0.21908750000000002 0.8279078125 0.221528125 0.8192281250000001 0.2394265625 0.1681859375 0.18328906250000002 0.1595046875
6 0.2784796875 0.8311624999999999 0.2898703125 0.1692703125 0.249190625 0.1681859375 0.24117812500000002 0.17035625000000001 0.2280359375 0.8322484375 0.2784796875 0.8311624999999999
6 0.295703125 0.17035625000000001 0.28742968750000003 0.830078125 0.2947515625 0.8322484375 0.3264828125 0.8333328124999999 0.3386859375 0.8311624999999999 0.341940625 0.1692703125 0.3118375 0.1671 0.295703125 0.17035625000000001
6 0.4143515625 0.174696875 0.3559234375 0.17144062499999999 0.350890625 0.8365890625000001 0.4151640625 0.8322484375 0.4143515625 0.174696875
6 0.4631671875 0.18663125 0.4177734375 0.185546875 0.4224875 0.8289937500000001 0.47292968750000003 0.8279078125 0.4631671875 0.18663125
6 0.5136109375 0.1334640625 0.46560781249999994 0.1291234375 0.48187968750000004 0.8376734375 0.5323234375 0.83441875 0.5136109375 0.1334640625
6 0.56649375 0.14214374999999999 0.5178703125 0.14214374999999999 0.5372046874999999 0.8322484375 0.589275 0.8322484375 0.56649375 0.14214374999999999
6 0.6079875 0.21267343749999998 0.5723953125000001 0.210503125 0.5933437500000001 0.8333328124999999 0.6315828125 0.8311624999999999 0.6079875 0.21267343749999998
6 0.64948125 0.21375937500000003 0.6139 0.21267343749999998 0.6356499999999999 0.83441875 0.6738890625 0.830078125 0.64948125 0.21375937500000003
6 0.6926796875 0.205078125 0.654440625 0.2007375 0.6796625 0.835503125 0.72115625 0.8322484375 0.6926796875 0.205078125
6 0.7366140624999999 0.20616249999999997 0.6991890625 0.205078125 0.7252234375 0.835503125 0.7659046875 0.8322484375 0.7366140624999999 0.20616249999999997
6 0.7537 0.23329062500000003 0.7424796875 0.23545937499999997 0.7691578125 0.830078125 0.783803125 0.8279078125 0.7968203125 0.8279078125 0.8082109375 0.8235671874999999 0.7756671875000001 0.2376296875 0.765090625 0.23329062500000003 0.7537 0.23329062500000003
6 0.8293640625 0.17144062499999999 0.783803125 0.17144062499999999 0.8171609375 0.830078125 0.8659765625 0.824653125 0.8293640625 0.17144062499999999
6 0.8570265625 0.2853734375 0.8407546874999999 0.28428749999999997 0.8700453125 0.8289937500000001 0.8871296875000001 0.8257375 0.8570265625 0.2853734375
6 0.86435 0.2962234375 0.8588531250000001 0.297309375 0.88794375 0.8170578125000001 0.8944531250000001 0.815971875 0.86435 0.2962234375