5 0.1101254 0.38953992916666663 0.080045065625 0.390625 0.168704621875 0.8376736124999999 0.19148543125 0.8344184041666666 0.1101254 0.38953992916666663
5 0.14104221249999999 0.3851996541666667 0.115038553125 0.3873697916666667 0.197180634375 0.8289930541666667 0.21914784062499998 0.830078125 0.14104221249999999 0.3851996541666667
5 0.174399825 0.3851996541666667 0.145963034375 0.3873697916666667 0.22565664375 0.8279079874999999 0.249251053125 0.8279079874999999 0.174399825 0.3851996541666667
5 0.205316634375 0.38194444583333337 0.17932891875 0.3841145833333333 0.252505453125 0.8235677083333334 0.2752862625 0.8224826375000001 0.205316634375 0.38194444583333337
5 0.24111505000000003 0.38194444583333337 0.20862579375 0.3851996541666667 0.2777270625 0.8213975708333333 0.305389471875 0.8213975708333333 0.24111505000000003 0.38194444583333337
5 0.2793542625 0.3786892375 0.244433084375 0.38194444583333337 0.308643875 0.8246527791666666 0.335492684375 0.8235677083333334 0.2793542625 0.3786892375
5 0.36640949375 0.8224826375000001 0.315152675 0.3786892375 0.2809814625 0.38194444583333337 0.33793348437500004 0.8268229166666666 0.36640949375 0.8224826375000001
5 0.351764690625 0.3765190958333333 0.317675271875 0.37977430416666663 0.36722309375 0.8289930541666667 0.39732630625 0.8224826375000001 0.351764690625 0.3765190958333333
5 0.386749503125 0.3743489583333333 0.353391890625 0.3776041666666667 0.40220790624999997 0.8235677083333334 0.42661591562499995 0.8224826375000001 0.386749503125 0.3743489583333333
5 0.419293515625 0.37217882083333337 0.389190303125 0.3743489583333333 0.42987031875000004 0.8235677083333334 0.455905528125 0.8192274291666667 0.419293515625 0.37217882083333337
5 0.45834632812500004 0.3667534708333333 0.42428334687499997 0.37109375 0.46078712812499995 0.8203125 0.48682233750000004 0.8181423624999999 0.45834632812500004 0.3667534708333333
5 0.49577194062499996 0.361328125 0.46090444062499997 0.3656684041666667 0.491703940625 0.8116319458333333 0.51855275 0.810546875 0.49577194062499996 0.361328125
5 0.51611195 0.3591579875 0.49833933437500005 0.36024305416666663 0.52180715 0.8072916666666666 0.53563835625 0.8062065958333334 0.51611195 0.3591579875
5 0.53807915625 0.5447048624999999 0.53563835625 0.5208333333333334 0.539706359375 0.5034722208333333 0.53645195625 0.3591579875 0.517870584375 0.36024305416666663 0.53726555625 0.8072916666666666 0.5486559625 0.8083767374999999 0.53807915625 0.5447048624999999
5 0.5877087750000001 0.8951822916666666 0.595844778125 0.8930121541666666 0.589335975 0.5479600708333333 0.55042266875 0.5523003458333334 0.562487165625 0.8962673624999999 0.56899596875 0.8984375 0.5877087750000001 0.8951822916666666
5 0.63489759375 0.5436197916666666 0.59436798125 0.546875 0.6023535812499999 0.8930121541666666 0.63652479375 0.8908420125000001 0.63489759375 0.5436197916666666
5 0.63408399375 0.5078125 0.632456790625 0.4025607625 0.617968240625 0.400390625 0.6194391875 0.4828559041666667 0.6259479906250001 0.4958767375 0.63408399375 0.5078125
5 0.6519832 0.4069010416666667 0.6358718875 0.41015625 0.641406396875 0.80078125 0.654424 0.7996961791666667 0.6519832 0.4069010416666667
5 0.67150960625 0.3982204875 0.656216940625 0.3982204875 0.659305603125 0.8072916666666666 0.6731368062499999 0.8083767374999999 0.67150960625 0.3982204875
5 0.6902224125 0.8062065958333334 0.6902224125 0.400390625 0.675748190625 0.40147569583333337 0.676391209375 0.8029513875000001 0.681272809375 0.8072916666666666 0.6902224125 0.8062065958333334
5 0.716257621875 0.8539496541666666 0.729275228125 0.8528645833333334 0.7374112312500001 0.8485243041666667 0.7544968375 0.3396267375 0.700162253125 0.3439670125 0.698358415625 0.849609375 0.700799215625 0.8539496541666666 0.716257621875 0.8539496541666666
5 0.762632840625 0.8474392374999999 0.77076884375 0.8452690958333334 0.778904846875 0.83984375 0.815516859375 0.3352864583333333 0.7601920375 0.3374565958333333 0.74229283125 0.8441840291666666 0.7479880343749999 0.8506944458333333 0.762632840625 0.8474392374999999
5 0.8448064687500001 0.3450520833333333 0.814908346875 0.3472222208333333 0.781345646875 0.8213975708333333 0.8049400562500001 0.8192274291666667 0.8448064687500001 0.3450520833333333
5 0.884672884375 0.34288194583333337 0.851529440625 0.3450520833333333 0.80900805625 0.8213975708333333 0.836670465625 0.8192274291666667 0.884672884375 0.34288194583333337