0 0.141669671875 0.043089625 0.108600890625 0.038079204166666665 0.014655484375 0.9840468166666666 0.051482084375 0.9790363958333334 0.141669671875 0.043089625
0 0.102588384375 0.9790363958333334 0.18826659375000002 0.0030062541666666664 0.1574525 0.005010420833333334 0.062003968750000006 0.9830447333333333 0.0672649125 0.9840468166666666 0.102588384375 0.9790363958333334
0 0.234863515625 0.005010420833333334 0.198036915625 0.005010420833333334 0.11085557812499999 0.9870530708333334 0.153694684375 0.9890572375000001 0.234863515625 0.005010420833333334
0 0.280708875 0.006012504166666667 0.24463383749999998 0.005010420833333334 0.16571969687500002 0.9880551541666667 0.21306818125000002 0.9870530708333334 0.280708875 0.006012504166666667
0 0.3182870375 0.18037517916666665 0.27394480625 0.17937309583333333 0.21983225 0.9880551541666667 0.27619949374999997 0.9840468166666666 0.3182870375 0.18037517916666665
0 0.371648028125 0.17736892916666666 0.32580266875 0.1763668416666667 0.2799573125 0.9910614083333333 0.339330809375 0.990059325 0.371648028125 0.17736892916666666
0 0.44154340937500003 0.006012504166666667 0.389685546875 0.0040083375 0.347598003125 0.9930655749999999 0.415990259375 0.9930655749999999 0.44154340937500003 0.006012504166666667
0 0.46935125 0.007014591666666667 0.44981060624999997 0.007014591666666667 0.420499640625 0.9960718291666667 0.446804353125 0.9950697458333334 0.46935125 0.007014591666666667
0 0.49791065312500005 0.007014591666666667 0.47761844687500005 0.006012504166666667 0.452065296875 0.9960718291666667 0.4798731375 0.9950697458333334 0.49791065312500005 0.007014591666666667
0 0.53774350625 0.061127145833333334 0.503923159375 0.060125058333333335 0.48738876875 0.9890572375000001 0.5332341281249999 0.9880551541666667 0.53774350625 0.061127145833333334
0 0.582837303125 0.061127145833333334 0.546762265625 0.0631313125 0.539998196875 0.9890572375000001 0.58659511875 0.9910614083333333 0.582837303125 0.061127145833333334
0 0.6113967062500001 0.027056279166666666 0.5933591875 0.0280583625 0.595613878125 0.9910614083333333 0.621167028125 0.9890572375000001 0.6113967062500001 0.027056279166666666
0 0.677534271875 0.008016675 0.6301857875 0.009018758333333333 0.62567640625 0.9940676624999999 0.6880561562499999 0.9920634916666666 0.677534271875 0.008016675
0 0.703838984375 0.23047939583333335 0.69857804375 0.23148148333333335 0.685801465625 0.23148148333333335 0.69932960625 0.9880551541666667 0.716615559375 0.9880551541666667 0.703838984375 0.23047939583333335
0 0.72563431875 0.22847522916666665 0.71135461875 0.22847522916666665 0.720373378125 0.9890572375000001 0.7391624593749999 0.9870530708333334 0.72563431875 0.22847522916666665
0 0.7549452875 0.19941478333333332 0.7293921343750001 0.19440436249999998 0.7481812156250001 0.9850489 0.777492184375 0.9840468166666666 0.7549452875 0.19941478333333332
0 0.7842562531249999 0.10221260416666667 0.7579515406249999 0.10221260416666667 0.791771884375 0.9810405625 0.829350046875 0.9810405625 0.7842562531249999 0.10221260416666667
0 0.820331290625 0.11724386666666667 0.79252345 0.11624178333333333 0.835362553125 0.9810405625 0.87444384375 0.9750280583333333 0.820331290625 0.11724386666666667
0 0.860915703125 0.03507295 0.8255922312499999 0.03306878333333333 0.883462603125 0.9780343125000001 0.9285563968749999 0.9750280583333333 0.860915703125 0.03507295
0 0.9060095 0.158329325 0.88045635 0.16033349166666666 0.93757515625 0.9780343125000001 0.971395503125 0.9780343125000001 0.9060095 0.158329325
0 0.997700215625 0.8166987333333334 0.9278048343749999 0.007014591666666667 0.9015001187499999 0.006012504166666667 0.9826689500000001 0.9850489 0.9961970906250001 0.9870530708333334 0.997700215625 0.8166987333333334
0 0.9804142625000001 0.24450857916666668 0.97440175625 0.24250440833333334 0.960122053125 0.24350649166666666 0.996948653125 0.6964486125 0.996948653125 0.44993586666666663 0.9804142625000001 0.24450857916666668