0 0.06597131875 0.08919745 0.032640153125 0.08919745 0.07735269375 0.8891454208333334 0.10499317187499999 0.8956490625 0.06597131875 0.08919745
0 0.10336725937499999 0.09244927083333333 0.0651583625 0.09028139166666667 0.099302484375 0.899984825 0.13751138125 0.9010687666666667 0.10336725937499999 0.09244927083333333
0 0.14726684375000001 0.09028139166666667 0.10499317187499999 0.09136533333333333 0.135072515625 0.905404525 0.167590725 0.9075724083333333 0.14726684375000001 0.09028139166666667
0 0.186288696875 0.103288675 0.14726684375000001 0.09678503333333334 0.171655503125 0.9032366458333333 0.19767006874999998 0.9075724083333333 0.186288696875 0.103288675
0 0.216368040625 0.10654049583333333 0.18384983125 0.10654049583333333 0.195231203125 0.9108242291666666 0.226123503125 0.9108242291666666 0.216368040625 0.10654049583333333
0 0.26514535625 0.24745274166666667 0.221245771875 0.24528485833333333 0.22449759375 0.9119081666666666 0.26839717812499997 0.9119081666666666 0.26514535625 0.24745274166666667
0 0.30741903125 0.2539563833333333 0.26433239999999997 0.2517885 0.26514535625 0.9184118125 0.30579311875 0.91949575 0.30741903125 0.2539563833333333
0 0.35619634375000003 0.25829214166666664 0.31067085 0.2572082041666667 0.297663565625 0.9238315125 0.34806679375 0.9205796916666666 0.35619634375000003 0.25829214166666664
0 0.40497365937499996 0.26046002500000004 0.358635209375 0.25504032083333333 0.35131861249999996 0.91407605 0.39684410625 0.9097402875 0.40497365937499996 0.26046002500000004
0 0.4480602875 0.2680476083333333 0.40334775 0.2647957875 0.39847001875 0.9216636333333333 0.43017527187500004 0.9270833333333334 0.4480602875 0.2680476083333333
0 0.482204409375 0.1466462875 0.4480602875 0.14556235 0.43017527187500004 0.9314190958333334 0.461880528125 0.9335869750000001 0.482204409375 0.1466462875
0 0.513909665625 0.15423387083333334 0.48301736562500003 0.14881417083333334 0.46513235 0.9357548541666667 0.4903339625 0.9335869750000001 0.513909665625 0.15423387083333334
0 0.5488667406250001 0.24962062083333333 0.5114708 0.24853667916666666 0.49439873749999996 0.939006675 0.523665128125 0.9433424375 0.5488667406250001 0.24962062083333333
0 0.589514503125 0.2561242625 0.54724083125 0.2539563833333333 0.52691695 0.9422585 0.559435159375 0.9465942583333333 0.589514503125 0.2561242625
0 0.6260974906250001 0.2572082041666667 0.58057199375 0.2572082041666667 0.55537038125 0.9498460791666666 0.595205190625 0.9541818416666668 0.6260974906250001 0.2572082041666667
0 0.670810028125 0.2279418125 0.625284534375 0.22360605416666665 0.593579278125 0.9476782 0.634227040625 0.9498460791666666 0.670810028125 0.2279418125
0 0.7187743875 0.22577393333333334 0.67487480625 0.2279418125 0.6334140875000001 0.9509300208333333 0.67893958125 0.9541818416666668 0.7187743875 0.22577393333333334
0 0.770803525 0.198675425 0.72365211875 0.1943396625 0.678126625 0.961769425 0.717961434375 0.9682730666666667 0.770803525 0.198675425
0 0.8008828687499999 0.29623005416666665 0.76673875 0.2983979375 0.717961434375 0.9606854833333334 0.74641486875 0.9650212458333333 0.8008828687499999 0.29623005416666665
0 0.830149259375 0.2983979375 0.8073865124999999 0.2983979375 0.7456019125 0.9671891250000001 0.778120121875 0.9661051875 0.830149259375 0.2983979375
0 0.894372725 0.15965357083333334 0.84722131875 0.15423387083333334 0.77974603125 0.9704409458333333 0.81226424375 0.9715248875 0.894372725 0.15965357083333334
0 0.850473140625 0.9736927666666666 0.9407111718750001 0.15856963333333332 0.9041281874999999 0.15748569166666665 0.813077196875 0.9650212458333333 0.82120675 0.9715248875 0.850473140625 0.9736927666666666
0 0.9878625781249999 0.16724115416666668 0.937459353125 0.15531781249999999 0.850473140625 0.9736927666666666 0.887056125 0.9726088291666667 0.9878625781249999 0.16724115416666668
0 0.999747984375 0.3612231166666667 0.999747984375 0.16834677499999998 0.979733025 0.16398933333333332 0.887056125 0.97586065 0.916322515625 0.9877839916666667 0.999747984375 0.3612231166666667