6 0.136165625 0.8376734375 0.1003671875 0.3342015625 0.08653593750000001 0.336371875 0.07189218750000001 0.336371875 0.055618749999999995 0.336371875 0.040975 0.336371875 0.02714375 0.336371875 0.0173828125 0.3342015625 0.066196875 0.8409281249999999 0.0702640625 0.844184375 0.080840625 0.84526875 0.093859375 0.84526875 0.1093171875 0.8430984374999999 0.1239625 0.8420140625 0.136165625 0.8376734375
6 0.168709375 0.3537328125 0.11338437500000001 0.35264687499999997 0.14755625 0.830078125 0.1988125 0.8279078125 0.168709375 0.3537328125
6 0.228103125 0.35264687499999997 0.174446875 0.3537328125 0.20288124999999999 0.8289937500000001 0.25169687500000004 0.8257375 0.228103125 0.35264687499999997
6 0.29481718749999997 0.3569875 0.23629531250000002 0.3569875 0.2573921875 0.8213968749999999 0.30946250000000003 0.8213968749999999 0.29481718749999997 0.3569875
6 0.35014218750000003 0.3580734375 0.299771875 0.3569875 0.31922656250000003 0.815971875 0.3631609375 0.8148875 0.35014218750000003 0.3580734375
6 0.40790781249999997 0.3591578125 0.3534828125 0.3580734375 0.367228125 0.8170578125000001 0.41604374999999993 0.8203125 0.40790781249999997 0.3591578125
6 0.4469609375 0.3049046875 0.41044843750000004 0.3049046875 0.4282484375 0.8203125 0.46242031250000004 0.8203125 0.4469609375 0.3049046875
6 0.4974046875 0.3049046875 0.459978125 0.3049046875 0.4786921875 0.8213968749999999 0.510421875 0.8148875 0.4974046875 0.3049046875
6 0.50798125 0.36024375000000003 0.50078125 0.36024375000000003 0.5136765624999999 0.8018656249999999 0.5258796875 0.805121875 0.53564375 0.8040359374999999 0.542153125 0.799696875 0.524253125 0.3580734375 0.51774375 0.36024375000000003 0.50798125 0.36024375000000003
6 0.5413390625 0.3645828125 0.5292640625 0.3645828125 0.54540625 0.8072921875000001 0.55435625 0.8072921875000001 0.5649328125 0.80620625 0.5738828125000001 0.80620625 0.5567968750000001 0.361328125 0.551915625 0.3634984375 0.5413390625 0.3645828125
6 0.598290625 0.30381874999999997 0.5641203124999999 0.3049046875 0.575509375 0.8170578125000001 0.6080546874999999 0.8127171875 0.598290625 0.30381874999999997
6 0.6357171875 0.3049046875 0.6000640625 0.307075 0.6104953125 0.8138015624999999 0.6414109375 0.810546875 0.6357171875 0.3049046875
6 0.671515625 0.3515625 0.6375 0.3548171875 0.6438531249999999 0.8127171875 0.67395625 0.8083765625 0.671515625 0.3515625
6 0.70243125 0.3450515625 0.672328125 0.3493921875 0.677209375 0.810546875 0.7056859375 0.8072921875000001 0.70243125 0.3450515625
6 0.7374171875 0.3483078125 0.7074859375 0.35047812500000003 0.7073125 0.810546875 0.7357890625 0.80620625 0.7374171875 0.3483078125
6 0.7553156249999999 0.8083765625 0.7650781249999999 0.80620625 0.7748421875 0.3493921875 0.740853125 0.35047812500000003 0.736603125 0.8083765625 0.7553156249999999 0.8083765625
6 0.7821640624999999 0.80620625 0.7935546875 0.805121875 0.80413125 0.29405312499999997 0.77646875 0.2962234375 0.769146875 0.805121875 0.7821640624999999 0.80620625
6 0.8252859375 0.805121875 0.8350484375 0.8029515625 0.8505062499999999 0.30165000000000003 0.8238609374999999 0.3005640625 0.8114546875 0.8029515625 0.8252859375 0.805121875
6 0.8822374999999999 0.2994796875 0.8564125 0.3005640625 0.836675 0.8072921875000001 0.8635249999999999 0.80620625 0.8822374999999999 0.2994796875
6 0.875728125 0.8072921875000001 0.8911875 0.80620625 0.9164078124999999 0.297309375 0.89140625 0.297309375 0.8675921875 0.8072921875000001 0.875728125 0.8072921875000001
6 0.90501875 0.8094625000000001 0.9172218750000001 0.8072921875000001 0.9465125000000001 0.2962234375 0.9180359375 0.297309375 0.8911875 0.80620625 0.90501875 0.8094625000000001