6 0.0748765625 0.1913328125 0.05015937499999999 0.1947203125 0.1805375 0.7774046875 0.19651875000000002 0.7750375 0.0748765625 0.1913328125
6 0.2062859375 0.7703015625 0.2230109375 0.7676375 0.10240156250000002 0.1925171875 0.0828671875 0.19370156249999998 0.2062859375 0.7703015625
6 0.1312140625 0.1921171875 0.10595312500000001 0.1925171875 0.2249328125 0.7703015625 0.24180312499999998 0.7703015625 0.1312140625 0.1921171875
6 0.1585578125 0.1895125 0.1299265625 0.1925171875 0.244465625 0.771484375 0.264 0.771484375 0.1585578125 0.1895125
6 0.2675515625 0.773853125 0.2835578125 0.77154375 0.1832 0.188965625 0.161890625 0.188965625 0.2675515625 0.773853125
6 0.2093390625 0.1882109375 0.1858640625 0.1901484375 0.2870859375 0.77266875 0.3030671875 0.77266875 0.2093390625 0.1882109375
6 0.30661875 0.7750375 0.319690625 0.77154375 0.2275953125 0.1901484375 0.21161406249999998 0.1901484375 0.30661875 0.7750375
6 0.247425 0.1869078125 0.231146875 0.188965625 0.3226015625 0.7762203125 0.3350328125 0.7762203125 0.247425 0.1869078125
6 0.2712921875 0.18505312499999998 0.250696875 0.18882656250000002 0.33800625 0.7788453125 0.3528046875 0.776871875 0.2712921875 0.18505312499999998
6 0.35502500000000003 0.777859375 0.36834375 0.7748984375 0.2899125 0.186853125 0.2721546875 0.187840625 0.35502500000000003 0.777859375
6 0.37204375 0.776871875 0.38522500000000004 0.7775015625 0.31137031249999997 0.1848796875 0.2943515625 0.187840625 0.37204375 0.776871875
6 0.33151406250000004 0.1828828125 0.31506875 0.1858671875 0.38758125 0.7788453125 0.40016093750000004 0.777859375 0.33151406250000004 0.1828828125
6 0.40164062500000003 0.78081875 0.41939843750000005 0.7788453125 0.354284375 0.18192031250000001 0.33356718750000003 0.18389375 0.40164062500000003 0.78081875
6 0.42235781250000004 0.78180625 0.4393765625 0.78081875 0.377221875 0.180934375 0.355765625 0.18389375 0.42235781250000004 0.78180625
6 0.3868515625 0.1807140625 0.3801828125 0.180934375 0.44011562499999995 0.78081875 0.4452953125 0.7798328125 0.3868515625 0.1807140625
6 0.44751562500000003 0.78180625 0.45277031250000005 0.78075625 0.3957203125 0.180934375 0.38832187500000004 0.18192031250000001 0.44751562500000003 0.78180625
6 0.43079687499999997 0.17854375 0.3972 0.18192031250000001 0.45417500000000005 0.7837796875 0.480071875 0.784765625 0.43079687499999997 0.17854375
6 0.46741875000000005 0.17528749999999998 0.43419687500000004 0.1789609375 0.4815515625 0.7857515625 0.506709375 0.7857515625 0.46741875000000005 0.17528749999999998
6 0.5081890625 0.7896984375 0.5266859375 0.7906859374999999 0.49339062499999997 0.176 0.47045312499999997 0.179946875 0.5081890625 0.7896984375
6 0.52890625 0.792659375 0.5474046875 0.7906859374999999 0.5200265625 0.1779734375 0.49487031249999996 0.179946875 0.52890625 0.792659375
6 0.548884375 0.79561875 0.5703421875 0.792659375 0.552584375 0.17698750000000002 0.5244671875 0.1789609375 0.548884375 0.79561875
6 0.571821875 0.7975921875 0.5894890625 0.7959484375 0.5784812500000001 0.176 0.5548031250000001 0.1779734375 0.571821875 0.7975921875
6 0.6098343749999999 0.17528749999999998 0.581440625 0.176 0.591059375 0.8005515624999999 0.6125171875000001 0.799565625 0.6098343749999999 0.17528749999999998
6 0.6132578125 0.8005515624999999 0.6277375000000001 0.7981171875 0.6324953125 0.17698750000000002 0.613996875 0.1779734375 0.6132578125 0.8005515624999999
6 0.6354546875 0.8044984375 0.6830765624999999 0.7981171875 0.7072265625 0.1641609375 0.644334375 0.16909375 0.6354546875 0.8044984375
6 0.7872421875 0.1633515625 0.722765625 0.16909375 0.68576875 0.8054859375 0.7375640625 0.8025249999999999 0.7872421875 0.1633515625
6 0.7383031250000001 0.8025249999999999 0.8018906250000001 0.80354375 0.8811078125 0.1602140625 0.7923171875 0.166134375 0.7383031250000001 0.8025249999999999
6 0.980996875 0.151334375 0.8889671874999999 0.1590125 0.8122953125000001 0.8044984375 0.877409375 0.8094312499999999 0.980996875 0.151334375