5 0.105958121875 0.7779947916666666 0.077482109375 0.23003472083333334 0.03598849375 0.22786458333333334 0.072600509375 0.7790798624999999 0.10270371874999999 0.7779947916666666 0.105958121875 0.7779947916666666
5 0.14338373437500002 0.7736545125000001 0.114094125 0.2322048625 0.078417459375 0.22894965416666666 0.109212521875 0.7779947916666666 0.139315734375 0.7758246541666666 0.14338373437500002 0.7736545125000001
5 0.18487735 0.78125 0.160469340625 0.2322048625 0.117479959375 0.2322048625 0.14501093437499998 0.7834201375000001 0.179182146875 0.7834201375000001 0.18487735 0.78125
5 0.22067576249999998 0.7823350708333333 0.23043896562500002 0.78125 0.20684455625 0.2354600708333333 0.163866678125 0.234375 0.18813175 0.7790798624999999 0.197081353125 0.7845052083333334 0.22067576249999998 0.7823350708333333
5 0.249965375 0.1844618041666667 0.244270171875 0.1779513875 0.21660776249999997 0.1768663208333333 0.207811990625 0.17903645833333334 0.24671097187500002 0.7921006958333333 0.27925498437499996 0.7888454874999999 0.249965375 0.1844618041666667
5 0.2890181875 0.18120659583333334 0.24915177187499998 0.18012152916666666 0.280882184375 0.7899305541666667 0.31749419687499997 0.7866753458333334 0.2890181875 0.18120659583333334
5 0.318307796875 0.1736111125 0.2940750125 0.1736111125 0.3207486 0.7888454874999999 0.345156609375 0.7888454874999999 0.318307796875 0.1736111125
5 0.34108860625 0.17578125 0.320116678125 0.1746961791666667 0.345970209375 0.7899305541666667 0.36712381562499996 0.7888454874999999 0.34108860625 0.17578125
5 0.40699023125 0.7942708333333334 0.41756703437500003 0.7953559041666666 0.4273302375 0.7942708333333334 0.40861743125 0.1746961791666667 0.34371694062499997 0.17578125 0.36793741562500004 0.7942708333333334 0.39234542499999997 0.7942708333333334 0.40699023125 0.7942708333333334
5 0.46394225312500004 0.791015625 0.45255184687499994 0.234375 0.42021433437500005 0.2322048625 0.434652640625 0.7877604166666666 0.45255184687499994 0.7931857625000001 0.46394225312500004 0.791015625
5 0.48672305937499993 0.7921006958333333 0.49567266249999997 0.7899305541666667 0.48672305937499993 0.2332899291666667 0.45580625 0.2332899291666667 0.468010253125 0.7899305541666667 0.47370545625 0.7931857625000001 0.48672305937499993 0.7921006958333333
5 0.532284678125 0.7953559041666666 0.552624684375 0.7953559041666666 0.5640150875 0.7921006958333333 0.572964690625 0.19205729166666666 0.49996694062499997 0.19205729166666666 0.503808665625 0.7899305541666667 0.518453471875 0.7931857625000001 0.532284678125 0.7953559041666666
5 0.6243123125000001 0.7996961791666667 0.63488911875 0.7996961791666667 0.6633651281249999 0.1974826375 0.5870437625 0.1931423625 0.5681738937499999 0.7953559041666666 0.598277103125 0.7996961791666667 0.6243123125000001 0.7996961791666667
5 0.679637134375 0.8029513875000001 0.70485874375 0.8029513875000001 0.72113075 0.7986111124999999 0.766692365625 0.20073784583333334 0.67737579375 0.1974826375 0.641397921875 0.7964409708333334 0.655229125 0.8018663208333333 0.679637134375 0.8029513875000001
5 0.7585563625 0.8083767374999999 0.793541175 0.810546875 0.8114403812500001 0.8072916666666666 0.87490120625 0.2029079875 0.781542459375 0.19965277916666666 0.726825953125 0.7975260416666666 0.7374027562500001 0.8062065958333334 0.7585563625 0.8083767374999999
5 0.9506187 0.19205729166666666 0.888150534375 0.18880208333333334 0.819629053125 0.8148871541666666 0.873326671875 0.8138020833333334 0.9506187 0.19205729166666666
5 1 0.190965825 0.9581375124999999 0.18988715416666666 0.882276275 0.8159722208333334 0.9351602937499999 0.8203125 1 0.35226989999999997 1 0.190965825