5 0.12222084375 0.8072916666666666 0.14988325625 0.8051215291666666 0.179986465625 0.8029513875000001 0.19056326875000001 0.7996961791666667 0.12954324687500002 0.185546875 0.011685690625 0.1866319458333333 0.092931234375 0.8083767374999999 0.093744834375 0.8094618041666667 0.12222084375 0.8072916666666666
5 0.279245703125 0.7964409708333334 0.28900890625 0.7921006958333333 0.24995609062500002 0.1942274291666667 0.2434472875 0.1844618041666667 0.21659847812500002 0.1844618041666667 0.181613665625 0.185546875 0.13538360625 0.1844618041666667 0.193817671875 0.80078125 0.20032647187500002 0.8018663208333333 0.279245703125 0.7964409708333334
5 0.32977346875 0.7931857625000001 0.300483859375 0.24848090416666666 0.25826772187499997 0.24848090416666666 0.29397505625 0.7996961791666667 0.319196665625 0.7975260416666666 0.32977346875 0.7931857625000001
5 0.36719908125 0.7931857625000001 0.34523187499999997 0.24739583333333334 0.303026834375 0.2452256958333333 0.33302786875 0.7931857625000001 0.359876678125 0.7931857625000001 0.36719908125 0.7931857625000001
5 0.3818438875 0.791015625 0.36394468125 0.3157552083333333 0.350927078125 0.3157552083333333 0.36801268125000003 0.791015625 0.374521484375 0.7921006958333333 0.3818438875 0.791015625
5 0.39892949375 0.7931857625000001 0.38021668750000004 0.3146701375 0.36813100312499997 0.3146701375 0.3842846875 0.7931857625000001 0.391607090625 0.7931857625000001 0.39892949375 0.7931857625000001
5 0.43065990625 0.7855902791666666 0.44286390937500003 0.7855902791666666 0.45018631249999996 0.7823350708333333 0.44123670937500004 0.2463107625 0.3819656375 0.2463107625 0.39892949375 0.7866753458333334 0.4119471 0.7877604166666666 0.43065990625 0.7855902791666666
5 0.49412072812499996 0.7834201375000001 0.5022567312499999 0.7823350708333333 0.5022567312499999 0.2463107625 0.494934328125 0.244140625 0.44462839687500005 0.2452256958333333 0.45181351249999996 0.7834201375000001 0.46971271875 0.7855902791666666 0.49412072812499996 0.7834201375000001
5 0.54781835 0.2322048625 0.507291159375 0.2322048625 0.5055111343750001 0.7834201375000001 0.541309546875 0.7801649291666667 0.54781835 0.2322048625
5 0.5762943593750001 0.7779947916666666 0.591752765625 0.234375 0.552864075 0.234375 0.5429367468749999 0.7790798624999999 0.564903953125 0.7790798624999999 0.5762943593750001 0.7779947916666666
5 0.59988876875 0.7779947916666666 0.621855975 0.17578125 0.5968093875 0.17578125 0.5787351593750001 0.7801649291666667 0.5868711625 0.78125 0.59988876875 0.7779947916666666
5 0.621855975 0.7779947916666666 0.645450384375 0.17578125 0.62366485625 0.1746961791666667 0.60151596875 0.7801649291666667 0.6112791718749999 0.7801649291666667 0.621855975 0.7779947916666666
5 0.676367196875 0.205078125 0.647265115625 0.2039930541666667 0.623483175 0.7790798624999999 0.6470775843750001 0.7801649291666667 0.676367196875 0.205078125
5 0.70891120625 0.2061631958333333 0.679621596875 0.2029079875 0.648704784375 0.7790798624999999 0.67392639375 0.7779947916666666 0.70891120625 0.2061631958333333
5 0.74308241875 0.18229166666666666 0.7162336093749999 0.18120659583333334 0.67555359375 0.7769097208333334 0.7024024062499999 0.7769097208333334 0.74308241875 0.18229166666666666
5 0.77399923125 0.23003472083333334 0.744107565625 0.23003472083333334 0.70809760625 0.7779947916666666 0.7325056156249999 0.7736545125000001 0.77399923125 0.23003472083333334
5 0.765049628125 0.7649739583333334 0.8032888406250001 0.2235243041666667 0.77747345 0.2224392375 0.74064161875 0.771484375 0.755286425 0.7703993041666667 0.765049628125 0.7649739583333334
5 0.7862032343750001 0.7671440958333334 0.8358328531250001 0.23871527916666666 0.810025534375 0.23871527916666666 0.767490428125 0.7693142374999999 0.77725363125 0.7693142374999999 0.7862032343750001 0.7671440958333334
5 0.8553592625 0.2365451375 0.837694803125 0.2354600708333333 0.7910848374999999 0.7638888875000001 0.80572964375 0.76171875 0.8553592625 0.2365451375
5 0.898480078125 0.18229166666666666 0.87569926875 0.1844618041666667 0.81142484375 0.7660590291666666 0.8309512531250001 0.7649739583333334 0.898480078125 0.18229166666666666
5 0.9253288875000001 0.18229166666666666 0.900357565625 0.18120659583333334 0.834205653125 0.7638888875000001 0.853732059375 0.7649739583333334 0.9253288875000001 0.18229166666666666
5 0.951364096875 0.18229166666666666 0.927213034375 0.18229166666666666 0.8569864624999999 0.7660590291666666 0.87732646875 0.7660590291666666 0.951364096875 0.18229166666666666
5 0.9782129062499999 0.18120659583333334 0.9556961062499999 0.18120659583333334 0.87976726875 0.76171875 0.899293678125 0.7638888875000001 0.9782129062499999 0.18120659583333334