5 0.070186746875 0.1638454875 0.019823709375 0.16276041666666666 0.02381153125 0.7497829874999999 0.072627546875 0.7486979166666666 0.070186746875 0.1638454875
5 0.123070765625 0.166015625 0.073534646875 0.166015625 0.07588195 0.7476128458333334 0.123884365625 0.7476128458333334 0.123070765625 0.166015625
5 0.16537798125 0.7465277791666666 0.16537798125 0.17035590416666666 0.128873190625 0.16927083333333334 0.12876596875 0.16927083333333334 0.12713876875000002 0.7465277791666666 0.16537798125 0.7465277791666666
5 0.20687159687499998 0.1681857625 0.170377096875 0.1681857625 0.16700518125 0.7465277791666666 0.20443079687500001 0.7465277791666666 0.20687159687499998 0.1681857625
5 0.2483652125 0.1681857625 0.210253396875 0.1681857625 0.20687159687499998 0.7465277791666666 0.24511081250000002 0.7476128458333334 0.2483652125 0.1681857625
5 0.28823162812500003 0.17035590416666666 0.25094350312499997 0.17035590416666666 0.24917881249999999 0.7476128458333334 0.28579082499999997 0.7476128458333334 0.28823162812500003 0.17035590416666666
5 0.33460684375 0.17144097083333334 0.293261209375 0.17035590416666666 0.290672428125 0.7454427083333334 0.33135244375 0.7465277791666666 0.33460684375 0.17144097083333334
5 0.38179566249999997 0.1746961791666667 0.339647928125 0.1736111125 0.33379324375 0.7454427083333334 0.37610045937500003 0.7443576375000001 0.38179566249999997 0.1746961791666667
5 0.420848475 0.17252604166666666 0.38440704375 0.17144097083333334 0.379354859375 0.7454427083333334 0.41678047500000004 0.7443576375000001 0.420848475 0.17252604166666666
5 0.4566468875 0.7443576375000001 0.459087690625 0.17252604166666666 0.42346954375 0.1736111125 0.422475675 0.17578125 0.42166207499999997 0.7421875 0.4566468875 0.7443576375000001
5 0.50790370625 0.21484375 0.50302210625 0.2137586791666667 0.48756370000000004 0.21158854166666666 0.476986896875 0.21050347083333334 0.46578745312500003 0.21050347083333334 0.462342090625 0.7432725708333333 0.5046493062499999 0.7421875 0.50790370625 0.21484375
5 0.551884534375 0.7367621541666666 0.554325334375 0.2170138875 0.54781653125 0.2137586791666667 0.5356125281249999 0.2137586791666667 0.523408521875 0.2137586791666667 0.512173971875 0.21484375 0.50876371875 0.7411024291666667 0.54863013125 0.7400173624999999 0.551884534375 0.7367621541666666
5 0.57710614375 0.7400173624999999 0.57710614375 0.2170138875 0.567342940625 0.21809895833333334 0.5577468875 0.2170138875 0.555952534375 0.7400173624999999 0.570597340625 0.7400173624999999 0.57710614375 0.7400173624999999
5 0.5990733500000001 0.7389322916666666 0.5998869531250001 0.2159288208333333 0.589310146875 0.2159288208333333 0.581347146875 0.21809895833333334 0.58117414375 0.7411024291666667 0.59337815 0.7400173624999999 0.5990733500000001 0.7389322916666666
5 0.64707576875 0.2170138875 0.605761209375 0.2159288208333333 0.6031413531250001 0.7411024291666667 0.64544856875 0.7411024291666667 0.64707576875 0.2170138875
5 0.659279771875 0.7400173624999999 0.673110978125 0.7411024291666667 0.68206058125 0.7389322916666666 0.68287418125 0.21809895833333334 0.667415775 0.21809895833333334 0.651334128125 0.2170138875 0.64951656875 0.21809895833333334 0.64788936875 0.7421875 0.659279771875 0.7400173624999999
5 0.6967053875 0.7411024291666667 0.6999597875 0.22026909583333334 0.68714141875 0.21918402916666666 0.686942184375 0.2332899291666667 0.68368778125 0.7400173624999999 0.6967053875 0.7411024291666667
5 0.71297739375 0.22026909583333334 0.702603659375 0.21918402916666666 0.6991461875 0.7421875 0.71135019375 0.7421875 0.71297739375 0.22026909583333334
5 0.7552846093750001 0.7400173624999999 0.756911809375 0.21918402916666666 0.7495894062499999 0.21809895833333334 0.7349446000000001 0.21809895833333334 0.717252096875 0.21918402916666666 0.71704539375 0.23763020833333334 0.71623179375 0.7400173624999999 0.7552846093750001 0.7400173624999999
5 0.791896621875 0.22135416666666666 0.76038360625 0.21918402916666666 0.757725409375 0.7400173624999999 0.7902694218749999 0.7400173624999999 0.791896621875 0.22135416666666666
5 0.810678440625 0.27235242916666663 0.793749490625 0.2712673625 0.79115203125 0.7367621541666666 0.811492040625 0.7367621541666666 0.810678440625 0.27235242916666663
5 0.829391246875 0.7291666666666666 0.829391246875 0.27235242916666663 0.813280740625 0.2734375 0.811492040625 0.2734375 0.813119240625 0.7313368041666667 0.829391246875 0.7291666666666666
5 0.8472904531250001 0.7302517374999999 0.8489176531249999 0.27452257083333337 0.8440360531250001 0.2734375 0.835086446875 0.2734375 0.8326456468749999 0.7269965291666666 0.83915445 0.7291666666666666 0.8472904531250001 0.7302517374999999
5 0.863562459375 0.7313368041666667 0.868444059375 0.7291666666666666 0.868444059375 0.27235242916666663 0.85379925625 0.2712673625 0.85379925625 0.2864583333333333 0.85217205625 0.7302517374999999 0.863562459375 0.7313368041666667
5 0.9213280781250001 0.21809895833333334 0.880826315625 0.2170138875 0.8757664625 0.7378472208333334 0.92214168125 0.7367621541666666 0.9213280781250001 0.21809895833333334
5 0.968516896875 0.21809895833333334 0.928026834375 0.2159288208333333 0.931091284375 0.7367621541666666 0.9693304968750001 0.7378472208333334 0.968516896875 0.21809895833333334