0 0.154446246875 0.0020041666666666667 0.04997895625 0.007014591666666667 0.21306818125000002 0.9970739125 0.279205746875 0.9990780833333334 0.154446246875 0.0020041666666666667
0 0.21306818125000002 0.0020041666666666667 0.16196188125 0.0020041666666666667 0.283715128125 0.998076 0.31528078437499996 0.9960718291666667 0.21306818125000002 0.0020041666666666667
0 0.303255771875 0.2795815291666666 0.254404159375 0.2745711083333333 0.32505110625 0.998076 0.359623015625 0.9960718291666667 0.303255771875 0.2795815291666666
0 0.329560484375 0.006012504166666667 0.29273388749999996 0.0040083375 0.368641775 0.9970739125 0.389685546875 0.9960718291666667 0.329560484375 0.006012504166666667
0 0.37916365937499996 0.006012504166666667 0.343088625 0.008016675 0.395698053125 0.9970739125 0.41523869687500004 0.9950697458333334 0.37916365937499996 0.006012504166666667
0 0.44154340937500003 0.007014591666666667 0.38743085625 0.006012504166666667 0.422754328125 0.9990780833333334 0.45281685937500005 0.9960718291666667 0.44154340937500003 0.007014591666666667
0 0.5054262875 0.083173 0.45056216875 0.08217091666666666 0.46183561875 0.9970739125 0.49039502187500006 0.9960718291666667 0.5054262875 0.083173
0 0.570060725 0.08217091666666666 0.51294191875 0.08217091666666666 0.49791065312500005 0.9970739125 0.529476309375 0.9950697458333334 0.570060725 0.08217091666666666
0 0.641459234375 0.005010420833333334 0.590352934375 0.0040083375 0.539246634375 0.998076 0.5708122906249999 0.9960718291666667 0.641459234375 0.005010420833333334
0 0.7331499531250001 0.005010420833333334 0.66175144375 0.0030062541666666664 0.5805826125 0.9990780833333334 0.62492484375 0.9970739125 0.7331499531250001 0.005010420833333334
0 0.8301016125 0.007014591666666667 0.751939034375 0.005010420833333334 0.632440475 0.9990780833333334 0.6827952125000001 0.9960718291666667 0.8301016125 0.007014591666666667
0 0.823337540625 0.3066378083333333 0.796281265625 0.30563572083333335 0.691062409375 0.998076 0.708348365625 0.9950697458333334 0.823337540625 0.3066378083333333
0 0.904506371875 0.09720217916666667 0.858661015625 0.09219175833333333 0.716615559375 0.9970739125 0.747429653125 0.9940676624999999 0.904506371875 0.09720217916666667
0 0.98642676875 0.0040083375 0.935320465625 0.007014591666666667 0.751939034375 0.9970739125 0.78726250625 0.9960718291666667 0.98642676875 0.0040083375
0 0.996948653125 0.22647105833333334 0.9961970906250001 0.03507295 0.7955297031249999 0.9970739125 0.820331290625 0.9940676624999999 0.996948653125 0.22647105833333334
0 0.996948653125 0.4038399875 0.996948653125 0.2515231666666667 0.829350046875 0.9970739125 0.847387565625 0.9930655749999999 0.996948653125 0.4038399875
0 0.997700215625 0.574194325 0.9954455281250001 0.42287959166666667 0.8534000718750001 0.998076 0.8812079125000001 0.9970739125 0.997700215625 0.574194325