0 0.087921109375 0.08919745 0.042395615625 0.08919745 0.062719496875 0.9021527041666667 0.10905794687499999 0.9043205875000001 0.087921109375 0.08919745
0 0.12938182812500001 0.08919745 0.084669290625 0.08594562916666666 0.10499317187499999 0.9097402875 0.149705709375 0.9151599874999999 0.12938182812500001 0.08919745
0 0.176533234375 0.06318288333333334 0.130194784375 0.057763179166666664 0.14076320312499999 0.9151599874999999 0.19360529375 0.9064884666666667 0.176533234375 0.06318288333333334
0 0.22043281874999998 0.075106225 0.1789721 0.07293834583333333 0.20173484687499998 0.899984825 0.23425305624999998 0.9064884666666667 0.22043281874999998 0.075106225
0 0.263519446875 0.20192724583333332 0.2196198625 0.20192724583333332 0.238317834375 0.9086563458333334 0.27977854999999996 0.9075724083333333 0.263519446875 0.20192724583333332
0 0.361074075 0.1748287375 0.273274909375 0.16615721666666666 0.292785834375 0.9086563458333334 0.37001658437499996 0.9086563458333334 0.361074075 0.1748287375
0 0.38708864374999996 0.1802484375 0.35944816562500004 0.1824163208333333 0.368390675 0.9043205875000001 0.39521819687500004 0.9032366458333333 0.38708864374999996 0.1802484375
0 0.410664346875 0.17699661666666666 0.385462734375 0.1791645 0.3935922875 0.9032366458333333 0.41960685625 0.899984825 0.410664346875 0.17699661666666666
0 0.43586595937499995 0.18350025833333333 0.410664346875 0.1791645 0.42041980937499995 0.899984825 0.44318255625 0.899984825 0.43586595937499995 0.18350025833333333
0 0.46513235 0.11521202083333333 0.43586595937499995 0.10545655416666667 0.4439955125 0.8989008833333333 0.4748878125 0.8967330041666667 0.46513235 0.11521202083333333
0 0.503341246875 0.10437261666666667 0.469197125 0.10545655416666667 0.47407485625 0.9010687666666667 0.51065784375 0.9010687666666667 0.503341246875 0.10437261666666667
0 0.53992423125 0.108708375 0.5041542 0.10654049583333333 0.5098448875 0.9097402875 0.5423630968750001 0.9086563458333334 0.53992423125 0.108708375
0 0.5716294875 0.1076244375 0.5382983218749999 0.108708375 0.5448019656249999 0.9075724083333333 0.574068353125 0.9032366458333333 0.5716294875 0.1076244375
0 0.600082921875 0.004650104166666667 0.5716294875 0.0035661624999999996 0.5756942625 0.9108242291666666 0.598457009375 0.9108242291666666 0.600082921875 0.004650104166666667
0 0.6220327125 0.0122376875 0.5968311 0.014405566666666668 0.595205190625 0.91407605 0.61715498125 0.9151599874999999 0.6220327125 0.0122376875
0 0.67406185 0.075106225 0.6220327125 0.0740222875 0.615529071875 0.905404525 0.665932296875 0.905404525 0.67406185 0.075106225
0 0.724465075 0.075106225 0.670810028125 0.07619016666666667 0.6683711625 0.9119081666666666 0.711457790625 0.9043205875000001 0.724465075 0.075106225
0 0.75454441875 0.006817983333333334 0.7260909843750001 0.006817983333333334 0.7130837031249999 0.9129921083333333 0.74072418125 0.9086563458333334 0.75454441875 0.006817983333333334
0 0.782997853125 0.005734045833333334 0.7472278218749999 0.005734045833333334 0.741537134375 0.9075724083333333 0.7659257937499999 0.905404525 0.782997853125 0.005734045833333334
0 0.799256959375 0.0794419875 0.7756812562500001 0.07727410833333333 0.770803525 0.9108242291666666 0.789501496875 0.9108242291666666 0.799256959375 0.0794419875
0 0.8252715281249999 0.07835804583333333 0.8008828687499999 0.0794419875 0.7878755843749999 0.905404525 0.8090124218750001 0.9043205875000001 0.8252715281249999 0.07835804583333333
0 0.849660184375 0.07293834583333333 0.824458571875 0.07619016666666667 0.8057605999999999 0.9129921083333333 0.832588125 0.91407605 0.849660184375 0.07293834583333333
0 0.8716099749999999 0.08160986666666667 0.8447824531249999 0.0794419875 0.832588125 0.91407605 0.84722131875 0.9129921083333333 0.8716099749999999 0.08160986666666667
0 0.894372725 0.20517906666666666 0.863480425 0.198675425 0.8529120062500001 0.9129921083333333 0.876487709375 0.9119081666666666 0.894372725 0.20517906666666666
0 0.92282615625 0.21168270833333333 0.891933859375 0.2171024125 0.8732358874999999 0.9129921083333333 0.9008763656250001 0.9064884666666667 0.92282615625 0.21168270833333333
0 0.952905503125 0.20517906666666666 0.920387290625 0.20517906666666666 0.8984375 0.9064884666666667 0.9301427562500001 0.9075724083333333 0.952905503125 0.20517906666666666
0 0.999747984375 0.09576612916666667 0.9537184562500001 0.09028139166666667 0.933394575 0.905404525 0.995179175 0.9032366458333333 0.999747984375 0.09576612916666667