6 0.09138125 0.3298609375 0.0621421875 0.3298609375 0.18819999999999998 0.791015625 0.21179375 0.791015625 0.09138125 0.3298609375
6 0.218303125 0.7921 0.24515156249999998 0.79535625 0.12880625 0.3439671875 0.12880625 0.336371875 0.125553125 0.3255203125 0.0955078125 0.327690625 0.218303125 0.7921
6 0.13212812499999999 0.34288124999999997 0.2500328125 0.7942703125 0.2565421875 0.7975265625 0.2728140625 0.7975265625 0.28501875 0.79535625 0.172740625 0.3352859375 0.13775625 0.34071250000000003 0.13212812499999999 0.34288124999999997
6 0.2215578125 0.33203125 0.1784359375 0.34071250000000003 0.2907140625 0.7986109375 0.324884375 0.7975265625 0.2215578125 0.33203125
6 0.34359687499999997 0.796440625 0.3509203125 0.7942703125 0.2532875 0.3537328125 0.23050625 0.3569875 0.3330203125 0.7975265625 0.34359687499999997 0.796440625
6 0.35905624999999997 0.7931859375 0.371259375 0.7921 0.27606875 0.3493921875 0.2574546875 0.35264687499999997 0.35417343749999997 0.7921 0.35905624999999997 0.7931859375
6 0.30373125 0.3244359375 0.2794265625 0.327690625 0.3761421875 0.796440625 0.3972953125 0.7975265625 0.30373125 0.3244359375
6 0.4046171875 0.7931859375 0.4200765625 0.7931859375 0.42495781250000003 0.7921 0.34359687499999997 0.3200953125 0.34034375 0.3200953125 0.311978125 0.32334999999999997 0.4046171875 0.7931859375
6 0.380209375 0.317925 0.3477859375 0.322265625 0.4298390625 0.8029515625 0.4534328125 0.80078125 0.380209375 0.317925
6 0.4192625 0.3125 0.3852203125 0.316840625 0.45668749999999997 0.796440625 0.486790625 0.7986109375 0.4192625 0.3125
6 0.490859375 0.7942703125 0.4941140625 0.79535625 0.5152671875 0.7942703125 0.5177078125000001 0.7931859375 0.458315625 0.3092453125 0.42591093750000003 0.31358437499999997 0.490859375 0.7942703125
6 0.533165625 0.796440625 0.54374375 0.796440625 0.490859375 0.3092453125 0.46009062500000003 0.31141562500000003 0.519334375 0.7931859375 0.533165625 0.796440625
6 0.5290984375 0.30381874999999997 0.49833906250000004 0.308159375 0.5494390625000001 0.80078125 0.5771 0.80078125 0.5290984375 0.30381874999999997
6 0.5803546875000001 0.29839375 0.5356078125 0.3049046875 0.5795421875 0.7975265625 0.6169671875 0.796440625 0.5803546875000001 0.29839375
6 0.6234765624999999 0.28211875000000003 0.5894859375 0.2853734375 0.6218484375 0.7975265625 0.648696875 0.7986109375 0.6234765624999999 0.28211875000000003
6 0.652765625 0.8018656249999999 0.6804281249999999 0.80078125 0.6633421875 0.29405312499999997 0.6657828125 0.2907984375 0.66496875 0.277778125 0.6283578125 0.283203125 0.652765625 0.8018656249999999
6 0.7032093749999999 0.28754375 0.6657828125 0.2907984375 0.68286875 0.8040359374999999 0.7113453125 0.8029515625 0.7032093749999999 0.28754375
6 0.7585328125 0.2907984375 0.718065625 0.2951390625 0.7162265624999999 0.7986109375 0.72924375 0.8029515625 0.744703125 0.8029515625 0.75690625 0.799696875 0.7715515625 0.29405312499999997 0.768296875 0.2897140625 0.7585328125 0.2907984375
6 0.9123046875 0.28428749999999997 0.786425 0.2853734375 0.7577203124999999 0.8083765625 0.8537250000000001 0.8192281250000001 0.9123046875 0.28428749999999997
6 0.9182609375 0.2810328125 0.8569796875 0.8040359374999999 0.862675 0.8094625000000001 0.8756921875 0.8127171875 0.8919640624999999 0.8148875 0.8984734375000001 0.810546875 0.9716968749999999 0.2810328125 0.9182609375 0.2810328125