0 0.16872594999999999 0.9960718291666667 0.02592893125 0.23849607083333335 0.00037578125 0.24651274583333332 0 0.41104497500000003 0.1296446625 0.9960718291666667 0.16872594999999999 0.9960718291666667
0 0.09958213125000001 0.22847522916666665 0.037953943750000003 0.23047939583333335 0.17624158125 0.9970739125 0.21832912499999999 0.9970739125 0.09958213125000001 0.22847522916666665
0 0.145427490625 0.22346480833333335 0.108600890625 0.22446689166666667 0.22434163125 0.9970739125 0.25139790624999997 0.9940676624999999 0.145427490625 0.22346480833333335
0 0.23862133124999999 0.5050505041666666 0.21607443437499999 0.510060925 0.19277597500000002 0.5020442500000001 0.2559072875 0.9960718291666667 0.290479196875 0.998076 0.23862133124999999 0.5050505041666666
0 0.28897606875 0.5020442500000001 0.24463383749999998 0.5010421666666667 0.295740140625 0.9940676624999999 0.3325667375 0.9940676624999999 0.28897606875 0.5020442500000001
0 0.29949795625000003 0.2054272875 0.2701869875 0.20342312083333333 0.33707611875 0.9960718291666667 0.354362071875 0.998076 0.29949795625000003 0.2054272875
0 0.370896465625 0.2054272875 0.306262025 0.209435625 0.35736832500000004 0.9970739125 0.403965246875 0.9950697458333334 0.370896465625 0.2054272875
0 0.44530122499999997 0.2054272875 0.378412096875 0.206429375 0.409977753125 0.9950697458333334 0.45507155 0.9960718291666667 0.44530122499999997 0.2054272875
0 0.48513407812500003 0.56617765 0.459580928125 0.5631713958333333 0.46108405625 0.9930655749999999 0.489643459375 0.9950697458333334 0.48513407812500003 0.56617765
0 0.531731 0.19440436249999998 0.49039502187500006 0.19240019166666666 0.495655965625 0.9930655749999999 0.52346380625 0.9970739125 0.531731 0.19440436249999998
0 0.555781025 0.1763668416666667 0.5362403812500001 0.1763668416666667 0.533985690625 0.9970739125 0.54300445 0.998076 0.555781025 0.1763668416666667
0 0.582837303125 0.1763668416666667 0.56329665625 0.1763668416666667 0.55127164375 0.9950697458333334 0.56404821875 0.9960718291666667 0.582837303125 0.1763668416666667
0 0.616657646875 0.17536475833333334 0.5926076250000001 0.17736892916666666 0.5663029093749999 0.9960718291666667 0.5820857375 0.9970739125 0.616657646875 0.17536475833333334
0 0.6549873749999999 0.17336059166666665 0.621918590625 0.1763668416666667 0.58659511875 0.9960718291666667 0.6053842 0.9960718291666667 0.6549873749999999 0.17336059166666665
0 0.673024890625 0.4479317 0.641459234375 0.45093795000000003 0.6113967062500001 0.9960718291666667 0.6377014187500001 0.9970739125 0.673024890625 0.4479317
0 0.71360930625 0.439915025 0.6812920874999999 0.4439233625 0.643713925 0.998076 0.672273328125 0.9950697458333334 0.71360930625 0.439915025
0 0.7857593781250001 0.1613355791666667 0.7391624593749999 0.16835016666666666 0.6767827093750001 0.9950697458333334 0.706093675 0.9960718291666667 0.7857593781250001 0.1613355791666667
0 0.8398719343750001 0.158329325 0.7977843906250001 0.15933140833333334 0.71360930625 0.9960718291666667 0.7436718375 0.9940676624999999 0.8398719343750001 0.158329325
0 0.884214165625 0.15231682083333334 0.846636003125 0.15532307083333335 0.74968434375 0.9970739125 0.77523749375 0.9970739125 0.884214165625 0.15231682083333334
0 0.933817340625 0.14730639583333333 0.895487615625 0.15432098749999998 0.7804984375 0.9940676624999999 0.8120640937499999 0.9950697458333334 0.933817340625 0.14730639583333333
0 0.958618928125 0.15432098749999998 0.93832671875 0.15131473333333334 0.819579725 0.9960718291666667 0.83611411875 0.998076 0.958618928125 0.15432098749999998
0 0.9901845843749999 0.15331890416666666 0.96387986875 0.15632515833333333 0.8436297500000001 0.998076 0.8541516343750001 0.998076 0.9901845843749999 0.15331890416666666