4 0.44617968750000003 0.0238234375 0.4404734375 0.0485421875 0.7544390625 0.16984531249999998 0.7614625 0.149128125 0.44617968750000003 0.0238234375
4 0.43947343749999995 0.05286875 0.433909375 0.07696875 0.746575 0.192940625 0.7537265625 0.172934375 0.43947343749999995 0.05286875
4 0.43430625 0.0790125 0.43085000000000007 0.0977421875 0.43758437499999997 0.0986453125 0.43476406250000005 0.10710781250000001 0.784825 0.23398593750000002 0.7891890625 0.21106406249999998 0.43430625 0.0790125
4 0.43433593750000005 0.1089609375 0.4308328125 0.11661406249999999 0.4282640625 0.1277375 0.4260140625 0.13372656249999998 0.7831140624999999 0.25793125 0.7865249999999999 0.23388124999999998 0.43433593750000005 0.1089609375
4 0.410734375 0.18487499999999998 0.4047734375 0.20693125 0.7306203124999999 0.2744484375 0.7314546875 0.2543625 0.410734375 0.18487499999999998
4 0.404234375 0.2055046875 0.39924218749999996 0.22713437500000003 0.7305640624999999 0.2958140625 0.7347015625 0.27789375 0.404234375 0.2055046875
4 0.3999234375 0.2279421875 0.39410625 0.2493796875 0.780196875 0.336721875 0.7855671875 0.316975 0.3999234375 0.2279421875
4 0.3939625 0.2499984375 0.38911250000000003 0.271009375 0.7737984375 0.3603015625 0.7798609375 0.34169375 0.3939625 0.2499984375
4 0.3901890625 0.27386093749999996 0.3838015625 0.297771875 0.768271875 0.3883765625 0.77523125 0.3692640625 0.3901890625 0.27386093749999996
4 0.3820109375 0.298009375 0.37641562500000003 0.3260078125 0.7533921875 0.41499218750000005 0.760359375 0.393709375 0.3820109375 0.298009375
4 0.3768109375 0.3280515625 0.3705328125 0.3552421875 0.7284140625 0.44046874999999996 0.7384953125 0.41936406249999997 0.3768109375 0.3280515625
4 0.371215625 0.35605000000000003 0.3634 0.386140625 0.7134359375 0.46878281250000003 0.7234390625 0.443225 0.371215625 0.35605000000000003
4 0.3646203125 0.388375 0.3569484375 0.41784687500000006 0.7083437499999999 0.49910625 0.7178109375 0.47512187499999997 0.3646203125 0.388375
4 0.7142906250000001 0.5016468749999999 0.35612343750000003 0.41765625 0.3487625 0.44830625 0.348990625 0.4485546875 0.7076171875 0.5267937500000001 0.7142906250000001 0.5016468749999999
4 0.7010546875 0.5552203125 0.7071890625 0.528646875 0.350353125 0.45017031249999995 0.3435140625 0.479309375 0.7010546875 0.5552203125
4 0.3433625 0.4804515625 0.33494531250000004 0.5169109375 0.693540625 0.5880390625 0.70213125 0.558071875 0.3433625 0.4804515625
4 0.333978125 0.5173390625 0.32459375 0.5542265625 0.6832890625 0.6200359375 0.6914171875 0.5894453125 0.333978125 0.5173390625
4 0.3262421875 0.55460625 0.319315625 0.5770906250000001 0.68855 0.6427265625 0.6929203125 0.624290625 0.3262421875 0.55460625
4 0.3201390625 0.57728125 0.315684375 0.6003359374999999 0.6826234375 0.6642671874999999 0.6872453125 0.6451109374999999 0.3201390625 0.57728125
4 0.311215625 0.6084171875 0.3025453125 0.6422140625 0.683246875 0.6987734375 0.68949375 0.6729671875000001 0.311215625 0.6084171875
4 0.3012609375 0.6477765625 0.293984375 0.6792921875 0.677528125 0.7318171875 0.6834374999999999 0.7067171875 0.3012609375 0.6477765625
4 0.29369999999999996 0.680528125 0.288784375 0.709334375 0.7088203125 0.7659515625 0.711103125 0.7560640624999999 0.7114843750000001 0.743134375 0.707965625 0.7358125 0.29369999999999996 0.680528125
4 0.70335 0.7936171875 0.7090562499999999 0.7874859375 0.7100875 0.7792625 0.7116875 0.768565625 0.7086765625 0.76656875 0.286709375 0.7108078124999999 0.27889375 0.7408984375000001 0.70335 0.7936171875
4 0.639675 0.8248421875 0.673634375 0.828125 0.6838437500000001 0.791428125 0.27900468749999996 0.744178125 0.2704125 0.785153125 0.639675 0.8248421875
4 0.26930312500000003 0.7862 0.26385000000000003 0.8135796875000001 0.643571875 0.8530796875 0.6491359375 0.8289781250000001 0.26930312500000003 0.7862
4 0.6338874999999999 0.8762281249999999 0.639846875 0.8541718749999999 0.2628828125 0.8140078125000001 0.256096875 0.8414140625 0.6338874999999999 0.8762281249999999