4 0.705709375 0.99503125 0.7160265625 0.9565234374999999 0.152734375 0.845178125 0.13991875 0.8846234374999999 0.705709375 0.99503125
4 0.71938125 0.9565796875 0.7278140625 0.9167234375 0.1641109375 0.7985296875000001 0.1521296875 0.8432421874999999 0.71938125 0.9565796875
4 0.7278140625 0.9167234375 0.7311687499999999 0.91678125 0.73728125 0.8897796874999999 0.7398078124999999 0.88035 0.1773671875 0.757440625 0.16686406250000002 0.796640625 0.7278140625 0.9167234375
4 0.7456796875 0.879396875 0.7490640625 0.8541921875 0.18620625 0.72864375 0.1778171875 0.7557640625000001 0.7456796875 0.879396875
4 0.7541265625 0.826909375 0.196515625 0.69855625 0.189175 0.72595 0.75074375 0.8521140624999999 0.753275 0.8384734375 0.7541265625 0.826909375
4 0.7599984375 0.82595625 0.768421875 0.794521875 0.2695328125 0.6734 0.2558890625 0.6698234375000001 0.2357640625 0.6652734375 0.226109375 0.701303125 0.7599984375 0.82595625
4 0.26684375 0.6415140625 0.2609421875 0.6509625 0.258415625 0.6603921875000001 0.2582140625 0.6695249999999999 0.7738734375 0.7951390625 0.78208125 0.7854687499999999 0.784396875 0.7768234374999999 0.783990625 0.7657640625 0.26684375 0.6415140625
4 0.7871203125 0.7624703125 0.7980703124999999 0.7216046875 0.27044687500000003 0.5903359375 0.25890625 0.6292109375 0.7871203125 0.7624703125
4 0.8187015625 0.6487984375 0.8189500000000001 0.61433125 0.295453125 0.5431296875 0.292521875 0.5750296875 0.8187015625 0.6487984375
4 0.8279828124999999 0.6141593750000001 0.8246499999999999 0.58048125 0.3061921875 0.50305 0.3027984375 0.536675 0.8279828124999999 0.6141593750000001
4 0.8362171875 0.5498890624999999 0.257390625 0.454596875 0.2548859375 0.48490625 0.8380703125 0.5807078125 0.8393421875 0.5675734375 0.8362171875 0.5498890624999999
4 0.8484171875 0.5169390625 0.2662453125 0.41316875 0.2641640625 0.441896875 0.847334375 0.5461296875 0.8519671875 0.5288406250000001 0.8484171875 0.5169390625
4 0.858696875 0.5121125 0.8595875 0.4668671875 0.329215625 0.35423593750000004 0.3216640625 0.403384375 0.858696875 0.5121125
4 0.8847906249999999 0.4566515625 0.8984578125 0.41403125 0.3648046875 0.2381890625 0.349265625 0.2919859375 0.8847906249999999 0.4566515625
4 0.86870625 0.40348750000000005 0.8752328125 0.379125 0.40908437500000006 0.215475 0.3983546875 0.247134375 0.86870625 0.40348750000000005
4 0.9059109375000001 0.32333124999999996 0.41021875 0.139971875 0.38922500000000004 0.193165625 0.8911749999999999 0.37413124999999997 0.9056953125 0.3283265625 0.9059109375000001 0.32333124999999996
4 0.90235 0.31985 0.9195984375 0.2722484375 0.42769531250000004 0.07474531250000001 0.40691249999999995 0.131346875 0.90235 0.31985
4 0.930509375 0.26506562499999997 0.94018125 0.2415453125 0.372615625 0.0161859375 0.361303125 0.045828125 0.930509375 0.26506562499999997
4 0.37574843750000003 0 0.37098749999999997 0.013879687499999998 0.9431203125 0.23896406250000002 0.9530031250000001 0.2146578125 0.42099062500000006 0 0.37574843750000003 0
4 0.4348921875 0 0.9534234375 0.2130859375 0.9605734375000001 0.1947859375 0.4847 0 0.4348921875 0
4 0.485471875 0 0.9591546875000001 0.1917 0.9666765625 0.17620625 0.53578125 0 0.485471875 0