6 0.314571875 0.8411125 0.3441859375 0.8352906250000001 0.2424234375 0.35365 0.2106671875 0.3608296875 0.314571875 0.8411125
6 0.3478265625 0.8315640625 0.37744218749999997 0.8257406250000001 0.2801125 0.34683593749999997 0.248234375 0.3529375 0.3478265625 0.8315640625
6 0.38456250000000003 0.8303328125 0.42510000000000003 0.8133296874999999 0.3321921875 0.343721875 0.2888859375 0.3501328125 0.38456250000000003 0.8303328125
6 0.430209375 0.8148890625 0.47033593749999997 0.801215625 0.3785 0.33366250000000003 0.33479375 0.3434015625 0.430209375 0.8148890625
6 0.4743734375 0.8007203125 0.5096406250000001 0.794203125 0.4305703125 0.39723593749999997 0.3954359375 0.40482968750000003 0.4743734375 0.8007203125
6 0.5422078124999999 0.7923921875 0.548403125 0.78944375 0.4720328125 0.387771875 0.4331953125 0.3969125 0.5147515625 0.7957625 0.5422078124999999 0.7923921875
6 0.554453125 0.79198125 0.589984375 0.78761875 0.5155078125 0.381340625 0.4756078125 0.388425 0.554453125 0.79198125
6 0.6179828125 0.78199375 0.6349421875 0.7799125 0.55939375 0.371578125 0.518153125 0.38101562499999997 0.5988671875 0.786528125 0.6179828125 0.78199375
6 0.5824234374999999 0.2780140625 0.5724546875 0.2836109375 0.5597984375 0.2873515625 0.5467578125 0.286765625 0.637334375 0.771965625 0.646071875 0.776359375 0.6597999999999999 0.7746734375 0.6708406250000001 0.77113125 0.676771875 0.7660296875 0.585653125 0.27761718750000003 0.5824234374999999 0.2780140625
6 0.6241515625 0.2707046875 0.6123015625 0.2743453125 0.600996875 0.2757328125 0.590653125 0.277003125 0.679340625 0.7602484375 0.69036875 0.7632671875 0.7039640625 0.7605046875 0.71299375 0.7539296875 0.6302140625 0.26667968750000004 0.6277921875 0.266978125 0.6241515625 0.2707046875
6 0.7155625 0.7481484375 0.747334375 0.739875 0.6860390625 0.2740375 0.64919375 0.2796546875 0.7155625 0.7481484375
6 0.7492140625 0.7418296875 0.7816625 0.7323796875 0.724403125 0.266046875 0.6875218750000001 0.2727625 0.7492140625 0.7418296875
6 0.79078125 0.746565625 0.8195874999999999 0.7408421875 0.76479375 0.254528125 0.7363109375 0.2613046875 0.79078125 0.746565625
6 0.8210703125000001 0.7395671875 0.8474546875 0.734140625 0.7995187500000001 0.250265625 0.7734671875 0.25674375 0.8210703125000001 0.7395671875