0 0.119626365625 0.2647957875 0.04646039375 0.24311697916666666 0.0033737656249999996 0.9151599874999999 0.064345409375 0.9162439291666666 0.119626365625 0.2647957875
0 0.20823848749999999 0.06643470416666666 0.14157615625 0.0555953 0.07084905 0.8989008833333333 0.12938182812500001 0.9097402875 0.20823848749999999 0.06643470416666666
0 0.12531705312500002 0.8913133 0.18384983125 0.9075724083333333 0.28465628125000003 0.06426682083333334 0.21718099687499998 0.033916491666666666 0.12531705312500002 0.8913133
0 0.317987446875 0.14231052916666667 0.27977854999999996 0.12496748333333334 0.181410965625 0.9043205875000001 0.22043281874999998 0.9086563458333334 0.317987446875 0.14231052916666667
0 0.216368040625 0.9032366458333333 0.25376398437500003 0.9184118125 0.35782225625 0.13905870833333334 0.33099473125 0.1217156625 0.216368040625 0.9032366458333333
0 0.40741252499999997 0.136890825 0.365138853125 0.12496748333333334 0.252951028125 0.9216636333333333 0.278965596875 0.9249154541666668 0.40741252499999997 0.136890825
0 0.282217415625 0.9119081666666666 0.309044940625 0.9173278708333333 0.44968620000000004 0.040420137499999995 0.41960685625 0.02524497083333333 0.282217415625 0.9119081666666666
0 0.48870804999999995 0.03933619583333334 0.452938021875 0.024161029166666667 0.30660607500000003 0.9205796916666666 0.33262064375 0.9259993916666667 0.48870804999999995 0.03933619583333334
0 0.33099473125 0.9129921083333333 0.37164249374999997 0.9314190958333334 0.49521169374999996 0.265879725 0.450499153125 0.2507045625 0.33099473125 0.9129921083333333
0 0.5716294875 0.02199315 0.5439890093749999 0.0176573875 0.37733318125 0.9227475708333334 0.400095928125 0.9292512125 0.5716294875 0.02199315
0 0.400908884375 0.9184118125 0.43342709375000005 0.9325030333333333 0.60739951875 0.019825270833333335 0.5756942625 0.011153745833333334 0.400908884375 0.9184118125
0 0.656989790625 0.010069804166666666 0.61878089375 0.0013982833333333333 0.42611049687499997 0.9292512125 0.457002796875 0.9379227375 0.656989790625 0.010069804166666666
0 0.4594416625 0.9270833333333334 0.49602465 0.9433424375 0.7130837031249999 0.004650104166666667 0.6626804749999999 0.0013982833333333333 0.4594416625 0.9270833333333334
0 0.762673971875 0.015489508333333334 0.712270746875 0.0013982833333333333 0.4903339625 0.9205796916666666 0.530981725 0.9335869750000001 0.762673971875 0.015489508333333334
0 0.5358594562500001 0.91949575 0.58138495 0.9379227375 0.752105553125 0.2507045625 0.705767103125 0.23444545416666665 0.5358594562500001 0.91949575
0 0.904941140625 0.007901925 0.823645615625 0.002482225 0.593579278125 0.9129921083333333 0.640730684375 0.928167275 0.904941140625 0.007901925
0 0.6529250125 0.9086563458333334 0.712270746875 0.9303351541666667 0.9894884875000001 0.005734045833333334 0.909818875 0.007901925 0.6529250125 0.9086563458333334
0 0.72527803125 0.9119081666666666 0.778933078125 0.9335869750000001 0.997618040625 0.2561242625 0.9968050843749999 0.023077091666666667 0.72527803125 0.9119081666666666
0 0.9968050843749999 0.5249414666666666 0.998430996875 0.29731399583333334 0.7846237656249999 0.9108242291666666 0.8431565437499999 0.9325030333333333 0.9968050843749999 0.5249414666666666
0 0.8423435874999999 0.9184118125 0.87404884375 0.9335869750000001 0.9968050843749999 0.6214121583333333 0.9959921312500001 0.5271093458333334 0.8423435874999999 0.9184118125
0 0.878926575 0.9162439291666666 0.8976245437499999 0.9292512125 0.9968050843749999 0.7005398041666666 0.998430996875 0.6333354999999999 0.878926575 0.9162439291666666