4 0.0737703125 0.8586406249999999 0.0695015625 0.8730218750000001 0.06705781250000001 0.892425 0.0697375 0.9007687499999999 0.6894 0.9522562499999999 0.69293125 0.948425 0.6956015625 0.925775 0.6945718750000001 0.909390625 0.0737703125 0.8586406249999999
4 0.07962812500000001 0.8215328124999999 0.07855 0.836953125 0.07684375 0.8458062500000001 0.07708125 0.8579593750000001 0.698103125 0.9055593749999999 0.7018578125 0.8829859375 0.70310625 0.8651312499999999 0.0824171875 0.81275625 0.07962812500000001 0.8215328124999999
4 0.701565625 0.8560515625 0.7039500000000001 0.8219640625 0.08884375 0.7675328125 0.08310625 0.8029078125 0.701565625 0.8560515625
4 0.705371875 0.8171687500000001 0.7099203125 0.7832328125 0.09612343749999999 0.72563125 0.0892484375 0.76173125 0.705371875 0.8171687500000001
4 0.7123125 0.7801375 0.7154375 0.7509953125 0.03646875 0.6920984375 0.0313578125 0.718525 0.7123125 0.7801375
4 0.7156078124999999 0.7485609375 0.719759375 0.7203046875 0.044151562500000005 0.6600125 0.038974999999999996 0.6873796875 0.7156078124999999 0.7485609375
4 0.7146312499999999 0.71586875 0.719415625 0.709678125 0.7194109375 0.69418125 0.7197515625 0.6893125 0.052859375 0.6288140624999999 0.04775 0.655225 0.7146312499999999 0.71586875
4 0.7201484375 0.68363125 0.7242437500000001 0.6561874999999999 0.0560984375 0.5980484374999999 0.0532671875 0.622978125 0.7201484375 0.68363125
4 0.17982343750000002 0.5553171875 0.1707171875 0.5921984375 0.172440625 0.59868125 0.720425 0.6485796875000001 0.7214937499999999 0.602165625 0.17982343750000002 0.5553171875
4 0.7273031249999999 0.5968640625 0.7294562499999999 0.550525 0.181234375 0.504034375 0.17465 0.55151875 0.7273031249999999 0.5968640625
4 0.7378843749999999 0.53888125 0.7384484375 0.5152687499999999 0.126934375 0.47169218749999997 0.1251875 0.496665625 0.7378843749999999 0.53888125
4 0.7389593750000001 0.5079640624999999 0.7448125 0.455359375 0.1692453125 0.411034375 0.1623796875 0.46255625 0.7389593750000001 0.5079640624999999
4 0.7474890624999999 0.44820625 0.7514609375 0.39139375 0.1746984375 0.348615625 0.16669375 0.40085781249999997 0.7474890624999999 0.44820625
4 0.18726875 0.2777234375 0.1764609375 0.3389515625 0.7527859375 0.38799843749999996 0.757140625 0.32572812500000003 0.18726875 0.2777234375
4 0.7606203125000001 0.3226234375 0.762996875 0.25754375 0.194490625 0.20555625000000002 0.185803125 0.26758906250000003 0.7606203125000001 0.3226234375
4 0.7770640625 0.24303124999999998 0.7775703125 0.2202296875 0.15944375 0.162325 0.15689843750000002 0.18317343749999998 0.7770640625 0.24303124999999998
4 0.7778546875 0.21617187499999999 0.7785875 0.19012500000000002 0.19737812500000002 0.1331703125 0.194378125 0.1605046875 0.7778546875 0.21617187499999999
4 0.779896875 0.186953125 0.7796624999999999 0.1592078125 0.2020390625 0.0976109375 0.19892812499999998 0.126559375 0.779896875 0.186953125
4 0.787178125 0.1450515625 0.788253125 0.11413437500000001 0.16801875 0.0552671875 0.1627984375 0.08324375 0.787178125 0.1450515625
4 0.7863140625 0.1107375 0.7896671875 0.0783484375 0.171540625 0.02044375 0.1693984375 0.0510734375 0.7863140625 0.1107375