4 0.8576171875 0.8475765624999999 0.24911093750000002 0.9266265625000001 0.251328125 0.9590234375 0.8564140625000001 0.8752984375 0.854478125 0.8509421875 0.8576171875 0.8475765624999999
4 0.24563593749999998 0.8893000000000001 0.2490515625 0.9249031249999999 0.2480265625 0.926665625 0.8585875 0.8442859374999999 0.8617000000000001 0.8401078125 0.8598765625 0.8190046875 0.856425 0.8134265624999999 0.24563593749999998 0.8893000000000001
4 0.8574515625 0.8117625 0.8585140625 0.7799750000000001 0.24107656249999998 0.8520109375 0.24335 0.886015625 0.8574515625 0.8117625
4 0.8595124999999999 0.7774984375 0.8583765624999999 0.7449749999999999 0.24088437499999998 0.8153828125 0.24640937499999999 0.8492656249999999 0.8595124999999999 0.7774984375
4 0.302421875 0.7432218749999999 0.305234375 0.792653125 0.857065625 0.7385078125 0.8602624999999999 0.7367671875 0.8608359374999999 0.72209375 0.857984375 0.7026546875 0.85441875 0.693825 0.302421875 0.7432218749999999
4 0.30288125 0.7252953125 0.303303125 0.7373484375 0.3033640625 0.73911875 0.8552765625 0.6872812500000001 0.8559359375 0.6750468749999999 0.8523703125000001 0.6662171875 0.301428125 0.7147640625 0.30288125 0.7252953125
4 0.8587624999999999 0.6627375 0.8558562500000001 0.641671875 0.300490625 0.68793125 0.300253125 0.7122109375 0.8587624999999999 0.6627375
4 0.8560593750000001 0.616428125 0.299525 0.6602859375000001 0.29931562500000003 0.685371875 0.8525453125 0.640159375 0.8564859374999999 0.628625 0.8560593750000001 0.616428125
4 0.8476171875 0.5923 0.2975609375 0.6351171875 0.2994921875 0.6593093750000001 0.8483546875 0.613440625 0.8522953125000001 0.6019062500000001 0.8476171875 0.5923
4 0.8144031249999999 0.5739 0.2785859375 0.620290625 0.278921875 0.6298984375 0.8171109375000001 0.5892734374999999 0.8168265625 0.5811421875 0.8144031249999999 0.5739
4 0.8585218749999999 0.562590625 0.858153125 0.5520203125 0.8577843749999999 0.54145 0.855275 0.53176875 0.2283390625 0.5805265625 0.22879375 0.5935359375 0.2282484375 0.6090234375 0.2330921875 0.6233546875 0.232040625 0.6243578125 0.855496875 0.569209375 0.8585218749999999 0.562590625
4 0.2245515625 0.5342546875 0.22699375000000002 0.57308125 0.8507390625 0.526228125 0.856046875 0.5227859375 0.85539375 0.5040843749999999 0.85285625 0.49359062500000006 0.8494890625 0.4904515625 0.2245515625 0.5342546875
4 0.2219625 0.49119843750000003 0.2244046875 0.5300140625 0.8526 0.486271875 0.857709375 0.47713906250000004 0.855228125 0.46827031249999995 0.8526906249999999 0.457775 0.851321875 0.44968281250000003 0.2219625 0.49119843750000003
4 0.8537234375 0.425175 0.2199984375 0.4660296875 0.2228984375 0.48690937500000003 0.8555187500000001 0.44546562500000003 0.8562328125 0.43485781250000005 0.8537234375 0.425175
4 0.21834531250000003 0.44980624999999996 0.2186515625 0.45855781249999994 0.2198 0.4603390625 0.854665625 0.421071875 0.853184375 0.40972656250000006 0.8518156250000001 0.40163281250000005 0.2168078125 0.436834375 0.21834531250000003 0.44980624999999996
4 0.8538140625 0.3966796875 0.8545578125000001 0.386884375 0.853303125 0.38204375 0.216096875 0.41650625 0.21632500000000002 0.42301093749999996 0.2187984375 0.43167968749999996 0.8538140625 0.3966796875
4 0.8514234374999999 0.35931406250000003 0.8510546874999999 0.34874375 0.21487656249999998 0.38154374999999996 0.2151609375 0.3896734375 0.21552968749999998 0.40024375 0.21706093750000002 0.41301249999999995 0.853303125 0.38204375 0.8531906250000001 0.378790625 0.85179375 0.369884375 0.8514234374999999 0.35931406250000003
4 0.8562218749999999 0.3412359375 0.8547109374999999 0.329078125 0.20634843749999998 0.354975 0.20910625 0.3717609375 0.8562218749999999 0.3412359375
4 0.85568125 0.3257875 0.8554265624999999 0.3184703125 0.8560281249999999 0.30460937499999996 0.854575 0.2940765625 0.2017890625 0.31768593749999996 0.2051421875 0.3515421875 0.85568125 0.3257875
4 0.1989109375 0.29743437500000003 0.1991859375 0.305334375 0.1992515625 0.3071921875 0.85531875 0.28428125 0.8551187499999999 0.2785890625 0.8549203125 0.2728984375 0.197684375 0.29340625 0.1989109375 0.29743437500000003
4 0.194209375 0.2560796875 0.1944078125 0.261771875 0.194890625 0.27559374999999997 0.19644999999999999 0.28914375 0.8537515625 0.27049687499999997 0.8545234374999999 0.2615140625 0.854040625 0.2476921875 0.8537000000000001 0.23793437499999998 0.194209375 0.2560796875
4 0.8497937500000001 0.219346875 0.1944984375 0.23327499999999998 0.194925 0.245471875 0.19500937499999998 0.2479109375 0.85021875 0.23154375 0.8497937500000001 0.219346875
4 0.1927046875 0.2129859375 0.1932625 0.228996875 0.8486234375 0.2169453125 0.849225 0.20308437499999998 0.8464890625000001 0.1868984375 0.1931921875 0.195871875 0.192334375 0.202415625 0.1927046875 0.2129859375
4 0.8523421875 0.1679703125 0.1889171875 0.1667140625 0.1893140625 0.178096875 0.2098890625 0.176565625 0.85256875 0.174475 0.8523421875 0.1679703125
4 0.8555109375000001 0.1654171875 0.8541140625000001 0.1565109375 0.85120625 0.1354453125 0.8474703124999999 0.1217359375 0.18487343750000002 0.113125 0.186653125 0.164084375 0.8555109375000001 0.1654171875