5 0.10674589375000001 0.2994791666666667 0.08559228437500001 0.2962239583333333 0.063769021875 0.2962239583333333 0.07094747812499999 0.888671875 0.11732269687500001 0.8810763875000001 0.10674589375000001 0.2994791666666667
5 0.15230750937499998 0.3005642375 0.111783346875 0.3005642375 0.120577096875 0.8778211791666667 0.1580027125 0.8767361124999999 0.15230750937499998 0.3005642375
5 0.19461472500000002 0.3005642375 0.156542459375 0.2973090291666667 0.157189109375 0.8810763875000001 0.20193712812500003 0.8799913208333333 0.19461472500000002 0.3005642375
5 0.2263451375 0.3005642375 0.1964187625 0.2983940958333333 0.20112352812499998 0.8799913208333333 0.23041313749999998 0.8821614583333334 0.2263451375 0.3005642375
5 0.285798896875 0.9071180541666667 0.286612496875 0.2029079875 0.2257156375 0.20182291666666666 0.229660478125 0.9027777791666666 0.23372847812500003 0.9049479166666666 0.285798896875 0.9071180541666667
5 0.331360515625 0.9114583333333334 0.34681891875000004 0.9103732625000001 0.34844611875 0.2039930541666667 0.29000600312499997 0.2029079875 0.29312130000000003 0.9071180541666667 0.31183410624999996 0.9125434041666666 0.331360515625 0.9114583333333334
5 0.40783894062500003 0.2029079875 0.37773573125 0.2029079875 0.35511016875 0.2039930541666667 0.354954921875 0.9103732625000001 0.403770940625 0.9125434041666666 0.40783894062500003 0.2029079875
5 0.46235016250000005 0.9114583333333334 0.46885896562499996 0.2061631958333333 0.41533152187500005 0.2061631958333333 0.40865254375 0.908203125 0.45584135937500003 0.9114583333333334 0.46235016250000005 0.9114583333333334
5 0.533190090625 0.2680121541666667 0.5242404875 0.263671875 0.504714078125 0.2625868041666667 0.481933271875 0.263671875 0.47229766875 0.2658420125 0.465661265625 0.8995225708333333 0.517731684375 0.9038628458333334 0.533190090625 0.2680121541666667
5 0.570615703125 0.8930121541666666 0.57875170625 0.8897569458333333 0.5933965125 0.2701822916666667 0.538885290625 0.2701822916666667 0.5258676875 0.888671875 0.533190090625 0.8930121541666666 0.570615703125 0.8930121541666666
5 0.634890128125 0.8940972208333334 0.635703728125 0.888671875 0.653602934375 0.2701822916666667 0.5974645125 0.2680121541666667 0.58037890625 0.8854166666666666 0.5852605093750001 0.888671875 0.634890128125 0.8940972208333334
5 0.6950965499999999 0.8908420125000001 0.71706375625 0.2712673625 0.6617389375 0.2701822916666667 0.638958128125 0.8854166666666666 0.64628053125 0.888671875 0.6950965499999999 0.8908420125000001
5 0.7284541625000001 0.8908420125000001 0.74960776875 0.31358507083333337 0.725390115625 0.31358507083333337 0.704046153125 0.8930121541666666 0.723572559375 0.8908420125000001 0.7284541625000001 0.8908420125000001
5 0.758557371875 0.8865017374999999 0.78215178125 0.31358507083333337 0.754489371875 0.31141492916666663 0.7317085624999999 0.888671875 0.754489371875 0.8908420125000001 0.758557371875 0.8865017374999999
5 0.82039099375 0.3092447916666667 0.791914984375 0.3070746541666667 0.766693375 0.8984375 0.7959829843749999 0.9006076375000001 0.82039099375 0.3092447916666667
5 0.845612603125 0.3059895833333333 0.822232565625 0.3070746541666667 0.7976101875 0.888671875 0.82201819375 0.8875868041666667 0.845612603125 0.3059895833333333
5 0.879783815625 0.3059895833333333 0.857226053125 0.3049045125 0.8358494000000001 0.8940972208333334 0.859443809375 0.8908420125000001 0.879783815625 0.3059895833333333
5 0.909073428125 0.8865017374999999 0.9359222375 0.3092447916666667 0.881640115625 0.3059895833333333 0.8602574093750001 0.8843315958333334 0.8667662125 0.8865017374999999 0.909073428125 0.8865017374999999
5 0.9685058 0.8865017374999999 0.9709466000000001 0.8865017374999999 0.9994226093749999 0.3103298625 0.945116678125 0.3092447916666667 0.9148081781249999 0.8832465291666666 0.9180625812500001 0.8875868041666667 0.9685058 0.8865017374999999