0 0.079289921875 0.005010420833333334 0.028183621875 0.0040083375 0.0071398500000000005 0.9940676624999999 0.054488334375 0.9940676624999999 0.079289921875 0.005010420833333334
0 0.128893096875 0.006012504166666667 0.08755711875 0.006012504166666667 0.060500840624999996 0.9940676624999999 0.103339946875 0.9960718291666667 0.128893096875 0.006012504166666667
0 0.16872594999999999 0.005010420833333334 0.134154040625 0.0030062541666666664 0.11311026875 0.9950697458333334 0.14993686875 0.9920634916666666 0.16872594999999999 0.005010420833333334
0 0.21081349062500002 0.006012504166666667 0.17549001875 0.0040083375 0.154446246875 0.9930655749999999 0.19127284687499999 0.9920634916666666 0.21081349062500002 0.006012504166666667
0 0.24764009062499998 0.007014591666666667 0.21381974375 0.008016675 0.197285353125 0.9940676624999999 0.233360390625 0.9930655749999999 0.24764009062499998 0.007014591666666667
0 0.284466690625 0.0030062541666666664 0.25214947187500003 0.0020041666666666667 0.23937289687500002 0.9950697458333334 0.271690115625 0.9960718291666667 0.284466690625 0.0030062541666666664
0 0.316783909375 0.0010020833333333333 0.291230759375 0 0.279205746875 0.9950697458333334 0.308516715625 0.9930655749999999 0.316783909375 0.0010020833333333333
0 0.358871453125 0.005010420833333334 0.32580266875 0.007014591666666667 0.31603234687500004 0.9940676624999999 0.34985269375 0.9910614083333333 0.358871453125 0.005010420833333334
0 0.403965246875 0.005010420833333334 0.366387084375 0.005010420833333334 0.36037457812499996 0.9950697458333334 0.40020743124999997 0.9960718291666667 0.403965246875 0.005010420833333334
0 0.440791846875 0.0020041666666666667 0.410729315625 0.0030062541666666664 0.4077230625 0.9950697458333334 0.43778559375 0.9930655749999999 0.440791846875 0.0020041666666666667
0 0.47912157187500004 0.0040083375 0.45056216875 0.007014591666666667 0.448307478125 0.9930655749999999 0.48212782499999995 0.9880551541666667 0.47912157187500004 0.0040083375
0 0.51143879375 0.006012504166666667 0.48814033125 0.007014591666666667 0.48889189375 0.9920634916666666 0.5144450468749999 0.9920634916666666 0.51143879375 0.006012504166666667
0 0.546762265625 0.0030062541666666664 0.520457553125 0.0010020833333333333 0.522712240625 0.990059325 0.55052008125 0.9880551541666667 0.546762265625 0.0030062541666666664
0 0.583588865625 0.007014591666666667 0.555781025 0.005010420833333334 0.5595388406249999 0.9940676624999999 0.5858435531249999 0.9920634916666666 0.583588865625 0.007014591666666667
0 0.61289983125 0.007014591666666667 0.5926076250000001 0.0120250125 0.5933591875 0.9960718291666667 0.614402959375 0.9920634916666666 0.61289983125 0.007014591666666667
0 0.6422107968749999 0.007014591666666667 0.620415465625 0.006012504166666667 0.622670153125 0.998076 0.64897486875 0.9960718291666667 0.6422107968749999 0.007014591666666667
0 0.679037396875 0.0040083375 0.64972643125 0.007014591666666667 0.6549873749999999 0.9960718291666667 0.68655303125 0.9930655749999999 0.679037396875 0.0040083375
0 0.715112434375 0.005010420833333334 0.6880561562499999 0.0040083375 0.6925655374999999 0.9960718291666667 0.72337963125 0.9940676624999999 0.715112434375 0.005010420833333334
0 0.747429653125 0.0040083375 0.72413119375 0.006012504166666667 0.7308952625 0.9940676624999999 0.758703103125 0.9940676624999999 0.747429653125 0.0040083375
0 0.7782437468750001 0.006012504166666667 0.7549452875 0.006012504166666667 0.7639640437499999 0.9950697458333334 0.78876563125 0.9940676624999999 0.7782437468750001 0.006012504166666667
0 0.803045334375 0.005010420833333334 0.7842562531249999 0.005010420833333334 0.791771884375 0.9960718291666667 0.815070346875 0.9950697458333334 0.803045334375 0.005010420833333334
0 0.8481391281249999 0.8728154541666666 0.840623496875 0.2956148791666667 0.8316047375 0.0030062541666666664 0.8098094031249999 0.0030062541666666664 0.8278469218750001 0.9990780833333334 0.845132875 0.9990780833333334 0.8481391281249999 0.8728154541666666
0 0.8759469687499999 0.9509780333333333 0.8699344625000001 0.3858024708333333 0.857909453125 0.006012504166666667 0.8383688062499999 0.007014591666666667 0.8511453812499999 0.9960718291666667 0.8759469687499999 0.9950697458333334 0.8759469687499999 0.9509780333333333
0 0.904506371875 0.4980359166666667 0.88872354375 0.006012504166666667 0.8661766468750001 0.006012504166666667 0.883462603125 0.9950697458333334 0.9060095 0.9940676624999999 0.904506371875 0.4980359166666667
0 0.933817340625 0.7946528791666666 0.9232954531249999 0.28459195000000004 0.91202200625 0.0040083375 0.89473605 0.006012504166666667 0.91127044375 0.9940676624999999 0.933817340625 0.9940676624999999 0.933817340625 0.7946528791666666
0 0.9541095468749999 0.6062610208333333 0.94884860625 0.3968253958333333 0.944339225 0.26555235 0.933065778125 0.0040083375 0.9187860750000001 0.0040083375 0.93757515625 0.9960718291666667 0.9571158000000001 0.9960718291666667 0.9541095468749999 0.6062610208333333
0 0.9961970906250001 0.5301026125 0.9826689500000001 0.0040083375 0.9398298468749999 0.0040083375 0.960873615625 0.9950697458333334 0.99920334375 0.9940676624999999 0.9961970906250001 0.5301026125