0 0.0432148875 0.2725669375 0.002630471875 0.2745711083333333 0.096575878125 0.9529822041666667 0.12588684375 0.9469696958333333 0.0432148875 0.2725669375
0 0 0.5806878291666667 0.0559914625 0.9529822041666667 0.089811809375 0.94997595 0.00037578125 0.2956148791666667 0 0.2953042333333334 0 0.5806878291666667
0 0.06350709375 0.02304794166666667 0.02517736875 0.0280583625 0.13565716562500002 0.9449655291666667 0.1574525 0.9429613583333333 0.06350709375 0.02304794166666667
0 0.207807240625 0.9449655291666667 0.15068843125 0.30563572083333335 0.13716029375 0.08217091666666666 0.07478054375 0.08517716666666666 0.16571969687500002 0.9529822041666667 0.1799994 0.9589947083333333 0.207807240625 0.9449655291666667
0 0.1799994 0.17336059166666665 0.14617905312499999 0.1763668416666667 0.21607443437499999 0.9489738666666666 0.23636664375 0.9469696958333333 0.1799994 0.17336059166666665
0 0.22434163125 0.17336059166666665 0.18826659375000002 0.17336059166666665 0.246888528125 0.9519801166666666 0.269435425 0.9489738666666666 0.22434163125 0.17336059166666665
0 0.272441678125 0.24851691666666667 0.234111953125 0.25252525416666666 0.27695105937500003 0.9569905416666666 0.31152296874999996 0.9549863708333334 0.272441678125 0.24851691666666667
0 0.314529221875 0.07615840833333333 0.282212 0.07615840833333333 0.316783909375 0.9609988791666667 0.340082371875 0.9609988791666667 0.314529221875 0.07615840833333333
0 0.353610509375 0.0791646625 0.32204485312500003 0.075156325 0.3438401875 0.9620009625 0.3678902125 0.9609988791666667 0.353610509375 0.0791646625
0 0.39795274062499997 0.026054191666666667 0.359623015625 0.025052108333333333 0.377660534375 0.9539842875000001 0.402462121875 0.9539842875000001 0.39795274062499997 0.026054191666666667
0 0.44154340937500003 0.026054191666666667 0.403965246875 0.027056279166666666 0.410729315625 0.9539842875000001 0.434779340625 0.9509780333333333 0.44154340937500003 0.026054191666666667
0 0.4798731375 0.026054191666666667 0.44905904375 0.0280583625 0.442294975 0.9569905416666666 0.458077803125 0.9569905416666666 0.4798731375 0.026054191666666667
0 0.529476309375 0.12526054166666667 0.48738876875 0.12125220416666667 0.46634499687500003 0.9519801166666666 0.49490439999999997 0.9519801166666666 0.529476309375 0.12526054166666667
0 0.5858435531249999 0.12425845833333334 0.5437560125 0.12526054166666667 0.504674725 0.9549863708333334 0.5354888156250001 0.9539842875000001 0.5858435531249999 0.12425845833333334
0 0.641459234375 0.1703543375 0.59411075 0.16935225416666666 0.5422528843750001 0.9519801166666666 0.57983105 0.9529822041666667 0.641459234375 0.1703543375
0 0.69932960625 0.1763668416666667 0.65047799375 0.1703543375 0.5858435531249999 0.9559884541666667 0.621167028125 0.9579926249999999 0.69932960625 0.1763668416666667
0 0.760206228125 0.043089625 0.722628065625 0.040083375000000004 0.629434221875 0.9640051291666667 0.66099988125 0.9690155541666667 0.760206228125 0.043089625
0 0.771479678125 0.29160654166666666 0.742168709375 0.28258778333333334 0.66776395 0.9539842875000001 0.689559284375 0.9529822041666667 0.771479678125 0.29160654166666666
0 0.8270953593750001 0.04509379583333333 0.8060515875 0.0440917125 0.697074915625 0.9539842875000001 0.71210618125 0.9539842875000001 0.8270953593750001 0.04509379583333333
0 0.8571578875 0.050104216666666666 0.8368656812499999 0.050104216666666666 0.716615559375 0.9539842875000001 0.734653078125 0.9519801166666666 0.8571578875 0.050104216666666666
0 0.934568903125 0.0040083375 0.87444384375 0.005010420833333334 0.742920275 0.9519801166666666 0.7827531249999999 0.9519801166666666 0.934568903125 0.0040083375
0 0.9804142625000001 0.0030062541666666664 0.9420845343750001 0.006012504166666667 0.789517196875 0.9509780333333333 0.8105609656249999 0.9519801166666666 0.9804142625000001 0.0030062541666666664
0 0.99845178125 0.05812089166666667 0.9961970906250001 0.005010420833333334 0.984923640625 0.005010420833333334 0.815070346875 0.9539842875000001 0.8301016125 0.9559884541666667 0.99845178125 0.05812089166666667
0 0.9939424000000001 0.209435625 0.997700215625 0.09720217916666667 0.83912036875 0.9569905416666666 0.8518969468750001 0.9579926249999999 0.9939424000000001 0.209435625
0 0.99845178125 0.49703382916666666 0.997700215625 0.23448773333333334 0.8631703937499999 0.9539842875000001 0.896990740625 0.9519801166666666 0.99845178125 0.49703382916666666