4 0.1419734375 0.2915984375 0.16336875 0.3459421875 0.671978125 0.1345921875 0.6486265625 0.07446875 0.1419734375 0.2915984375
4 0.278475 0.363321875 0.28905 0.35766875 0.2932546875 0.3568921875 0.30024531250000003 0.3538140625 0.3430375 0.3404203125 0.34585 0.34079375 0.36024375000000003 0.3358375 0.3698390625 0.332534375 0.3830203125 0.3266546875 0.3950140625 0.3225234375 0.41139374999999995 0.3155421875 0.41681093750000003 0.3156890625 0.43698125 0.3067328125 0.45238125 0.3021 0.4671609375 0.29567031250000003 0.47595625 0.292640625 0.48893125 0.2861609375 0.496128125 0.2836828125 0.5055171875 0.2797796875 0.5157046875 0.2756015625 0.5386875 0.2670171875 0.559065625 0.2586578125 0.5886250000000001 0.245796875 0.697496875 0.202371875 0.6746609375 0.1423890625 0.166053125 0.3537375 0.1814875 0.3933640625 0.18331875 0.39608750000000004 0.20044374999999998 0.3915328125 0.21432500000000002 0.38742343749999997 0.219715625 0.384896875 0.2261125 0.38269375 0.23011093749999997 0.3813171875 0.23090937500000003 0.38104218749999996 0.23730781250000002 0.3788390625 0.25108125000000003 0.37208437499999997 0.2498953125 0.373834375 0.271278125 0.3658 0.278475 0.363321875
4 0.189846875 0.41530468750000005 0.2023375 0.4411875 0.6913890625 0.25008125 0.6799359375 0.217709375 0.189846875 0.41530468750000005
4 0.20458125 0.44510937500000003 0.2177171875 0.47546718749999994 0.7041359375 0.28995625 0.6905187500000001 0.253640625 0.20458125 0.44510937500000003
4 0.21676406250000002 0.480490625 0.23232499999999998 0.5126953125 0.7230671875 0.330653125 0.7097703125 0.293965625 0.21676406250000002 0.480490625
4 0.230365625 0.51739375 0.2446875 0.546 0.7353734375000001 0.3683234375 0.7238109374999999 0.3347421875 0.230365625 0.51739375
4 0.243115625 0.5492250000000001 0.25865 0.57875625 0.7496078125000001 0.40487812500000003 0.7382125 0.371371875 0.243115625 0.5492250000000001
4 0.7268171875 0.4872375 0.7141078125 0.4494296875 0.6631640625 0.470325 0.6387625 0.47738593749999997 0.57280625 0.5014375 0.27575781250000003 0.6050609375 0.286003125 0.6270234375 0.7268171875 0.4872375
4 0.30125625 0.6687234375 0.744459375 0.53758125 0.7319828125 0.496525 0.28768125 0.6344937500000001 0.30125625 0.6687234375
4 0.3150109375 0.7008796875 0.783109375 0.571896875 0.773171875 0.5404390625 0.3022890625 0.671721875 0.3150109375 0.7008796875
4 0.31625000000000003 0.704478125 0.3247421875 0.7317375 0.7959796875 0.6109703125 0.789584375 0.5777171875 0.31625000000000003 0.704478125
4 0.33790468749999997 0.76476875 0.8121703124999999 0.6511015625 0.8052515625 0.6206171875 0.33000625 0.7366328125 0.33790468749999997 0.76476875
4 0.3510671875 0.7977984375 0.8328140625 0.6902765625 0.8280875 0.658365625 0.345953125 0.7673625000000001 0.3510671875 0.7977984375
4 0.36144375 0.8331296874999999 0.8504921875000001 0.7338250000000001 0.8438593750000001 0.70145625 0.3559171875 0.8014953125 0.36144375 0.8331296874999999
4 0.369878125 0.8342499999999999 0.3749921875 0.8646859375 0.8624281249999999 0.772525 0.85555 0.7381203125 0.369878125 0.8342499999999999
4 0.382196875 0.9037921875 0.89098125 0.8124484375 0.8854296875 0.7781390625 0.37826875000000004 0.8716062499999999 0.382196875 0.9037921875