4 0.7721078125 0.8418546875 0.2249796875 0.7997234375 0.2220421875 0.8333562499999999 0.7718453125 0.8731312499999999 0.7737937500000001 0.85726875 0.7721078125 0.8418546875
4 0.22780781249999998 0.7669718750000001 0.2251953125 0.7979609375 0.77243125 0.8392109375000001 0.7761109375 0.809246875 0.22780781249999998 0.7669718750000001
4 0.1927359375 0.71256875 0.18689375 0.7601578124999999 0.7800687500000001 0.8061546875 0.782015625 0.7625328125 0.1927359375 0.71256875
4 0.199971875 0.6633609375 0.1943453125 0.7091875 0.7835625 0.7582765625000001 0.7838515625 0.71553125 0.199971875 0.6633609375
4 0.201934375 0.6376593749999999 0.199553125 0.6570484375000001 0.7801125 0.7086515624999999 0.7815375 0.691634375 0.201934375 0.6376593749999999
4 0.20218124999999998 0.6162203125 0.198409375 0.6372265625 0.7845187499999999 0.6921953125 0.7857234375 0.6726625 0.20218124999999998 0.6162203125
4 0.2024578125 0.5751046875 0.1990890625 0.6122625 0.7860484375000001 0.67001875 0.7857375 0.6360671875 0.2024578125 0.5751046875
4 0.20380156249999998 0.5350125 0.200540625 0.5712906249999999 0.7892015625 0.6346234374999999 0.790140625 0.6002046875 0.20380156249999998 0.5350125
4 0.21306250000000002 0.48873749999999994 0.20786875 0.5310390625 0.7924640625 0.5983468750000001 0.793915625 0.5573734375 0.21306250000000002 0.48873749999999994
4 0.2184734375 0.4446734375 0.21327812499999999 0.486975 0.7964828125000001 0.5559000000000001 0.798028125 0.5145890625 0.2184734375 0.4446734375
4 0.221965625 0.3967953125 0.216771875 0.439096875 0.800825 0.5108109375 0.803503125 0.470003125 0.221965625 0.3967953125
4 0.8059109375 0.4693890625 0.8109968750000001 0.42796874999999995 0.2251796875 0.3507828125 0.21972343749999998 0.395625 0.8059109375 0.4693890625
4 0.8040546875000001 0.426221875 0.8104234375000001 0.38406406249999997 0.2264203125 0.308628125 0.2205421875 0.350103125 0.8040546875000001 0.426221875
4 0.8119234375 0.381565625 0.8181843750000001 0.3402890625 0.228375 0.26065625 0.2251015625 0.30325 0.8119234375 0.381565625
4 0.8147671875 0.33897499999999997 0.8208109374999999 0.2994609375 0.23420625 0.2131609375 0.22933750000000003 0.2590421875 0.8147671875 0.33897499999999997
4 0.8200687500000001 0.29579218749999997 0.8218156249999999 0.271853125 0.265971875 0.1895125 0.263384375 0.214915625 0.8200687500000001 0.29579218749999997
4 0.268484375 0.16365625 0.26556250000000003 0.1874515625 0.8198984375 0.2680390625 0.820775 0.243859375 0.268484375 0.16365625
4 0.8298859375 0.23527187500000002 0.8325906249999999 0.21323906250000002 0.29695312500000004 0.1401859375 0.29477031249999996 0.16330625000000001 0.8298859375 0.23527187500000002
4 0.30050625000000003 0.11659843750000001 0.29812500000000003 0.13598593750000001 0.8306734375 0.20942656249999997 0.8341218749999999 0.1910625 0.30050625000000003 0.11659843750000001