0 0.12438371875000001 0.9800384791666666 0.0176617375 0.3136523958333333 0.003382034375 0.31265031249999997 0 0.45072751250000004 0.10033369375000001 0.9860509875000001 0.12438371875000001 0.9800384791666666
0 0.059749278125000006 0.3116482291666667 0.02442580625 0.3136523958333333 0.133402478125 0.9830447333333333 0.15143999375 0.9840468166666666 0.059749278125000006 0.3116482291666667
0 0.095824315625 0.31966490416666665 0.066513346875 0.3156565666666667 0.1567009375 0.9870530708333334 0.1799994 0.9870530708333334 0.095824315625 0.31966490416666665
0 0.13189935 0.32367324166666667 0.1055946375 0.3226711541666667 0.18526034062500002 0.9890572375000001 0.20555255 0.9930655749999999 0.13189935 0.32367324166666667
0 0.16346500625 0.19340227499999998 0.130396225 0.18939393750000003 0.209310365625 0.9890572375000001 0.233360390625 0.9880551541666667 0.16346500625 0.19340227499999998
0 0.216825996875 0.1974106125 0.17473845625 0.19640852916666668 0.23786976875 0.9870530708333334 0.2686838625 0.9890572375000001 0.216825996875 0.1974106125
0 0.269435425 0.20141894999999999 0.2311057 0.1974106125 0.27544793125 0.9870530708333334 0.302504209375 0.990059325 0.269435425 0.20141894999999999
0 0.301752646875 0.20041686666666667 0.278454184375 0.20041686666666667 0.31227453125000004 0.9840468166666666 0.321293290625 0.9850489 0.301752646875 0.20041686666666667
0 0.32580266875 0.20342312083333333 0.30776515 0.19941478333333332 0.327305796875 0.9830447333333333 0.3423370625 0.9860509875000001 0.32580266875 0.20342312083333333
0 0.358871453125 0.20743145833333332 0.339330809375 0.20743145833333332 0.352107384375 0.9800384791666666 0.365635521875 0.9790363958333334 0.358871453125 0.20743145833333332
0 0.41298400625 0.3066378083333333 0.37390271875000003 0.30162738333333333 0.37390271875000003 0.9890572375000001 0.394194925 0.9860509875000001 0.41298400625 0.3066378083333333
0 0.4685996875 0.3046336375 0.427263709375 0.3046336375 0.40471681249999997 0.9870530708333334 0.43703403124999995 0.9910614083333333 0.4685996875 0.3046336375
0 0.5362403812500001 0.3206669875 0.47912157187500004 0.3156565666666667 0.44454966249999994 0.9830447333333333 0.48287939062499996 0.9830447333333333 0.5362403812500001 0.3206669875
0 0.589601371875 0.28860028750000005 0.54901695625 0.28860028750000005 0.49039502187500006 0.9830447333333333 0.518954425 0.9830447333333333 0.589601371875 0.28860028750000005
0 0.6264279687500001 0.22647105833333334 0.602377946875 0.22346480833333335 0.52571849375 0.9780343125000001 0.53699194375 0.9810405625 0.6264279687500001 0.22647105833333334
0 0.6572420625000001 0.22546897500000002 0.633943603125 0.22446689166666667 0.55052008125 0.9760301416666667 0.56179353125 0.9810405625 0.6572420625000001 0.22546897500000002
0 0.685049903125 0.22747314583333333 0.664757696875 0.22747314583333333 0.5708122906249999 0.9750280583333333 0.5858435531249999 0.9800384791666666 0.685049903125 0.22747314583333333
0 0.72563431875 0.22947731249999997 0.6925655374999999 0.22947731249999997 0.59862013125 0.9800384791666666 0.61289983125 0.9860509875000001 0.72563431875 0.22947731249999997
0 0.760206228125 0.23148148333333335 0.7323983875 0.23148148333333335 0.622670153125 0.9750280583333333 0.641459234375 0.98204265 0.760206228125 0.23148148333333335
0 0.7835046906249999 0.30563572083333335 0.7549452875 0.3066378083333333 0.652732684375 0.9720218041666667 0.67527958125 0.9750280583333333 0.7835046906249999 0.30563572083333335
0 0.8255922312499999 0.3116482291666667 0.794026575 0.30864197499999996 0.6797889625 0.9710197208333333 0.703838984375 0.9750280583333333 0.8255922312499999 0.3116482291666667
0 0.890226671875 0.24651274583333332 0.840623496875 0.24651274583333332 0.7143608718750001 0.9710197208333333 0.746678090625 0.9680134666666667 0.890226671875 0.24651274583333332
0 0.9420845343750001 0.24851691666666667 0.89999699375 0.24050024166666667 0.75569685 0.9650072166666667 0.785007815625 0.9660093 0.9420845343750001 0.24851691666666667
0 0.9789111343749999 0.2535273375 0.9511032937499999 0.2515231666666667 0.794026575 0.9670113833333333 0.8098094031249999 0.9670113833333333 0.9789111343749999 0.2535273375
0 0.9924392750000001 0.332692 0.9961970906250001 0.25653359166666667 0.98642676875 0.25653359166666667 0.8180766 0.9599967916666666 0.8368656812499999 0.9620009625 0.9924392750000001 0.332692
0 0.9954455281250001 0.4479317 0.996948653125 0.3557399375 0.8421266218750001 0.9670113833333333 0.857909453125 0.9650072166666667 0.9954455281250001 0.4479317