6 0.0293890625 0.06968593749999999 0.0041859374999999996 0.074021875 0.0651578125 0.947678125 0.078978125 0.9455109374999999 0.0293890625 0.06968593749999999
6 0.0423953125 0.9422578125 0.057842187499999996 0.9422578125 0.0058125 0.0870296875 0.000934375 0.44039375 0.0423953125 0.9422578125
6 0.0537765625 0.0252453125 0.0261359375 0.0252453125 0.078165625 0.9487625 0.101740625 0.9444265625 0.0537765625 0.0252453125
6 0.089546875 0.036084375 0.056215625000000005 0.026329687499999997 0.10499375 0.9498453124999999 0.1269421875 0.9455109374999999 0.089546875 0.036084375
6 0.144828125 0.00465 0.09035937499999999 0.00681875 0.13344687500000002 0.9498453124999999 0.179784375 0.947678125 0.144828125 0.00465
6 0.19035312499999998 0.1661578125 0.15133125 0.159653125 0.1765328125 0.9520140625 0.2139296875 0.9574343750000001 0.19035312499999998 0.1661578125
6 0.222059375 0.1629046875 0.1911671875 0.1629046875 0.21230312499999998 0.955265625 0.24482187500000002 0.947678125 0.222059375 0.1629046875
6 0.268396875 0.0241609375 0.2204328125 0.019825000000000002 0.2529515625 0.9520140625 0.28384375 0.9487625 0.268396875 0.0241609375
6 0.30741874999999996 0.167240625 0.2651453125 0.17049375 0.28546875 0.9530984374999999 0.3261171875 0.9530984374999999 0.30741874999999996 0.167240625
6 0.347253125 0.161821875 0.30497968750000004 0.1639890625 0.3204265625 0.947678125 0.3594484375 0.9530984374999999 0.347253125 0.161821875
6 0.3773328125 0.168325 0.3488796875 0.1629046875 0.3537578125 0.9487625 0.3838375 0.947678125 0.3773328125 0.168325
6 0.40741250000000007 0.161821875 0.3757078125 0.1607375 0.38465 0.9487625 0.41472968750000005 0.947678125 0.40741250000000007 0.161821875
6 0.44887343749999997 0.1629046875 0.4098515625 0.161821875 0.4163546875 0.9444265625 0.4504984375 0.9422578125 0.44887343749999997 0.1629046875
6 0.49033437500000004 0.167240625 0.45131249999999995 0.1715765625 0.45537656249999997 0.947678125 0.48626874999999997 0.9465937500000001 0.49033437500000004 0.167240625
6 0.5196 0.09136562499999999 0.491146875 0.08269375 0.4838296875 0.947678125 0.512284375 0.9498453124999999 0.5196 0.09136562499999999
6 0.55211875 0.0772734375 0.514721875 0.06968593749999999 0.5163484375 0.9541812500000001 0.54155 0.9465937500000001 0.55211875 0.0772734375
6 0.5830109375 0.19975937500000002 0.5488671875 0.19759218750000002 0.5431765625 0.9530984374999999 0.579759375 0.9530984374999999 0.5830109375 0.19975937500000002
6 0.61959375 0.19759218750000002 0.5838234375 0.198675 0.579759375 0.9509296875000001 0.59845625 0.955265625 0.61959375 0.19759218750000002
6 0.657803125 0.1943390625 0.6106515625 0.19975937500000002 0.5935796875 0.9487625 0.648046875 0.955265625 0.657803125 0.1943390625
6 0.696825 0.0490921875 0.6667453125 0.0490921875 0.647234375 0.947678125 0.6756875 0.9563499999999999 0.696825 0.0490921875
6 0.7212125 0.048007812500000004 0.6951984375 0.051259374999999996 0.674875 0.9509296875000001 0.7000765624999999 0.9498453124999999 0.7212125 0.048007812500000004
6 0.7610484375000001 0.0458390625 0.7285296875 0.043671875 0.696825 0.947678125 0.7350328125 0.947678125 0.7610484375000001 0.0458390625
6 0.79925625 0.1965078125 0.760234375 0.19325625 0.736659375 0.9530984374999999 0.7732421875 0.9465937500000001 0.79925625 0.1965078125
6 0.8399046875 0.1954234375 0.7951921875 0.1965078125 0.77486875 0.9509296875000001 0.8073859375 0.947678125 0.8399046875 0.1954234375
6 0.8748625000000001 0.17049375 0.8342140625000001 0.1661578125 0.8082 0.9530984374999999 0.836653125 0.9541812500000001 0.8748625000000001 0.17049375
6 0.9016890625 0.168325 0.8642937500000001 0.1650734375 0.8277109375 0.9596015625 0.8691718749999999 0.955265625 0.9016890625 0.168325
6 0.9797328125 0.107625 0.89925 0.1022046875 0.871609375 0.9465937500000001 0.9358328124999999 0.9465937500000001 0.9797328125 0.107625
6 0.9740421874999999 0.93900625 0.99843125 0.589978125 0.9997484375000001 0.061492187499999997 0.9797328125 0.061015625 0.9350203125000001 0.9465937500000001 0.9740421874999999 0.93900625