5 0.17413694062500001 0.39306640833333334 0.14179597500000002 0.3922526041666667 0.14362659687499998 0.8829752583333333 0.177187975 0.8829752583333333 0.17413694062500001 0.39306640833333334
5 0.21929225312499998 0.3938802083333333 0.18515586875 0.39306640833333334 0.18084921874999998 0.8837890625 0.21380039062499998 0.8829752583333333 0.21929225312499998 0.3938802083333333
5 0.264447565625 0.39306640833333334 0.23398399374999998 0.3922526041666667 0.21746163125 0.8821614583333334 0.247361771875 0.8837890625 0.264447565625 0.39306640833333334
5 0.30350080625000003 0.3922526041666667 0.271825790625 0.390625 0.25285363125 0.8829752583333333 0.283974184375 0.8837890625 0.30350080625000003 0.3922526041666667
5 0.29068646249999996 0.8846028666666667 0.30228039375 0.8854166666666666 0.31753556562499996 0.8846028666666667 0.327909084375 0.8837890625 0.34987653124999996 0.34423828333333334 0.3382826 0.3434244791666667 0.329129496875 0.34261067500000003 0.31753556562499996 0.341796875 0.308446884375 0.341796875 0.28580480625 0.87809245 0.28519459999999996 0.8821614583333334 0.29068646249999996 0.8846028666666667
5 0.368792946875 0.8870442708333334 0.398693084375 0.34749349166666665 0.357885359375 0.34423828333333334 0.33096011875000003 0.87972005 0.33340094374999996 0.8829752583333333 0.368792946875 0.8870442708333334
5 0.37855625625 0.9025065083333333 0.386488946875 0.9025065083333333 0.3968624625 0.9025065083333333 0.43042384375 0.33935546666666666 0.40060996875 0.33610025833333335 0.369403153125 0.8984375 0.370623565625 0.8992513 0.37855625625 0.9025065083333333
5 0.41150743125 0.9008789083333333 0.421270740625 0.9016927083333334 0.4298136375 0.9016927083333334 0.46703625937500004 0.33935546666666666 0.438451765625 0.3369140625 0.3999135 0.8959960916666667 0.402354325 0.8992513 0.41150743125 0.9008789083333333
5 0.45361170624999997 0.8837890625 0.46459543124999997 0.8829752583333333 0.5005976375000001 0.3434244791666667 0.49266495 0.3434244791666667 0.48595267187499996 0.34098307499999997 0.475072859375 0.3401692708333333 0.43652591249999995 0.8805338541666666 0.44262798124999997 0.8813476583333333 0.45361170624999997 0.8837890625
5 0.5402610875 0.3450520833333333 0.50742149375 0.34098307499999997 0.46825667187500003 0.8764648416666667 0.49937722500000004 0.8805338541666666 0.5402610875 0.3450520833333333
5 0.57931433125 0.34423828333333334 0.54648399375 0.341796875 0.503648671875 0.8748372416666667 0.536599846875 0.87890625 0.57931433125 0.34423828333333334
5 0.5799245375 0.8772786458333334 0.618367571875 0.3401692708333333 0.5831050875 0.33935546666666666 0.543312121875 0.8715820333333333 0.561618328125 0.8756510416666666 0.5799245375 0.8772786458333334
5 0.66230246875 0.33772786666666665 0.6263002625 0.3369140625 0.5848061906249999 0.8748372416666667 0.6220288125 0.87890625 0.66230246875 0.33772786666666665
5 0.705016953125 0.33447265833333334 0.66916465625 0.3336588541666667 0.6439962625 0.8846028666666667 0.6793882625000001 0.8870442708333334 0.705016953125 0.33447265833333334