4 0.89191875 0.19114375 0.8956546875000001 0.1613234375 0.279296875 0.10445156250000001 0.275 0.1449625 0.2733828125 0.1758375 0.885540625 0.22991562499999998 0.886921875 0.2242859375 0.89191875 0.19114375
4 0.27325468750000004 0.17827500000000002 0.2672984375 0.250471875 0.877203125 0.3060625 0.8861484374999999 0.23905625000000003 0.27325468750000004 0.17827500000000002
4 0.2625796875 0.2575578125 0.25990156249999996 0.26719375 0.258240625 0.29888125 0.25575312499999997 0.32563593750000003 0.9052203125 0.37270781249999996 0.9137812500000001 0.31303281250000003 0.2625796875 0.2575578125
4 0.2539453125 0.339390625 0.252578125 0.406940625 0.8973093750000001 0.4407296875 0.9037875 0.3793328125 0.2539453125 0.339390625
4 0.24677656250000002 0.41397031249999994 0.24483749999999999 0.47171250000000003 0.9547109375 0.506471875 0.9629296875 0.45332968749999997 0.24677656250000002 0.41397031249999994
4 0.2435828125 0.47490625 0.2404328125 0.5350296875 0.9482671874999999 0.5672375 0.9544015625 0.512371875 0.2435828125 0.47490625
4 0.23479687500000002 0.5388890625 0.231584375 0.5794578125000001 0.87995 0.6061046875 0.8852375 0.567421875 0.23479687500000002 0.5388890625
4 0.23154218750000002 0.5802703124999999 0.22932812500000002 0.62251875 0.8734875000000001 0.6465015625 0.8776046875000001 0.6093968750000001 0.23154218750000002 0.5802703124999999
4 0.2236125 0.627921875 0.22137500000000002 0.691353125 0.937134375 0.7174578125 0.9423671875 0.6590734375 0.2236125 0.627921875
4 0.2135484375 0.7577499999999999 0.9316890624999999 0.77990625 0.9356687499999999 0.7247140625 0.21795312500000003 0.6944328125 0.21561093750000002 0.73911875 0.2135484375 0.7577499999999999
4 0.2157578125 0.7570515624999999 0.2125875 0.79680625 0.8275328125 0.8184421875 0.8317328125 0.7797562499999999 0.2157578125 0.7570515624999999
4 0.21692187500000001 0.7970328125 0.21403124999999998 0.8107312500000001 0.21266875000000002 0.83673125 0.8199859375 0.8587828125 0.8227296875000001 0.827153125 0.821934375 0.8216187500000001 0.21692187500000001 0.7970328125