0 0.128141534375 0.9940676624999999 0.050730518749999995 0.013027095833333334 0.0048851625 0.018037516666666666 0.002630471875 0.09920635 0.0815446125 0.9950697458333334 0.128141534375 0.9940676624999999
0 0.1183712125 0.011022929166666667 0.06801647499999999 0.014029179166666666 0.140918109375 0.9950697458333334 0.184508778125 0.9960718291666667 0.1183712125 0.011022929166666667
0 0.147682178125 0.042087541666666665 0.128141534375 0.0440917125 0.19127284687499999 0.9960718291666667 0.209310365625 0.9960718291666667 0.147682178125 0.042087541666666665
0 0.18526034062500002 0.040083375000000004 0.16271344375000002 0.040083375000000004 0.2175775625 0.9960718291666667 0.23786976875 0.9950697458333334 0.18526034062500002 0.040083375000000004
0 0.22283850312500003 0.040083375000000004 0.197285353125 0.040083375000000004 0.24463383749999998 0.9960718291666667 0.269435425 0.9970739125 0.22283850312500003 0.040083375000000004
0 0.266429171875 0.03707712083333334 0.23711820625 0.042087541666666665 0.277702621875 0.9950697458333334 0.3047589 0.9950697458333334 0.266429171875 0.03707712083333334
0 0.3047589 0.0280583625 0.27469636875000003 0.03407086666666667 0.314529221875 0.9940676624999999 0.340833934375 0.9950697458333334 0.3047589 0.0280583625
0 0.33031204999999997 0.024050025 0.31377765625 0.024050025 0.35060425624999997 0.9920634916666666 0.364132396875 0.9930655749999999 0.33031204999999997 0.024050025
0 0.35736832500000004 0.025052108333333333 0.33782768124999996 0.025052108333333333 0.368641775 0.9960718291666667 0.383673040625 0.9930655749999999 0.35736832500000004 0.025052108333333333
0 0.43778559375 0.9970739125 0.422754328125 0.021043770833333333 0.391188671875 0.024050025 0.3678902125 0.024050025 0.39795274062499997 0.998076 0.4189965125 0.998076 0.43778559375 0.9970739125
0 0.48212782499999995 0.019039604166666668 0.43628246875 0.019039604166666668 0.45131373124999996 0.9970739125 0.485885640625 0.998076 0.48212782499999995 0.019039604166666668
0 0.544507575 0.22446689166666667 0.49490439999999997 0.22647105833333334 0.49941378125 0.998076 0.541501321875 0.9960718291666667 0.544507575 0.22446689166666667
0 0.6053842 0.23148148333333335 0.58734668125 0.22947731249999997 0.5565325875 0.22847522916666665 0.54976851875 0.998076 0.5971170031249999 0.9940676624999999 0.6053842 0.23148148333333335
0 0.633192040625 0.11323552916666667 0.61289983125 0.11724386666666667 0.603881071875 0.9950697458333334 0.6189123375000001 0.9970739125 0.633192040625 0.11323552916666667
0 0.6549873749999999 0.11223344583333333 0.6377014187500001 0.11724386666666667 0.6241732812499999 0.9970739125 0.6377014187500001 0.998076 0.6549873749999999 0.11223344583333333
0 0.7030874218750001 0.01603335 0.6625030062499999 0.015031266666666666 0.648223303125 0.9950697458333334 0.679037396875 0.9950697458333334 0.7030874218750001 0.01603335
0 0.7526905968750001 0.015031266666666666 0.71285774375 0.015031266666666666 0.68730459375 0.9950697458333334 0.7196218125 0.9950697458333334 0.7526905968750001 0.015031266666666666
0 0.803796896875 0.08617925416666666 0.760957790625 0.0871813375 0.7293921343750001 0.9960718291666667 0.76321248125 0.9960718291666667 0.803796896875 0.08617925416666666
0 0.856406325 0.0871813375 0.8173250375000001 0.0871813375 0.77598905625 0.9950697458333334 0.80680315 0.9950697458333334 0.856406325 0.0871813375
0 0.881959475 0.011022929166666667 0.8654250843750001 0.011022929166666667 0.8180766 0.9940676624999999 0.829350046875 0.9920634916666666 0.881959475 0.011022929166666667
0 0.9022516843749999 0.011022929166666667 0.8864688562499999 0.010020841666666667 0.835362553125 0.9910614083333333 0.8496422562499999 0.9910614083333333 0.9022516843749999 0.011022929166666667
0 0.9676376875000001 0.010020841666666667 0.9135251312499999 0.0120250125 0.860915703125 0.9930655749999999 0.9067610625 0.9930655749999999 0.9676376875000001 0.010020841666666667
0 0.997700215625 0.010020841666666667 0.9774080093749999 0.009018758333333333 0.9157798218750001 0.9940676624999999 0.93757515625 0.9910614083333333 0.997700215625 0.010020841666666667
0 0.9954455281250001 0.09419592916666668 0.9465939156250001 0.9920634916666666 0.9676376875000001 0.9920634916666666 0.9961970906250001 0.5431297083333334 0.9954455281250001 0.09419592916666668