5 0.113361440625 0.8528645833333334 0.079190228125 0.2897135416666667 0.066986221875 0.2897135416666667 0.042610168749999996 0.29188367916666663 0.075122225 0.8582899291666667 0.09302143125 0.8572048624999999 0.113361440625 0.8528645833333334
5 0.145905453125 0.8528645833333334 0.115802240625 0.2875434041666667 0.083300271875 0.2897135416666667 0.115802240625 0.8539496541666666 0.130447046875 0.8561197916666666 0.145905453125 0.8528645833333334
5 0.18251746562499999 0.263671875 0.11585235625000001 0.2647569458333333 0.147532653125 0.8702256958333333 0.21099347499999999 0.8680555541666667 0.18251746562499999 0.263671875
5 0.251673490625 0.8463541666666666 0.22970628125 0.3125 0.20211537812499997 0.3125 0.22563828125000002 0.8485243041666667 0.24109668750000002 0.849609375 0.251673490625 0.8463541666666666
5 0.2793359 0.8452690958333334 0.25899589375 0.3103298625 0.2467918875 0.3103298625 0.23214708437499998 0.3125 0.254927890625 0.8474392374999999 0.267945496875 0.8485243041666667 0.2793359 0.8452690958333334
5 0.3126935125 0.8452690958333334 0.29560790625 0.3103298625 0.26070912812499997 0.3103298625 0.2801495 0.8474392374999999 0.29967590624999996 0.8474392374999999 0.3126935125 0.8452690958333334
5 0.345237525 0.8474392374999999 0.32896551875 0.31141492916666663 0.29642150625 0.3103298625 0.3151343125 0.8474392374999999 0.32977911875 0.8485243041666667 0.345237525 0.8474392374999999
5 0.376154334375 0.8517795125000001 0.359068728125 0.3125 0.349305525 0.31358507083333337 0.33069610625 0.3125 0.345237525 0.849609375 0.359068728125 0.8528645833333334 0.376154334375 0.8517795125000001
5 0.41032554687499995 0.8485243041666667 0.39812154375 0.3081597208333333 0.37859513749999996 0.3092447916666667 0.36568959687499997 0.3081597208333333 0.37940873750000004 0.8463541666666666 0.39568074375 0.849609375 0.41032554687499995 0.8485243041666667
5 0.443683159375 0.8463541666666666 0.44693756249999994 0.8430989583333334 0.43554715625 0.3070746541666667 0.40475209687499997 0.3070746541666667 0.41602075000000005 0.8474392374999999 0.42903835625 0.849609375 0.443683159375 0.8463541666666666
5 0.46809116875 0.3070746541666667 0.460768765625 0.3070746541666667 0.441242359375 0.3070746541666667 0.45019196250000004 0.8506944458333333 0.473786371875 0.8485243041666667 0.46809116875 0.3070746541666667
5 0.49900798125 0.8409288208333333 0.5169071875 0.83984375 0.509584784375 0.3059895833333333 0.47297277187500003 0.3070746541666667 0.48110877500000004 0.83984375 0.48273597500000004 0.8409288208333333 0.49900798125 0.8409288208333333
5 0.540501596875 0.8376736124999999 0.53643359375 0.3059895833333333 0.5136527875 0.3081597208333333 0.5193479875 0.8387586791666667 0.53236559375 0.83984375 0.540501596875 0.8376736124999999
5 0.581181609375 0.30381944583333337 0.539843240625 0.3049045125 0.545383196875 0.8561197916666666 0.5868768125 0.8539496541666666 0.581181609375 0.30381944583333337
5 0.627556828125 0.302734375 0.5870437625 0.302734375 0.5893176125 0.8474392374999999 0.629184028125 0.8485243041666667 0.627556828125 0.302734375
5 0.69101765 0.17903645833333334 0.644823709375 0.17903645833333334 0.63976083125 0.8582899291666667 0.68613605 0.859375 0.69101765 0.17903645833333334
5 0.7357656687499999 0.8561197916666666 0.745528871875 0.1768663208333333 0.69934845 0.1779513875 0.69183125 0.8604600708333333 0.729256865625 0.859375 0.7357656687499999 0.8561197916666666
5 0.77725928125 0.2864583333333333 0.744715271875 0.2864583333333333 0.73820646875 0.8365885416666666 0.765868878125 0.8355034708333334 0.77725928125 0.2864583333333333
5 0.8244481 0.2853732625 0.782954484375 0.2853732625 0.769123278125 0.8344184041666666 0.80736249375 0.8344184041666666 0.8244481 0.2853732625
5 0.84316090625 0.8344184041666666 0.851296909375 0.8322482625000001 0.8732641187500001 0.28428819583333337 0.829556784375 0.2853732625 0.8098032937499999 0.8311631958333333 0.8130576968750001 0.8344184041666666 0.84316090625 0.8344184041666666
5 0.883840921875 0.8333333333333334 0.891976925 0.8322482625000001 0.919639334375 0.2799479166666667 0.879198709375 0.28211805416666663 0.8529241093750001 0.8279079874999999 0.8602465125000001 0.8333333333333334 0.883840921875 0.8333333333333334
5 0.9277753375 0.8289930541666667 0.9294025375 0.8257378458333334 0.96438735 0.29405382083333337 0.9263992312499999 0.29405382083333337 0.8968585250000001 0.8311631958333333 0.904994528125 0.8311631958333333 0.9277753375 0.8289930541666667