6 0.11899062499999999 0.277778125 0.1077140625 0.2799484375 0.0897015625 0.9244796875000001 0.13445000000000001 0.9244796875000001 0.1401453125 0.9212234374999999 0.1547890625 0.283203125 0.146653125 0.28211875000000003 0.12956718750000001 0.277778125 0.11899062499999999 0.277778125
6 0.20360625 0.2810328125 0.158984375 0.2799484375 0.14258593749999998 0.922309375 0.189775 0.9244796875000001 0.20360625 0.2810328125
6 0.19465625 0.922309375 0.197096875 0.92339375 0.238590625 0.922309375 0.2442859375 0.922309375 0.24998125 0.28211875000000003 0.206184375 0.2799484375 0.19465625 0.922309375
6 0.303678125 0.283203125 0.257303125 0.28211875000000003 0.248353125 0.92339375 0.29716875 0.92339375 0.303678125 0.283203125
6 0.3557484375 0.283203125 0.3062828125 0.283203125 0.2979828125 0.92339375 0.3484265625 0.9255640625 0.3557484375 0.283203125
6 0.3533078125 0.9255640625 0.3923609375 0.927734375 0.400496875 0.9255640625 0.40537812500000003 0.2799484375 0.391546875 0.277778125 0.3591796875 0.2766921875 0.3533078125 0.9255640625
6 0.4080078125 0.2799484375 0.4037515625 0.92339375 0.4436171875 0.9244796875000001 0.4493125 0.922309375 0.45419375000000006 0.28211875000000003 0.45012656250000005 0.2810328125 0.4306 0.2788625 0.4080078125 0.2799484375
6 0.4598890625 0.9299046875 0.4639578125 0.9299046875 0.47778906250000003 0.9288187499999999 0.49243437500000004 0.9255640625 0.49487500000000006 0.37000937500000003 0.4615171875 0.3678390625 0.4598890625 0.9299046875
6 0.49915312500000003 0.37109375 0.4940609375 0.922309375 0.5030109375 0.9255640625 0.5127734375 0.9255640625 0.5225375 0.9255640625 0.5306734375 0.9244796875000001 0.5314859375000001 0.37109375 0.49915312500000003 0.37109375
6 0.5591484375 0.9255640625 0.5721671875000001 0.922309375 0.571353125 0.37217812499999997 0.535775 0.37217812499999997 0.534740625 0.9244796875000001 0.5591484375 0.9255640625
6 0.599015625 0.922309375 0.612846875 0.9201390625 0.6095921875 0.37217812499999997 0.5770484375 0.37217812499999997 0.5762343750000001 0.922309375 0.599015625 0.922309375
6 0.6193546875 0.9212234374999999 0.636440625 0.9201390625 0.655153125 0.9212234374999999 0.6697984375 0.9201390625 0.66654375 0.29405312499999997 0.612271875 0.29405312499999997 0.6193546875 0.9212234374999999
6 0.729315625 0.2951390625 0.6765625 0.29405312499999997 0.67561875 0.9201390625 0.7268749999999999 0.91796875 0.729315625 0.2951390625
6 0.7374515625 0.91796875 0.775690625 0.91796875 0.7895218749999999 0.9157984375 0.7919625 0.2951390625 0.747215625 0.2951390625 0.741665625 0.297309375 0.7374515625 0.91796875
6 0.8066078125 0.3852 0.7929359375 0.3852 0.7919625 0.8984375 0.80498125 0.8951828125000001 0.8066078125 0.3852
6 0.8456609374999999 0.3678390625 0.8295562500000001 0.366753125 0.8302015624999999 0.9114578124999999 0.8456609374999999 0.9114578124999999 0.8456609374999999 0.3678390625
6 0.8692546875 0.36566875 0.8531578124999999 0.3645828125 0.8529828125 0.913628125 0.8700687500000001 0.9114578124999999 0.8692546875 0.36566875