4 0.3079921875 0.1185796875 0.7430125000000001 0.092521875 0.742628125 0.0550671875 0.3082765625 0.086225 0.305165625 0.1026171875 0.3079921875 0.1185796875
4 0.3106765625 0.21132656249999998 0.7191421874999999 0.19449531250000002 0.71731875 0.1982390625 0.724653125 0.1976421875 0.7230234375 0.13180468750000002 0.316784375 0.1575984375 0.3079125 0.1693453125 0.30824843749999997 0.183953125 0.3106765625 0.21132656249999998
4 0.7254937499999999 0.13379375 0.736503125 0.13354375000000002 0.7416406249999999 0.13182031249999998 0.7411453125 0.09753437499999999 0.31782499999999997 0.1278078125 0.3123546875 0.139040625 0.31451406249999997 0.149903125 0.3151828125 0.155003125 0.7247359375 0.1312296875 0.7254937499999999 0.13379375
4 0.30447812500000004 0.21155 0.301321875 0.229209375 0.3005921875 0.25012500000000004 0.30504375 0.26805 0.7173578125 0.262140625 0.7182203125 0.1953234375 0.30447812500000004 0.21155
4 0.3042203125 0.2673859375 0.305046875 0.292165625 0.6926015624999999 0.289353125 0.692825 0.26191875 0.3042203125 0.2673859375
4 0.70284375 0.31430625 0.7046359375 0.29116875000000003 0.2990875 0.2932265625 0.30033906250000003 0.3300765625 0.703046875 0.3327171875 0.7024 0.3269828125 0.70093125 0.32058593750000003 0.70284375 0.31430625
4 0.3010953125 0.33264218749999996 0.30076718750000003 0.3662640625 0.6997625000000001 0.37829375 0.70298125 0.3385734375 0.3010953125 0.33264218749999996
4 0.2919875 0.39959218750000003 0.7120234375 0.41489374999999995 0.714509375 0.3815515625 0.29229375 0.36660312500000003 0.291115625 0.37608125000000003 0.2919875 0.39959218750000003
4 0.2946828125 0.41935781250000004 0.6394078125 0.4345703125 0.641646875 0.41600000000000004 0.29788125 0.40043281249999996 0.2946828125 0.41935781250000004
4 0.2946828125 0.41935781250000004 0.294040625 0.43773906250000005 0.638303125 0.458459375 0.639275 0.43837187499999997 0.2946828125 0.41935781250000004
4 0.27960625 0.43913906249999995 0.27978749999999997 0.458184375 0.7086109375 0.4883890625 0.7113921875 0.4707828125 0.27960625 0.43913906249999995
4 0.2791234375 0.47719843749999996 0.708615625 0.5125046875 0.7096109375 0.49515000000000003 0.2806328125 0.4582140625 0.27883125 0.46132343750000004 0.2791234375 0.47719843749999996
4 0.2833046875 0.4786140625 0.2813484375 0.48616093749999995 0.2811046875 0.4931328125 0.2834421875 0.4989265625 0.6912984375 0.539878125 0.6916 0.5150828125 0.2833046875 0.4786140625
4 0.2834421875 0.4989265625 0.2815296875 0.5052046875 0.280375 0.51405 0.28013125 0.521021875 0.6883921875000001 0.5697890625 0.69140625 0.544903125 0.2834421875 0.4989265625
4 0.2870078125 0.542203125 0.608271875 0.5749984375 0.608803125 0.5597875 0.28498125 0.5275375 0.28306875 0.533815625 0.2854546875 0.5424578125 0.2870078125 0.542203125
4 0.2872578125 0.544359375 0.2854609375 0.558115625 0.6087625 0.5910703125000001 0.6112578125 0.576896875 0.2872578125 0.544359375
4 0.2812765625 0.5648796875000001 0.2791359375 0.5884968749999999 0.65395 0.6235921875 0.655253125 0.5986703125 0.2812765625 0.5648796875000001
4 0.2780828125 0.5998125 0.277221875 0.6244625 0.65131875 0.6548015625 0.6536484375 0.6322671875 0.2780828125 0.5998125
4 0.26886875 0.637496875 0.267009375 0.6907390625 0.6968625 0.7264796875 0.6995843749999999 0.6673453125 0.26886875 0.637496875
4 0.6964234375 0.7955656249999999 0.6992328125 0.7339671875 0.271940625 0.7002890625 0.27094999999999997 0.7508203124999999 0.6964234375 0.7955656249999999
4 0.6935390625 0.821625 0.6957671875 0.79554375 0.2727109375 0.7536234375 0.27150625 0.7763546875 0.6935390625 0.821625
4 0.69375 0.8519 0.6928671875 0.8408515624999999 0.6951328125 0.8325390625000001 0.695425 0.824159375 0.271884375 0.7772859375000001 0.2690484375 0.783109375 0.268359375 0.8028281249999999 0.69375 0.8519
4 0.2661640625 0.8091687500000001 0.2667046875 0.8313984375000001 0.6920609375 0.8795265625 0.6943234375 0.855709375 0.2661640625 0.8091687500000001