6 0 0.31451562499999997 0.0741015625 0.051259374999999996 0.041582812499999997 0.0241609375 0 0.181115625 0 0.31451562499999997
6 0.1147484375 0.05234375 0.08060468750000001 0.028496874999999998 0.000121875 0.3211609375 0.0017484375 0.434975 0.1147484375 0.05234375
6 0.1391375 0.139059375 0.100115625 0.114128125 0.0025609375 0.46424062499999996 0 0.6424734375 0.1391375 0.139059375
6 0.200921875 0.1412265625 0.14970624999999999 0.11737968750000001 0.000934375 0.6474265625 0.0041859374999999996 0.8306125 0.200921875 0.1412265625
6 0.2415703125 0.22685781249999998 0.19035312499999998 0.19108750000000002 0.000934375 0.83278125 0.0041859374999999996 0.9801968750000001 0.2415703125 0.22685781249999998
6 0.278965625 0.268046875 0.24075625 0.23227812499999997 0.006625000000000001 0.9747765625 0.0423953125 0.9921203125 0.278965625 0.268046875
6 0.048085937499999995 0.978028125 0.0976765625 0.9986234375 0.3822109375 0.136890625 0.33018125 0.0957015625 0.048085937499999995 0.978028125
6 0.4106640625 0.1336390625 0.389528125 0.1238828125 0.1033671875 0.9942875000000001 0.12122031250000001 0.9996640625 0.4106640625 0.1336390625
6 0.1269421875 0.9867000000000001 0.144015625 0.9910359375000001 0.44155625 0.1303875 0.41879375 0.1184640625 0.1269421875 0.9867000000000001
6 0.4870828125 0.13797500000000001 0.4504984375 0.1097921875 0.1545828125 0.9791124999999999 0.1765328125 0.9888671875 0.4870828125 0.13797500000000001
6 0.1879140625 0.9661046875 0.21149062500000002 0.9834484375000001 0.500903125 0.22685781249999998 0.46757187499999997 0.20409531250000001 0.1879140625 0.9661046875
6 0.5659390625 0.14231093749999998 0.535046875 0.12821875 0.22531093750000003 0.96935625 0.246446875 0.9823640625 0.5659390625 0.14231093749999998
6 0.2537640625 0.9617687500000001 0.278153125 0.9791124999999999 0.6561765625 0.0035656250000000002 0.61878125 0.0003140625 0.2537640625 0.9617687500000001
6 0.6935734375 0.0035656250000000002 0.657803125 0.00465 0.2887203125 0.972609375 0.311484375 0.9845328125 0.6935734375 0.0035656250000000002
6 0.3326203125 0.9585171875 0.379771875 0.9812796875 0.7285296875 0.1260515625 0.6740625 0.07944218750000001 0.3326203125 0.9585171875
6 0.7773078124999999 0.1260515625 0.74235 0.1032890625 0.38871406249999996 0.972609375 0.4220453125 0.9867000000000001 0.7773078124999999 0.1260515625
6 0.424484375 0.972609375 0.46269375 0.987784375 0.8342140625000001 0.1238828125 0.793565625 0.1011203125 0.424484375 0.972609375
6 0.88624375 0.114128125 0.8439687499999999 0.09786875 0.47244843750000004 0.9661046875 0.501715625 0.9910359375000001 0.88624375 0.114128125
6 0.9964718749999999 0 0.9480281250000001 0.0003140625 0.513096875 0.9596015625 0.5578093749999999 0.9867000000000001 0.9951796875 0.0339171875 0.9964718749999999 0
6 0.99761875 0.05234375 0.5724421875 0.965021875 0.6073999999999999 0.9910359375000001 0.9997484375000001 0.198253125 0.99761875 0.05234375
6 0.994365625 0.3580140625 0.99843125 0.25070468749999997 0.6309750000000001 0.962853125 0.658615625 0.9812796875 0.994365625 0.3580140625
6 0.6838171875 0.9487625 0.7220265625 0.9661046875 0.9997484375000001 0.4942875 0.9997484375000001 0.3894484375 0.6838171875 0.9487625
6 0.9968046875000001 0.6311671875 0.99843125 0.5075984375 0.7431625000000001 0.9498453124999999 0.7732421875 0.972609375 0.9968046875000001 0.6311671875
6 0.8073859375 0.9455109374999999 0.8415312500000001 0.978028125 0.9968046875000001 0.7319734375 0.9968046875000001 0.64200625 0.8073859375 0.9455109374999999