6 0.1279640625 0.2613 0.09019843749999999 0.2585234375 0.08356875 0.8793390625 0.1261890625 0.87815625 0.1279640625 0.2613
6 0.1332921875 0.8734203125000001 0.1800421875 0.8665953125 0.1892296875 0.27195625 0.13950625 0.26366875 0.1332921875 0.8734203125000001
6 0.228296875 0.22814843749999997 0.1937140625 0.22857500000000003 0.2256328125 0.8757875 0.26115 0.8710515624999999 0.228296875 0.22814843749999997
6 0.2638140625 0.8722359375 0.300159375 0.8665953125 0.268253125 0.2305171875 0.23007343750000003 0.22814843749999997 0.2638140625 0.8722359375
6 0.30288125 0.8734203125000001 0.3333625 0.8639921875000001 0.30199375 0.22578125 0.27180468750000003 0.22578125 0.30288125 0.8734203125000001
6 0.33726875 0.22597031250000002 0.3064328125 0.2269640625 0.3348453125 0.8710515624999999 0.3668109375 0.8651312499999999 0.33726875 0.22597031250000002
6 0.3694734375 0.8710515624999999 0.40465156249999995 0.8665953125 0.37480156249999996 0.2269640625 0.3410609375 0.2269640625 0.3694734375 0.8710515624999999
6 0.41246406249999995 0.22857500000000003 0.3756890625 0.22814843749999997 0.40499062500000005 0.8710515624999999 0.43873125 0.868684375 0.41246406249999995 0.22857500000000003
6 0.44050625 0.8710515624999999 0.47335937499999997 0.868684375 0.445834375 0.22814843749999997 0.41120625000000005 0.22933281249999998 0.44050625 0.8710515624999999
6 0.4769109375 0.8757875 0.518909375 0.8705015625 0.4920046875 0.22814843749999997 0.44938593750000005 0.22933281249999998 0.4769109375 0.8757875
6 0.54039375 0.22857500000000003 0.4982203125 0.2305171875 0.5213062500000001 0.8757875 0.563925 0.8722359375 0.54039375 0.22857500000000003
6 0.5674765625 0.8746031249999999 0.6116828125 0.8705015625 0.5887859375 0.23170000000000002 0.543503125 0.23170000000000002 0.5674765625 0.8746031249999999
6 0.6136484375 0.8722359375 0.6507453125 0.8678984375000001 0.6278546875 0.24235625 0.5923375 0.24235625 0.6136484375 0.8722359375
6 0.671253125 0.24029375000000003 0.6358453125 0.24117187499999998 0.653603125 0.8722359375 0.6891203124999999 0.868684375 0.671253125 0.24029375000000003
6 0.6900078125 0.8627640624999999 0.72008125 0.8613875 0.70155 0.244725 0.6731374999999999 0.243540625 0.6900078125 0.8627640624999999
6 0.7326265624999999 0.244725 0.7042140625 0.243540625 0.722859375 0.8675 0.7548250000000001 0.8627640624999999 0.7326265624999999 0.244725
6 0.7864875 0.2468046875 0.7397296875 0.2470921875 0.7557125 0.8651312499999999 0.8072109375000001 0.858028125 0.7864875 0.2468046875
6 0.8107625 0.8615796874999999 0.862659375 0.85748125 0.8409515624999999 0.2482765625 0.7947796874999999 0.2494609375 0.8107625 0.8615796874999999