5 0.20604266249999997 0.8984375 0.2141786625 0.8940972208333334 0.19953385937499998 0.205078125 0.18082105312500002 0.2039930541666667 0.162239075 0.2039930541666667 0.181634653125 0.8973524291666667 0.19221145625 0.9006076375000001 0.20604266249999997 0.8984375
5 0.238586671875 0.8919270833333334 0.250790678125 0.8875868041666667 0.24021387500000002 0.2061631958333333 0.20360185937500003 0.2072482625 0.218246665625 0.8919270833333334 0.22475546875000002 0.8930121541666666 0.238586671875 0.8919270833333334
5 0.29797949375 0.8810763875000001 0.290657090625 0.1931423625 0.24280548125 0.18988715416666666 0.253231478125 0.8843315958333334 0.2760122875 0.8843315958333334 0.29797949375 0.8810763875000001
5 0.322387503125 0.8897569458333333 0.33133710625 0.8908420125000001 0.3443547125 0.888671875 0.3443547125 0.1953125 0.293261209375 0.19205729166666666 0.302047496875 0.8919270833333334 0.3118107 0.8930121541666666 0.322387503125 0.8897569458333333
5 0.393984328125 0.8854166666666666 0.39561153125000004 0.19205729166666666 0.34778595 0.18988715416666666 0.3500499125 0.8897569458333333 0.369576321875 0.8897569458333333 0.393984328125 0.8854166666666666
5 0.44930915000000005 0.1953125 0.43954594687500004 0.1953125 0.40312449062500005 0.1942274291666667 0.39642513125 0.8854166666666666 0.44280034687500003 0.8810763875000001 0.44930915000000005 0.1953125
5 0.48266676249999996 0.8799913208333333 0.494870765625 0.1974826375 0.45846303437499997 0.1974826375 0.45012274999999996 0.8875868041666667 0.471276359375 0.8875868041666667 0.48266676249999996 0.8799913208333333
5 0.5347371812499999 0.2039930541666667 0.500780740625 0.20182291666666666 0.48836196562499995 0.8832465291666666 0.518465175 0.87890625 0.5347371812499999 0.2039930541666667
5 0.590149778125 0.27235242916666663 0.537265759375 0.2690972208333333 0.522620953125 0.8778211791666667 0.577132171875 0.8767361124999999 0.590149778125 0.27235242916666663
5 0.638152196875 0.8778211791666667 0.6169985875 0.21484375 0.592740378125 0.21484375 0.608048984375 0.87890625 0.625948190625 0.8810763875000001 0.638152196875 0.8778211791666667
5 0.7593786406249999 0.8767361124999999 0.77239624375 0.8680555541666667 0.689409015625 0.224609375 0.655237803125 0.2322048625 0.726834628125 0.8854166666666666 0.7349706312500001 0.8854166666666666 0.7593786406249999 0.8767361124999999
5 0.7536834375 0.2256944458333333 0.741479434375 0.22786458333333334 0.719512225 0.2332899291666667 0.7902954531249999 0.8865017374999999 0.8342298687499999 0.8637152791666666 0.7536834375 0.2256944458333333
5 0.8049402562499999 0.22135416666666666 0.780728659375 0.2267795125 0.8439930718750001 0.8810763875000001 0.878977884375 0.8680555541666667 0.8049402562499999 0.22135416666666666
5 0.853756275 0.224609375 0.830370584375 0.23111979166666666 0.8887410875 0.8778211791666667 0.9188442968749999 0.8648003458333334 0.853756275 0.224609375