5 0.09688745625 0.212756825 0.0677379375 0.21034564583333332 0.055155924999999995 0.7538374624999999 0.08889630937500001 0.7550214791666666 0.09688745625 0.212756825
5 0.08978418125 0.7550214791666666 0.13805043749999998 0.7546164791666666 0.148385875 0.17605331666666665 0.102214865625 0.17368535416666667 0.08978418125 0.7550214791666666
5 0.19762074999999998 0.17649147916666666 0.15371334375 0.17723729583333334 0.141282659375 0.7562054208333334 0.189229471875 0.7538374624999999 0.19762074999999998 0.17649147916666666
5 0.191005275 0.7562054208333334 0.2318004375 0.7572206458333334 0.2362884125 0.22814860833333334 0.19810855 0.22933258750000002 0.191005275 0.7562054208333334
5 0.2786754375 0.22857481249999997 0.23717634375 0.22814860833333334 0.23273680625 0.7585733833333334 0.27269253125000004 0.7597574041666667 0.2786754375 0.22857481249999997
5 0.27535620625 0.7597574041666667 0.3157848125 0.7585227291666666 0.317975609375 0.2305165875 0.27801994375 0.2305165875 0.27535620625 0.7597574041666667
5 0.357777 0.22987689583333332 0.317975609375 0.22933258750000002 0.31708773749999997 0.7609413416666667 0.3552676 0.7621253625000001 0.357777 0.22987689583333332
5 0.357931334375 0.7633093041666666 0.377465234375 0.7609413416666667 0.37657730312500004 0.18078925833333334 0.359707140625 0.1819732375 0.357931334375 0.7633093041666666
5 0.37657730312500004 0.7609413416666667 0.3968395 0.7598248125 0.3961112 0.18434121666666667 0.38012896875 0.18315721666666668 0.37657730312500004 0.7609413416666667
5 0.4349254375 0.17909564583333332 0.397887003125 0.17723729583333334 0.398774934375 0.7633093041666666 0.43784272812499997 0.7621253625000001 0.4349254375 0.17909564583333332
5 0.4387306625 0.17723729583333334 0.44228226875 0.7621253625000001 0.480823875 0.7624289791666666 0.47602259374999994 0.17842129583333335 0.45027341249999997 0.17605331666666665 0.4387306625 0.17723729583333334
5 0.5150035625 0.23378314583333332 0.476910525 0.23170057083333334 0.48135000312500004 0.7656772625 0.518642053125 0.7656772625 0.5150035625 0.23378314583333332
5 0.521305790625 0.7668612833333334 0.558597721875 0.7656772625 0.550606634375 0.23998845 0.5168661906249999 0.23762049166666666 0.521305790625 0.7668612833333334
5 0.5710284062500001 0.24709235416666667 0.550606634375 0.24827633333333335 0.563925190625 0.7609413416666667 0.587010696875 0.7585733833333334 0.5710284062500001 0.24709235416666667
5 0.601217121875 0.7668612833333334 0.6497691875 0.7611268958333334 0.6171994125 0.23170057083333334 0.57280415 0.23525250833333333 0.601217121875 0.7668612833333334
5 0.635845440625 0.1926291 0.61949575 0.19472064583333332 0.666922028125 0.7704132666666667 0.686455928125 0.7668612833333334 0.635845440625 0.1926291
5 0.690895525 0.7680453041666666 0.71131729375 0.7656772625 0.654491346875 0.19144512083333334 0.6367333125 0.1926291 0.690895525 0.7680453041666666
5 0.68734391875 0.19381307916666665 0.658043071875 0.19618104166666667 0.713981028125 0.7692292458333333 0.743281875 0.764493325 0.68734391875 0.19381307916666665
5 0.7161754375 0.19211647916666666 0.686455928125 0.1926291 0.74683348125 0.7704132666666667 0.77524645625 0.7656772625 0.7161754375 0.19211647916666666
5 0.7486092249999999 0.2613001583333333 0.7264117125 0.26485211666666664 0.779685934375 0.7727812249999999 0.79744396875 0.7692292458333333 0.7486092249999999 0.2613001583333333
5 0.800107703125 0.7680453041666666 0.8206676249999999 0.7650331458333334 0.7654795062499999 0.26485211666666664 0.7512729593749999 0.2684040583333333 0.800107703125 0.7680453041666666
5 0.85249405625 0.7929089291666667 0.8987926249999999 0.7871685625 0.836511765625 0.15947755 0.7938923625000001 0.16421349166666666 0.85249405625 0.7929089291666667
5 0.9093200031249999 0.15829357083333334 0.860485259375 0.16066153333333333 0.9084320124999999 0.7976448541666666 0.9563788843750001 0.7905409708333334 0.9093200031249999 0.15829357083333334