6 0.032640625 0.0957015625 0.000934375 0.0957015625 0.0407703125 0.85554375 0.0732875 0.85554375 0.032640625 0.0957015625
6 0.07572656250000001 0.09353281249999999 0.032640625 0.09353281249999999 0.07572656250000001 0.8598796875 0.100115625 0.8587953125000001 0.07572656250000001 0.09353281249999999
6 0.1074328125 0.1022046875 0.0741015625 0.1000375 0.0919859375 0.8620468750000001 0.12938125 0.8609625 0.1074328125 0.1022046875
6 0.1415765625 0.1032890625 0.1139359375 0.09786875 0.13182031249999998 0.8663828125 0.1586484375 0.8739703125 0.1415765625 0.1032890625
6 0.17409375 0.10545625 0.1423890625 0.1011203125 0.1586484375 0.8718031249999999 0.188728125 0.8685499999999999 0.17409375 0.10545625
6 0.23344062499999998 0.1813328125 0.1871015625 0.1737453125 0.1871015625 0.87830625 0.23018906249999999 0.87830625 0.23344062499999998 0.1813328125
6 0.273275 0.1835 0.2326265625 0.1813328125 0.22531093750000003 0.87830625 0.268396875 0.8815578125 0.273275 0.1835
6 0.3212390625 0.18892031250000002 0.2773390625 0.1802484375 0.26108125000000004 0.8826421874999999 0.3033546875 0.8858937499999999 0.3212390625 0.18892031250000002
6 0.3594484375 0.19759218750000002 0.3179875 0.1943390625 0.30579375 0.8891453125 0.34237656250000004 0.8956484375 0.3594484375 0.19759218750000002
6 0.400909375 0.20409531250000001 0.357821875 0.19975937500000002 0.3383109375 0.8891453125 0.378146875 0.894565625 0.400909375 0.20409531250000001
6 0.4374921875 0.20084375 0.402534375 0.198675 0.3700171875 0.8956484375 0.41229062499999997 0.8989015625000001 0.4374921875 0.20084375
6 0.4838296875 0.20843124999999998 0.4448078125 0.20626250000000002 0.4106640625 0.8978171875 0.452125 0.9043203125 0.4838296875 0.20843124999999998
6 0.523665625 0.245284375 0.478953125 0.23444531249999997 0.44806093750000003 0.9032359375000001 0.48545625000000003 0.907571875 0.523665625 0.245284375
6 0.5708171875 0.2095140625 0.5228515625 0.2030109375 0.4895203125 0.910825 0.5277296875 0.9119078125 0.5708171875 0.2095140625
6 0.624471875 0.21493437499999998 0.5732546875 0.21385 0.5285421875 0.917328125 0.568378125 0.917328125 0.624471875 0.21493437499999998
6 0.6667453125 0.22035468749999998 0.61959375 0.21601875 0.5659390625 0.9194953124999999 0.6057734375 0.922746875 0.6667453125 0.22035468749999998
6 0.6960109375 0.22469062499999998 0.6618671875000001 0.2192703125 0.6082124999999999 0.9184125 0.6382921875 0.9292515625 0.6960109375 0.22469062499999998
6 0.7269046875 0.22902499999999998 0.6943859375 0.2257734375 0.6326015625 0.9292515625 0.6602421875 0.9238312499999999 0.7269046875 0.22902499999999998
6 0.6935734375 0.9303343749999999 0.6951984375 0.9270828124999999 0.7675515625 0.161821875 0.7301562500000001 0.1553171875 0.6561765625 0.9270828124999999 0.6935734375 0.9303343749999999
6 0.8082 0.167240625 0.7724296875000001 0.1661578125 0.69845 0.9379234375 0.7317812499999999 0.9379234375 0.8082 0.167240625
6 0.8512859374999999 0.169409375 0.815515625 0.168325 0.7334078125 0.9400906250000001 0.7667390625 0.9400906250000001 0.8512859374999999 0.169409375
6 0.8854296875 0.17808125 0.8504734375 0.1661578125 0.7667390625 0.947678125 0.8016953125 0.9433421875000001 0.8854296875 0.17808125
6 0.9171359375 0.286475 0.882178125 0.2832234375 0.804134375 0.9498453124999999 0.836653125 0.9520140625 0.9171359375 0.286475
6 0.9553437499999999 0.29948125000000003 0.9212 0.28430625 0.8423437500000001 0.9530984374999999 0.8781140625000001 0.9563499999999999 0.9553437499999999 0.29948125000000003
6 0.9171359375 0.9574343750000001 0.9789203125 0.481584375 0.9997484375000001 0.2869625 0.9651 0.285390625 0.8846171875 0.9498453124999999 0.9171359375 0.9574343750000001