4 0.1046171875 0.25051718749999996 0.07066718749999999 0.24810625000000003 0.030921874999999998 0.9348593749999999 0.06643750000000001 0.9348593749999999 0.1046171875 0.25051718749999996
4 0.1370734375 0.2533140625 0.1046171875 0.25051718749999996 0.06821406249999999 0.9336765625 0.1046171875 0.9324921875 0.1370734375 0.2533140625
4 0.10639375 0.9313078125 0.143909375 0.9290953125 0.1720984375 0.2564375 0.139246875 0.2528859375 0.10639375 0.9313078125
4 0.2129421875 0.27182968750000003 0.1729859375 0.2682765625 0.1436859375 0.9289406250000001 0.1845296875 0.9277562500000001 0.2129421875 0.27182968750000003
4 0.18719375 0.9265718749999999 0.2288703125 0.9264921875000001 0.25467343750000004 0.27656562500000004 0.21560625 0.27182968750000003 0.18719375 0.9265718749999999
4 0.292853125 0.21499843749999997 0.25914375 0.2116484375 0.228925 0.9313078125 0.263553125 0.9289406250000001 0.292853125 0.21499843749999997
4 0.29107812499999997 0.9289406250000001 0.29906875 0.9277562500000001 0.3284796875 0.21685625000000003 0.29374218750000003 0.2138140625 0.264440625 0.9289406250000001 0.29107812499999997 0.9289406250000001
4 0.306171875 0.9277562500000001 0.3616828125 0.9238875 0.38075625 0.32155625 0.32837031250000004 0.3180046875 0.306171875 0.9277562500000001
4 0.43297187499999995 0.32623125000000003 0.38164375 0.3191890625 0.3621109375 0.9242046875 0.4171609375 0.9253875 0.43297187499999995 0.32623125000000003
4 0.442021875 0.9289406250000001 0.449125 0.9242046875 0.4651078125 0.2327578125 0.442021875 0.22683749999999997 0.4242640625 0.9265718749999999 0.442021875 0.9289406250000001
4 0.449125 0.9253875 0.48179999999999995 0.9251890625 0.496184375 0.3061640625 0.46599531250000004 0.303796875 0.449125 0.9253875
4 0.5257453125 0.30279375000000003 0.496184375 0.30024531250000003 0.4819765625 0.9253875 0.512165625 0.9253875 0.5257453125 0.30279375000000003
4 0.5166062499999999 0.9253875 0.553009375 0.9230203124999999 0.5618890624999999 0.24815 0.5308125 0.2434140625 0.5166062499999999 0.9253875
4 0.59508125 0.25201250000000003 0.5627765625000001 0.24815 0.553009375 0.9265718749999999 0.5849734375 0.9253875 0.59508125 0.25201250000000003
4 0.5903015625 0.9253875 0.622425 0.9238875 0.6302578125 0.25525312499999997 0.59918125 0.25051718749999996 0.5903015625 0.9253875
4 0.653675 0.3522734375 0.6311453124999999 0.3487875 0.622265625 0.915915625 0.649790625 0.9147328124999999 0.653675 0.3522734375
4 0.648903125 0.909996875 0.6761359375 0.9082625 0.6764281249999999 0.35589218749999996 0.6533421875000001 0.3535234375 0.648903125 0.909996875
4 0.7190484374999999 0.34286875 0.694690625 0.3405546875 0.7012890625 0.9206515625 0.7252625 0.9147328124999999 0.7190484374999999 0.34286875
4 0.7607796875 0.341684375 0.733753125 0.3392515625 0.7341421875 0.9170999999999999 0.7625546875 0.9135484375 0.7607796875 0.341684375
4 0.7757453125 0.916075 0.8033984375 0.915915625 0.8060625 0.3452359375 0.7812015625 0.34049999999999997 0.7757453125 0.916075
4 0.8380265625 0.2623578125 0.8128546875 0.2585234375 0.8060625 0.9170999999999999 0.8362515625 0.9147328124999999 0.8380265625 0.2623578125
4 0.8415781250000001 0.915915625 0.8675421875 0.9134703125 0.8646640624999999 0.263540625 0.8380265625 0.2611734375 0.8415781250000001 0.915915625
4 0.8895250000000001 0.2694609375 0.8753546875 0.26763750000000003 0.87354375 0.9147328124999999 0.8895250000000001 0.9147328124999999 0.8895250000000001 0.2694609375
4 0.894853125 0.9147328124999999 0.909059375 0.915915625 0.9028437500000001 0.2682765625 0.8904140625 0.26709375 0.894853125 0.9147328124999999