5 0.1315157125 0.29445170416666666 0.10484731249999998 0.2923768958333334 0.080017234375 0.9290671041666666 0.11109388437500001 0.9290671041666666 0.1315157125 0.29445170416666666
5 0.11642135312499999 0.9290671041666666 0.14390981249999998 0.9277935625 0.16348029375 0.2968196666666667 0.136843121875 0.2968196666666667 0.11642135312499999 0.9290671041666666
5 0.19371449999999998 0.2936789791666667 0.1670319 0.293267725 0.14483426562499999 0.9278830833333332 0.1741351125 0.9290671041666666 0.19371449999999998 0.2936789791666667
5 0.2200816875 0.2975852291666667 0.19455694375000002 0.2956356875 0.17502304375 0.9302510458333334 0.2052117625 0.9314350666666668 0.2200816875 0.2975852291666667
5 0.25315863437499997 0.29800364583333333 0.224745659375 0.2968196666666667 0.204323890625 0.933803025 0.238952146875 0.9326190083333333 0.25315863437499997 0.29800364583333333
5 0.24161588125 0.9361709875 0.27574575 0.9369081458333334 0.284235284375 0.2956356875 0.25315863437499997 0.2968196666666667 0.24161588125 0.9361709875
5 0.326527 0.2793560625 0.28956269375 0.2778759416666666 0.27801994375 0.9385389458333333 0.315311934375 0.9397229666666667 0.326527 0.2793560625
5 0.32063934375 0.9409069083333333 0.357777 0.9382102291666666 0.36325874687500004 0.28024390000000005 0.3295183625 0.28142788333333335 0.32063934375 0.9409069083333333
5 0.3968395 0.3053977291666667 0.36769828437499996 0.3039235875 0.364146678125 0.9349869666666667 0.39433539687499997 0.933803025 0.3968395 0.3053977291666667
5 0.42718785 0.301555625 0.3961112 0.301555625 0.395223328125 0.9409069083333333 0.42807578125 0.9397229666666667 0.42718785 0.301555625
5 0.429851584375 0.9432748708333333 0.47887075 0.9421164791666666 0.47779839687500003 0.287347825 0.43251531875 0.28616384166666664 0.429851584375 0.9432748708333333
5 0.5247691875 0.2858664791666667 0.48046213125000004 0.28616384166666664 0.48046213125000004 0.9432748708333333 0.52752113125 0.9444588875 0.5247691875 0.2858664791666667
5 0.5755504375 0.2858664791666667 0.52752113125 0.28379584166666666 0.5310727375 0.9444588875 0.580795353125 0.9420909291666667 0.5755504375 0.2858664791666667
5 0.58523483125 0.9491948125 0.637073875 0.9447206458333334 0.626078490625 0.28616384166666664 0.580795353125 0.28379584166666666 0.58523483125 0.9491948125
5 0.670277 0.2884706458333334 0.627854234375 0.28616384166666664 0.639397046875 0.9444588875 0.682016446875 0.9444588875 0.670277 0.2884706458333334
5 0.7142223125 0.2897727291666667 0.673137371875 0.287347825 0.682016446875 0.9420909291666667 0.7264117125 0.9444588875 0.7142223125 0.2897727291666667
5 0.748402 0.2793560625 0.720196371875 0.2790599208333333 0.7317390625 0.94682685 0.76192778125 0.9456428291666668 0.748402 0.2793560625
5 0.764591515625 0.9349869666666667 0.8597301249999999 0.9330018958333334 0.836511765625 0.32641929166666667 0.750385090625 0.3240512916666667 0.764591515625 0.9349869666666667
5 0.9652579625 0.933803025 0.9310191874999999 0.3249289791666667 0.841839234375 0.3228673125 0.864036865625 0.9302510458333334 0.870252209375 0.933803025 0.9652579625 0.933803025