6 0.0911734375 0.1119609375 0.044021875 0.1119609375 0.0489 0.8967328125 0.0854828125 0.8978171875 0.0911734375 0.1119609375
6 0.1139359375 0.07944218750000001 0.08466875 0.0772734375 0.088734375 0.9119078125 0.12287812499999999 0.915159375 0.1139359375 0.07944218750000001
6 0.14645312500000002 0.0707703125 0.11068437499999999 0.06534999999999999 0.1204390625 0.9205796875000001 0.157021875 0.9205796875000001 0.14645312500000002 0.0707703125
6 0.1692171875 0.2647953125 0.1472671875 0.262628125 0.1610875 0.9194953124999999 0.1805984375 0.9238312499999999 0.1692171875 0.2647953125
6 0.20986406249999998 0.06534999999999999 0.166778125 0.058846875 0.178971875 0.9205796875000001 0.223684375 0.9216640625 0.20986406249999998 0.06534999999999999
6 0.2537640625 0.061015625 0.21718125000000002 0.0642671875 0.2204328125 0.9238312499999999 0.2659578125 0.922746875 0.2537640625 0.061015625
6 0.29278593750000004 0.059931250000000005 0.251325 0.059931250000000005 0.267584375 0.9162437499999999 0.300915625 0.9140765625 0.29278593750000004 0.059931250000000005
6 0.3277421875 0.058846875 0.290346875 0.05342812500000001 0.3041671875 0.9194953124999999 0.339125 0.922746875 0.3277421875 0.058846875
6 0.35700937499999996 0.059931250000000005 0.33099531249999997 0.0642671875 0.335059375 0.9216640625 0.37326875 0.9162437499999999 0.35700937499999996 0.059931250000000005
6 0.390340625 0.059931250000000005 0.3586359375 0.058846875 0.3757078125 0.9238312499999999 0.400909375 0.922746875 0.390340625 0.059931250000000005
6 0.4204203125 0.059931250000000005 0.3879015625 0.05776250000000001 0.4049734375 0.9205796875000001 0.4293625 0.922746875 0.4204203125 0.059931250000000005
6 0.4545640625 0.062098437500000006 0.4204203125 0.059931250000000005 0.424484375 0.922746875 0.4602546875 0.9119078125 0.4545640625 0.062098437500000006
6 0.4822046875 0.06534999999999999 0.4504984375 0.06534999999999999 0.4594421875 0.9184125 0.48626874999999997 0.9184125 0.4822046875 0.06534999999999999
6 0.5114703125 0.09786875 0.4813921875 0.096784375 0.4927734375 0.9216640625 0.5220390625 0.9216640625 0.5114703125 0.09786875
6 0.5504921875 0.096784375 0.5106578125000001 0.0946171875 0.5196 0.917328125 0.55374375 0.9205796875000001 0.5504921875 0.096784375
6 0.57569375 0.09245 0.545615625 0.09136562499999999 0.5569968750000001 0.9184125 0.5862625 0.9162437499999999 0.57569375 0.09245
6 0.613903125 0.09353281249999999 0.5781328125 0.09136562499999999 0.590328125 0.9205796875000001 0.6163421875 0.9205796875000001 0.613903125 0.09353281249999999
6 0.64235625 0.09028125000000001 0.613903125 0.09353281249999999 0.62040625 0.9205796875000001 0.6504859374999999 0.917328125 0.64235625 0.09028125000000001
6 0.6724359375 0.1022046875 0.6431703125 0.0946171875 0.6504859374999999 0.9194953124999999 0.6830046875 0.915159375 0.6724359375 0.1022046875
6 0.7098312499999999 0.0566796875 0.6675578125 0.0545109375 0.68625625 0.9216640625 0.7277171874999999 0.922746875 0.7098312499999999 0.0566796875
6 0.7610484375000001 0.059931250000000005 0.7179609375 0.062098437500000006 0.726090625 0.9184125 0.7740546875 0.922746875 0.7610484375000001 0.059931250000000005
6 0.8065734375 0.0772734375 0.7610484375000001 0.0729390625 0.77486875 0.9216640625 0.8228328125000001 0.915159375 0.8065734375 0.0772734375
6 0.8561640625000001 0.161821875 0.813890625 0.161821875 0.8277109375 0.922746875 0.8699843749999999 0.922746875 0.8561640625000001 0.161821875
6 0.9000640625 0.1629046875 0.8602281250000001 0.167240625 0.871609375 0.9238312499999999 0.9130703125 0.9281671875 0.9000640625 0.1629046875
6 0.9285171875 0.1607375 0.897625 0.1607375 0.9155093750000001 0.9216640625 0.9455890625000001 0.9184125 0.9285171875 0.1607375
6 0.9577828125 0.1585703125 0.9293296874999999 0.1629046875 0.9407109374999999 0.9238312499999999 0.9699781249999999 0.9238312499999999 0.9577828125 0.1585703125
6 0.99924375 0.9216640625 0.9997484375000001 0.9065859375 0.982984375 0.1585703125 0.9585968749999999 0.1574859375 0.9691640625 0.9216640625 0.99924375 0.9216640625