4 0.2928984375 0.8216125 0.1342609375 0.5323203125 0.1070640625 0.5423109375 0.10807968750000001 0.5443046875 0.2736296875 0.8297734374999999 0.2928984375 0.8216125
4 0.298265625 0.8255703125 0.3182265625 0.8179921875 0.16369375 0.5247828125 0.137765625 0.532996875 0.298265625 0.8255703125
4 0.3512359375 0.797009375 0.203896875 0.493971875 0.16931875000000002 0.5056671875000001 0.1697890625 0.5077859375 0.32611249999999997 0.8087484375 0.3512359375 0.797009375
4 0.3558296875 0.79520625 0.38184687500000003 0.7825171875 0.2425984375 0.4783546875 0.20867968750000002 0.4928671875 0.3558296875 0.79520625
4 0.38550625 0.7839 0.4256296875 0.7672125000000001 0.3149671875 0.49282812500000006 0.2667921875 0.5084046875 0.38550625 0.7839
4 0.47083593749999997 0.7508359375 0.3720421875 0.47000000000000003 0.32306875 0.4842765625 0.432540625 0.763390625 0.454615625 0.7553234375 0.47083593749999997 0.7508359375
4 0.47778906250000003 0.754428125 0.5062453125 0.7426625 0.38987812499999996 0.385703125 0.3536 0.397046875 0.47778906250000003 0.754428125
4 0.5082765625000001 0.7369953125 0.5373453125000001 0.730284375 0.4333359375 0.36898749999999997 0.3981671875 0.37785 0.5082765625000001 0.7369953125
4 0.54246875 0.7380109375 0.5725921875 0.73105625 0.48387343749999995 0.387759375 0.44712968750000004 0.396984375 0.54246875 0.7380109375
4 0.5764546875 0.7309078125 0.605359375 0.7234921875 0.527575 0.3769265625 0.4903140625 0.386271875 0.5764546875 0.7309078125
4 0.6079203125 0.717703125 0.637515625 0.7108703125 0.5666421875000001 0.360484375 0.5304078125 0.37181875 0.6079203125 0.717703125
4 0.641215625 0.7100171875 0.671503125 0.7037671875 0.60985625 0.3378859375 0.569809375 0.34713125 0.641215625 0.7100171875
4 0.710734375 0.6976796875 0.6576640625 0.32313749999999997 0.615271875 0.3366359375 0.6156296875 0.33878125 0.6795921875000001 0.702640625 0.710734375 0.6976796875
4 0.7298390625 0.6791625 0.759840625 0.6692671875 0.7079109375 0.2996578125 0.6687031250000001 0.31242187499999996 0.7298390625 0.6791625
4 0.7694093750000001 0.6670578125 0.800996875 0.6567953125 0.7702453125 0.27041875000000004 0.7307953125 0.2847234375 0.7694093750000001 0.6670578125
4 0.80579375 0.6534609375 0.8087609375 0.6542609374999999 0.8262421874999999 0.647996875 0.8363234374999999 0.6434421875 0.8233375 0.25445 0.782153125 0.2684125 0.80579375 0.6534609375
4 0.852990625 0.6336546875 0.8487578125 0.32356406249999997 0.82973125 0.32795625 0.82835 0.326790625 0.837990625 0.638603125 0.852990625 0.6336546875
4 0.8682609375 0.244078125 0.8562421875 0.24685312499999998 0.8608375 0.6362984375 0.8736843750000001 0.6340749999999999 0.8839703125 0.6279874999999999 0.8868390625 0.235334375 0.8820421875 0.23866874999999999 0.8682609375 0.244078125
4 0.9053531250000001 0.6193390625 0.9133203125 0.615271875 0.9287109375 0.2189859375 0.9233859375 0.2224421875 0.9131406249999999 0.2262921875 0.899875 0.230840625 0.89899375 0.23252812500000003 0.8908796875 0.6241656250000001 0.8975484375 0.6241109375 0.9053531250000001 0.6193390625