4 0.8241984375 0.8186328125 0.8218953125 0.7839671874999999 0.3810046875 0.7684359374999999 0.3797421875 0.8096875000000001 0.8241984375 0.8186328125
4 0.8257015624999999 0.782834375 0.827553125 0.7723421874999999 0.8282375 0.76164375 0.82526875 0.7512015625 0.3942515625 0.7289 0.392115625 0.7667890625 0.8257015624999999 0.782834375
4 0.39340625 0.6912812500000001 0.3943890625 0.7266171875 0.8188890625 0.7464703125 0.8172859375 0.7142453125 0.39340625 0.6912812500000001
4 0.8364078125000001 0.7152984375 0.8315328125000001 0.6747687499999999 0.3317046875 0.638928125 0.3293203125 0.6847265625000001 0.8364078125000001 0.7152984375
4 0.33380624999999997 0.5861046875 0.3302984375 0.6332703125 0.836659375 0.6729671875000001 0.8339609375 0.6337234375 0.33380624999999997 0.5861046875
4 0.3551125 0.5402734375 0.3533875 0.584146875 0.8287484375 0.6291984375 0.8270609375 0.5910328125000001 0.3551125 0.5402734375
4 0.8212703125 0.507965625 0.3449453125 0.44110781250000003 0.3401234375 0.5259875 0.8258093750000001 0.5845015625000001 0.8212703125 0.507965625
4 0.8207203125 0.5042625000000001 0.8187546875 0.433590625 0.3505640625 0.3542953125 0.3478953125 0.438021875 0.8207203125 0.5042625000000001
4 0.8230234375000001 0.42983593750000004 0.827428125 0.41167968750000006 0.8259343749999999 0.3996953125 0.3506703125 0.3131875 0.350178125 0.3500671875 0.8230234375000001 0.42983593750000004
4 0.8332 0.372125 0.8317937499999999 0.36646718749999996 0.35628906250000003 0.2745078125 0.35361875 0.3101015625 0.8310609375 0.39789375 0.8318312499999999 0.393521875 0.8326703125 0.3819484375 0.8332 0.372125
4 0.8585921875 0.35766875 0.8593249999999999 0.326240625 0.368796875 0.2172078125 0.3676015625 0.2512578125 0.8585921875 0.35766875
4 0.3692875 0.1803296875 0.36793906249999997 0.215253125 0.8596328124999999 0.32449218750000003 0.8586546875 0.292165625 0.3692875 0.1803296875
4 0.870771875 0.2885890625 0.8710718749999999 0.2255296875 0.3846390625 0.1000890625 0.3832609375 0.16926875 0.870771875 0.2885890625
4 0.392396875 0.0356390625 0.387125 0.09962499999999999 0.868584375 0.22599375 0.8758359375 0.1722328125 0.392396875 0.0356390625