0 0.089811809375 0.0551146375 0.03645081875 0.060125058333333335 0.002630471875 0.998076 0.064258659375 0.9970739125 0.089811809375 0.0551146375
0 0.12438371875000001 0.34872535 0.09507275 0.34972743333333334 0.07628366875 0.998076 0.11311026875 0.9950697458333334 0.12438371875000001 0.34872535
0 0.16872594999999999 0.25452942083333335 0.13640873125 0.25252525416666666 0.121377465625 0.9960718291666667 0.152943121875 0.9970739125 0.16872594999999999 0.25452942083333335
0 0.20705567500000002 0.25452942083333335 0.177744709375 0.2535273375 0.159707190625 0.9990780833333334 0.19427909999999998 0.9990780833333334 0.20705567500000002 0.25452942083333335
0 0.25139790624999997 0.06914382083333333 0.22283850312500003 0.06713965000000001 0.201794734375 0.9950697458333334 0.23260882500000002 0.9990780833333334 0.25139790624999997 0.06914382083333333
0 0.28822450625 0.07114798750000001 0.258913540625 0.06814173333333334 0.24087602187499998 0.9970739125 0.2686838625 0.9960718291666667 0.28822450625 0.07114798750000001
0 0.31152296874999996 0.07215007083333333 0.295740140625 0.07315215833333334 0.27544793125 0.9950697458333334 0.294988575 0.9970739125 0.31152296874999996 0.07215007083333333
0 0.33782768124999996 0.07014590416666668 0.317535475 0.07215007083333333 0.301752646875 0.998076 0.32204485312500003 0.998076 0.33782768124999996 0.07014590416666668
0 0.37615740625 0.3557399375 0.339330809375 0.3527336875 0.3310636125 0.9960718291666667 0.365635521875 0.9950697458333334 0.37615740625 0.3557399375
0 0.40697150000000004 0.15231682083333334 0.385927728125 0.15231682083333334 0.372399590625 0.9950697458333334 0.397201178125 0.9930655749999999 0.40697150000000004 0.15231682083333334
0 0.429518396875 0.998076 0.440791846875 0.11824595 0.43628246875 0.08617925416666666 0.41523869687500004 0.0871813375 0.4174933875 0.12425845833333334 0.403213684375 0.998076 0.429518396875 0.998076
0 0.472357503125 0.08116882916666666 0.44905904375 0.08016674583333333 0.435530903125 0.9950697458333334 0.459580928125 0.998076 0.472357503125 0.08116882916666666
0 0.56104196875 0.2976190458333334 0.48889189375 0.2956148791666667 0.476866884375 0.9930655749999999 0.558787278125 0.9920634916666666 0.56104196875 0.2976190458333334
0 0.654235809375 0.29862113333333334 0.57532166875 0.2956148791666667 0.5708122906249999 0.9960718291666667 0.652732684375 0.9930655749999999 0.654235809375 0.29862113333333334
0 0.715863996875 0.11223344583333333 0.66175144375 0.11223344583333333 0.66325456875 0.9960718291666667 0.72337963125 0.998076 0.715863996875 0.11223344583333333
0 0.73841089375 0.1142376125 0.72337963125 0.1152397 0.728640571875 0.9960718291666667 0.7481812156250001 0.9940676624999999 0.73841089375 0.1142376125
0 0.78801406875 0.12125220416666667 0.74968434375 0.123256375 0.7579515406249999 0.9970739125 0.8022937718750001 0.9910614083333333 0.78801406875 0.12125220416666667
0 0.829350046875 0.12425845833333334 0.7985359562500001 0.12225428749999999 0.8158219093750001 0.9950697458333334 0.85039381875 0.9960718291666667 0.829350046875 0.12425845833333334
0 0.847387565625 0.13628347083333334 0.83611411875 0.13628347083333334 0.8571578875 0.9950697458333334 0.87444384375 0.9930655749999999 0.847387565625 0.13628347083333334
0 0.8812079125000001 0.9940676624999999 0.89999699375 0.9970739125 0.8646735218750001 0.06413339583333334 0.846636003125 0.06513548333333334 0.8481391281249999 0.1302709625 0.8518969468750001 0.12926887916666666 0.8812079125000001 0.9940676624999999
0 0.889475109375 0.06212922916666667 0.870686028125 0.06212922916666667 0.9067610625 0.9970739125 0.9247985812499999 0.9970739125 0.889475109375 0.06212922916666667
0 0.916531384375 0.061127145833333334 0.8939844875 0.061127145833333334 0.9308110875000001 0.9970739125 0.9511032937499999 0.9940676624999999 0.916531384375 0.061127145833333334
0 0.9405814093749999 0.05711880833333333 0.921792328125 0.05711880833333333 0.9571158000000001 0.9950697458333334 0.97440175625 0.9940676624999999 0.9405814093749999 0.05711880833333333