5 0.098712396875 0.2549913208333333 0.034472146875 0.2517361125 0.062913984375 0.7986111124999999 0.12312040625000001 0.7996961791666667 0.098712396875 0.2549913208333333
5 0.16461402187500002 0.2582465291666666 0.102780396875 0.2593315958333334 0.12556120625 0.7996961791666667 0.184140428125 0.7986111124999999 0.16461402187500002 0.2582465291666666
5 0.24760125 0.7964409708333334 0.250855653125 0.7942708333333334 0.24597405 0.2593315958333334 0.181770325 0.2549913208333333 0.19146283125000002 0.7964409708333334 0.19471723125 0.80078125 0.24760125 0.7964409708333334
5 0.28258606249999996 0.7899305541666667 0.27445006250000004 0.3439670125 0.24922845312500003 0.3472222208333333 0.25899165625 0.791015625 0.27038205937500004 0.791015625 0.28258606249999996 0.7899305541666667
5 0.319198078125 0.7877604166666666 0.302112471875 0.3472222208333333 0.27779897187499997 0.3483072916666667 0.29479006874999997 0.7942708333333334 0.311062075 0.7921006958333333 0.319198078125 0.7877604166666666
5 0.32896128125 0.3569878458333333 0.30709584687499997 0.3569878458333333 0.32814768125 0.7931857625000001 0.3476740875 0.791015625 0.32896128125 0.3569878458333333
5 0.387540503125 0.7931857625000001 0.352555690625 0.3678385416666667 0.3331375125 0.37109375 0.36801409375 0.7964409708333334 0.38509970312499997 0.7942708333333334 0.387540503125 0.7931857625000001
5 0.4111349125 0.8018663208333333 0.3769637 0.3689236125 0.354182890625 0.3743489583333333 0.391608503125 0.8018663208333333 0.40299890937500005 0.8018663208333333 0.4111349125 0.8018663208333333
5 0.43391571874999996 0.7975260416666666 0.40055810625 0.3678385416666667 0.38033803437499997 0.37217882083333337 0.4152029125 0.8018663208333333 0.42333891562500003 0.80078125 0.43391571874999996 0.7975260416666666
5 0.4184573125 0.3450520833333333 0.40137170624999996 0.3493923625 0.4014968875 0.3634982625 0.438797321875 0.80078125 0.455069328125 0.7996961791666667 0.4184573125 0.3450520833333333
5 0.47052773437499995 0.7931857625000001 0.43391571874999996 0.3461371541666667 0.420084515625 0.3483072916666667 0.456696528125 0.7931857625000001 0.46157812812500004 0.7964409708333334 0.47052773437499995 0.7931857625000001
5 0.4794773375 0.2690972208333333 0.43730417812500005 0.27235242916666663 0.477850134375 0.8029513875000001 0.51527575 0.7986111124999999 0.4794773375 0.2690972208333333
5 0.52992055625 0.27235242916666663 0.521784553125 0.27235242916666663 0.506326146875 0.2756076375 0.494935740625 0.27235242916666663 0.49020131562499997 0.27235242916666663 0.5201573500000001 0.8040364583333334 0.5583965656250001 0.7996961791666667 0.52992055625 0.27235242916666663
5 0.56815976875 0.8040364583333334 0.545378959375 0.2680121541666667 0.536588034375 0.2690972208333333 0.5616509656249999 0.8040364583333334 0.563278165625 0.8040364583333334 0.56815976875 0.8040364583333334
5 0.5583965656250001 0.2680121541666667 0.549608865625 0.2712673625 0.57222776875 0.8040364583333334 0.579550171875 0.8029513875000001 0.5583965656250001 0.2680121541666667
5 0.579550171875 0.3667534708333333 0.563278165625 0.3678385416666667 0.581177371875 0.7986111124999999 0.596635778125 0.7975260416666666 0.579550171875 0.3667534708333333
5 0.6161621875 0.8018663208333333 0.60314458125 0.3678385416666667 0.586058975 0.37000867916666663 0.5998901812499999 0.7996961791666667 0.6096533843749999 0.8018663208333333 0.6161621875 0.8018663208333333
5 0.6242981875 0.38194444583333337 0.607388815625 0.3830295125 0.6202301875 0.8029513875000001 0.6340613937499999 0.80078125 0.6242981875 0.38194444583333337
5 0.6544014 0.7986111124999999 0.644638196875 0.37977430416666663 0.627733865625 0.3830295125 0.6356885937500001 0.80078125 0.651147 0.8018663208333333 0.6544014 0.7986111124999999
5 0.6877590125 0.31358507083333337 0.650520325 0.31358507083333337 0.6568422 0.8072916666666666 0.692640615625 0.8029513875000001 0.6877590125 0.31358507083333337
5 0.733320628125 0.3146701375 0.698534646875 0.3146701375 0.6942678156250001 0.8051215291666666 0.730066228125 0.80078125 0.733320628125 0.3146701375
5 0.781323046875 0.31358507083333337 0.7406430312500001 0.3168402791666667 0.732507028125 0.8051215291666666 0.7683054406250001 0.8018663208333333 0.781323046875 0.31358507083333337
5 0.8358342656250001 0.2907986125 0.796190896875 0.2907986125 0.7756278437499999 0.8083767374999999 0.8122398593750001 0.8062065958333334 0.8358342656250001 0.2907986125
5 0.8846781312499999 0.29296875 0.8458328249999999 0.29405382083333337 0.8195901062500001 0.8083767374999999 0.85457491875 0.8062065958333334 0.8846781312499999 0.29296875
5 0.893627734375 0.3841145833333333 0.879198709375 0.3830295125 0.85457491875 0.7964409708333334 0.861897321875 0.7953559041666666 0.893627734375 0.3841145833333333
5 0.877355728125 0.791015625 0.9066453375 0.38194444583333337 0.8946609499999999 0.38194444583333337 0.865965325 0.7855902791666666 0.871660525 0.7866753458333334 0.877355728125 0.791015625