0 0.14467592499999998 0.9309363458333333 0.001878909375 0.009018758333333333 0.008642978125 0.23448773333333334 0.128141534375 0.9289321791666667 0.14467592499999998 0.9309363458333333
0 0.083799303125 0.28459195000000004 0.04922739375 0.2775773625 0.15143999375 0.9229196749999999 0.177744709375 0.9279300958333334 0.083799303125 0.28459195000000004
0 0.11085557812499999 0.10221260416666667 0.06801647499999999 0.10221260416666667 0.1822540875 0.9209155041666667 0.21231661875 0.9219175875 0.11085557812499999 0.10221260416666667
0 0.1694775125 0.1142376125 0.12513528125 0.1142376125 0.21983225 0.9249238416666666 0.25665885 0.9259259249999999 0.1694775125 0.1142376125
0 0.228099446875 0.11223344583333333 0.18751503125 0.11724386666666667 0.26342291875 0.9259259249999999 0.28747294375 0.9269280083333334 0.228099446875 0.11223344583333333
0 0.282212 0.1112313625 0.23937289687500002 0.10822510833333333 0.297994828125 0.9309363458333333 0.32354798125 0.9289321791666667 0.282212 0.1112313625
0 0.335572990625 0.11323552916666667 0.28897606875 0.11223344583333333 0.3325667375 0.9249238416666666 0.36037457812499996 0.9269280083333334 0.335572990625 0.11323552916666667
0 0.3934433625 0.12025012083333333 0.3453433125 0.1152397 0.36713864687500003 0.9299342625 0.39795274062499997 0.9319384333333333 0.3934433625 0.12025012083333333
0 0.46033249062500003 0.1783710125 0.403213684375 0.17736892916666666 0.403965246875 0.9319384333333333 0.442294975 0.9349446833333332 0.46033249062500003 0.1783710125
0 0.529476309375 0.1813772625 0.472357503125 0.1783710125 0.44981060624999997 0.9309363458333333 0.49039502187500006 0.9349446833333332 0.529476309375 0.1813772625
0 0.591104496875 0.2695606875 0.534737253125 0.2635481791666667 0.497159090625 0.9439634458333334 0.53699194375 0.9439634458333334 0.591104496875 0.2695606875
0 0.6700186375 0.0320667 0.620415465625 0.029060445833333334 0.5452591375 0.9449655291666667 0.573066978125 0.9489738666666666 0.6700186375 0.0320667
0 0.709099928125 0.16935225416666666 0.66325456875 0.1623376625 0.5813341750000001 0.9379509375 0.609893578125 0.9439634458333334 0.709099928125 0.16935225416666666
0 0.760206228125 0.17336059166666665 0.716615559375 0.17336059166666665 0.618160775 0.9409571916666667 0.645217053125 0.9429613583333333 0.760206228125 0.17336059166666665
0 0.797032828125 0.19240019166666666 0.768473425 0.18939393750000003 0.652732684375 0.94997595 0.6737764562499999 0.9519801166666666 0.797032828125 0.19240019166666666
0 0.8421266218750001 0.19941478333333332 0.8075547125 0.1974106125 0.6842983406250001 0.9519801166666666 0.702335859375 0.9539842875000001 0.8421266218750001 0.19941478333333332
0 0.9300595250000001 0.005010420833333334 0.8939844875 0.0040083375 0.709099928125 0.9650072166666667 0.7301437 0.9670113833333333 0.9300595250000001 0.005010420833333334
0 0.9683892500000001 0.007014591666666667 0.93832671875 0.007014591666666667 0.7376593312499999 0.9670113833333333 0.7564484125 0.9690155541666667 0.9683892500000001 0.007014591666666667
0 0.9360720312499999 0.25452942083333335 0.921040765625 0.25252525416666666 0.76321248125 0.9489738666666666 0.77448593125 0.9489738666666666 0.9360720312499999 0.25452942083333335
0 0.969892375 0.257535675 0.9413329718749999 0.2535273375 0.7835046906249999 0.9409571916666667 0.8007906437500001 0.9409571916666667 0.969892375 0.257535675
0 0.99845178125 0.31064614583333333 0.996948653125 0.16835016666666666 0.80680315 0.9459676125 0.829350046875 0.9469696958333333 0.99845178125 0.31064614583333333
0 0.996948653125 0.46496713333333334 0.9954455281250001 0.3367003375 0.8368656812499999 0.9479717833333333 0.8534000718750001 0.9489738666666666 0.996948653125 0.46496713333333334