6 0.07113749999999999 0.21157343750000002 0.04039375 0.2116484375 0.034734375 0.779884375 0.0675859375 0.78106875 0.07113749999999999 0.21157343750000002
6 0.1136359375 0.77545 0.16614374999999998 0.77278125 0.1634796875 0.20802031250000003 0.1075421875 0.2068375 0.1136359375 0.77545
6 0.21941875 0.21157343750000002 0.1679203125 0.21275624999999998 0.1679203125 0.773965625 0.22208125 0.773965625 0.21941875 0.21157343750000002
6 0.2247453125 0.77278125 0.280628125 0.7702421875 0.27624375 0.2388046875 0.2238578125 0.2399890625 0.2247453125 0.77278125
6 0.3021125 0.2624296875 0.283346875 0.26366875 0.283346875 0.773965625 0.30110468749999997 0.77278125 0.3021125 0.2624296875
6 0.30376875000000003 0.7787015625 0.3343390625 0.7780546875 0.33573437500000003 0.21630937499999997 0.3064328125 0.21630937499999997 0.30376875000000003 0.7787015625
6 0.3675421875 0.21425156250000002 0.3392859375 0.215125 0.3348453125 0.773965625 0.364146875 0.7751484375000001 0.3675421875 0.21425156250000002
6 0.3676984375 0.7775171875 0.41539374999999995 0.7741484375 0.41830937500000004 0.2388046875 0.373025 0.235253125 0.3676984375 0.7775171875
6 0.46980781250000003 0.2388046875 0.4218609375 0.23643593749999997 0.4165328125 0.7787015625 0.46270468749999993 0.7763328125 0.46980781250000003 0.2388046875
6 0.5115390625 0.7763328125 0.5186421875 0.2174921875 0.489340625 0.2174921875 0.476021875 0.21630937499999997 0.46536718749999995 0.7787015625 0.5115390625 0.7763328125
6 0.5133140625 0.7787015625 0.5589484375 0.77935625 0.5674765625 0.2186765625 0.52219375 0.21630937499999997 0.5133140625 0.7787015625
6 0.6163109375 0.243540625 0.570140625 0.24235625 0.56215 0.7775171875 0.6092078125 0.7775171875 0.6163109375 0.243540625
6 0.6118718750000001 0.779884375 0.65804375 0.7775171875 0.666921875 0.244725 0.618975 0.24235625 0.6118718750000001 0.779884375
6 0.7379546875 0.2530125 0.6749125 0.2494609375 0.666034375 0.779884375 0.7255234374999999 0.782253125 0.7379546875 0.2530125
6 0.7299640625 0.7751484375000001 0.7933234375 0.77545 0.8018828125 0.2399890625 0.7379546875 0.2388046875 0.7299640625 0.7751484375000001
6 0.866565625 0.24029375000000003 0.803659375 0.2388046875 0.79744375 0.77278125 0.8640375 0.7763328125 0.866565625 0.24029375000000003
6 0.8640375 0.7775171875 0.9288531250000001 0.779884375 0.9377328125 0.2399890625 0.871140625 0.2388046875 0.8640375 0.7775171875