5 0.12385228125 0.322265625 0.09863067187499999 0.3200954875 0.073409065625 0.8756510416666666 0.10025787500000001 0.8756510416666666 0.12385228125 0.322265625
5 0.15232829375 0.32335069583333337 0.129686990625 0.3200954875 0.103512275 0.8734809041666666 0.128733884375 0.8745659708333334 0.15232829375 0.32335069583333337
5 0.184058703125 0.3287760416666667 0.163866678125 0.3255208333333333 0.1384970875 0.8680555541666667 0.161277896875 0.8680555541666667 0.184058703125 0.3287760416666667
5 0.212534715625 0.2777777791666667 0.188280740625 0.2766927083333333 0.162091496875 0.8756510416666666 0.19138110625 0.8723958333333334 0.212534715625 0.2777777791666667
5 0.24019712499999998 0.283203125 0.215136209375 0.2810329875 0.19463550937500002 0.8702256958333333 0.22067071875000002 0.869140625 0.24019712499999998 0.283203125
5 0.267045934375 0.29188367916666663 0.242637925 0.29188367916666663 0.22229791875 0.8723958333333334 0.246705928125 0.8702256958333333 0.267045934375 0.29188367916666663
5 0.313421153125 0.2886284708333333 0.27047475312499997 0.2864583333333333 0.248333128125 0.8702256958333333 0.29470834375 0.869140625 0.313421153125 0.2886284708333333
5 0.36223716875 0.29188367916666663 0.319116353125 0.2886284708333333 0.297962746875 0.8756510416666666 0.3418971625 0.8723958333333334 0.36223716875 0.29188367916666663
5 0.405357984375 0.29296875 0.364677971875 0.2897135416666667 0.3435243625 0.8713107625000001 0.38745877812499996 0.8702256958333333 0.405357984375 0.29296875
5 0.46076210937499995 0.2973090291666667 0.41044870937500005 0.29405382083333337 0.38997888125 0.8734809041666666 0.4420493 0.8756510416666666 0.46076210937499995 0.2973090291666667
5 0.509578125 0.2560763875 0.4713389125 0.25390625 0.45018530312499994 0.8875868041666667 0.49086531874999995 0.8908420125000001 0.509578125 0.2560763875
5 0.550258140625 0.2571614583333333 0.512987771875 0.2560763875 0.49411971875000005 0.8897569458333333 0.536426934375 0.8897569458333333 0.550258140625 0.2571614583333333
5 0.5958197562499999 0.2549913208333333 0.561002096875 0.2528211791666667 0.5404949375 0.8897569458333333 0.5787341500000001 0.8908420125000001 0.5958197562499999 0.2549913208333333
5 0.638126971875 0.2582465291666666 0.604947409375 0.2549913208333333 0.5860565531249999 0.8908420125000001 0.621041365625 0.8897569458333333 0.638126971875 0.2582465291666666
5 0.6560261781250001 0.3070746541666667 0.639127096875 0.3059895833333333 0.622668565625 0.87890625 0.638940571875 0.8778211791666667 0.6560261781250001 0.3070746541666667
5 0.6796205875 0.3103298625 0.659472146875 0.3081597208333333 0.641381375 0.8778211791666667 0.66253498125 0.8734809041666666 0.6796205875 0.3103298625
5 0.7007741968750001 0.3342013875 0.681444803125 0.33203125 0.66334858125 0.8734809041666666 0.6820613875 0.8713107625000001 0.7007741968750001 0.3342013875
5 0.72762300625 0.3352864583333333 0.707486471875 0.33311632083333337 0.6885701906249999 0.8734809041666666 0.708096596875 0.8713107625000001 0.72762300625 0.3352864583333333
5 0.7585398156250001 0.3103298625 0.735155740625 0.3070746541666667 0.7146054000000001 0.8734809041666666 0.740640609375 0.8745659708333334 0.7585398156250001 0.3103298625
5 0.7699302218749999 0.8734809041666666 0.787015828125 0.3125 0.7634214187499999 0.3092447916666667 0.7447086125 0.8723958333333334 0.754471815625 0.8734809041666666 0.7699302218749999 0.8734809041666666
5 0.822000640625 0.8745659708333334 0.8276958406249999 0.8702256958333333 0.841527046875 0.3569878458333333 0.79456329375 0.3515625 0.7796934249999999 0.8723958333333334 0.793524628125 0.8756510416666666 0.822000640625 0.8745659708333334