6 0.052151562500000005 0.1000375 0.000121875 0.11521250000000001 0.2431953125 0.9845328125 0.289534375 0.9617687500000001 0.052151562500000005 0.1000375
6 0.29522499999999996 0.9812796875 0.3440015625 0.96935625 0.11149687500000001 0.096784375 0.060281249999999995 0.10545625 0.29522499999999996 0.9812796875
6 0.1692171875 0.09028125000000001 0.1188140625 0.1119609375 0.347253125 0.9921203125 0.39521875 0.9661046875 0.1692171875 0.09028125000000001
6 0.41229062499999997 0.978028125 0.468384375 0.9509296875000001 0.279778125 0.27238281249999996 0.223684375 0.2886421875 0.41229062499999997 0.978028125
6 0.300915625 0.1759125 0.2716484375 0.1965078125 0.6106515625 0.941175 0.635040625 0.9238312499999999 0.300915625 0.1759125
6 0.6382921875 0.9281671875 0.6618671875000001 0.915159375 0.3383109375 0.176996875 0.31229687500000003 0.1943390625 0.6382921875 0.9281671875
6 0.37326875 0.1726609375 0.34237656250000004 0.190003125 0.66430625 0.915159375 0.6846296875 0.8999843750000001 0.37326875 0.1726609375
6 0.692759375 0.9097406250000001 0.7179609375 0.8902296875 0.45700312500000007 0.30815312499999997 0.4366796875 0.323328125 0.692759375 0.9097406250000001
6 0.5114703125 0.3049015625 0.4748875 0.3287484375 0.725278125 0.9119078125 0.7431625000000001 0.8891453125 0.5114703125 0.3049015625
6 0.7545437500000001 0.9054046874999999 0.7854375 0.8891453125 0.5342328125 0.2875578125 0.5171609375 0.30706875 0.7545437500000001 0.9054046874999999
6 0.836653125 0.9758609375 0.8569765625000001 0.9812796875 0.9968046875000001 0.33742031250000004 0.99924375 0.152065625 0.836653125 0.9758609375
6 0.8626671874999999 0.96935625 0.88786875 0.9747765625 0.99843125 0.40895937499999996 0.9959921875 0.31032187499999997 0.8626671874999999 0.96935625
6 0.8846171875 0.9596015625 0.9220124999999999 0.9661046875 0.9997484375000001 0.5957656250000001 0.99761875 0.42521875 0.8846171875 0.9596015625