4 0.4997890625 0.8321421875 0.3423578125 0.8618546874999999 0.34918593750000004 0.894396875 0.8804640625 0.784096875 0.87749375 0.7558390625 0.4997890625 0.8321421875
4 0.8760375 0.7533140625 0.8728828125 0.723290625 0.33858125 0.8259203125000001 0.3441109375 0.8574328124999999 0.8760375 0.7533140625
4 0.87426875 0.7221328125 0.8730593750000001 0.69175625 0.3340671875 0.7924140625 0.3393765625 0.8244796875 0.87426875 0.7221328125
4 0.849021875 0.6801468749999999 0.8462375 0.6536546875 0.32356093750000003 0.7495109375 0.32805 0.7766796874999999 0.849021875 0.6801468749999999
4 0.46112343750000007 0.6896687499999999 0.319925 0.714925 0.3248265625 0.74268125 0.8458500000000001 0.6499765625 0.8411031250000001 0.6236906249999999 0.46112343750000007 0.6896687499999999
4 0.8457000000000001 0.62023125 0.8386812499999999 0.591209375 0.3111125 0.6778109375 0.317421875 0.7099796875 0.8457000000000001 0.62023125
4 0.8385265625 0.5897375 0.8334703125 0.560509375 0.306715625 0.6463609375 0.311746875 0.6748640625 0.8385265625 0.5897375
4 0.8201015625 0.527690625 0.328759375 0.5965828125 0.3272 0.6047921875 0.3302171875 0.6334921875 0.8240984375 0.5562875 0.8201015625 0.527690625
4 0.8277187500000001 0.5246578125 0.8237203125000001 0.4960625 0.33299687499999997 0.564225 0.33910625 0.5953578125 0.8277187500000001 0.5246578125
4 0.8244703124999999 0.49375156249999996 0.8200625 0.45180781249999996 0.2925359375 0.521834375 0.3002234375 0.5652203124999999 0.8244703124999999 0.49375156249999996
4 0.8169640625 0.4506453125 0.8126562500000001 0.41910625 0.28430625 0.48505937499999996 0.2902890625 0.5179046875 0.8169640625 0.4506453125
4 0.8085000000000001 0.41731093750000003 0.80341875 0.3784125 0.2773 0.439153125 0.28347812499999997 0.48142031249999995 0.8085000000000001 0.41731093750000003
4 0.8062078125 0.37663125000000003 0.802728125 0.34351875 0.28199375 0.401225 0.2866875 0.43644375 0.8062078125 0.37663125000000003
4 0.2781265625 0.36443125 0.28085781249999997 0.39985624999999997 0.7997062500000001 0.34309218750000003 0.7972515625 0.31004062499999996 0.2781265625 0.36443125
4 0.7981890625 0.309771875 0.7950703125 0.2706671875 0.2593140625 0.3199375 0.2658875 0.3612546875 0.7981890625 0.309771875
4 0.792953125 0.2694015625 0.7904296875 0.226515625 0.24773593749999998 0.2720578125 0.25461093749999997 0.32003125 0.792953125 0.2694015625
4 0.779384375 0.1875 0.2389859375 0.22938437500000003 0.24398124999999998 0.26609375 0.78376875 0.219775 0.783565625 0.1989640625 0.779384375 0.1875
4 0.3954125 0.196609375 0.331553125 0.202578125 0.334390625 0.220134375 0.7632203125 0.1847359375 0.7603828125 0.167178125 0.3954125 0.196609375
4 0.7550125000000001 0.163278125 0.75119375 0.14582343749999999 0.328115625 0.175234375 0.3320703125 0.19805937499999998 0.7550125000000001 0.163278125
4 0.7619640624999999 0.1350203125 0.7573234375 0.0908671875 0.25891875 0.12931874999999998 0.264059375 0.173959375 0.7619640624999999 0.1350203125
4 0.7588984375 0.08698281249999999 0.7535093749999999 0.045140625000000004 0.25338906250000004 0.07671093749999999 0.26053125 0.12150625 0.7588984375 0.08698281249999999