6 0.0799390625 0.21701406250000002 0.065396875 0.21701406250000002 0.0620390625 0.78993125 0.0783109375 0.791015625 0.0978375 0.78993125 0.113296875 0.786675 0.11573750000000001 0.219184375 0.0986515625 0.21701406250000002 0.0799390625 0.21701406250000002
6 0.15804374999999998 0.22026875 0.140959375 0.219184375 0.127940625 0.22026875 0.11980468749999999 0.22243906249999998 0.1173640625 0.7834203125 0.1214328125 0.786675 0.141771875 0.786675 0.1612984375 0.785590625 0.169434375 0.7845046875 0.168621875 0.2213546875 0.15804374999999998 0.22026875
6 0.22150468750000002 0.2799484375 0.17607343749999999 0.277778125 0.17594375 0.786675 0.22557343749999997 0.7834203125 0.22150468750000002 0.2799484375
6 0.22638750000000002 0.786675 0.23126875 0.791015625 0.2743890625 0.791015625 0.284965625 0.7845046875 0.284153125 0.263671875 0.2240875 0.2615015625 0.22638750000000002 0.786675
6 0.33866406250000003 0.28428749999999997 0.29326093750000004 0.283203125 0.289034375 0.785590625 0.3337828125 0.786675 0.33866406250000003 0.28428749999999997
6 0.560065625 0.785590625 0.5641328125 0.288628125 0.557625 0.2810328125 0.48033281250000004 0.2810328125 0.471484375 0.283203125 0.4778921875 0.786675 0.48928281250000005 0.7921 0.5014859375 0.79535625 0.5210125 0.79535625 0.5364718749999999 0.7942703125 0.551115625 0.78993125 0.560065625 0.785590625
6 0.641425 0.7888453125 0.64549375 0.283203125 0.641425 0.283203125 0.6218984375 0.2810328125 0.6023734375 0.2799484375 0.5763375 0.2799484375 0.5666984375 0.28211875000000003 0.560065625 0.7845046875 0.566575 0.7888453125 0.58040625 0.7921 0.5934234375 0.7931859375 0.61295 0.7942703125 0.6300359375 0.7931859375 0.641425 0.7888453125
6 0.6521484375 0.27452187499999997 0.6463078125 0.786675 0.657696875 0.786675 0.6731843750000001 0.78993125 0.6837609375 0.7888453125 0.694309375 0.7888453125 0.703259375 0.2766921875 0.6521484375 0.27452187499999997
6 0.7317359375 0.29188437500000003 0.7162765624999999 0.2897140625 0.7113953125 0.782334375 0.726853125 0.7834203125 0.7317359375 0.29188437500000003
6 0.71465 0.29296875 0.7050453125 0.29296875 0.6959375 0.782334375 0.708140625 0.78125 0.71465 0.29296875
6 0.770815625 0.26258750000000003 0.7634937500000001 0.26258750000000003 0.7545437500000001 0.263671875 0.7455953125 0.263671875 0.737596875 0.26475624999999997 0.7342046875 0.785590625 0.7390859375 0.7877609375 0.75373125 0.7877609375 0.7602390625 0.785590625 0.7691890625 0.7845046875 0.7781390625 0.26475624999999997 0.770815625 0.26258750000000003
6 0.8367171875 0.2864578125 0.8269546875 0.2853734375 0.8147500000000001 0.2853734375 0.8033609374999999 0.283203125 0.7952250000000001 0.28428749999999997 0.7879015625 0.28428749999999997 0.7823562500000001 0.2853734375 0.779765625 0.785590625 0.7879015625 0.7877609375 0.802546875 0.7888453125 0.8147500000000001 0.78993125 0.8261406250000001 0.7877609375 0.839971875 0.288628125 0.8367171875 0.2864578125
6 0.91075625 0.29839375 0.850715625 0.29405312499999997 0.8367171875 0.7834203125 0.9009921875 0.7845046875 0.91075625 0.29839375