4 0.2856609375 0.8352296875 0.3185234375 0.8228109375000001 0.18351562500000002 0.30508281249999997 0.1495234375 0.311690625 0.2856609375 0.8352296875
4 0.323978125 0.8229578125 0.3536125 0.8171968749999999 0.2258015625 0.29536406249999997 0.18787343750000002 0.3042359375 0.323978125 0.8229578125
4 0.25972968750000003 0.3155984375 0.23577656249999998 0.322665625 0.3562265625 0.8166890625000001 0.3777625 0.8109984375 0.25972968750000003 0.3155984375
4 0.3791140625 0.8134453125000001 0.3987421875 0.81204375 0.2856609375 0.31158437499999997 0.26147343749999996 0.315259375 0.3791140625 0.8134453125000001
4 0.3292625 0.30569999999999997 0.2856828125 0.314171875 0.40119375 0.820009375 0.440640625 0.8120406250000001 0.3292625 0.30569999999999997
4 0.44128749999999994 0.812215625 0.4772484375 0.8064328125 0.3702671875 0.2964640625 0.3305546875 0.30303749999999996 0.44128749999999994 0.812215625
4 0.37484843749999996 0.205171875 0.3524125 0.2107390625 0.48638281250000004 0.8348093750000001 0.5033624999999999 0.829096875 0.37484843749999996 0.205171875
4 0.4297546875 0.25963125 0.3948921875 0.2664078125 0.5035578125 0.792875 0.5323203125 0.787284375 0.4297546875 0.25963125
4 0.46265 0.25203125000000004 0.431046875 0.25696875 0.5353875 0.7891 0.561534375 0.7840171875 0.46265 0.25203125000000004
4 0.5086796875 0.316659375 0.4779484375 0.3214265625 0.5580499999999999 0.7521296875 0.5839390625 0.74571875 0.5086796875 0.316659375
4 0.5841984375 0.747046875 0.6088281249999999 0.743465625 0.535925 0.31256875 0.5086796875 0.316659375 0.5841984375 0.747046875
4 0.5670765624999999 0.3053078125 0.5383140625 0.3108984375 0.6121203125 0.74644375 0.638615625 0.740396875 0.5670765624999999 0.3053078125
4 0.6417234374999999 0.735865625 0.668096875 0.7319453125 0.599446875 0.29834218749999997 0.5690453125 0.30613125 0.6417234374999999 0.735865625
4 0.63445 0.2331109375 0.5950015625 0.239571875 0.6794578125 0.7671265625 0.7129234375 0.7644203125 0.63445 0.2331109375
4 0.7200031250000001 0.7616578125 0.7529296875 0.7588765625 0.6771578125 0.22480937499999998 0.63858125 0.2311015625 0.7200031250000001 0.7616578125
4 0.756609375 0.7545421875 0.7912796875 0.751421875 0.7149593750000001 0.200575 0.6761578125 0.2057046875 0.756609375 0.7545421875
4 0.7947656249999999 0.75074375 0.8285640624999999 0.7477921875 0.753753125 0.19141406249999998 0.7173484375 0.1989046875 0.7947656249999999 0.75074375