4 0.7511187500000001 0.8556921875000001 0.74593125 0.8224281250000001 0.2511625 0.8110625 0.24987499999999999 0.8482859375 0.7511187500000001 0.8556921875000001
4 0.7466140625000001 0.7988625 0.74465 0.7660515625000001 0.257140625 0.768521875 0.25727968749999997 0.80495 0.7466140625000001 0.7988625
4 0.7507265624999999 0.7555671875 0.7493390625 0.7233296874999999 0.26311874999999996 0.7259828125000001 0.2638375 0.7629734375 0.7507265624999999 0.7555671875
4 0.7584 0.7196734375 0.75715 0.6864703125 0.2685546875 0.687309375 0.2705625 0.724471875 0.7584 0.7196734375
4 0.7646875 0.6796125 0.7617734375 0.65356875 0.20697656250000002 0.6529921875 0.2085078125 0.68419375 0.7646875 0.6796125
4 0.7705968750000001 0.646921875 0.7695140625 0.6265578125 0.21505625 0.6235640625000001 0.2157421875 0.64675 0.7705968750000001 0.646921875
4 0.7740625 0.6222671875 0.7725390625 0.6003640625 0.2193359375 0.5931093749999999 0.218665625 0.616590625 0.7740625 0.6222671875
4 0.77868125 0.5987625000000001 0.7783125 0.5686390625 0.227690625 0.55238125 0.22766406250000001 0.5853109375 0.77868125 0.5987625000000001
4 0.78758125 0.5354359375 0.2337015625 0.5142828125000001 0.234321875 0.5472937499999999 0.23624218749999998 0.5476687499999999 0.786728125 0.56489375 0.78758125 0.5354359375
4 0.7867328125 0.5274296875 0.78745 0.4989375 0.264246875 0.474703125 0.2657859375 0.505859375 0.7867328125 0.5274296875
4 0.793765625 0.4727125 0.23924375000000003 0.4421046875 0.24024062499999999 0.46775312500000005 0.242803125 0.46823750000000003 0.7922343749999999 0.49763906249999995 0.793765625 0.4727125
4 0.7972609375 0.4712328125 0.7978078125 0.4486328125 0.2438640625 0.4092328125 0.2447265625 0.435840625 0.7972609375 0.4712328125
4 0.795128125 0.4443125 0.7962859375 0.4173625 0.2479421875 0.3708609375 0.24819375 0.4018125 0.795128125 0.4443125
4 0.8025625 0.4147953125 0.8045015624999999 0.38696875 0.2549375 0.3304359375 0.253765625 0.3621625 0.8025625 0.4147953125
4 0.8238234375 0.36643125 0.826778125 0.3500859375 0.825084375 0.334071875 0.818503125 0.3247671875 0.281259375 0.2507421875 0.28007031250000003 0.263884375 0.27728281250000003 0.2930703125 0.27813750000000004 0.31973124999999997 0.8174421875 0.38377343750000004 0.8201234375 0.37872812499999997 0.8238234375 0.36643125
4 0.858646875 0.315128125 0.8687343750000001 0.24802343750000003 0.1823 0.108171875 0.17365 0.18375 0.858646875 0.315128125
4 0.8701265625 0.24279687499999997 0.873253125 0.21119374999999999 0.1883453125 0.0651484375 0.1848296875 0.099525 0.8701265625 0.24279687499999997
4 0.8259531250000001 0.2015890625 0.826803125 0.19086406250000001 0.3307921875 0.08073125 0.329553125 0.094225 0.8259531250000001 0.2015890625
4 0.8274828125000001 0.18602968749999998 0.8330187499999999 0.15131406249999999 0.3369078125 0.037225 0.33111875 0.07373437499999999 0.8274828125000001 0.18602968749999998