6 0.7278046875 0.21271718750000002 0.7306328125 0.1794625 0.73138125 0.14446874999999998 0.7347359375 0.12192343750000001 0.7324875 0.12334375 0.07156875 0.066709375 0.0648640625 0.1739 0.067646875 0.1830078125 0.7208953124999999 0.24087031250000002 0.724571875 0.23291562500000002 0.7278046875 0.21271718750000002
6 0.060464062500000006 0.1956671875 0.0595234375 0.25509218749999996 0.685321875 0.297665625 0.69050625 0.2402125 0.060464062500000006 0.1956671875
6 0.061434375 0.26008125 0.06115625 0.2861375 0.6945828125 0.3282953125 0.695853125 0.30405625000000003 0.061434375 0.26008125
6 0.0611125 0.28695 0.059665625 0.314575 0.6908828125 0.35743125 0.6943625 0.3325 0.0611125 0.28695
6 0.058709374999999994 0.3120796875 0.05645312500000001 0.3551421875 0.645453125 0.39497187500000003 0.6496140625 0.3570484375 0.058709374999999994 0.3120796875
6 0.0541578125 0.357465625 0.050817187500000006 0.4004703125 0.6420281250000001 0.43960156250000004 0.6440625 0.4007625 0.0541578125 0.357465625
6 0.628915625 0.4617265625 0.6287171875 0.444778125 0.5507515625 0.43970624999999997 0.0506046875 0.4045328125 0.0481765625 0.4508453125 0.6252578125 0.49005 0.628915625 0.4617265625
6 0.048049999999999995 0.4532828125 0.04479375 0.4946625 0.6187953125 0.530446875 0.6240046875 0.49324375 0.048049999999999995 0.4532828125
6 0.0433703125 0.5011046875 0.043621875 0.53778125 0.6143703125 0.5733953125 0.620621875 0.5370609375 0.0433703125 0.5011046875
6 0.062 0.5395578125 0.06038125 0.5704328125 0.5824984375 0.6010546875 0.5850609375 0.572878125 0.062 0.5395578125
6 0.060845312500000005 0.6030453125 0.062671875 0.609659375 0.57711875 0.6415093749999999 0.5811484375 0.606084375 0.0634625 0.5738531250000001 0.060845312500000005 0.6030453125
6 0.0592078125 0.6135515625 0.05771875 0.6419890625 0.574459375 0.6715140625 0.5759375 0.6432984375 0.0592078125 0.6135515625
6 0.053128125000000005 0.6466359374999999 0.052678125 0.6759421875 0.5737109375 0.7065078125 0.5752328125 0.6774875 0.053128125000000005 0.6466359374999999
6 0.049129687500000005 0.681459375 0.0483640625 0.6960843750000001 0.529303125 0.7245484375 0.530228125 0.7069109375 0.049129687500000005 0.681459375
6 0.04931875 0.6985781249999999 0.0462578125 0.7155265625 0.5283671875 0.7424234375000001 0.5302046875 0.7280968750000001 0.04931875 0.6985781249999999
6 0.028282812499999997 0.72680625 0.025301562500000003 0.7836796875 0.6318953125 0.81954375 0.6357328125 0.7670390625 0.028282812499999997 0.72680625
6 0.0227484375 0.7909421875 0.0197671875 0.847815625 0.625446875 0.880371875 0.63045625 0.8262515625000001 0.0227484375 0.7909421875