6 0.20282968750000002 0.8626296874999999 0.22886406250000002 0.8582906250000001 0.164590625 0.27452187499999997 0.1313140625 0.2766921875 0.1296046875 0.277778125 0.20282968750000002 0.8626296874999999
6 0.2052703125 0.2734375 0.16549375 0.27452187499999997 0.23049218749999997 0.859375 0.2581546875 0.855034375 0.2052703125 0.2734375
6 0.23862812500000002 0.2712671875 0.20608437500000001 0.27235312500000003 0.2605953125 0.85395 0.28825781250000004 0.849609375 0.23862812500000002 0.2712671875
6 0.2727984375 0.2712671875 0.24106875 0.2712671875 0.289884375 0.8506937499999999 0.317546875 0.8463546875000001 0.2727984375 0.2712671875
6 0.2980203125 0.20724843750000002 0.2727984375 0.205078125 0.319175 0.8474390625 0.3387 0.844184375 0.2980203125 0.20724843750000002
6 0.3232421875 0.205078125 0.3014 0.20616249999999997 0.3419546875 0.8420140625 0.3622953125 0.835503125 0.3232421875 0.205078125
6 0.3696171875 0.31141562500000003 0.3363921875 0.3125 0.363921875 0.8365890625000001 0.3948390625 0.8311624999999999 0.3696171875 0.31141562500000003
6 0.41029687499999995 0.3092453125 0.3754546875 0.31141562500000003 0.39890781249999996 0.8333328124999999 0.4273828125 0.8268234375000001 0.41029687499999995 0.3092453125
6 0.437959375 0.3287765625 0.41273906250000003 0.33094687500000003 0.43145156250000005 0.8268234375000001 0.4501640625 0.8203125 0.437959375 0.3287765625
6 0.46887656250000004 0.8224828125 0.47782656250000005 0.8181421875 0.464809375 0.3287765625 0.44137343749999997 0.3287765625 0.45423125000000003 0.8224828125 0.46887656250000004 0.8224828125
6 0.50874375 0.3190109375 0.46904218750000004 0.32118125000000003 0.48108125 0.8192281250000001 0.5144390624999999 0.8138015624999999 0.50874375 0.3190109375
6 0.5575593750000001 0.3190109375 0.5186843750000001 0.322265625 0.520946875 0.8333328124999999 0.5575593750000001 0.8257375 0.5575593750000001 0.3190109375
6 0.60149375 0.3190109375 0.5599999999999999 0.32118125000000003 0.5599999999999999 0.8257375 0.594984375 0.8224828125 0.60149375 0.3190109375
6 0.599053125 0.8192281250000001 0.6340375 0.8127171875 0.6462421875000001 0.3146703125 0.6047484375 0.3157546875 0.5966125 0.8170578125000001 0.599053125 0.8192281250000001
6 0.6739046875 0.31141562500000003 0.645428125 0.31141562500000003 0.6348515625 0.8094625000000001 0.6608859375 0.80620625 0.6739046875 0.31141562500000003
6 0.708075 0.3049046875 0.6763453125 0.3092453125 0.6625140625 0.8072921875000001 0.6877359375000001 0.8029515625 0.708075 0.3049046875
6 0.7496171875 0.24522499999999997 0.7235828125 0.2473953125 0.6983609375000001 0.8148875 0.720328125 0.8116312499999999 0.7496171875 0.24522499999999997
6 0.7886703125000001 0.24631093750000002 0.761821875 0.24631093750000002 0.7284640625 0.8148875 0.7512453125 0.815971875 0.7886703125000001 0.24631093750000002
6 0.8195874999999999 0.244140625 0.7945640625 0.24522499999999997 0.7536859375 0.8138015624999999 0.7772796875 0.8138015624999999 0.8195874999999999 0.244140625
6 0.8553859375 0.2473953125 0.8252828125 0.249565625 0.7862296875 0.8127171875 0.8090109375000001 0.8083765625 0.8553859375 0.2473953125
6 0.8854890624999999 0.24631093750000002 0.86048125 0.249565625 0.813078125 0.8083765625 0.8374859375 0.8018656249999999 0.8854890624999999 0.24631093750000002
6 0.9155921875 0.2615015625 0.8905921875 0.263671875 0.8423671875000001 0.8072921875000001 0.863521875 0.8029515625 0.9155921875 0.2615015625
6 0.9408140625 0.2701828125 0.9215171874999999 0.2712671875 0.8659625 0.805121875 0.8854890624999999 0.8018656249999999 0.9408140625 0.2701828125
6 0.9546453125 0.3255203125 0.9394203125 0.327690625 0.8911843749999999 0.8018656249999999 0.9066421874999999 0.7986109375 0.9546453125 0.3255203125
6 0.9806796875 0.3255203125 0.9627812499999999 0.32660625 0.9139640625000001 0.8018656249999999 0.9294234375 0.7986109375 0.9806796875 0.3255203125