0 0.041711759375000004 0.110229275 0.001878909375 0.1142376125 0 0.9970238083333334 0.02517736875 0.9990780833333334 0.041711759375000004 0.110229275
0 0.121377465625 0.0020041666666666667 0.054488334375 0.0040083375 0.0304383125 0.9950697458333334 0.09958213125000001 0.9950697458333334 0.121377465625 0.0020041666666666667
0 0.196533790625 0.006012504166666667 0.128141534375 0.0040083375 0.10634619999999999 0.9960718291666667 0.17624158125 0.9990780833333334 0.196533790625 0.006012504166666667
0 0.255155725 0.006012504166666667 0.2048009875 0.006012504166666667 0.184508778125 0.9960718291666667 0.23636664375 0.9970739125 0.255155725 0.006012504166666667
0 0.31227453125000004 0.006012504166666667 0.264174484375 0.006012504166666667 0.24538540000000003 0.9960718291666667 0.291982321875 0.9960718291666667 0.31227453125000004 0.006012504166666667
0 0.3821699125 0.008016675 0.32505110625 0.007014591666666667 0.30024951875 0.9960718291666667 0.358871453125 0.9970739125 0.3821699125 0.008016675
0 0.446804353125 0.006012504166666667 0.391940234375 0.005010420833333334 0.366387084375 0.9970739125 0.42500901874999997 0.9970739125 0.446804353125 0.006012504166666667
0 0.49640752812500005 0.08918550416666667 0.45582311249999996 0.0871813375 0.4317730875 0.9960718291666667 0.47761844687500005 0.9950697458333334 0.49640752812500005 0.08918550416666667
0 0.5520232093749999 0.09720217916666667 0.51219035625 0.0951980125 0.48363095312500004 0.998076 0.531731 0.998076 0.5520232093749999 0.09720217916666667
0 0.6046326343749999 0.10020843333333333 0.56404821875 0.10221260416666667 0.53849506875 0.9960718291666667 0.584340428125 0.9950697458333334 0.6046326343749999 0.10020843333333333
0 0.632440475 0.23949815416666667 0.606887325 0.23949815416666667 0.589601371875 0.998076 0.618160775 0.9970739125 0.632440475 0.23949815416666667
0 0.6955717906250001 0.006012504166666667 0.645217053125 0.006012504166666667 0.62492484375 0.9990780833333334 0.6767827093750001 0.9990780833333334 0.6955717906250001 0.006012504166666667
0 0.7263858812499999 0.11223344583333333 0.7030874218750001 0.11223344583333333 0.683546778125 0.9990780833333334 0.71135461875 0.9990780833333334 0.7263858812499999 0.11223344583333333
0 0.760957790625 0.107223025 0.735404640625 0.10822510833333333 0.720373378125 0.9910614083333333 0.745926528125 0.9930655749999999 0.760957790625 0.107223025
0 0.789517196875 0.1142376125 0.768473425 0.1142376125 0.754193721875 0.9940676624999999 0.7797468750000001 0.9940676624999999 0.789517196875 0.1142376125
0 0.820331290625 0.008016675 0.8007906437500001 0.008016675 0.78726250625 0.9970739125 0.81281565625 0.9950697458333334 0.820331290625 0.008016675
0 0.847387565625 0.008016675 0.829350046875 0.008016675 0.821082853125 0.9960718291666667 0.8421266218750001 0.9960718291666667 0.847387565625 0.008016675
0 0.872940715625 0.107223025 0.8556547625 0.10421677083333333 0.8488906937499999 0.9930655749999999 0.87369228125 0.9920634916666666 0.872940715625 0.107223025
0 0.92555014375 0.006012504166666667 0.8857172906249999 0.0040083375 0.8864688562499999 0.9940676624999999 0.9323142125 0.9940676624999999 0.92555014375 0.006012504166666667
0 0.97515331875 0.005010420833333334 0.933817340625 0.005010420833333334 0.947345478125 0.9950697458333334 0.98717833125 0.9960718291666667 0.97515331875 0.005010420833333334