6 0.10027187500000001 0.2018234375 0.084928125 0.2018234375 0.12305312500000001 0.8170578125000001 0.139325 0.815971875 0.10027187500000001 0.2018234375
6 0.14095312499999998 0.815971875 0.1637328125 0.8170578125000001 0.173496875 0.8138015624999999 0.13607031249999998 0.2018234375 0.11573125 0.19965312500000001 0.10189999999999999 0.2018234375 0.14095312499999998 0.815971875
6 0.1800046875 0.805121875 0.1913953125 0.8094625000000001 0.210921875 0.8083765625 0.22149843749999998 0.8040359374999999 0.1905828125 0.205078125 0.1484046875 0.20616249999999997 0.1800046875 0.805121875
6 0.210109375 0.20399375000000003 0.1905828125 0.20616249999999997 0.2231265625 0.810546875 0.23614375 0.8094625000000001 0.210109375 0.20399375000000003
6 0.2402125 0.2018234375 0.210109375 0.20290781249999998 0.23695781249999998 0.810546875 0.2646203125 0.8094625000000001 0.2402125 0.2018234375
6 0.267875 0.2018234375 0.24361875 0.2018234375 0.267875 0.8127171875 0.2922828125 0.810546875 0.267875 0.2018234375
6 0.30285937500000004 0.8138015624999999 0.317503125 0.8170578125000001 0.29472343749999996 0.2007375 0.2696609375 0.2018234375 0.2955359375 0.810546875 0.30285937500000004 0.8138015624999999
6 0.33052187499999997 0.810546875 0.342725 0.8094625000000001 0.325640625 0.2007375 0.2996046875 0.2018234375 0.31994531249999997 0.8094625000000001 0.33052187499999997 0.810546875
6 0.344353125 0.8170578125000001 0.3825921875 0.8148875 0.36550625000000003 0.1974828125 0.32744062500000004 0.1974828125 0.342725 0.8094625000000001 0.344353125 0.8170578125000001
6 0.4086265625 0.1953125 0.372015625 0.196396875 0.38340625 0.8138015624999999 0.423271875 0.8138015624999999 0.4086265625 0.1953125
6 0.4265265625 0.8148875 0.43791718749999997 0.8148875 0.46151093750000005 0.8127171875 0.483478125 0.8127171875 0.47615625 0.230034375 0.41533125000000004 0.2311203125 0.4265265625 0.8148875
6 0.47962187500000003 0.230034375 0.483478125 0.8148875 0.48510625 0.8181421875 0.502190625 0.8170578125000001 0.515209375 0.8181421875 0.5444984374999999 0.8181421875 0.5420578125 0.22895 0.47962187500000003 0.230034375
6 0.5713468749999999 0.8192281250000001 0.585178125 0.8170578125000001 0.589246875 0.1844625 0.549609375 0.18663125 0.548565625 0.815971875 0.5713468749999999 0.8192281250000001
6 0.6104 0.8203125 0.6250453125 0.8192281250000001 0.6348078125 0.1822921875 0.59518125 0.1833765625 0.5908734375 0.8181421875 0.6104 0.8203125
6 0.6804359375 0.1931421875 0.6383140625 0.1931421875 0.628365625 0.8181421875 0.6674187500000001 0.8170578125000001 0.6804359375 0.1931421875
6 0.6771828125 0.8094625000000001 0.6861312500000001 0.80620625 0.702403125 0.2213546875 0.683690625 0.22352500000000003 0.6698593749999999 0.8083765625 0.6771828125 0.8094625000000001
6 0.7097265625 0.219184375 0.7042312500000001 0.219184375 0.6902 0.8083765625 0.7007765625 0.8094625000000001 0.7089125000000001 0.80620625 0.7243703125 0.219184375 0.7219296875000001 0.219184375 0.715421875 0.2213546875 0.7097265625 0.219184375
6 0.8049171875000001 0.2180984375 0.7327140625 0.219184375 0.716234375 0.8138015624999999 0.7796953125 0.815971875 0.8049171875000001 0.2180984375
6 0.858615625 0.18012187500000001 0.8124671875 0.1822921875 0.785390625 0.8181421875 0.8276984374999999 0.8170578125000001 0.858615625 0.18012187500000001
6 0.9131265624999999 0.176865625 0.8659375 0.1779515625 0.8350203125 0.8181421875 0.877328125 0.8181421875 0.9131265624999999 0.176865625
6 0.9521796874999999 0.224609375 0.91638125 0.224609375 0.8854640625 0.8203125 0.919634375 0.8213968749999999 0.9521796874999999 0.224609375