0 0.06028063125000001 0.29297823333333334 0.01394218125 0.2908103541666666 0.097676575 0.98128035 0.128568875 0.9801964083333333 0.06028063125000001 0.29297823333333334
0 0.08141746875 0.14447840833333334 0.02938833125 0.14556235 0.12938182812500001 0.9801964083333333 0.16190003749999998 0.9769445875 0.08141746875 0.14447840833333334
0 0.12938182812500001 0.1466462875 0.083043378125 0.1466462875 0.1578352625 0.98128035 0.205799621875 0.97586065 0.12938182812500001 0.1466462875
0 0.196044159375 0.1748287375 0.135072515625 0.17157691666666666 0.19929598125 0.9661051875 0.25538989375 0.9671891250000001 0.196044159375 0.1748287375
0 0.2659583125 0.1694090375 0.191979384375 0.16398933333333332 0.24969920625 0.9661051875 0.32123926875 0.9498460791666666 0.2659583125 0.1694090375
0 0.350505659375 0.17374479583333333 0.271649 0.17157691666666666 0.322052225 0.9563497208333334 0.385462734375 0.9530978999999999 0.350505659375 0.17374479583333333
0 0.416355034375 0.3059855166666667 0.353757478125 0.30056581666666665 0.383836825 0.9552657833333333 0.44318255625 0.9552657833333333 0.416355034375 0.3059855166666667
0 0.47407485625 0.29948187499999995 0.4187939 0.31140522083333333 0.44480846874999996 0.9563497208333334 0.493585784375 0.9476782 0.47407485625 0.29948187499999995
0 0.5244780812500001 0.1889199625 0.47570076875 0.18675208333333335 0.48870804999999995 0.9520139625 0.5366724125 0.9455103208333333 0.5244780812500001 0.1889199625
0 0.58219790625 0.18675208333333335 0.5326076343749999 0.18675208333333335 0.534233546875 0.9498460791666666 0.578133128125 0.9455103208333333 0.58219790625 0.18675208333333335
0 0.578946084375 0.9368387958333333 0.623658625 0.9325030333333333 0.6260974906250001 0.19000390416666668 0.58626268125 0.19217178333333335 0.578946084375 0.9368387958333333
0 0.6675582062500001 0.1802484375 0.6220327125 0.1802484375 0.629349309375 0.9455103208333333 0.665119340625 0.9400906166666666 0.6675582062500001 0.1802484375
0 0.66349343125 0.9379227375 0.696011640625 0.9400906166666666 0.706580059375 0.19108784166666667 0.676500715625 0.1889199625 0.66349343125 0.9379227375
0 0.73096871875 0.18675208333333335 0.70820596875 0.1878360208333333 0.6992634625 0.9411745583333333 0.71958734375 0.9400906166666666 0.73096871875 0.18675208333333335
0 0.72527803125 0.9346709166666667 0.764299884375 0.928167275 0.782184896875 0.2843067125 0.7342205374999999 0.29297823333333334 0.72527803125 0.9346709166666667
0 0.803321734375 0.26046002500000004 0.778933078125 0.25504032083333333 0.76999056875 0.9292512125 0.7960051375 0.9292512125 0.803321734375 0.26046002500000004
0 0.7943792281250001 0.9270833333333334 0.8187678843749999 0.9249154541666668 0.8334010781250001 0.2539563833333333 0.801695825 0.2561242625 0.7943792281250001 0.9270833333333334
0 0.894372725 0.23552939583333332 0.8350269906250001 0.23769727916666666 0.817954928125 0.9314190958333334 0.8773006625 0.928167275 0.894372725 0.23552939583333332
0 0.875674753125 0.9249154541666668 0.92851684375 0.91407605 0.9520925468750001 0.232277575 0.8976245437499999 0.23986515833333336 0.875674753125 0.9249154541666668
0 0.999747984375 0.22379032083333333 0.9585961875000001 0.2279418125 0.9309557093749999 0.9151599874999999 0.9854237124999999 0.9108242291666666 0.999747984375 0.22379032083333333