6 0.0708484375 0.074021875 0.0058125 0.074021875 0.0293890625 0.8880609375 0.09035937499999999 0.8858937499999999 0.0708484375 0.074021875
6 0.1261296875 0.07510625 0.06353281250000001 0.07510625 0.0911734375 0.8891453125 0.144015625 0.89348125 0.1261296875 0.07510625
6 0.188728125 0.0490921875 0.12125156249999999 0.050175000000000004 0.1472671875 0.8967328125 0.2066125 0.894565625 0.188728125 0.0490921875
6 0.2480734375 0.0545109375 0.1879140625 0.05234375 0.2090515625 0.894565625 0.26270625000000003 0.8967328125 0.2480734375 0.0545109375
6 0.2984765625 0.0317484375 0.2505125 0.0274125 0.2651453125 0.8978171875 0.3106703125 0.8902296875 0.2984765625 0.0317484375
6 0.347253125 0.029581249999999996 0.3033546875 0.0274125 0.3155484375 0.894565625 0.357821875 0.89348125 0.347253125 0.029581249999999996
6 0.39684375 0.034999999999999996 0.35131875 0.0306640625 0.3480671875 0.9021531250000001 0.400909375 0.892396875 0.39684375 0.034999999999999996
6 0.44887343749999997 0.0306640625 0.402534375 0.03716875 0.40416093750000004 0.89348125 0.4504984375 0.8891453125 0.44887343749999997 0.0306640625
6 0.4968375 0.0393359375 0.44806093750000003 0.0328328125 0.44887343749999997 0.892396875 0.49927656249999997 0.8913140625 0.4968375 0.0393359375
6 0.536671875 0.8956484375 0.5317546875 0 0.524478125 0.0013984375 0.49765 0.0024828124999999998 0.49602500000000005 0.894565625 0.536671875 0.8956484375
6 0.5610609375 0.0870296875 0.5391109375 0.08594531250000001 0.5334203125 0.8999843750000001 0.5618734375 0.90106875 0.5610609375 0.0870296875
6 0.62040625 0.005734375 0.5635 0.0035656250000000002 0.5635 0.8967328125 0.6057734375 0.8967328125 0.62040625 0.005734375
6 0.669996875 0.0079015625 0.6171546875 0.010070312500000001 0.603334375 0.8999843750000001 0.659428125 0.894565625 0.669996875 0.0079015625
6 0.73096875 0.09028125000000001 0.6716234375 0.09136562499999999 0.6610546875 0.8989015625000001 0.7277171874999999 0.8999843750000001 0.73096875 0.09028125000000001
6 0.7846234375 0.00465 0.724465625 0.00465 0.7195875 0.8989015625000001 0.769178125 0.8956484375 0.7846234375 0.00465
6 0.8415312500000001 0.051259374999999996 0.7781203125 0.0469234375 0.7618609375000001 0.8956484375 0.8293359375 0.89348125 0.8415312500000001 0.051259374999999996
6 0.9000640625 0.0469234375 0.8382781250000001 0.05234375 0.826084375 0.90106875 0.8903078125 0.8999843750000001 0.9000640625 0.0469234375
6 0.9618484374999999 0.0469234375 0.9073796875 0.04475625 0.8886828124999999 0.9032359375000001 0.9488406250000001 0.8989015625000001 0.9618484374999999 0.0469234375
6 0.99924375 0.0545109375 0.966725 0.0490921875 0.9472140625 0.8999843750000001 0.99761875 0.8978171875 0.99924375 0.0545109375