4 0.8545718750000001 0.18251875 0.860246875 0.1662578125 0.8641375 0.14795468750000002 0.8671609374999999 0.1337296875 0.3074625 0.011329687500000001 0.3030171875 0.027020312499999997 0.30001875 0.046346874999999996 0.2999890625 0.06214375 0.8545718750000001 0.18251875
4 0.29406875 0.089996875 0.2910703125 0.1093234375 0.290440625 0.11750624999999999 0.8414546875 0.233796875 0.8447140624999999 0.22367656249999998 0.8493281250000001 0.2071890625 0.8509734375000001 0.19423125000000002 0.8505421875 0.185821875 0.302328125 0.0668 0.2982984375 0.0701015625 0.29406875 0.089996875
4 0.2869640625 0.12342187499999999 0.27982968750000003 0.17264375 0.7731453125 0.2733421875 0.7847140625 0.22935468750000002 0.2869640625 0.12342187499999999
4 0.27647656249999997 0.17276249999999999 0.271215625 0.1766359375 0.26225156250000003 0.2188140625 0.2664203125 0.23051249999999998 0.776040625 0.3380046875 0.7906515625 0.2797046875 0.27647656249999997 0.17276249999999999
4 0.26451250000000004 0.23426718750000003 0.2541484375 0.2778109375 0.7445421875 0.38703906250000003 0.7550421875 0.342853125 0.26451250000000004 0.23426718750000003
4 0.2165109375 0.4287859375 0.2107890625 0.4400453125 0.20672968749999998 0.4591453125 0.2045765625 0.4744921875 0.205778125 0.48971875000000004 0.20816249999999997 0.499375 0.69341875 0.606678125 0.7022015625 0.601890625 0.718271875 0.5262890625 0.7179875 0.5171812499999999 0.22418593750000002 0.418771875 0.2165109375 0.4287859375
4 0.699253125 0.610540625 0.2092234375 0.4996015625 0.203625 0.5050656250000001 0.197565625 0.5179171874999999 0.193796875 0.5304249999999999 0.1886765625 0.5492984375 0.1861859375 0.5662375 0.1880625 0.5782812500000001 0.681809375 0.6873890625 0.6826546875 0.683409375 0.6888375 0.6647609375 0.693959375 0.6458875 0.699371875 0.6204203125000001 0.699253125 0.610540625
4 0.6761671875 0.7452453125 0.6889171875 0.695703125 0.1891703125 0.58350625 0.1868015625 0.5946484375 0.1803984375 0.6091203125 0.1792609375 0.6196906249999999 0.1770671875 0.630009375 0.6761671875 0.7452453125
4 0.1798828125 0.648075 0.1756078125 0.6629703124999999 0.6553875 0.769940625 0.660725 0.755271875 0.1798828125 0.648075
4 0.183096875 0.6329546875000001 0.1816203125 0.6451171875 0.6578796875 0.753003125 0.6598765625 0.7436078125 0.183096875 0.6329546875000001
4 0.16881875 0.6740328124999999 0.165775 0.6883578124999999 0.16654375 0.695175 0.16574375 0.7041546875 0.6722734375 0.8209703125000001 0.67591875 0.814259375 0.6774421875 0.807096875 0.678240625 0.7981171875 0.6801015625 0.7893625 0.680703125 0.781315625 0.17195625 0.6697093749999999 0.16881875 0.6740328124999999
4 0.65123125 0.820809375 0.162484375 0.714275 0.15867031250000002 0.72178125 0.15456406250000002 0.73588125 0.1509640625 0.7475921875 0.15071874999999998 0.7591859375000001 0.63606875 0.8764890624999999 0.6388671875 0.8737578125000001 0.641959375 0.8644328124999999 0.644496875 0.8524953125 0.6489874999999999 0.84180625 0.6496171875 0.8336218750000001 0.6511390625 0.826459375 0.65123125 0.820809375
4 0.152765625 0.7704328125 0.138340625 0.8330781249999999 0.6118 0.9436953125 0.628528125 0.8858703125 0.152765625 0.7704328125