0 0.097676575 0.10437261666666667 0.023697646875 0.10437261666666667 0.007438540624999999 0.8685505541666667 0.0806045125 0.866382675 0.097676575 0.10437261666666667
0 0.174907321875 0.10979231666666665 0.0960506625 0.10220473333333334 0.07735269375 0.8652987333333333 0.15864821875 0.866382675 0.174907321875 0.10979231666666665
0 0.21718099687499998 0.062098941666666664 0.176533234375 0.058847120833333336 0.16433890625 0.8685505541666667 0.20498666875 0.8631308541666667 0.21718099687499998 0.062098941666666664
0 0.257828759375 0.15423387083333334 0.217993953125 0.14556235 0.20823848749999999 0.871802375 0.24726034062500002 0.8707184375 0.257828759375 0.15423387083333334
0 0.299289478125 0.15748569166666665 0.257828759375 0.15856963333333332 0.25213807187500004 0.8685505541666667 0.2952247 0.8631308541666667 0.299289478125 0.15748569166666665
0 0.34156315 0.16182145416666666 0.29847652187499996 0.15640175 0.292785834375 0.8652987333333333 0.3318076875 0.8598790333333334 0.34156315 0.16182145416666666
0 0.37733318125 0.14231052916666667 0.33912428437500003 0.14014264583333333 0.33424655312499996 0.8642147916666667 0.369203628125 0.8587950916666667 0.37733318125 0.14231052916666667
0 0.409851390625 0.13580688333333332 0.37652022500000004 0.1412265875 0.365138853125 0.8642147916666667 0.40416070625 0.8609629708333333 0.409851390625 0.13580688333333332
0 0.44155664687499996 0.1466462875 0.410664346875 0.14231052916666667 0.411477303125 0.8674666125 0.44236960312500007 0.8620469125 0.44155664687499996 0.1466462875
0 0.52041330625 0.04475589583333333 0.44724733437499997 0.03933619583333334 0.43505300625 0.85229145 0.5196003499999999 0.8533753916666666 0.52041330625 0.04475589583333333
0 0.6065865625 0.04909165833333333 0.5252910375 0.05342742083333333 0.51472261875 0.8544593291666666 0.5976440562499999 0.8544593291666666 0.6065865625 0.04909165833333333
0 0.687069134375 0.0555953 0.605773609375 0.05234347916666667 0.600895878125 0.84687175 0.677313671875 0.8447038666666666 0.687069134375 0.0555953
0 0.7634869281250001 0.06751864583333332 0.68463026875 0.061015 0.678126625 0.8414520458333333 0.753731465625 0.8349484041666667 0.7634869281250001 0.06751864583333332
0 0.8114512875000001 0.15531781249999999 0.7610480625 0.15640175 0.761861015625 0.8360323458333333 0.8057605999999999 0.8371162833333333 0.8114512875000001 0.15531781249999999
0 0.8431565437499999 0.15856963333333332 0.8000699156250001 0.15640175 0.80250878125 0.8338644625 0.845595409375 0.8262768833333334 0.8431565437499999 0.15856963333333332
0 0.869984065625 0.058847120833333336 0.845595409375 0.05234347916666667 0.8464083625000001 0.8316965833333333 0.88217839375 0.832780525 0.869984065625 0.058847120833333336
0 0.8976245437499999 0.06860258333333333 0.87242293125 0.06426682083333334 0.880552484375 0.832780525 0.9090059187499999 0.8273608208333333 0.8976245437499999 0.06860258333333333
0 0.926890934375 0.09678503333333334 0.896811590625 0.10003685416666667 0.900063409375 0.8273608208333333 0.941524128125 0.8316965833333333 0.926890934375 0.09678503333333334
0 0.9699775624999999 0.097868975 0.933394575 0.10003685416666667 0.942337084375 0.8295287041666667 0.9748552937499999 0.8284447625 0.9699775624999999 0.097868975