6 0.13425937500000001 0.0230765625 0.0919859375 0.0003140625 0.0041859374999999996 0.3601828125 0 0.5493953125 0.13425937500000001 0.0230765625
6 0.1765328125 0.013321875 0.1358859375 0.0035656250000000002 0.0025609375 0.542284375 0.000121875 0.7482328125000001 0.1765328125 0.013321875
6 0 0.8329968750000001 0.000934375 0.9032359375000001 0.22693593750000002 0.0339171875 0.185475 0.005734375 0.0025609375 0.728721875 0 0.8329968750000001
6 0 0.97715 0.057028125 0.985615625 0.278153125 0.1260515625 0.2082390625 0.0870296875 0.0017484375 0.8967328125 0 0.97715
6 0.35213125 0.0252453125 0.31174375 0 0.06271875 0.9606859375000001 0.10417968749999999 0.978028125 0.35213125 0.0252453125
6 0.365928125 0 0.11149687500000001 0.9530984374999999 0.156209375 0.971525 0.4098515625 0.008985937500000001 0.387096875 0 0.365928125 0
6 0.43505312500000004 0.1260515625 0.3854625 0.10654062500000001 0.16840312500000001 0.955265625 0.21880625 0.96935625 0.43505312500000004 0.1260515625
6 0.21880625 0.9596015625 0.2716484375 0.96935625 0.4943984375 0.131471875 0.43993125 0.10654062500000001 0.21880625 0.9596015625
6 0.3269296875 0.971525 0.5992703125000001 0.0079015625 0.5862625 0.0024828124999999998 0.539925 0.0013984375 0.27571406249999997 0.9465937500000001 0.3269296875 0.971525
6 0.64073125 0.005734375 0.635853125 0.0003140625 0.32855625 0.9639374999999999 0.35700937499999996 0.96935625 0.66511875 0.005734375 0.64073125 0.005734375
6 0.400909375 0.9585171875 0.4269234375 0.9671890624999999 0.652925 0.1965078125 0.61878125 0.1813328125 0.3927796875 0.9585171875 0.400909375 0.9585171875
6 0.4326140625 0.9498453124999999 0.46350625 0.9606859375000001 0.6992640625 0.1965078125 0.6545515625 0.1813328125 0.4326140625 0.9498453124999999
6 0.79763125 0.011153125 0.760234375 0.0013984375 0.48057812499999997 0.9281671875 0.512284375 0.9455109374999999 0.79763125 0.011153125
6 0.5204140625 0.924915625 0.5569968750000001 0.9379234375 0.8016953125 0.114128125 0.77568125 0.1011203125 0.5204140625 0.924915625
6 0.8480343749999999 0.121715625 0.8114515625 0.1032890625 0.5643125 0.9205796875000001 0.59601875 0.9400906250000001 0.8480343749999999 0.121715625
6 0.603334375 0.9238312499999999 0.6391046874999999 0.9400906250000001 0.9260781250000001 0.0274125 0.8894953125 0.01440625 0.603334375 0.9238312499999999
6 0.9683515625 0.0458390625 0.9277031250000001 0.0230765625 0.6464218749999999 0.9064890625 0.679753125 0.9216640625 0.9683515625 0.0458390625
6 0.9997484375000001 0.0705640625 0.988675 0.068603125 0.6821906249999999 0.9140765625 0.7122703125000001 0.93141875 0.9997484375000001 0.12600781249999998 0.9997484375000001 0.0705640625
6 0.9959921875 0.22902499999999998 0.9968046875000001 0.12930312500000002 0.724465625 0.9184125 0.746415625 0.932503125 0.9959921875 0.22902499999999998
6 0.7569828125 0.9086562499999999 0.78625 0.9259999999999999 0.9951796875 0.316825 0.99843125 0.2214375 0.7569828125 0.9086562499999999
6 0.7960046875 0.907571875 0.8163296875 0.9270828124999999 0.9997484375000001 0.43346718749999996 0.99761875 0.347175 0.7960046875 0.907571875
6 0.99761875 0.5477046875 0.99761875 0.4534015625 0.8285234375 0.9086562499999999 0.8594156249999999 0.9281671875 0.99761875 0.5477046875
6 0.8667328124999999 0.9054046874999999 0.8911203125 0.9216640625 0.99761875 0.635503125 0.994365625 0.55095625 0.8667328124999999 0.9054046874999999