5 0.03355825 0.15956439583333332 0.0038440343750000003 0.8117405333333333 0.034032812499999995 0.8129245541666666 0.06155785625 0.16410137083333334 0.03355825 0.15956439583333332
5 0.0931285625 0.16867897916666666 0.06599739375 0.16646932916666665 0.036696546875 0.8105565916666666 0.066885265625 0.8105565916666666 0.0931285625 0.16867897916666666
5 0.12282322187500001 0.17002129166666666 0.09707404375 0.1676533125 0.069549 0.8129245541666666 0.09884984687500001 0.8129245541666666 0.12282322187500001 0.17002129166666666
5 0.15922734375 0.25290015 0.119271615625 0.25290015 0.101513521875 0.8105565916666666 0.144132921875 0.8105565916666666 0.15922734375 0.25290015
5 0.19957387499999998 0.2520123125 0.16189101875 0.25408413333333335 0.150348265625 0.8129245541666666 0.190303990625 0.8129245541666666 0.19957387499999998 0.2520123125
5 0.234699196875 0.24698022916666668 0.2222685125 0.24698022916666668 0.217829034375 0.7987167083333334 0.234699196875 0.7987167083333334 0.234699196875 0.24698022916666668
5 0.275542796875 0.3085473875 0.234699196875 0.3097313666666667 0.236475 0.8010846708333333 0.279982334375 0.7999007291666668 0.275542796875 0.3085473875
5 0.30839525 0.16410137083333334 0.27465492187499996 0.16646932916666665 0.28353394062500004 0.8105565916666666 0.315498521875 0.8105565916666666 0.30839525 0.16410137083333334
5 0.3431285625 0.16347064583333332 0.318162196875 0.16410137083333334 0.319050128125 0.8141084916666668 0.346575171875 0.8141084916666668 0.3431285625 0.16347064583333332
5 0.3743785625 0.15956439583333332 0.34746304375000003 0.15936542916666668 0.35012677812500004 0.8152925124999999 0.380315496875 0.817660475 0.3743785625 0.15956439583333332
5 0.38386716249999997 0.817660475 0.420277 0.8184185625 0.41938335000000004 0.1617333875 0.384755034375 0.16054940833333334 0.38386716249999997 0.817660475
5 0.4388316875 0.15826231249999997 0.42382283125000003 0.15936542916666668 0.42115909374999994 0.817660475 0.43891725 0.817660475 0.4388316875 0.15826231249999997
5 0.4778941875 0.16216856249999997 0.44690833437500005 0.15699746666666667 0.445132590625 0.817660475 0.47620918124999995 0.8164764541666667 0.4778941875 0.16216856249999997
5 0.5130504375 0.15956439583333332 0.480648659375 0.16054940833333334 0.47887291562499995 0.8141084916666668 0.515276975 0.8164764541666667 0.5130504375 0.15956439583333332
5 0.5364879375 0.15826231249999997 0.517940709375 0.15936542916666668 0.516164846875 0.8164764541666667 0.5365867375 0.8164764541666667 0.5364879375 0.15826231249999997
5 0.5814098125 0.24940814583333332 0.5419140875 0.2505321916666667 0.54368995 0.8164764541666667 0.583645615625 0.817660475 0.5814098125 0.24940814583333332
5 0.5989879375 0.8184185625 0.636919840625 0.8200284333333333 0.63336823125 0.2493482125 0.595188428125 0.24816421249999998 0.5989879375 0.8184185625
5 0.668884421875 0.14989354583333334 0.6400035625 0.14914772916666666 0.64846265 0.8188444958333334 0.67865136875 0.8212124541666667 0.668884421875 0.14989354583333334
5 0.6927379375 0.8223248125 0.72393450625 0.8223963958333333 0.7123918125 0.152261525 0.6822029749999999 0.15344550833333334 0.6927379375 0.8223248125
5 0.74258053125 0.15107754583333335 0.7203828999999999 0.14989354583333334 0.734589328125 0.8164764541666667 0.7621144281250001 0.8152925124999999 0.74258053125 0.15107754583333335
5 0.7558990875 0.152261525 0.76921764375 0.8188444958333334 0.795854753125 0.817660475 0.780760453125 0.15344550833333334 0.7558990875 0.152261525
5 0.8242677281249999 0.14870956666666665 0.7903941875 0.14914772916666666 0.8002943531250001 0.8188444958333334 0.8366984125 0.8188444958333334 0.8242677281249999 0.14870956666666665
5 0.8295951968749999 0.14634160416666667 0.8420257624999999 0.817660475 0.878429940625 0.817660475 0.8659992593749999 0.14752558333333335 0.8295951968749999 0.14634160416666667
5 0.9036754374999999 0.15044981249999997 0.8713266093750001 0.14989354583333334 0.8837572937499999 0.8188444958333334 0.9228250875 0.8188444958333334 0.9036754374999999 0.15044981249999997
5 0.92460095 0.8200284333333333 0.959229146875 0.8200284333333333 0.94324685625 0.14870956666666665 0.9121702656249999 0.14870956666666665 0.92460095 0.8200284333333333