6 0.6866421875000001 0.1913625 0.682515625 0.1624703125 0.1737453125 0.2526328125 0.16976875 0.2563234375 0.1698796875 0.2677640625 0.17388281249999998 0.27470625000000004 0.6866421875000001 0.1913625
6 0.171809375 0.2757421875 0.1744453125 0.300825 0.69368125 0.2168015625 0.6889859375 0.1928859375 0.171809375 0.2757421875
6 0.17745468749999999 0.308690625 0.18190937499999998 0.3303109375 0.5979734375 0.26121875 0.5920296875 0.2358078125 0.17745468749999999 0.308690625
6 0.18449218750000002 0.3341296875 0.18687343750000002 0.35678437500000004 0.6035921875 0.2835359375 0.5980734375 0.262175 0.18449218750000002 0.3341296875
6 0.1875484375 0.3943453125 0.7156453125 0.301209375 0.7096859375 0.27565625 0.704365625 0.2665515625 0.1825578125 0.35723906250000004 0.1875484375 0.3943453125
6 0.1918 0.434803125 0.72248125 0.345484375 0.7202703125000001 0.32444687499999997 0.7153484375 0.30876562500000004 0.18913750000000001 0.3990875 0.1918 0.434803125
6 0.198321875 0.486475 0.7236921875 0.3985328125 0.7197218750000001 0.37113593749999996 0.7140359375 0.34818125 0.1909765625 0.43734375 0.198321875 0.486475
6 0.19201718750000002 0.4887734375 0.19624375 0.5185984375 0.73158125 0.4320640625 0.7253015625 0.403459375 0.19201718750000002 0.4887734375
6 0.1973171875 0.5495734375 0.7396390625 0.46721250000000003 0.7396125 0.4565796875 0.734184375 0.43607500000000005 0.1921828125 0.5214796875000001 0.1973171875 0.5495734375
6 0.201515625 0.5687656249999999 0.20622656250000002 0.5928125 0.7210015624999999 0.5182562500000001 0.7136171874999999 0.47915156249999996 0.1990765625 0.5559328125 0.201515625 0.5687656249999999
6 0.7283796875 0.54693125 0.7236921875 0.5230984375000001 0.20000625 0.5959203125 0.2035515625 0.619271875 0.2093140625 0.632575 0.7300796875 0.5631140625 0.7283796875 0.54693125
6 0.20559218750000002 0.6386921875 0.21024375 0.6725625 0.7158171875 0.6038812499999999 0.70903125 0.5704625 0.20559218750000002 0.6386921875
6 0.2095125 0.675984375 0.2142484375 0.7106640625 0.7223203125000001 0.6449921875 0.71743125 0.6088578124999999 0.2095125 0.675984375
6 0.20757187500000002 0.73018125 0.20816093750000003 0.7669328125 0.7319671875 0.6848828124999999 0.7237578124999999 0.6482890625 0.20757187500000002 0.73018125
6 0.21258906249999998 0.777921875 0.220646875 0.8130703125000001 0.7443640625 0.761296875 0.7406421875 0.7258875 0.21258906249999998 0.777921875
6 0.21718125000000002 0.821615625 0.22248593749999998 0.8513265625 0.729446875 0.8062234374999999 0.7225734375 0.7719734375 0.21718125000000002 0.821615625
6 0.21331093750000002 0.8678343749999999 0.2188703125 0.8999734374999999 0.7362828125 0.8505 0.7312328124999999 0.8232156249999999 0.21331093750000002 0.8678343749999999
6 0.209925 0.9082765625 0.2174453125 0.9279375 0.8316640625 0.8756515625000001 0.8284593750000001 0.8555375 0.209925 0.9082765625
6 0.2200296875 0.93175625 0.2229796875 0.94944375 0.8381921875 0.8962359375 0.8353515625 0.879590625 0.2200296875 0.93175625