6 0.190625 0.1859375 0.175 0.1828125 0.1578125 0.18125 0.1421875 0.1859375 0.140625 0.1875 0.1171875 0.815625 0.121875 0.821875 0.1375 0.825 0.153125 0.8265625 0.165625 0.8234375 0.190625 0.1859375
6 0.20625 0.1921875 0.1953125 0.19375 0.1921875 0.196875 0.171875 0.8203125 0.184375 0.8234375 0.196875 0.825 0.2078125 0.825 0.2296875 0.19375 0.2234375 0.19375 0.20625 0.1921875
6 0.2078125 0.8453125 0.2484375 0.8453125 0.275 0.1109375 0.234375 0.1078125 0.23125 0.109375 0.2078125 0.8453125
6 0.3046875 0.109375 0.28125 0.1109375 0.2796875 0.1109375 0.25625 0.8453125 0.2984375 0.846875 0.3203125 0.1140625 0.3046875 0.109375
6 0.3234375 0.8484375 0.346875 0.846875 0.36875 0.115625 0.340625 0.1109375 0.3296875 0.1109375 0.328125 0.1109375 0.3078125 0.846875 0.3234375 0.8484375
6 0.3515625 0.8453125 0.3859375 0.8453125 0.4125 0.1734375 0.3765625 0.171875 0.3515625 0.8453125
6 0.4203125 0.175 0.4125 0.1765625 0.4125 0.178125 0.3890625 0.84375 0.425 0.8453125 0.4453125 0.178125 0.4203125 0.175
6 0.4265625 0.8546875 0.4625 0.8546875 0.4859375 0.175 0.45 0.1734375 0.4265625 0.8546875
6 0.4671875 0.853125 0.503125 0.85625 0.525 0.1765625 0.4890625 0.178125 0.4890625 0.18125 0.4671875 0.853125
6 0.515625 0.8515625 0.5625 0.853125 0.58125 0.1765625 0.5390625 0.171875 0.5359375 0.1734375 0.515625 0.8515625
6 0.59375 0.178125 0.56875 0.85 0.5765625 0.8546875 0.5953125 0.8546875 0.6125 0.8515625 0.6375 0.1796875 0.6109375 0.1765625 0.5953125 0.178125 0.59375 0.178125
6 0.6171875 0.8375 0.6578125 0.8390625 0.6796875 0.2 0.6390625 0.1953125 0.6171875 0.8375
6 0.7140625 0.8390625 0.734375 0.2 0.7265625 0.2 0.7078125 0.196875 0.6890625 0.2 0.6875 0.2015625 0.66875 0.840625 0.7140625 0.8390625
6 0.7453125 0.834375 0.771875 0.1921875 0.759375 0.190625 0.7453125 0.1890625 0.7203125 0.8390625 0.7453125 0.834375
6 0.80625 0.190625 0.78125 0.1890625 0.7796875 0.1890625 0.7546875 0.8390625 0.7796875 0.8375 0.803125 0.1953125 0.80625 0.190625
6 0.815625 0.2828125 0.790625 0.8421875 0.79375 0.8421875 0.8203125 0.8375 0.840625 0.2875 0.815625 0.2828125
6 0.8203125 0.828125 0.834375 0.828125 0.85625 0.3 0.84375 0.2953125 0.840625 0.2921875 0.8203125 0.828125
6 0.8375 0.8265625 0.846875 0.828125 0.8703125 0.25 0.8625 0.25 0.8609375 0.246875 0.8375 0.8265625
6 0.8640625 0.8328125 0.871875 0.828125 0.890625 0.25 0.871875 0.2484375 0.85 0.8296875 0.8640625 0.8328125
6 0.8828125 0.83125 0.8921875 0.8328125 0.915625 0.2484375 0.90625 0.246875 0.8828125 0.83125
6 0.93125 0.2515625 0.9171875 0.2484375 0.8921875 0.83125 0.90625 0.8328125 0.9140625 0.83125 0.9359375 0.2515625 0.93125 0.2515625
6 0.728125 0.728125 0.728125 0.8078125 0.7453125 0.8078125 0.7453125 0.728125 0.728125 0.728125
6 0.8453125 0.734375 0.8453125 0.8046875 0.8703125 0.8046875 0.8703125 0.734375 0.8453125 0.734375
6 0.3859375 0.734375 0.359375 0.734375 0.359375 0.8140625 0.3859375 0.8140625 0.3859375 0.734375
6 0.4234375 0.734375 0.396875 0.734375 0.396875 0.8078125 0.4234375 0.8078125 0.4234375 0.734375
6 0.81875 0.740625 0.796875 0.740625 0.796875 0.8140625 0.81875 0.8140625 0.81875 0.740625
6 0.4640625 0.734375 0.434375 0.734375 0.434375 0.8140625 0.4640625 0.8140625 0.4640625 0.734375
6 0.3453125 0.728125 0.309375 0.728125 0.309375 0.8078125 0.3453125 0.8078125 0.3453125 0.728125
6 0.7828125 0.728125 0.759375 0.728125 0.759375 0.803125 0.7828125 0.803125 0.7828125 0.728125
6 0.8890625 0.740625 0.8890625 0.8125 0.9125 0.8125 0.9125 0.740625 0.8890625 0.740625
6 0.29375 0.728125 0.2578125 0.728125 0.2578125 0.8078125 0.29375 0.8078125 0.29375 0.728125
6 0.1640625 0.715625 0.128125 0.715625 0.128125 0.76875 0.1640625 0.76875 0.1640625 0.715625
6 0.20625 0.715625 0.178125 0.715625 0.178125 0.7703125 0.20625 0.7703125 0.20625 0.715625
6 0.5015625 0.740625 0.471875 0.740625 0.471875 0.8140625 0.5015625 0.8140625 0.5015625 0.740625
6 0.2515625 0.721875 0.215625 0.721875 0.215625 0.8015625 0.2515625 0.8015625 0.2515625 0.721875
6 0.8265625 0.734375 0.8265625 0.8015625 0.834375 0.8015625 0.834375 0.734375 0.8265625 0.734375
6 0.678125 0.728125 0.678125 0.8265625 0.7140625 0.8265625 0.7140625 0.728125 0.678125 0.728125
6 0.625 0.7265625 0.6234375 0.8046875 0.65625 0.80625 0.659375 0.728125 0.625 0.7265625
6 0.5765625 0.728125 0.5765625 0.8078125 0.6125 0.8078125 0.6125 0.728125 0.5765625 0.728125
6 0.8328125 0.7359375 0.8328125 0.803125 0.85 0.803125 0.85 0.7359375 0.8328125 0.7359375