6 0 0.3202 0.0006390625 0.4557125 0.024612500000000002 0.89141875 0.0778875 0.8878671875 0.0432578125 0.26864374999999996 0 0.267465625 0 0.3202
6 0.0796625 0.903259375 0.125834375 0.8961546874999999 0.0956453125 0.2698265625 0.0432578125 0.2698265625 0.0796625 0.903259375
6 0.125834375 0.9079953125 0.167346875 0.9095640625 0.1382640625 0.15261249999999998 0.0912046875 0.151428125 0.125834375 0.9079953125
6 0.2190640625 0.1881328125 0.14976875 0.1869078125 0.17644375 0.9008906250000001 0.2270546875 0.9103625 0.243925 0.9079953125 0.265234375 0.9044421874999999 0.29098437499999996 0.8937875 0.28476875 0.19523593749999998 0.2190640625 0.1881328125
6 0.3930921875 0.20115625 0.3762234375 0.1987875 0.359353125 0.1987875 0.3451453125 0.1976046875 0.3176203125 0.19523593749999998 0.2954234375 0.19523593749999998 0.28743281249999997 0.1976046875 0.3007515625 0.8843156249999999 0.320284375 0.8973390625000001 0.33893125 0.8973390625000001 0.360240625 0.8961546874999999 0.3806625 0.8937875 0.40019687499999995 0.8878671875 0.4064109375 0.8807625 0.4117390625 0.2047078125 0.3930921875 0.20115625
6 0.4179546875 0.8772109374999999 0.45445624999999995 0.8744078125 0.45879843749999993 0.295875 0.4188421875 0.29350624999999997 0.4179546875 0.8772109374999999
6 0.5431484375 0.23193906250000002 0.46422187499999995 0.22857500000000003 0.46323749999999997 0.8854984375000001 0.5298296875 0.8783953125 0.5431484375 0.23193906250000002
6 0.6194953125 0.23768906250000002 0.5458125 0.2343078125 0.5316062500000001 0.8736593750000001 0.5981984375 0.871290625 0.6194953125 0.23768906250000002
6 0.5999749999999999 0.872475 0.6302375 0.8718046875000001 0.6523609375 0.324290625 0.621284375 0.324290625 0.5999749999999999 0.872475
6 0.6878546875 0.3249296875 0.6559125 0.325475 0.6301640625 0.8701078125 0.6585765625 0.871290625 0.6878546875 0.3249296875
6 0.661240625 0.8736593750000001 0.6798859375 0.8736593750000001 0.704746875 0.3503375 0.688765625 0.3503375 0.661240625 0.8736593750000001
6 0.7269453125 0.3503375 0.7074109375 0.3503375 0.6807734375 0.8760265625000001 0.69586875 0.8760265625000001 0.7269453125 0.3503375
6 0.73570625 0.22466875000000003 0.7003078125 0.871290625 0.72339375 0.8807625 0.75180625 0.8795796875 0.7624609375 0.8748421875 0.7686765624999999 0.871290625 0.8192875000000001 0.2260203125 0.73570625 0.22466875000000003
6 0.813071875 0.8795796875 0.8263906249999999 0.8795796875 0.8405968749999999 0.8689234375 0.9000859374999999 0.22838750000000002 0.8290546875 0.22483593750000003 0.8237265624999999 0.227203125 0.7704515625 0.8701078125 0.77933125 0.8760265625000001 0.794425 0.8772109374999999 0.813071875 0.8795796875
6 0.965790625 0.2260203125 0.9480328124999999 0.22838750000000002 0.9329390625 0.22483593750000003 0.9231718750000001 0.22483593750000003 0.9114875 0.22466875000000003 0.8450359375 0.871290625 0.853028125 0.8760265625000001 0.8681218749999999 0.8807625 0.8823281250000001 0.8807625 0.9009734375 0.8807625 0.9107406250000001 0.871290625 0.9853249999999999 0.23193906250000002 0.965790625 0.2260203125