4 0.30615312499999997 0.8345499999999999 0.310084375 0.8538171875 0.8568093749999999 0.7933390625000001 0.8565109375000001 0.7848015625 0.852703125 0.769059375 0.8475265625 0.7606921875 0.30538750000000003 0.8125953125 0.30615312499999997 0.8345499999999999
4 0.8682890625 0.7489765625 0.8694468750000001 0.7355046875 0.8658953125 0.7270796875000001 0.858878125 0.7126718750000001 0.3004734375 0.7651421875 0.2975609375 0.7750125 0.298284375 0.7957468750000001 0.303628125 0.8088484375 0.3070140625 0.8125390625 0.8605390625 0.7602375 0.8682890625 0.7489765625
4 0.261528125 0.7225406249999999 0.262928125 0.762634375 0.26785625 0.7638390625 0.8602062500000001 0.7040765625 0.8648312499999999 0.6965890625 0.8594390625000001 0.6821234375 0.8590984374999999 0.6723656250000001 0.261528125 0.7225406249999999
4 0.85576875 0.6236359375 0.2564 0.668990625 0.25973125 0.71771875 0.26144218750000003 0.7201015625 0.8573437500000001 0.6687640625 0.85576875 0.6236359375
4 0.8469203125 0.5567828125000001 0.2389921875 0.5902234375 0.2429125 0.6558453125 0.2445875 0.6571906249999999 0.8518765625 0.6054546875 0.8469203125 0.5567828125000001
4 0.18201875 0.5909921875 0.8337359375 0.5523578125 0.841315625 0.53621875 0.8438015625 0.5141515625 0.8399953124999999 0.49840937500000004 0.8330203125000001 0.4852203125 0.181046875 0.5165359375 0.18305625 0.52745625 0.1833125 0.5347734375 0.1806125 0.55074375 0.182878125 0.56898125 0.1819265625 0.588353125 0.18201875 0.5909921875
4 0.8258828125000001 0.4207484375 0.2452671875 0.4434671875 0.2458484375 0.5067265625 0.24431406249999998 0.5094421875 0.8343484374999999 0.4766265625 0.8258828125000001 0.4207484375
4 0.83445 0.3862578125 0.206578125 0.408184375 0.20750625 0.43477812499999996 0.20601562499999998 0.43873125 0.8387687500000001 0.4166359375 0.83445 0.3862578125
4 0.8349703125 0.354490625 0.20208906249999997 0.3729265625 0.2030609375 0.4007328125 0.20636562500000002 0.4020859375 0.839159375 0.38120937499999996 0.8349703125 0.354490625
4 0.81596875 0.323403125 0.21874687499999998 0.3369328125 0.2198875 0.369609375 0.8169921875 0.35267499999999996 0.8163953125000001 0.3356 0.81596875 0.323403125
4 0.8083562499999999 0.2919203125 0.214259375 0.3016765625 0.21368749999999997 0.3319609375 0.8044984375 0.3213625 0.8088671875 0.30655625 0.8083562499999999 0.2919203125
4 0.23005625 0.2876921875 0.2302265625 0.2925703125 0.809684375 0.283325 0.807078125 0.2553296875 0.23078906250000003 0.26202187499999996 0.2315546875 0.28397656250000003 0.23005625 0.2876921875
4 0.21610625 0.2613140625 0.7873875 0.25113281249999997 0.7869625 0.23893593750000003 0.7831546875 0.2231953125 0.2135421875 0.2345375 0.212928125 0.2635859375 0.21610625 0.2613140625
4 0.7753281249999999 0.1856125 0.2463390625 0.194315625 0.2474359375 0.2257375 0.2507421875 0.2271328125 0.7781046875000001 0.21848593749999998 0.7753281249999999 0.1856125
4 0.7897125 0.1777828125 0.78640625 0.1763796875 0.7853515625 0.1461859375 0.2431359375 0.1492453125 0.24420156249999997 0.1797375 0.7897125 0.1777828125
4 0.22409374999999998 0.1169390625 0.22797499999999998 0.134809375 0.7851390625 0.1400875 0.789890625 0.1362578125 0.7920375 0.1044328125 0.234840625 0.098246875 0.2235390625 0.101084375 0.22409374999999998 0.1169390625
4 0.22106093750000003 0.0767484375 0.22490000000000002 0.0933875 0.7819796875 0.0962375 0.78501875 0.090025 0.7860921875 0.0741125 0.78245625 0.0632484375 0.22046562500000003 0.059671875 0.22106093750000003 0.0767484375