4 0.28173125 0.0715609375 0.2714828125 0.1151734375 0.7718375 0.263725 0.786009375 0.22217343750000002 0.28173125 0.0715609375
4 0.2723015625 0.11625468750000001 0.261234375 0.1587859375 0.7582359375000001 0.3072234375 0.7711375 0.266165625 0.2723015625 0.11625468750000001
4 0.26182812499999997 0.1606484375 0.24904687499999997 0.205228125 0.7404625 0.349525 0.754034375 0.3061296875 0.26182812499999997 0.1606484375
4 0.252321875 0.2095515625 0.24409062499999998 0.24612656249999998 0.24378906250000001 0.2511171875 0.7229125 0.39104375 0.7267140624999999 0.38959375 0.7389375 0.35090468750000003 0.252321875 0.2095515625
4 0.710578125 0.43405781250000003 0.7146046875 0.43182656250000007 0.7251078125 0.3951953125 0.241478125 0.2513015625 0.2306359375 0.2930515625 0.710578125 0.43405781250000003
4 0.23078125 0.29647812500000004 0.22061250000000002 0.33588125 0.6999593749999999 0.47502500000000003 0.7117281249999999 0.4379203125 0.23078125 0.29647812500000004
4 0.2215765625 0.340390625 0.21387343749999999 0.371190625 0.7073750000000001 0.5160859375 0.7178375 0.4835375 0.2215765625 0.340390625
4 0.21230312499999998 0.376665625 0.20423125 0.40482031249999995 0.694828125 0.5480359375 0.706209375 0.5201515624999999 0.21230312499999998 0.376665625
4 0.20482499999999998 0.40668437500000004 0.1955515625 0.4429578125 0.704475 0.593121875 0.717425 0.559771875 0.20482499999999998 0.40668437500000004
4 0.19547343749999999 0.44716875 0.188140625 0.48061406250000005 0.6926671875 0.6303625 0.704571875 0.596721875 0.19547343749999999 0.44716875
4 0.6783265625 0.6685703125 0.6866125000000001 0.6514796875 0.6908218749999999 0.6368031249999999 0.1887359375 0.48247656250000004 0.17901406250000002 0.5203156250000001 0.6783265625 0.6685703125
4 0.17685 0.5239265625 0.16825 0.55785625 0.66629375 0.7065921875 0.6772953125 0.6761 0.17685 0.5239265625
4 0.166309375 0.5606859375 0.161746875 0.5805359375 0.6146375 0.7214031249999999 0.6220484374999999 0.7034359375 0.166309375 0.5606859375
4 0.1633640625 0.58276875 0.1604375 0.6047828125 0.6070703125 0.74385625 0.6141296875 0.7231765625000001 0.1633640625 0.58276875
4 0.15514375 0.607496875 0.1455015625 0.6411265625 0.6445109375 0.7943718750000001 0.6541796875 0.768525 0.15514375 0.607496875
4 0.6334546875 0.8250562499999999 0.6423359375000001 0.8098296875000001 0.6448375000000001 0.79716875 0.1532515625 0.64165625 0.1427890625 0.6742046875 0.6334546875 0.8250562499999999
4 0.1404 0.678596875 0.133740625 0.709696875 0.625 0.8624124999999999 0.6360890625 0.827678125 0.1404 0.678596875
4 0.13656718750000002 0.7155859375 0.125959375 0.74470625 0.6131249999999999 0.8920171874999999 0.6245515625 0.8639765625000001 0.13656718750000002 0.7155859375