6 0.1604625 0.24496406249999997 0.1146125 0.24159531250000002 0.0912046875 0.8345874999999999 0.13737656250000002 0.8381390625 0.1604625 0.24496406249999997
6 0.1382640625 0.833403125 0.1859015625 0.8366484375000001 0.21107187500000002 0.24851562500000002 0.170228125 0.24733125 0.1382640625 0.833403125
6 0.2405890625 0.2624296875 0.2146234375 0.2603546875 0.1870984375 0.8369562500000001 0.2119609375 0.8381390625 0.2405890625 0.2624296875
6 0.2640265625 0.26373125000000003 0.24126093750000002 0.2603546875 0.2155125 0.8369562500000001 0.24126093750000002 0.8369562500000001 0.2640265625 0.26373125000000003
6 0.243925 0.8298515625 0.2737921875 0.8314390625 0.2954234375 0.325475 0.2696734375 0.324290625 0.243925 0.8298515625
6 0.32827656250000004 0.324290625 0.3025265625 0.32310625000000004 0.273225 0.8298515625 0.3007515625 0.833403125 0.32827656250000004 0.324290625
6 0.3016390625 0.833403125 0.3149578125 0.835771875 0.32916406249999997 0.8345874999999999 0.33981875 0.8345874999999999 0.37977500000000003 0.2508828125 0.3421515625 0.24940781250000002 0.3016390625 0.833403125
6 0.3424828125 0.8310359375 0.3629046875 0.835771875 0.3726703125 0.835771875 0.3833265625 0.833403125 0.42613593749999995 0.25201250000000003 0.386878125 0.24851562500000002 0.3424828125 0.8310359375
6 0.3859890625 0.833403125 0.4117390625 0.8369562500000001 0.45258281250000004 0.32310625000000004 0.428609375 0.3195546875 0.3859890625 0.833403125
6 0.429496875 0.8345874999999999 0.44636718750000004 0.8345874999999999 0.49253749999999996 0.24733125 0.46235 0.2437796875 0.415290625 0.833403125 0.429496875 0.8345874999999999
6 0.45080625 0.8310359375 0.457909375 0.8369562500000001 0.472115625 0.8381390625 0.4792203125 0.8345874999999999 0.5262781249999999 0.246146875 0.49786562500000003 0.2425953125 0.45080625 0.8310359375
6 0.5165109375 0.8393234375 0.5648078125 0.2468046875 0.5538031250000001 0.2437796875 0.5484765625 0.2437796875 0.5440359375 0.24496406249999997 0.5360453125 0.24496406249999997 0.485434375 0.8310359375 0.4960890625 0.8369562500000001 0.5067453125 0.8393234375 0.5165109375 0.8393234375
6 0.60175 0.3017953125 0.568009375 0.2982421875 0.5262781249999999 0.8310359375 0.5617953124999999 0.835771875 0.60175 0.3017953125
6 0.6452578124999999 0.302978125 0.6097421875 0.2982421875 0.5644578124999999 0.8310359375 0.60175 0.8369562500000001 0.6452578124999999 0.302978125
6 0.6722296875 0.35748125000000003 0.6452578124999999 0.353890625 0.6053015625 0.8310359375 0.635490625 0.8369562500000001 0.6722296875 0.35748125000000003
6 0.6381546874999999 0.8310359375 0.6692312499999999 0.835771875 0.704746875 0.35862656249999997 0.6763343749999999 0.353890625 0.6381546874999999 0.8310359375
6 0.745590625 0.1774765625 0.731384375 0.173925 0.6816625000000001 0.844059375 0.69764375 0.8452437500000001 0.745590625 0.1774765625
6 0.765003125 0.2936796875 0.7384875 0.28877031249999996 0.6994203125 0.8345874999999999 0.72516875 0.8381390625 0.765003125 0.2936796875
6 0.8030890625 0.2923765625 0.771340625 0.286403125 0.7287203124999999 0.8227484374999999 0.7668999999999999 0.8298515625 0.8030890625 0.2923765625
6 0.7668999999999999 0.8227484374999999 0.8015296875000001 0.8286671875 0.83526875 0.3017953125 0.80685625 0.297059375 0.7668999999999999 0.8227484374999999
6 0.8707859375 0.302978125 0.841484375 0.295875 0.8041921875 0.8298515625 0.8343812500000001 0.8345874999999999 0.8707859375 0.302978125
6 0.86279375 0.8298515625 0.88943125 0.8310359375 0.897421875 0.284034375 0.8725609375 0.28166718749999997 0.86279375 0.8298515625