6 0.804134375 0.2409484375 0.7886890625 0.25395625 0.9997484375000001 0.8434140625 0.9997484375000001 0.7496640625000001 0.804134375 0.2409484375
6 0.961034375 0.8728859375000001 0.99924375 0.8436203125 0.713084375 0.10545625 0.6773140625 0.12930312500000002 0.961034375 0.8728859375000001
6 0.657803125 0.11304375 0.6269109375 0.1325546875 0.9000640625 0.8663828125 0.9382718750000001 0.837115625 0.657803125 0.11304375
6 0.8789265625 0.8642140625 0.9016890625 0.844703125 0.6155296875 0.1195484375 0.609025 0.12930312500000002 0.8789265625 0.8642140625
6 0.6008953125 0.1184640625 0.5862625 0.1303875 0.8594156249999999 0.86313125 0.8740484374999999 0.853375 0.6008953125 0.1184640625
6 0.8285234375 0.8685499999999999 0.8553515624999999 0.8490390624999999 0.570003125 0.1032890625 0.5488671875 0.1097921875 0.8285234375 0.8685499999999999
6 0.5448015625 0.09028125000000001 0.5163484375 0.107625 0.79844375 0.8652984375000001 0.8277109375 0.8457874999999999 0.5448015625 0.09028125000000001
6 0.5342328125 0.1737453125 0.4968375 0.19759218750000002 0.7439765625 0.8620468750000001 0.7838109375 0.83278125 0.5342328125 0.1737453125
6 0.68706875 0.8652984375000001 0.726090625 0.83278125 0.4813921875 0.1715765625 0.43993125 0.1943390625 0.68706875 0.8652984375000001
6 0.4269234375 0.1726609375 0.39603125 0.18892031250000002 0.6488609375000001 0.8674671875 0.6805656250000001 0.8414515625 0.4269234375 0.1726609375
6 0.6098390625000001 0.8663828125 0.637478125 0.8360328125 0.3813984375 0.15640156249999998 0.3496921875 0.174828125 0.6098390625000001 0.8663828125
6 0.3383109375 0.15315 0.30823125 0.1726609375 0.569190625 0.8750546874999999 0.601709375 0.846871875 0.3383109375 0.15315
6 0.4943984375 0.8414515625 0.5431765625 0.80785 0.222871875 0.015489062500000001 0.179784375 0.0469234375 0.4943984375 0.8414515625
6 0.167590625 0.026329687499999997 0.116375 0.051259374999999996 0.4374921875 0.8674671875 0.4822046875 0.8273609375 0.167590625 0.026329687499999997
6 0.379771875 0.877221875 0.422859375 0.83278125 0.0936125 0.018740625 0.044834374999999996 0.0415046875 0.379771875 0.877221875
6 0.0293890625 0.0241609375 0 0.040659375 0.34237656250000004 0.87071875 0.3659515625 0.8522921875 0.0293890625 0.0241609375
6 0.3041671875 0.8750546874999999 0.3326203125 0.8566265625 0.0017484375 0.058846875 0.0025609375 0.15423437499999998 0.3041671875 0.8750546874999999
6 0.27490156250000003 0.846871875 0.005 0.161821875 0.0017484375 0.2593765625 0.24400781249999998 0.8793906249999999 0.27490156250000003 0.846871875
6 0.23181406249999997 0.8598796875 0.0033734374999999997 0.27563593750000004 0 0.3790328125 0.1919796875 0.8793906249999999 0.23181406249999997 0.8598796875