5 0.1618018 0.2951388875 0.130945840625 0.2958622666666667 0.171022603125 0.7884837958333333 0.1997698125 0.7841435166666667 0.1618018 0.2951388875
5 0.203566615625 0.2951388875 0.173806084375 0.29658565 0.209533015625 0.7740162041666667 0.237737828125 0.7703993041666667 0.203566615625 0.2951388875
5 0.259433834375 0.7703993041666667 0.230144225 0.33781828750000004 0.20899061562500001 0.33781828750000004 0.24207702812499998 0.7725694458333333 0.259433834375 0.7703993041666667
5 0.2643154375 0.28067129583333333 0.226889821875 0.281394675 0.26323063750000003 0.7805266208333334 0.295774646875 0.7769097208333334 0.2643154375 0.28067129583333333
5 0.3348274625 0.7682291666666666 0.30933465312499997 0.27850115833333333 0.27353624062500004 0.27922453750000004 0.271909040625 0.27922453750000004 0.30119865 0.7718460666666667 0.3348274625 0.7682291666666666
5 0.342963465625 0.2799479166666667 0.314322578125 0.28067129583333333 0.340251465625 0.7602719916666667 0.366286675 0.75810185 0.342963465625 0.2799479166666667
5 0.37279547812499997 0.27922453750000004 0.34578959062500003 0.28067129583333333 0.371168275 0.7537615750000001 0.395033884375 0.7515914333333333 0.37279547812499997 0.27922453750000004
5 0.42974749687499997 0.3059895833333333 0.378761878125 0.30671296249999996 0.3999154875 0.7400173624999999 0.44493470312500005 0.7385706 0.42974749687499997 0.3059895833333333
5 0.481275515625 0.304542825 0.43313768125 0.30671296249999996 0.44927390625 0.7364004625 0.495920321875 0.7335069458333333 0.481275515625 0.304542825
5 0.504658721875 0.7479745375 0.513337125 0.7479745375 0.52418513125 0.7472511583333333 0.533405934375 0.7458044 0.539372334375 0.7414641208333334 0.52906673125 0.2379919 0.483505115625 0.23943865833333333 0.48242031562500004 0.24160879583333333 0.49760751875000003 0.7450810166666667 0.504658721875 0.7479745375
5 0.550762740625 0.7465277791666666 0.55889874375 0.7465277791666666 0.568661946875 0.7458044 0.5751707500000001 0.7443576375000001 0.5816795499999999 0.7392939833333333 0.5784251499999999 0.23509837916666668 0.5307939312500001 0.2365451375 0.5415419375 0.7421875 0.5426267375 0.7436342583333333 0.550762740625 0.7465277791666666
5 0.59578195625 0.7364004625 0.604460359375 0.7364004625 0.6115115624999999 0.7335069458333333 0.6163931625 0.7291666666666666 0.6169355624999999 0.3059895833333333 0.606629959375 0.30743634166666667 0.59632435625 0.30743634166666667 0.5796220562500001 0.30743634166666667 0.583849153125 0.7335069458333333 0.586561153125 0.7356770833333334 0.59578195625 0.7364004625
5 0.674972384375 0.234375 0.626698765625 0.23509837916666668 0.623986765625 0.7465277791666666 0.6684635812499999 0.7443576375000001 0.674972384375 0.234375
5 0.717822 0.7443576375000001 0.72975480625 0.23148148333333335 0.6798539875 0.23365162083333332 0.6803963875 0.24667245416666667 0.673345184375 0.7450810166666667 0.717822 0.7443576375000001
5 0.77481760625 0.25101273333333335 0.736414590625 0.25245949166666665 0.724916790625 0.7443576375000001 0.7585455999999999 0.7414641208333334 0.77481760625 0.25101273333333335
5 0.818752025 0.7450810166666667 0.84370243125 0.20182291666666666 0.7819875093750001 0.203269675 0.7818688093749999 0.203269675 0.764512003125 0.7465277791666666 0.818752025 0.7450810166666667
5 0.90662085625 0.1989294 0.845464071875 0.2010995375 0.8203792249999999 0.7421875 0.8751616437499999 0.7421875 0.90662085625 0.1989294