4 0.130246875 0.158871875 0.1318765625 0.189821875 0.580178125 0.12197031250000001 0.579715625 0.08625625 0.130246875 0.158871875
4 0.1457390625 0.203896875 0.147340625 0.236475 0.5899328125000001 0.1847984375 0.5916406249999999 0.1491359375 0.1457390625 0.203896875
4 0.1644015625 0.2538609375 0.1672015625 0.2799484375 0.55098125 0.240265625 0.5493234375 0.2109421875 0.1644015625 0.2538609375
4 0.16603125000000002 0.28481093749999997 0.1699734375 0.3076640625 0.55045625 0.2703640625 0.5498406250000001 0.2435 0.16603125000000002 0.28481093749999997
4 0.14711875000000002 0.3113328125 0.14892031249999998 0.33252187499999997 0.590228125 0.292215625 0.589553125 0.268746875 0.14711875000000002 0.3113328125
4 0.14652343750000002 0.34550000000000003 0.1496078125 0.35531718749999996 0.589803125 0.31661875 0.5902000000000001 0.2938421875 0.1467078125 0.3349234375 0.14652343750000002 0.34550000000000003
4 0.1506640625 0.3569640625 0.15433593750000002 0.3952734375 0.5728187499999999 0.35700937499999996 0.5701859375 0.3213140625 0.1506640625 0.3569640625
4 0.146684375 0.39839375 0.1504 0.4342625 0.5742499999999999 0.399346875 0.5706187500000001 0.3587625 0.146684375 0.39839375
4 0.139521875 0.43570000000000003 0.144534375 0.4593859375 0.5737390625 0.42863281249999996 0.5709078125 0.404346875 0.139521875 0.43570000000000003
4 0.13908125 0.46091875 0.1429953125 0.48539843749999995 0.5742984375 0.45875000000000005 0.570425 0.4320125 0.13908125 0.46091875
4 0.145065625 0.49113125 0.14678125 0.5172 0.5812968749999999 0.4930484375 0.5775078125 0.4614375 0.145065625 0.49113125
4 0.1337484375 0.5177859375 0.133265625 0.54544375 0.573134375 0.5254546875 0.5682171874999999 0.4962734375 0.1337484375 0.5177859375
4 0.133109375 0.5543921875 0.13488125 0.5772078125 0.13235625 0.59750625 0.1287328125 0.6186 0.6400921875 0.60636875 0.6316765625 0.52891875 0.133109375 0.5543921875
4 0.11873125 0.6941937499999999 0.1317984375 0.753825 0.6648078125 0.68256875 0.6376078125 0.6243203125 0.11873125 0.6941937499999999
4 0.13324375 0.79535 0.6065406249999999 0.7254937499999999 0.591903125 0.6936578124999999 0.127275 0.7643234375 0.13244375 0.7790609374999999 0.13324375 0.79535
4 0.6161921875 0.7321718749999999 0.6119484374999999 0.7265640624999999 0.1646921875 0.7967125 0.163465625 0.804828125 0.163309375 0.8137765625 0.1696484375 0.8236515624999999 0.6193328124999999 0.7387359375 0.6161921875 0.7321718749999999
4 0.12272812500000001 0.8382937500000001 0.12945625 0.8880484375 0.5950015625 0.8270078125 0.572 0.77696875 0.12272812500000001 0.8382937500000001
4 0.13047031250000002 0.892134375 0.1316890625 0.9466749999999999 0.6004171875 0.889759375 0.57524375 0.8398734375 0.13047031250000002 0.892134375