6 0.041582812499999997 0.1737453125 0.0017484375 0.1715765625 0.0529640625 0.8880609375 0.0871078125 0.8880609375 0.041582812499999997 0.1737453125
6 0.078165625 0.1791640625 0.03995625 0.1791640625 0.0871078125 0.8902296875 0.1204390625 0.8880609375 0.078165625 0.1791640625
6 0.1204390625 0.176996875 0.077353125 0.1737453125 0.118 0.8869781250000001 0.1529578125 0.884809375 0.1204390625 0.176996875
6 0.16515156250000002 0.0718546875 0.11149687500000001 0.06968593749999999 0.14970624999999999 0.8880609375 0.2025484375 0.892396875 0.16515156250000002 0.0718546875
6 0.2383171875 0.096784375 0.167590625 0.09136562499999999 0.2049859375 0.89348125 0.26189375 0.884809375 0.2383171875 0.096784375
6 0.28790781249999997 0.1097921875 0.2366921875 0.10870781249999999 0.267584375 0.8956484375 0.311484375 0.8978171875 0.28790781249999997 0.1097921875
6 0.3204265625 0.09786875 0.290346875 0.0957015625 0.3098578125 0.8978171875 0.339125 0.8967328125 0.3204265625 0.09786875
6 0.35700937499999996 0.09786875 0.3204265625 0.1022046875 0.339125 0.894565625 0.367578125 0.89348125 0.35700937499999996 0.09786875
6 0.43342656249999995 0.0881140625 0.3594484375 0.081609375 0.3659515625 0.894565625 0.43342656249999995 0.892396875 0.43342656249999995 0.0881140625
6 0.47000937499999995 0.2116828125 0.434240625 0.20734687499999999 0.43586562500000003 0.8967328125 0.46350625 0.8978171875 0.47000937499999995 0.2116828125
6 0.5049671874999999 0.217103125 0.46675781250000004 0.20734687499999999 0.4602546875 0.8956484375 0.4952109375 0.892396875 0.5049671874999999 0.217103125
6 0.5553703125 0.076190625 0.5041546875 0.068603125 0.4952109375 0.892396875 0.5382984375000001 0.8989015625000001 0.5553703125 0.076190625
6 0.602521875 0.07510625 0.5545578124999999 0.074021875 0.536671875 0.8989015625000001 0.5813843750000001 0.8978171875 0.602521875 0.07510625
6 0.6504859374999999 0.066434375 0.602521875 0.066434375 0.5773203125 0.8978171875 0.6212203125 0.8989015625000001 0.6504859374999999 0.066434375
6 0.7008890625 0.0729390625 0.6537375 0.06968593749999999 0.625284375 0.9032359375000001 0.66268125 0.9032359375000001 0.7008890625 0.0729390625
6 0.7212125 0.0772734375 0.7008890625 0.0805265625 0.66511875 0.9054046874999999 0.6830046875 0.9021531250000001 0.7212125 0.0772734375
6 0.746415625 0.08377812500000001 0.7228390625000001 0.08594531250000001 0.6846296875 0.9032359375000001 0.7057671875 0.9021531250000001 0.746415625 0.08377812500000001
6 0.769178125 0.22685781249999998 0.735846875 0.22902499999999998 0.70820625 0.907571875 0.735846875 0.9043203125 0.769178125 0.22685781249999998
6 0.803321875 0.230109375 0.7667390625 0.2333609375 0.7399109375 0.910825 0.7634875 0.9097406250000001 0.803321875 0.230109375
6 0.8350265625000001 0.22035468749999998 0.8008828125 0.21601875 0.7594218749999999 0.9086562499999999 0.791940625 0.9021531250000001 0.8350265625000001 0.22035468749999998
6 0.8707968749999999 0.230109375 0.8334015625 0.2257734375 0.791128125 0.9086562499999999 0.82039375 0.9043203125 0.8707968749999999 0.230109375
6 0.8968109375 0.22902499999999998 0.86591875 0.2279421875 0.8244578125 0.907571875 0.8512859374999999 0.9086562499999999 0.8968109375 0.22902499999999998
6 0.9268906250000001 0.230109375 0.8959984375 0.2333609375 0.8480343749999999 0.9086562499999999 0.8813656249999999 0.9054046874999999 0.9268906250000001 0.230109375
6 0.9618484374999999 0.2333609375 0.9301421875000001 0.2279421875 0.8781140625000001 0.9021531250000001 0.9057546875 0.9086562499999999 0.9618484374999999 0.2333609375
6 0.9919281249999999 0.2333609375 0.960221875 0.2333609375 0.9057546875 0.907571875 0.9325812499999999 0.9097406250000001 0.9919281249999999 0.2333609375
6 0.9997484375000001 0.2395828125 0.9911140625 0.237696875 0.9325812499999999 0.9064890625 0.9659125 0.9097406250000001 0.9997484375000001 0.5084 0.9997484375000001 0.2395828125