4 0.708675 0.15451874999999998 0.6999546875 0.0996796875 0.1575 0.1345859375 0.166015625 0.195803125 0.708675 0.15451874999999998
4 0.7097453125000001 0.155134375 0.16610625 0.1965375 0.173590625 0.25749374999999997 0.7166890625 0.2116828125 0.7097453125000001 0.155134375
4 0.7167515625 0.2526765625 0.7125140625 0.21815937500000002 0.22310781249999997 0.25935625 0.227346875 0.29860312499999997 0.7167515625 0.2526765625
4 0.72573125 0.3015203125 0.7202296875 0.256721875 0.20819843750000003 0.307103125 0.2165734375 0.3565828125 0.72573125 0.3015203125
4 0.7242234375 0.3054328125 0.2160453125 0.360375 0.2241234375 0.41009687499999997 0.7298140625 0.3509671875 0.7242234375 0.3054328125
4 0.7269390625 0.3923203125 0.7257671875 0.3827734375 0.7251234375 0.369434375 0.7185140624999999 0.35608125 0.2952765625 0.4065578125 0.30201406249999996 0.445240625 0.7269390625 0.3923203125
4 0.7378640625 0.43272656249999997 0.7385484375 0.4140046875 0.7346953125 0.39882343750000004 0.7288984375 0.3920796875 0.22879999999999998 0.4570765625 0.2346078125 0.5034640625 0.7378640625 0.43272656249999997
4 0.2457875 0.5509203125 0.7471015624999999 0.47557499999999997 0.7478890625 0.46578749999999997 0.7446671874999999 0.45574531250000005 0.7427859375 0.44852187499999996 0.7362671875 0.4359046875 0.23772656250000002 0.504571875 0.2457875 0.5509203125
4 0.731703125 0.4797015625 0.30795 0.54216875 0.3154796875 0.5931984375 0.7411218749999999 0.5240203125 0.731703125 0.4797015625
4 0.7438015625000001 0.5296546875 0.31738125 0.5946859375 0.3250578125 0.644496875 0.7504625 0.5758015624999999 0.7438015625000001 0.5296546875
4 0.7694671875 0.6010515625 0.7638234374999999 0.5793796875 0.29654375 0.6516640625 0.30122031250000003 0.6816546875 0.7694671875 0.6010515625
4 0.7710781250000001 0.606071875 0.3004203125 0.68324375 0.3050890625 0.7133625 0.7751234375 0.6309203125 0.7710781250000001 0.606071875
4 0.7915640625 0.6676671875 0.7852765625 0.6326562499999999 0.3041171875 0.713353125 0.310146875 0.75455625 0.7915640625 0.6676671875
4 0.7987796875 0.6697625 0.308909375 0.7604765625 0.3152875 0.796221875 0.8072953125 0.7067359375 0.7987796875 0.6697625
4 0.8017156249999999 0.726059375 0.7977734375 0.7101421875 0.37208593749999996 0.789246875 0.3735421875 0.8091968749999999 0.8017156249999999 0.726059375
4 0.33206250000000004 0.8195078125 0.3368296875 0.8502328125 0.8069312500000001 0.7583328125000001 0.8011874999999999 0.7298515625 0.33206250000000004 0.8195078125
4 0.3358625 0.8585515625 0.3410796875 0.8929484375 0.8249140625000001 0.7979390625 0.815578125 0.766103125 0.3358625 0.8585515625