4 0.7186703125 0.9463671874999999 0.7293062499999999 0.8716390625000001 0.13699531250000002 0.7589484375 0.11783125000000001 0.8365828125 0.7186703125 0.9463671874999999
4 0.15342187499999999 0.6779453125 0.134459375 0.752253125 0.7337296875 0.8588546875 0.74464375 0.7823734375 0.15342187499999999 0.6779453125
4 0.743 0.77761875 0.7541109374999999 0.7074609374999999 0.1715203125 0.6058125000000001 0.1557015625 0.6711140624999999 0.743 0.77761875
4 0.1806 0.5366171875 0.166396875 0.6035874999999999 0.7602359375 0.7066328125 0.7704609375 0.6364078125 0.1806 0.5366171875
4 0.7752734375 0.6344000000000001 0.787775 0.5554718750000001 0.2003421875 0.45712343750000006 0.1883109375 0.5333421875 0.7752734375 0.6344000000000001
4 0.2155140625 0.376734375 0.20136875 0.4509078125 0.7905296875000001 0.5532109375 0.8027093750000001 0.47441875 0.2155140625 0.376734375
4 0.8004953125000001 0.4675890625 0.8033531249999999 0.441971875 0.2933296875 0.3611125 0.2891859375 0.388403125 0.8004953125000001 0.4675890625
4 0.2979359375 0.3331546875 0.2946609375 0.361403125 0.8059703125000001 0.4405875 0.8092453125000001 0.412340625 0.2979359375 0.3331546875
4 0.8095234375 0.41058593749999994 0.8168265625 0.35690468750000004 0.2793734375 0.2762765625 0.2707625 0.3306484375 0.8095234375 0.41058593749999994
4 0.8226156250000001 0.3506296875 0.8295015625 0.29958125 0.28816875 0.21890625 0.279790625 0.2736453125 0.8226156250000001 0.3506296875
4 0.28290000000000004 0.17075625 0.27280625000000003 0.2042171875 0.8242109375 0.29514687500000003 0.82495 0.26020468750000003 0.28290000000000004 0.17075625
4 0.8227499999999999 0.25895625 0.8273343750000001 0.23001718750000003 0.3156703125 0.1451515625 0.30993593750000004 0.1741390625 0.8227499999999999 0.25895625
4 0.322553125 0.10961406250000001 0.3185828125 0.142246875 0.8254109375 0.227015625 0.8302156249999999 0.1891203125 0.322553125 0.10961406250000001
4 0.8478453125 0.13078281249999998 0.32987968749999996 0.040653125 0.3168671875 0.09253125 0.839234375 0.1851546875 0.8478453125 0.13078281249999998