5 0.071138215625 0.21157284583333333 0.0403941875 0.21164772916666666 0.034734156249999995 0.7798851083333334 0.067586609375 0.7810691291666667 0.071138215625 0.21157284583333333
5 0.11363637499999998 0.7754498125 0.16614396874999998 0.7727812249999999 0.16348029375 0.20802088333333335 0.10754227499999999 0.20683690416666664 0.11363637499999998 0.7754498125
5 0.21941825 0.21157284583333333 0.167919771875 0.212756825 0.167919771875 0.7739651666666667 0.222081984375 0.7739651666666667 0.21941825 0.21157284583333333
5 0.224745659375 0.7727812249999999 0.2806285625 0.7702414791666666 0.27624414062499997 0.23880447083333334 0.2238577875 0.23998845 0.224745659375 0.7727812249999999
5 0.3021129375 0.26242897916666663 0.28334735312500003 0.2636681375 0.28334735312500003 0.7739651666666667 0.30110544687499996 0.7727812249999999 0.3021129375 0.26242897916666663
5 0.30376918124999996 0.7787010875 0.3343395 0.7780539791666666 0.335733703125 0.21630876666666668 0.30643285625 0.21630876666666668 0.30376918124999996 0.7787010875
5 0.367542625 0.21425189583333332 0.339285309375 0.21512478333333332 0.33484583125 0.7739651666666667 0.364146678125 0.7751491875000001 0.367542625 0.21425189583333332
5 0.36769828437499996 0.7775171458333333 0.4153941875 0.7741477291666666 0.41830883124999996 0.23880447083333334 0.373025696875 0.23525250833333333 0.36769828437499996 0.7775171458333333
5 0.469807309375 0.23880447083333334 0.4218604375 0.23643649166666666 0.41653302812500004 0.7787010875 0.4627040375 0.7763331250000001 0.469807309375 0.23880447083333334
5 0.518642053125 0.21749276666666667 0.48934120937500003 0.21749276666666667 0.47602259374999994 0.21630876666666668 0.465367771875 0.7787010875 0.511538840625 0.7763331250000001 0.518642053125 0.21749276666666667
5 0.513314584375 0.7787010875 0.558948875 0.7793560625 0.5674767968750001 0.21867674583333332 0.5221936625 0.21630876666666668 0.513314584375 0.7787010875
5 0.616311540625 0.2435404125 0.570140534375 0.2423564125 0.5621493281250001 0.7775171458333333 0.609208328125 0.7775171458333333 0.616311540625 0.2435404125
5 0.61187194375 0.7798851083333334 0.658043071875 0.7775171458333333 0.666922028125 0.24472439166666668 0.618975278125 0.2423564125 0.61187194375 0.7798851083333334
5 0.73795440625 0.253012275 0.6749132343750001 0.2494603125 0.6660341562500001 0.7798851083333334 0.7255237218749999 0.7822530666666666 0.73795440625 0.253012275
5 0.72996331875 0.7751491875000001 0.793323875 0.7754498125 0.8018835687499999 0.23998845 0.73795440625 0.23880447083333334 0.72996331875 0.7751491875000001
5 0.8665660624999999 0.24029356249999997 0.8036593125 0.23880447083333334 0.79744396875 0.7727812249999999 0.864036865625 0.7763331250000001 0.8665660624999999 0.24029356249999997
5 0.864036865625 0.7775171458333333 0.9288539 0.7798851083333334 0.9377328593750001 0.23998845 0.8711400812500001 0.23880447083333334 0.864036865625 0.7775171458333333