0 0.1578352625 0.15206599166666665 0.100115440625 0.13363900416666666 0.020445825 0.9325030333333333 0.074913828125 0.9379227375 0.1578352625 0.15206599166666665
0 0.074913828125 0.9357548541666667 0.12287818749999999 0.9498460791666666 0.21718099687499998 0.16290539583333336 0.15864821875 0.14773022916666667 0.074913828125 0.9357548541666667
0 0.299289478125 0.0599310625 0.22856236874999997 0.040420137499999995 0.12043932187499999 0.939006675 0.176533234375 0.9476782 0.299289478125 0.0599310625
0 0.181410965625 0.9173278708333333 0.2350660125 0.9314190958333334 0.37570727187499997 0.07077046666666667 0.31554858124999996 0.04909165833333333 0.181410965625 0.9173278708333333
0 0.44155664687499996 0.069686525 0.38708864374999996 0.041504075 0.23587896874999997 0.9249154541666668 0.291159925 0.9357548541666667 0.44155664687499996 0.069686525
0 0.29034696875 0.9216636333333333 0.338311328125 0.939006675 0.49765055937499997 0.06318288333333334 0.450499153125 0.041504075 0.29034696875 0.9216636333333333
0 0.50496715625 0.25504032083333333 0.47082303437500006 0.24311697916666666 0.34237610625000003 0.9303351541666667 0.37652022500000004 0.9455103208333333 0.50496715625 0.25504032083333333
0 0.37245545 0.9238315125 0.40822548125 0.9379227375 0.5448019656249999 0.2561242625 0.512283753125 0.24528485833333333 0.37245545 0.9238315125
0 0.625284534375 0.057763179166666664 0.585449728125 0.0501756 0.39847001875 0.9357548541666667 0.44480846874999996 0.9379227375 0.625284534375 0.057763179166666664
0 0.6586157 0.05234347916666667 0.624471578125 0.03933619583333334 0.44887324375000004 0.9292512125 0.4748878125 0.9455103208333333 0.6586157 0.05234347916666667
0 0.47976554374999997 0.9314190958333334 0.509031934375 0.939006675 0.6529250125 0.27455125 0.61227725 0.25937608333333334 0.47976554374999997 0.9314190958333334
0 0.691133909375 0.27780307083333333 0.65373796875 0.26046002500000004 0.506593065625 0.9357548541666667 0.5431760531250001 0.9379227375 0.691133909375 0.27780307083333333
0 0.5488667406250001 0.9379227375 0.58626268125 0.9400906166666666 0.7301557625 0.2680476083333333 0.696011640625 0.25937608333333334 0.5488667406250001 0.9379227375
0 0.808199465625 0.23986515833333336 0.748853734375 0.21601847083333334 0.588701546875 0.9162439291666666 0.64316955 0.9346709166666667 0.808199465625 0.23986515833333336
0 0.649673190625 0.9032366458333333 0.700889371875 0.9173278708333333 0.92445206875 0.05342742083333333 0.85860269375 0.028496791666666667 0.649673190625 0.9032366458333333
0 0.999747984375 0.05107527083333333 0.9293298 0.024161029166666667 0.7033282375 0.899984825 0.764299884375 0.91407605 0.999747984375 0.05107527083333333
0 0.764299884375 0.9086563458333334 0.799256959375 0.9184118125 0.999747984375 0.2923387083333333 0.9992439531249999 0.1325550625 0.764299884375 0.9086563458333334
0 0.8073865124999999 0.91407605 0.840717678125 0.9216636333333333 0.999747984375 0.4237231166666667 0.999747984375 0.2993951625 0.8073865124999999 0.91407605
0 0.8480342750000001 0.91949575 0.875674753125 0.9292512125 0.999747984375 0.5591397833333333 0.9959921312500001 0.4273868375 0.8480342750000001 0.91949575
0 0.99436621875 0.5661312 0.88217839375 0.9259993916666667 0.9106318281249999 0.9357548541666667 0.997618040625 0.6517624875 0.99436621875 0.5661312
0 0.9106318281249999 0.9162439291666666 0.9350204874999999 0.9303351541666667 0.9968050843749999 0.7363098333333333 0.997618040625 0.6669376499999999 0.9106318281249999 0.9162439291666666