0 0.092066496875 0.0040083375 0.031189875 0.0020041666666666667 0.052985209374999995 0.9950697458333334 0.096575878125 0.9950697458333334 0.092066496875 0.0040083375
0 0.15143999375 0.005010420833333334 0.10183682187500001 0.005010420833333334 0.107849328125 0.9960718291666667 0.1431728 0.9940676624999999 0.15143999375 0.005010420833333334
0 0.208558803125 0.005010420833333334 0.158955628125 0.006012504166666667 0.152943121875 0.9970739125 0.18826659375000002 0.9970739125 0.208558803125 0.005010420833333334
0 0.26191979375 0.007014591666666667 0.21908068749999998 0.006012504166666667 0.196533790625 0.9970739125 0.228099446875 0.9970739125 0.26191979375 0.007014591666666667
0 0.364132396875 0.006012504166666667 0.278454184375 0.0030062541666666664 0.24162758437499998 0.9970739125 0.3070135875 0.9960718291666667 0.364132396875 0.006012504166666667
0 0.45582311249999996 0.0040083375 0.376908971875 0.007014591666666667 0.31528078437499996 0.9960718291666667 0.37540584374999997 0.9950697458333334 0.45582311249999996 0.0040083375
0 0.503171596875 0.020041687500000002 0.46333874374999995 0.014029179166666666 0.383673040625 0.9970739125 0.416741821875 0.9990780833333334 0.503171596875 0.020041687500000002
0 0.5595388406249999 0.0440917125 0.51294191875 0.0320667 0.42500901874999997 0.9960718291666667 0.45732623749999995 0.998076 0.5595388406249999 0.0440917125
0 0.597868565625 0.05812089166666667 0.56404821875 0.0521083875 0.46409030625 0.9970739125 0.49114658437500003 0.9960718291666667 0.597868565625 0.05812089166666667
0 0.621167028125 0.059122975 0.6061357625 0.060125058333333335 0.49791065312500005 0.998076 0.508432540625 0.9960718291666667 0.621167028125 0.059122975
0 0.64972643125 0.06513548333333334 0.628682659375 0.06513548333333334 0.5144450468749999 0.9950697458333334 0.530227875 0.9950697458333334 0.64972643125 0.06513548333333334
0 0.697826478125 0.08517716666666666 0.6557389375 0.07215007083333333 0.539246634375 0.9960718291666667 0.571563853125 0.990059325 0.697826478125 0.08517716666666666
0 0.73615620625 0.006012504166666667 0.7218765031250001 0.006012504166666667 0.5783279218749999 0.9930655749999999 0.5933591875 0.9870530708333334 0.73615620625 0.006012504166666667
0 0.77523749375 0.01603335 0.74893278125 0.011022929166666667 0.601626384375 0.9780343125000001 0.618160775 0.9730238875 0.77523749375 0.01603335
0 0.796281265625 0.025052108333333333 0.777492184375 0.024050025 0.627931096875 0.9690155541666667 0.639956109375 0.9640051291666667 0.796281265625 0.025052108333333333
0 0.7835046906249999 0.24050024166666667 0.7669702968750001 0.24050024166666667 0.645217053125 0.9589947083333333 0.66099988125 0.9519801166666666 0.7835046906249999 0.24050024166666667
0 0.80680315 0.25052108333333334 0.789517196875 0.2455106625 0.6692670749999999 0.9539842875000001 0.683546778125 0.9469696958333333 0.80680315 0.25052108333333334
0 0.884965728125 0.027056279166666666 0.85039381875 0.011022929166666667 0.6940686625 0.9439634458333334 0.717367125 0.9249238416666666 0.884965728125 0.027056279166666666
0 0.9285563968749999 0.046095879166666666 0.9022516843749999 0.03507295 0.7263858812499999 0.9269280083333334 0.753442159375 0.9219175875 0.9285563968749999 0.046095879166666666
0 0.945842353125 0.08918550416666667 0.92630170625 0.08217091666666666 0.7594546656250001 0.9139009125 0.77523749375 0.906886325 0.945842353125 0.08918550416666667
0 0.96312830625 0.10121051666666667 0.9503517312499999 0.09920635 0.7835046906249999 0.9038800708333333 0.7977843906250001 0.8948613125 0.96312830625 0.10121051666666667
0 0.9668861218749999 0.17336059166666665 0.9518548593749999 0.17235850416666668 0.805300025 0.8928571416666667 0.8165734718750001 0.8898508916666666 0.9668861218749999 0.17336059166666665
0 0.985675203125 0.1813772625 0.971395503125 0.1783710125 0.8278469218750001 0.8868446375 0.8436297500000001 0.8808321291666666 0.985675203125 0.1813772625
0 0.985675203125 0.30563572083333335 0.970643940625 0.3046336375 0.852648509375 0.8798300458333334 0.866928209375 0.8688071166666667 0.985675203125 0.30563572083333335