4 0.8883218749999999 0.7445421875 0.8775265624999999 0.7094078125000001 0.2404328125 0.8747703124999999 0.2475984375 0.9189234374999999 0.8883218749999999 0.7445421875
4 0.8779109375 0.7059984375 0.867284375 0.6716593750000001 0.2332515625 0.8305484375000001 0.23052812500000003 0.8386125 0.23801718749999998 0.8686281250000001 0.23990781249999998 0.872303125 0.8779109375 0.7059984375
4 0.226209375 0.771325 0.236359375 0.819075 0.23998593750000002 0.8256953125000001 0.862746875 0.66596875 0.8480593750000001 0.6125296875 0.226209375 0.771325
4 0.8697171875 0.599609375 0.8524312500000001 0.56003125 0.2172140625 0.7133499999999999 0.21538437500000002 0.7203921875 0.2173203125 0.73994375 0.2211890625 0.758140625 0.8697171875 0.599609375
4 0.2158015625 0.6753875 0.2220609375 0.7048328125000001 0.22428125 0.7100609375 0.8355421875 0.5536390625000001 0.8227453125 0.5247515625 0.2158015625 0.6753875
4 0.816871875 0.491896875 0.80924375 0.4768828125 0.2075125 0.6363921875 0.212990625 0.651725 0.816871875 0.491896875
4 0.8100125 0.470065625 0.7856046875 0.4178609375 0.193134375 0.5687484375 0.2068359375 0.6332093750000001 0.8100125 0.470065625
4 0.79245 0.4030984375 0.7858828124999999 0.3878578125 0.1870453125 0.5400984375 0.1919640625 0.5580203125 0.79245 0.4030984375
4 0.17881875 0.4753046875 0.1740203125 0.4788203125 0.1861984375 0.53611875 0.7853749999999999 0.38547031249999997 0.7592296875 0.33030781249999996 0.17881875 0.4753046875
4 0.7651359375 0.3215671875 0.7477265625 0.2761921875 0.1546265625 0.4188953125 0.1675375 0.46919843749999995 0.7651359375 0.3215671875
4 0.7550796875 0.2638171875 0.7358859375 0.22048593749999998 0.139309375 0.357271875 0.1506484375 0.4053984375 0.7550796875 0.2638171875
4 0.742684375 0.210721875 0.7301046875 0.17762968750000002 0.12045312500000001 0.3155328125 0.12717499999999998 0.34715625 0.742684375 0.210721875
4 0.7352125 0.159909375 0.7231390625 0.129203125 0.10118281250000001 0.2614046875 0.1087484375 0.2969953125 0.7352125 0.159909375
4 0.7203390625 0.12647187499999998 0.7102203125 0.09452031250000001 0.0967546875 0.224915625 0.1029671875 0.2593625 0.7203390625 0.12647187499999998
4 0.071484375 0.18952968750000002 0.07233125 0.193509375 0.0745296875 0.20385468750000002 0.077790625 0.21397499999999997 0.7101437500000001 0.0837234375 0.7109140625 0.0769046875 0.704515625 0.0624609375 0.7010859375 0.051545312499999996 0.071484375 0.18952968750000002
4 0.06336562500000001 0.15133125 0.070346875 0.178959375 0.6958249999999999 0.0476734375 0.6981640625 0.0430171875 0.6938890625 0.028121875 0.6883359375 0.0176578125 0.6821828125 0.014806250000000002 0.06336562500000001 0.15133125