6 0.12675468750000002 0.312259375 0.0979515625 0.31200625 0.0875390625 0.7898 0.11565624999999999 0.7917734375000001 0.12675468750000002 0.312259375
6 0.15329062499999999 0.31417656250000003 0.12749531249999999 0.31324687500000004 0.1171359375 0.7917734375000001 0.1437734375 0.7917734375000001 0.15329062499999999 0.31417656250000003
6 0.18502968749999998 0.3575796875 0.15413125 0.356659375 0.147471875 0.7868390625 0.18076874999999998 0.7868390625 0.18502968749999998 0.3575796875
6 0.21595312500000002 0.3564953125 0.1866875 0.356659375 0.181509375 0.7868390625 0.213325 0.7868390625 0.21595312500000002 0.3564953125
6 0.24810156249999998 0.32508593750000003 0.2224640625 0.325028125 0.21554531250000003 0.7848671875 0.242921875 0.7848671875 0.24810156249999998 0.32508593750000003
6 0.27621875 0.3290328125 0.25180156249999996 0.3290328125 0.2451421875 0.7848671875 0.27251875000000003 0.7838796875 0.27621875 0.3290328125
6 0.31686562500000004 0.35106875 0.279178125 0.349753125 0.275478125 0.7838796875 0.3132140625 0.7838796875 0.31686562500000004 0.35106875
6 0.3551140625 0.3521546875 0.319134375 0.348765625 0.31765468750000003 0.78190625 0.35242968750000003 0.7838796875 0.3551140625 0.3521546875
6 0.384246875 0.3221265625 0.35836875 0.321771875 0.357609375 0.7769734374999999 0.3849875 0.7769734374999999 0.384246875 0.3221265625
6 0.41680312500000005 0.3241 0.3894265625 0.3221265625 0.3894265625 0.7799328125 0.41680312500000005 0.778946875 0.41680312500000005 0.3241
6 0.44344062500000003 0.3586328125 0.41976250000000004 0.3576453125 0.41902343750000004 0.7799328125 0.4441796875 0.7799328125 0.44344062500000003 0.3586328125
6 0.4685984375 0.3586328125 0.4441796875 0.3576453125 0.4464 0.7799328125 0.47081718749999996 0.7799328125 0.4685984375 0.3586328125
6 0.49671562500000005 0.3033265625 0.47303750000000006 0.30436562500000003 0.47451718749999994 0.78190625 0.499675 0.7809203124999999 0.49671562500000005 0.3033265625
6 0.5277921875 0.778946875 0.52483125 0.34580625 0.5251984375000001 0.3033265625 0.5004140625 0.30239375 0.50189375 0.7809203124999999 0.5277921875 0.778946875
6 0.57810625 0.3063390625 0.532521875 0.30441093750000003 0.5307515625 0.777959375 0.5788453125 0.777959375 0.57810625 0.3063390625
6 0.626109375 0.3076671875 0.5803265625 0.3063390625 0.5803265625 0.7769734374999999 0.62768125 0.7740140625 0.626109375 0.3076671875
6 0.6750359375 0.3063390625 0.6291609375 0.305353125 0.6299 0.777959375 0.6787359375 0.777959375 0.6750359375 0.3063390625
6 0.6798203125 0.2707734375 0.6824343749999999 0.778946875 0.716471875 0.7769734374999999 0.7105515625 0.27279375 0.6798203125 0.2707734375
6 0.7431078125 0.26884687500000004 0.737928125 0.2678609375 0.72905 0.2678609375 0.7127718749999999 0.2698328125 0.71943125 0.778946875 0.74899375 0.7764171875 0.7431078125 0.26884687500000004
6 0.7766625 0.2686046875 0.7475484375 0.26884687500000004 0.7519875 0.778946875 0.7801046875 0.778946875 0.7766625 0.2686046875
6 0.80748125 0.26884687500000004 0.778625 0.2678609375 0.781584375 0.777959375 0.8082218749999999 0.777959375 0.80748125 0.26884687500000004
6 0.8442093749999999 0.2696890625 0.8126609374999999 0.26884687500000004 0.8126609374999999 0.7759859375 0.8452171875 0.7759859375 0.8442093749999999 0.2696890625
6 0.8832718749999999 0.2696890625 0.8481765625 0.26884687500000004 0.8489171875 0.775 0.882953125 0.7740140625 0.8832718749999999 0.2696890625
6 0.91995 0.27279375 0.8851734375 0.27180624999999997 0.8866531249999999 0.7769734374999999 0.9206890624999999 0.7769734374999999 0.91995 0.27279375