4 0.1615109375 0 0.1597265625 0.0331375 0.7081234375000001 0.11476875 0.7198625 0.0699734375 0.224328125 0 0.1615109375 0
4 0.1593875 0.034728125 0.1576359375 0.07428125 0.7007734375 0.1597859375 0.7085078125 0.1181765625 0.1593875 0.034728125
4 0.1507609375 0.075315625 0.1503453125 0.0877046875 0.6036515625 0.157440625 0.60848125 0.145159375 0.1507609375 0.075315625
4 0.15106875 0.089521875 0.1504859375 0.10270625 0.60306875 0.170625 0.6043453125 0.15940156249999998 0.15106875 0.089521875
4 0.1545609375 0.10440468750000001 0.1547 0.11940625 0.6953765625 0.20605 0.6987281249999999 0.19027812500000002 0.1545609375 0.10440468750000001
4 0.1552546875 0.12201875 0.15467031250000002 0.135203125 0.6926703125 0.21878281249999998 0.6939453125 0.20756562500000003 0.1552546875 0.12201875
4 0.146734375 0.13601093749999998 0.146796875 0.161809375 0.6710453125 0.24745625000000002 0.6750109375 0.21835624999999997 0.146734375 0.13601093749999998
4 0.1466734375 0.16760625 0.142321875 0.1932984375 0.6635546875 0.277471875 0.66715 0.25012500000000004 0.1466734375 0.16760625
4 0.13120156249999998 0.1934296875 0.1294796875 0.21718437499999999 0.7522656249999999 0.324609375 0.7565703125 0.2939171875 0.13120156249999998 0.1934296875
4 0.1227734375 0.2174234375 0.12160625 0.24379218749999998 0.7463437500000001 0.3524625 0.7531203125 0.32580468749999997 0.1227734375 0.2174234375
4 0.7405625 0.3953171875 0.74864375 0.3573015625 0.11719062499999999 0.2436859375 0.1164375 0.257665625 0.11810000000000001 0.2655046875 0.1149625 0.269828125 0.11840781250000001 0.2797109375 0.7405625 0.3953171875
4 0.1189625 0.2823234375 0.1141328125 0.2946046875 0.11401093749999999 0.3004015625 0.1166109375 0.3142625 0.7280296875000001 0.4334109375 0.7366609375000001 0.3980171875 0.1189625 0.2823234375
4 0.11202656250000001 0.3149515625 0.1103984375 0.348709375 0.7190171875 0.47058906250000004 0.7276484375 0.4352046875 0.11202656250000001 0.3149515625
4 0.0851875 0.3525 0.086065625 0.390115625 0.6487546875 0.5088874999999999 0.6573375 0.4685140625 0.0851875 0.3525
4 0.10483281250000001 0.39576875 0.104771875 0.4273640625 0.64148125 0.5431078125 0.647909375 0.5128671875 0.10483281250000001 0.39576875
4 0.7119234375 0.603121875 0.7145828125 0.5853890625 0.7153125 0.5715234375 0.08908906250000001 0.4333046875 0.0800109375 0.4381734375 0.07731249999999999 0.44695625000000005 0.0748 0.4535578125 0.07455468750000001 0.46515000000000006 0.07537031250000001 0.47696875 0.081278125 0.485709375 0.0861234375 0.4942265625 0.69574375 0.6479265625 0.700496875 0.6464421875 0.7026953125000001 0.6360953125 0.708878125 0.617446875 0.7119234375 0.603121875
4 0.0787859375 0.5026484375 0.071665625 0.515275 0.0686203125 0.5296000000000001 0.0696515625 0.5456218749999999 0.0766203125 0.5545890625000001 0.6826421875 0.7200015625 0.6874718750000001 0.7077203125 0.6931 0.6864578125 0.69834375 0.6617875 0.6983921875 0.6511250000000001 0.084046875 0.498775 0.0787859375 0.5026484375
4 0.08728125 0.5618453125 0.08637500000000001 0.5974203124999999 0.5727546875 0.730746875 0.5796125 0.69326875 0.08728125 0.5618453125
4 0.08077656250000001 0.602884375 0.0798703125 0.6384578125 0.5632828125 0.7753125 0.5711984375 0.7380718749999999 0.08077656250000001 0.602884375
4 0.07494843749999999 0.6407390625 0.0756125 0.6741515625 0.5523640624999999 0.8162453125000001 0.559046875 0.7795828124999999 0.07494843749999999 0.6407390625
4 0.0673359375 0.6765515625 0.062185937499999996 0.711221875 0.5414453124999999 0.8571765625 0.5497796875 0.82318125 0.0673359375 0.6765515625
4 0.06575468749999999 0.7153078125000001 0.06287812499999999 0.7288375 0.593590625 0.8832328125 0.5968515625 0.8731125000000001 0.06575468749999999 0.7153078125000001
4 0.06517031250000001 0.7284921875 0.059973437500000004 0.7581640625 0.589115625 0.9147203125000001 0.5949953125 0.8870625000000001 0.06517031250000001 0.7284921875
4 0.0573890625 0.7651 0.055359375 0.7746500000000001 0.5782265625 0.9398546874999999 0.5803828125 0.929715625 0.0573890625 0.7651
4 0.05519062500000001 0.7754453125 0.05402343750000001 0.8018140624999999 0.5707375 0.9698703125 0.5780578125 0.94065 0.05519062500000001 0.7754453125