0 0.11987433750000001 0.006012504166666667 0.092066496875 0.010020841666666667 0.019164862499999998 0.9469696958333333 0.060500840624999996 0.9469696958333333 0.11987433750000001 0.006012504166666667
0 0.14467592499999998 0.18638768749999998 0.11010401562500001 0.18338143333333334 0.0702711625 0.9469696958333333 0.11085557812499999 0.9449655291666667 0.14467592499999998 0.18638768749999998
0 0.18676346875 0.19340227499999998 0.153694684375 0.19340227499999998 0.12062590312499999 0.9439634458333334 0.16121031875 0.941959275 0.18676346875 0.19340227499999998
0 0.22434163125 0.190396025 0.197285353125 0.190396025 0.16872594999999999 0.9439634458333334 0.20404942187500003 0.9439634458333334 0.22434163125 0.190396025
0 0.280708875 0.04810005 0.23260882500000002 0.043089625 0.21006192812500002 0.9449655291666667 0.2701869875 0.941959275 0.280708875 0.04810005
0 0.321293290625 0.04810005 0.28747294375 0.04810005 0.279205746875 0.9409571916666667 0.320541728125 0.9369488541666667 0.321293290625 0.04810005
0 0.364883959375 0.0521083875 0.326554234375 0.04910213333333333 0.326554234375 0.9389530208333333 0.371648028125 0.9299342625 0.364883959375 0.0521083875
0 0.415990259375 0.059122975 0.3701449 0.05711880833333333 0.3821699125 0.9279300958333334 0.43402777812500004 0.9239217583333333 0.415990259375 0.059122975
0 0.46484187187500003 0.060125058333333335 0.422754328125 0.061127145833333334 0.442294975 0.9269280083333334 0.495655965625 0.9249238416666666 0.46484187187500003 0.060125058333333335
0 0.521960678125 0.09419592916666668 0.47536375625 0.08918550416666667 0.50617785 0.9269280083333334 0.5663029093749999 0.9239217583333333 0.521960678125 0.09419592916666668
0 0.55052008125 0.03507295 0.52421536875 0.03507295 0.572315415625 0.9209155041666667 0.6076388875000001 0.9159050833333333 0.55052008125 0.03507295
0 0.596365440625 0.06613756666666666 0.5565325875 0.06212922916666667 0.6121482687500001 0.9179092499999999 0.658745190625 0.9139009125 0.596365440625 0.06613756666666666
0 0.639956109375 0.07215007083333333 0.602377946875 0.07014590416666668 0.66325456875 0.9128988291666666 0.7075967999999999 0.9078884083333333 0.639956109375 0.07215007083333333
0 0.6692670749999999 0.07716049166666666 0.6444654875 0.07615840833333333 0.71285774375 0.9078884083333333 0.742168709375 0.9058842375 0.6692670749999999 0.07716049166666666
0 0.7000811687499999 0.08016674583333333 0.67527958125 0.08016674583333333 0.75043590625 0.9078884083333333 0.7804984375 0.9028779875 0.7000811687499999 0.08016674583333333
0 0.7451749624999999 0.22346480833333335 0.7218765031250001 0.22346480833333335 0.78876563125 0.8978675625 0.814318784375 0.8948613125 0.7451749624999999 0.22346480833333335
0 0.77448593125 0.22346480833333335 0.751939034375 0.22346480833333335 0.819579725 0.8938592291666667 0.8496422562499999 0.8918550583333332 0.77448593125 0.22346480833333335
0 0.808306278125 0.09319384166666667 0.772982803125 0.09219175833333333 0.8571578875 0.8958633958333333 0.9052579375 0.8898508916666666 0.808306278125 0.09319384166666667
0 0.8549032000000001 0.1152397 0.847387565625 0.10121051666666667 0.814318784375 0.10121051666666667 0.91202200625 0.8908529749999999 0.958618928125 0.8838383833333334 0.8549032000000001 0.1152397
0 0.997700215625 0.8357383375 0.884214165625 0.040083375000000004 0.8549032000000001 0.040083375000000004 0.9683892500000001 0.8878467208333334 0.99920334375 0.8848404666666667 0.997700215625 0.8357383375
0 0.9195376375000001 0.046095879166666666 0.889475109375 0.042087541666666665 0.999751984375 0.7976190458333333 0.999751984375 0.5479497375 0.9195376375000001 0.046095879166666666