0 0.09117293125 0.2853906541666667 0.051338125 0.28322277083333336 0.10255430624999999 0.894565125 0.136698425 0.8923972416666667 0.09117293125 0.2853906541666667
0 0.12287818749999999 0.09461715416666668 0.068410184375 0.0794419875 0.136698425 0.894565125 0.1789721 0.8956490625 0.12287818749999999 0.09461715416666668
0 0.170842546875 0.09570109166666667 0.12775591875 0.09136533333333333 0.1773461875 0.8913133 0.213929175 0.8891454208333334 0.170842546875 0.09570109166666667
0 0.221245771875 0.13905870833333334 0.170029590625 0.12930324166666668 0.210677353125 0.8902293625 0.252951028125 0.8880614791666667 0.221245771875 0.13905870833333334
0 0.273274909375 0.1433944666666667 0.222871684375 0.14447840833333334 0.248073296875 0.8956490625 0.2968506125 0.8826417791666666 0.273274909375 0.1433944666666667
0 0.32042631250000003 0.17374479583333333 0.27977854999999996 0.17374479583333333 0.299289478125 0.8858936 0.33262064375 0.8858936 0.32042631250000003 0.17374479583333333
0 0.358635209375 0.18133237916666667 0.322052225 0.1791645 0.3318076875 0.8858936 0.369203628125 0.8848096583333334 0.358635209375 0.18133237916666667
0 0.421232765625 0.1694090375 0.37001658437499996 0.1791645 0.370829540625 0.8913133 0.41391616875 0.8891454208333334 0.421232765625 0.1694090375
0 0.47651372187499996 0.18350025833333333 0.42041980937499995 0.17699661666666666 0.41472912187500005 0.8923972416666667 0.46513235 0.8880614791666667 0.47651372187499996 0.18350025833333333
0 0.522039215625 0.19325572500000002 0.477326678125 0.19217178333333335 0.46513235 0.8967330041666667 0.49927646875000004 0.8967330041666667 0.522039215625 0.19325572500000002
0 0.559435159375 0.19650754583333332 0.522852171875 0.1889199625 0.506593065625 0.8902293625 0.537485365625 0.8902293625 0.559435159375 0.19650754583333332
0 0.6025217875 0.19759148333333335 0.558622203125 0.19650754583333332 0.5382983218749999 0.8913133 0.57650721875 0.894565125 0.6025217875 0.19759148333333335
0 0.630162265625 0.21927029166666667 0.604960653125 0.22035423333333334 0.58057199375 0.8923972416666667 0.60333474375 0.8913133 0.630162265625 0.21927029166666667
0 0.660241609375 0.32007674166666666 0.630162265625 0.31899280416666664 0.594392234375 0.8923972416666667 0.6260974906250001 0.894565125 0.660241609375 0.32007674166666666
0 0.737472359375 0.23336151666666666 0.661867521875 0.22360605416666665 0.6277234 0.8989008833333333 0.687069134375 0.8956490625 0.737472359375 0.23336151666666666
0 0.8057605999999999 0.23769727916666666 0.7390982687500001 0.23444545416666665 0.6878820875 0.8967330041666667 0.748853734375 0.8934811833333334 0.8057605999999999 0.23769727916666666
0 0.8252715281249999 0.3330840291666667 0.793566271875 0.32658038333333334 0.7447889562500001 0.8869775416666666 0.7716164812499999 0.8902293625 0.8252715281249999 0.3330840291666667
0 0.850473140625 0.33091614583333334 0.82608448125 0.33091614583333334 0.7716164812499999 0.894565125 0.7919403625 0.894565125 0.850473140625 0.33091614583333334
0 0.890307946875 0.21927029166666667 0.85860269375 0.2149345291666667 0.792753315625 0.894565125 0.819580840625 0.8923972416666667 0.890307946875 0.21927029166666667
0 0.921200246875 0.22035423333333334 0.8886820375 0.2149345291666667 0.8138901531249999 0.8880614791666667 0.84153063125 0.8891454208333334 0.921200246875 0.22035423333333334
0 0.94477595 0.22577393333333334 0.9195743375 0.2225221125 0.84153063125 0.8923972416666667 0.8675452 0.8913133 0.94477595 0.22577393333333334
0 0.972416428125 0.23010969583333332 0.94965368125 0.22035423333333334 0.8667322437499999 0.8923972416666667 0.8911209031249999 0.894565125 0.972416428125 0.23010969583333332
0 0.999747984375 0.23286290416666666 0.9789200687499999 0.2279418125 0.8927468125000001 0.8967330041666667 0.9195743375 0.8902293625 0.999747984375 0.23286290416666666