0 0.092066496875 0.0030062541666666664 0.026680496874999998 0.0030062541666666664 0.109352453125 0.9960718291666667 0.1574525 0.9930655749999999 0.092066496875 0.0030062541666666664
0 0.16196188125 0.005010420833333334 0.1055946375 0.005010420833333334 0.16346500625 0.9950697458333334 0.21156505625 0.9950697458333334 0.16196188125 0.005010420833333334
0 0.21081349062500002 0.1142376125 0.176993146875 0.1142376125 0.2175775625 0.9950697458333334 0.2431307125 0.9970739125 0.21081349062500002 0.1142376125
0 0.25365259687499997 0.1142376125 0.22133537812499998 0.1112313625 0.24989478125 0.9970739125 0.27695105937500003 0.9970739125 0.25365259687499997 0.1142376125
0 0.28296356562499997 0.007014591666666667 0.258913540625 0.006012504166666667 0.283715128125 0.9970739125 0.301752646875 0.9960718291666667 0.28296356562499997 0.007014591666666667
0 0.316783909375 0.005010420833333334 0.291230759375 0.005010420833333334 0.306262025 0.9950697458333334 0.326554234375 0.9930655749999999 0.316783909375 0.005010420833333334
0 0.3551136375 0.0010020833333333333 0.32505110625 0.0030062541666666664 0.3325667375 0.9950697458333334 0.35736832500000004 0.9960718291666667 0.3551136375 0.0010020833333333333
0 0.38743085625 0.005010420833333334 0.36187770625 0.005010420833333334 0.364132396875 0.9950697458333334 0.385176165625 0.9970739125 0.38743085625 0.005010420833333334
0 0.42500901874999997 0.23047939583333335 0.395698053125 0.22847522916666665 0.3934433625 0.9960718291666667 0.414487134375 0.9960718291666667 0.42500901874999997 0.23047939583333335
0 0.4685996875 0.36576078333333334 0.43102152499999996 0.36576078333333334 0.420499640625 0.9940676624999999 0.45507155 0.9960718291666667 0.4685996875 0.36576078333333334
0 0.49039502187500006 0.2675565166666667 0.47761844687500005 0.2675565166666667 0.46634499687500003 0.9940676624999999 0.47611531874999996 0.9940676624999999 0.49039502187500006 0.2675565166666667
0 0.510687228125 0.2675565166666667 0.49941378125 0.2675565166666667 0.48212782499999995 0.9940676624999999 0.491898146875 0.9960718291666667 0.510687228125 0.2675565166666667
0 0.54901695625 0.36976912083333335 0.5159481718750001 0.36375661249999997 0.497159090625 0.998076 0.527973184375 0.998076 0.54901695625 0.36976912083333335
0 0.590352934375 0.36976912083333335 0.558035715625 0.3687670333333333 0.533985690625 0.9940676624999999 0.5663029093749999 0.9940676624999999 0.590352934375 0.36976912083333335
0 0.651981121875 0.28258778333333334 0.606887325 0.28860028750000005 0.573066978125 0.9950697458333334 0.6121482687500001 0.9940676624999999 0.651981121875 0.28258778333333334
0 0.69857804375 0.006012504166666667 0.67452801875 0.005010420833333334 0.6196639 0.9940676624999999 0.6361982937499999 0.9940676624999999 0.69857804375 0.006012504166666667
0 0.717367125 0.08617925416666666 0.701584296875 0.08417508333333333 0.6444654875 0.9970739125 0.654235809375 0.9960718291666667 0.717367125 0.08617925416666666
0 0.74893278125 0.0030062541666666664 0.7263858812499999 0.005010420833333334 0.66325456875 0.9970739125 0.6760311437500001 0.998076 0.74893278125 0.0030062541666666664
0 0.772982803125 0.2805836125 0.739914021875 0.28358986666666663 0.683546778125 0.9960718291666667 0.71135461875 0.9960718291666667 0.772982803125 0.2805836125
0 0.8165734718750001 0.28459195000000004 0.7827531249999999 0.2855940375 0.7181186875 0.9960718291666667 0.746678090625 0.9950697458333334 0.8165734718750001 0.28459195000000004
0 0.86241883125 0.292608625 0.8270953593750001 0.292608625 0.7579515406249999 0.9930655749999999 0.78726250625 0.9950697458333334 0.86241883125 0.292608625
0 0.921040765625 0.1032146875 0.883462603125 0.10020843333333333 0.7947781375 0.9950697458333334 0.82408910625 0.9890572375000001 0.921040765625 0.1032146875
0 0.965382996875 0.110229275 0.9293079593750001 0.107223025 0.8301016125 0.9890572375000001 0.860164140625 0.9850489 0.965382996875 0.110229275
0 0.9924392750000001 0.107223025 0.97365019375 0.10421677083333333 0.8684313375 0.9870530708333334 0.8797047875 0.9890572375000001 0.9924392750000001 0.107223025
0 0.997700215625 0.6363235541666667 0.9961970906250001 0.123256375 0.8872204187499999 0.9860509875000001 0.93757515625 0.9800384791666666 0.997700215625 0.6363235541666667