4 0.2444578125 0.029203125000000003 0.24121874999999998 0.05996875 0.7083781250000001 0.11465624999999999 0.713828125 0.0833671875 0.2444578125 0.029203125000000003
4 0.23962656249999997 0.067196875 0.23627343750000002 0.0995859375 0.7058796875 0.1503671875 0.7091765624999999 0.118790625 0.23962656249999997 0.067196875
4 0.23593281250000003 0.10445625 0.22956875000000002 0.1643640625 0.7211078125 0.2126015625 0.727178125 0.1569046875 0.23593281250000003 0.10445625
4 0.229 0.17248125 0.22172343749999998 0.22987812500000002 0.7132625 0.278115625 0.7203015625 0.224134375 0.229 0.17248125
4 0.223434375 0.2365234375 0.2194015625 0.2786515625 0.7053015625 0.32975625000000003 0.7106312499999999 0.28464375 0.223434375 0.2365234375
4 0.21683906249999998 0.28418125 0.21383125 0.327196875 0.6999015625 0.37586718750000003 0.703934375 0.33373906249999996 0.21683906249999998 0.28418125
4 0.2136046875 0.33044375000000004 0.20945312500000002 0.3586984375 0.7042390625 0.4071625 0.7082625 0.380740625 0.2136046875 0.33044375000000004
4 0.2093390625 0.360321875 0.20740937499999998 0.3879171875 0.7000875 0.43541718749999997 0.7051359374999999 0.40989062499999995 0.2093390625 0.360321875
4 0.2123109375 0.3956 0.20827656249999998 0.437728125 0.6685390625000001 0.48214687500000003 0.6725 0.44105625000000004 0.2123109375 0.3956
4 0.20708125000000002 0.4392765625 0.2031046875 0.4805921875 0.6653609375 0.527596875 0.66806875 0.48887656249999994 0.20708125000000002 0.4392765625
4 0.1998 0.481178125 0.19735625 0.50058125 0.67681875 0.5504203125 0.6782203124999999 0.5303765625 0.1998 0.481178125
4 0.196159375 0.502128125 0.194740625 0.52241875 0.6731203125 0.5721812500000001 0.674596875 0.5510796874999999 0.196159375 0.502128125
4 0.19240625 0.5247015625 0.1884859375 0.5652078125 0.672390625 0.6137265625 0.6751546875 0.5742140625000001 0.19240625 0.5247015625
4 0.182734375 0.6163375 0.178928125 0.6552203125 0.659128125 0.6945078125 0.6618999999999999 0.6548671875000001 0.182734375 0.6163375
4 0.1818359375 0.6603171875 0.177971875 0.7000109375 0.65691875 0.7416578125 0.65975625 0.7010765625000001 0.1818359375 0.6603171875
4 0.17763125 0.7048796875 0.174903125 0.7283421875 0.6990859375 0.7764140625 0.701746875 0.753915625 0.17763125 0.7048796875
4 0.17467656250000002 0.7315875000000001 0.17211875000000001 0.7526140625 0.6961296875 0.8031218750000001 0.6988578125 0.7796609375 0.17467656250000002 0.7315875000000001
4 0.15440625 0.77258125 0.1512796875 0.8017234375 0.71750625 0.8551828125000001 0.720678125 0.8253984375 0.15440625 0.77258125
4 0.152934375 0.8091796875 0.1502671875 0.847325 0.7172359375 0.90573125 0.7232062499999999 0.867 0.152934375 0.8091796875
4 0.1499828125 0.851384375 0.146290625 0.8886421875 0.7122328125 0.946159375 0.7169953125 0.9091671874999999 0.1499828125 0.851384375