6 0.26217812500000004 0.32334999999999997 0.229784375 0.32660625 0.27438281249999996 0.815971875 0.3044859375 0.8138015624999999 0.26217812500000004 0.32334999999999997
6 0.30041875 0.32118125000000003 0.2680328125 0.32334999999999997 0.3085546875 0.810546875 0.33865781250000004 0.8083765625 0.30041875 0.32118125000000003
6 0.3524890625 0.3244359375 0.3087234375 0.3255203125 0.34516562500000003 0.8138015624999999 0.3874734375 0.8018656249999999 0.3524890625 0.3244359375
6 0.3996765625 0.3200953125 0.3551109375 0.3244359375 0.3923546875 0.8040359374999999 0.4338484375 0.79535625 0.3996765625 0.3200953125
6 0.44361249999999997 0.38954062500000003 0.40781406249999996 0.3927953125 0.43791718749999997 0.79535625 0.473715625 0.7931859375 0.44361249999999997 0.38954062500000003
6 0.506259375 0.79535625 0.5127671874999999 0.7931859375 0.48591875 0.3852 0.44625624999999997 0.38954062500000003 0.47859687500000003 0.79535625 0.506259375 0.79535625
6 0.529853125 0.3841140625 0.48938750000000003 0.386284375 0.5184624999999999 0.796440625 0.5542609374999999 0.796440625 0.529853125 0.3841140625
6 0.5827375 0.7942703125 0.5998234375 0.7942703125 0.5746015625 0.37977500000000003 0.53251875 0.3841140625 0.5632109375 0.796440625 0.5827375 0.7942703125
6 0.6088625000000001 0.2897140625 0.5982859375 0.29405312499999997 0.58526875 0.2962234375 0.5723953125000001 0.29405312499999997 0.6031671875 0.786675 0.611303125 0.7921 0.625134375 0.7921 0.636525 0.78993125 0.6430343749999999 0.785590625 0.6121171875 0.2897140625 0.6088625000000001 0.2897140625
6 0.6511703125 0.28754375 0.638965625 0.2897140625 0.627575 0.2897140625 0.6171546875 0.2897140625 0.6462875 0.780165625 0.6568640625 0.7845046875 0.6706953125 0.7834203125 0.6804593750000001 0.7779953125 0.657678125 0.28428749999999997 0.6552374999999999 0.28428749999999997 0.6511703125 0.28754375
6 0.7121890625 0.29839375 0.6749343750000001 0.2994796875 0.6837140625 0.77256875 0.7162578125 0.7682296875 0.7121890625 0.29839375
6 0.7512421875 0.2951390625 0.7138171875 0.297309375 0.717884375 0.7704 0.7512421875 0.7649734375 0.7512421875 0.2951390625
6 0.7927359375 0.288628125 0.7636390625 0.29188437500000003 0.7585640625 0.780165625 0.7878546875 0.7779953125 0.7927359375 0.288628125
6 0.8277203125 0.288628125 0.8010734375 0.29188437500000003 0.7894812499999999 0.776909375 0.8163296875 0.7747390625 0.8277203125 0.288628125