5 0.127191634375 0.8441840291666666 0.14997244375000002 0.29296875 0.119869234375 0.2907986125 0.119055634375 0.2983940958333333 0.09546122500000001 0.8430989583333334 0.127191634375 0.8441840291666666
5 0.18333005625 0.29296875 0.15247345 0.29296875 0.1304460375 0.8430989583333334 0.16299005 0.8441840291666666 0.18333005625 0.29296875
5 0.21506046875 0.2973090291666667 0.185839334375 0.2973090291666667 0.16949885 0.8430989583333334 0.2028564625 0.8420138875000001 0.21506046875 0.2973090291666667
5 0.3013021 0.8463541666666666 0.22156927187500003 0.2365451375 0.2110672 0.23871527916666666 0.20936526562500002 0.23980034583333334 0.28828449375 0.8474392374999999 0.3013021 0.8463541666666666
5 0.313506103125 0.8463541666666666 0.232146075 0.23763020833333334 0.222460428125 0.234375 0.22156927187500003 0.2365451375 0.3037429 0.8474392374999999 0.313506103125 0.8463541666666666
5 0.3362869125 0.8452690958333334 0.349304515625 0.8409288208333333 0.359881321875 0.8365885416666666 0.275266890625 0.21050347083333334 0.2695716875 0.21050347083333334 0.257367684375 0.21050347083333334 0.24597727812499998 0.21484375 0.23385365937499997 0.21918402916666666 0.32082850625 0.8474392374999999 0.326523709375 0.849609375 0.3362869125 0.8452690958333334
5 0.36883092500000003 0.8485243041666667 0.380221328125 0.8485243041666667 0.38835733125 0.8474392374999999 0.398120534375 0.8452690958333334 0.4062565375 0.8430989583333334 0.325710109375 0.2072482625 0.314319703125 0.205078125 0.3045565 0.205078125 0.290725296875 0.20941840416666666 0.28186798125 0.2159288208333333 0.28014849062499997 0.2159288208333333 0.36883092500000003 0.8441840291666666 0.36883092500000003 0.8485243041666667
5 0.38673013125 0.22026909583333334 0.34615834687499997 0.22135416666666666 0.413578940625 0.8528645833333334 0.45588615624999995 0.8430989583333334 0.38673013125 0.22026909583333334
5 0.501447771875 0.8409288208333333 0.429850946875 0.22135416666666666 0.393358865625 0.2235243041666667 0.392425334375 0.2256944458333333 0.45995415624999997 0.8517795125000001 0.501447771875 0.8409288208333333
5 0.468903759375 0.23111979166666666 0.43730417812500005 0.2322048625 0.507142975 0.8517795125000001 0.536432584375 0.8452690958333334 0.468903759375 0.23111979166666666
5 0.502261371875 0.23111979166666666 0.47229766875 0.234375 0.5405005875 0.8528645833333334 0.572231 0.8452690958333334 0.502261371875 0.23111979166666666
5 0.616165415625 0.8430989583333334 0.5437549875000001 0.23003472083333334 0.5388733875 0.23003472083333334 0.510546365625 0.234375 0.508770175 0.234375 0.5771126 0.8506944458333333 0.616165415625 0.8430989583333334
5 0.5844350031250001 0.22894965416666666 0.56165419375 0.23003472083333334 0.55042266875 0.234375 0.6210470156250001 0.8528645833333334 0.6568454312500001 0.8463541666666666 0.5844350031250001 0.22894965416666666
5 0.69671184375 0.8430989583333334 0.6194198156249999 0.2332899291666667 0.6145382125000001 0.2332899291666667 0.600707009375 0.234375 0.58948516875 0.23763020833333334 0.587689403125 0.23763020833333334 0.66091343125 0.849609375 0.69671184375 0.8430989583333334
5 0.722747053125 0.8441840291666666 0.6527774281250001 0.30381944583333337 0.637499490625 0.3059895833333333 0.634878221875 0.3081597208333333 0.704847846875 0.8474392374999999 0.722747053125 0.8441840291666666
5 0.672303834375 0.3049045125 0.656216940625 0.3081597208333333 0.72681505625 0.8463541666666666 0.7447142625 0.8430989583333334 0.672303834375 0.3049045125
5 0.703220646875 0.23003472083333334 0.670865378125 0.2332899291666667 0.752036665625 0.8474392374999999 0.783767075 0.8409288208333333 0.703220646875 0.23003472083333334
5 0.822819890625 0.8430989583333334 0.740646259375 0.23003472083333334 0.71155548125 0.2332899291666667 0.70891585 0.2322048625 0.790275878125 0.8485243041666667 0.822819890625 0.8430989583333334
5 0.839905496875 0.8452690958333334 0.8610591031249999 0.8409288208333333 0.776444671875 0.2332899291666667 0.746548971875 0.23763020833333334 0.7447142625 0.23763020833333334 0.82770149375 0.8441840291666666 0.839905496875 0.8452690958333334
5 0.878958309375 0.8474392374999999 0.8976711187499999 0.8485243041666667 0.878958309375 0.2354600708333333 0.8594319031250001 0.2354600708333333 0.847460428125 0.2354600708333333 0.8456007 0.234375 0.860245503125 0.8452690958333334 0.878958309375 0.8474392374999999