5 0.14014466875 0.9212239583333334 0.154789475 0.283203125 0.146653471875 0.28211805416666663 0.129567865625 0.2777777791666667 0.1189910625 0.2777777791666667 0.107714334375 0.2799479166666667 0.08970145 0.9244791666666666 0.134449465625 0.9244791666666666 0.14014466875 0.9212239583333334
5 0.203605490625 0.2810329875 0.158983865625 0.2799479166666667 0.14258546875 0.9223090291666666 0.1897742875 0.9244791666666666 0.203605490625 0.2810329875
5 0.23859030625000002 0.9223090291666666 0.24428550625 0.9223090291666666 0.249980709375 0.28211805416666663 0.2061843875 0.2799479166666667 0.194655890625 0.9223090291666666 0.197096690625 0.9233940958333334 0.23859030625000002 0.9223090291666666
5 0.303678328125 0.283203125 0.2573031125 0.28211805416666663 0.248353509375 0.9233940958333334 0.297169525 0.9233940958333334 0.303678328125 0.283203125
5 0.355748746875 0.283203125 0.30628204375 0.283203125 0.297983128125 0.9233940958333334 0.34842634375000003 0.9255642374999999 0.355748746875 0.283203125
5 0.400496765625 0.9255642374999999 0.405378365625 0.2799479166666667 0.3915471625 0.2777777791666667 0.359179178125 0.2766927083333333 0.353307946875 0.9255642374999999 0.39236076249999996 0.927734375 0.400496765625 0.9255642374999999
5 0.44931278125 0.9223090291666666 0.45419438437500004 0.28211805416666663 0.45012638125000004 0.2810329875 0.43059997499999997 0.2788628458333333 0.40800730312500005 0.2799479166666667 0.403751165625 0.9233940958333334 0.44361758125 0.9244791666666666 0.44931278125 0.9223090291666666
5 0.47778879375 0.9288194458333333 0.49243359687500005 0.9255642374999999 0.49487439999999994 0.37000867916666663 0.4615167875 0.3678385416666667 0.45988958750000003 0.9299045125000001 0.46395758750000005 0.9299045125000001 0.47778879375 0.9288194458333333
5 0.51277360625 0.9255642374999999 0.522536809375 0.9255642374999999 0.5306728125 0.9244791666666666 0.5314864125 0.37109375 0.4991531375 0.37109375 0.49406079687500004 0.9223090291666666 0.503010403125 0.9255642374999999 0.51277360625 0.9255642374999999
5 0.572166428125 0.9223090291666666 0.571352828125 0.37217882083333337 0.53577423125 0.37217882083333337 0.5347408125 0.9244791666666666 0.559148821875 0.9255642374999999 0.572166428125 0.9223090291666666
5 0.612846440625 0.9201388875000001 0.609592040625 0.37217882083333337 0.577048028125 0.37217882083333337 0.576234428125 0.9223090291666666 0.5990152375 0.9223090291666666 0.612846440625 0.9201388875000001
5 0.65515365625 0.9212239583333334 0.6697984625 0.9201388875000001 0.6665440625 0.29405382083333337 0.612271628125 0.29405382083333337 0.6193552437500001 0.9212239583333334 0.63644085 0.9201388875000001 0.65515365625 0.9212239583333334
5 0.7293157875 0.2951388875 0.676561990625 0.29405382083333337 0.675618165625 0.9201388875000001 0.726874984375 0.91796875 0.7293157875 0.2951388875
5 0.7895222093750001 0.9157986124999999 0.7919630093750001 0.2951388875 0.74721499375 0.2951388875 0.741666159375 0.2973090291666667 0.737451790625 0.91796875 0.7756910031250001 0.91796875 0.7895222093750001 0.9157986124999999
5 0.8066078156250001 0.3851996541666667 0.792935690625 0.3851996541666667 0.7919630093750001 0.8984375 0.804980615625 0.8951822916666666 0.8066078156250001 0.3851996541666667
5 0.845660628125 0.3678385416666667 0.829556784375 0.3667534708333333 0.830202221875 0.9114583333333334 0.845660628125 0.9114583333333334 0.845660628125 0.3678385416666667
5 0.8692550375 0.3656684041666667 0.8531570437499999 0.3645833333333333 0.85298303125 0.9136284708333334 0.8700686375 0.9114583333333334 0.8692550375 0.3656684041666667