4 0.8134765625 0.7635359375 0.8117046875 0.7520765625 0.3396796875 0.775484375 0.339315625 0.7859406250000001 0.8134765625 0.7635359375
4 0.8216015625 0.717415625 0.33670625 0.736303125 0.33865625 0.773703125 0.8214640624999999 0.7524171875000001 0.82303125 0.7386328125 0.8216015625 0.717415625
4 0.8228500000000001 0.6816390625000001 0.334815625 0.6971609375 0.3378515625 0.7345890625 0.8237984375 0.7166781249999999 0.82248125 0.692209375 0.8228500000000001 0.6816390625000001
4 0.822015625 0.6433484375 0.332896875 0.65883125 0.3348765625 0.6953984375 0.8262171875 0.6785 0.82595625 0.6548828125 0.822015625 0.6433484375
4 0.8179859374999999 0.603315625 0.3322046875 0.6164734375 0.33304374999999997 0.6546203125 0.8188484375 0.6407953125 0.8195578125 0.6204671875 0.8179859374999999 0.603315625
4 0.8217156250000001 0.558671875 0.33039999999999997 0.5748921874999999 0.33121093749999997 0.613840625 0.8202390625 0.600953125 0.8222328125 0.574971875 0.8217156250000001 0.558671875
4 0.3275375 0.532459375 0.32705625 0.54628125 0.3273796875 0.56810625 0.8238843749999999 0.558746875 0.8241343750000001 0.52049375 0.3275375 0.532459375
4 0.8328671875 0.5191703125 0.8334640625 0.5020953125000001 0.8308625 0.48327968749999994 0.3235359375 0.49161406249999995 0.3240234375 0.508728125 0.3244328125 0.528103125 0.8328671875 0.5191703125
4 0.8341453124999999 0.4825796875 0.8352515625000001 0.45086875 0.3227015625 0.45332343750000004 0.32265625 0.48569687500000003 0.8341453124999999 0.4825796875
4 0.8331687499999999 0.4483546875 0.8310234375000001 0.4165296875 0.3217828125 0.4174703125 0.322878125 0.448246875 0.8331687499999999 0.4483546875
4 0.8398687499999999 0.411953125 0.83769375 0.3809421875 0.3188078125 0.378290625 0.31981875 0.411496875 0.8398687499999999 0.411953125
4 0.8381484374999999 0.3679328125 0.8315515625 0.339209375 0.3072703125 0.3355546875 0.3083609375 0.366528125 0.8381484374999999 0.3679328125
4 0.8327500000000001 0.33599375 0.8303765625 0.310675 0.3549234375 0.3079109375 0.3562765625 0.331340625 0.8327500000000001 0.33599375
4 0.8468125000000001 0.30636406250000003 0.844525 0.2786046875 0.3531171875 0.26632812499999997 0.353159375 0.29621718750000003 0.8468125000000001 0.30636406250000003
4 0.8522296875 0.2756171875 0.8523375 0.2414296875 0.3057671875 0.22315625 0.3045546875 0.2578765625 0.8522296875 0.2756171875
4 0.8568734375 0.2358890625 0.8582078125000001 0.1976734375 0.2997375 0.17817031249999998 0.3028359375 0.21384375000000003 0.8568734375 0.2358890625