4 0.8829687500000001 0.850975 0.8762453125 0.8181406250000001 0.391653125 0.9099765625 0.396384375 0.9446140625 0.8829687500000001 0.850975
4 0.8802203125 0.8144500000000001 0.8691796875 0.78206875 0.3858109375 0.864778125 0.3908828125 0.9026421875 0.8802203125 0.8144500000000001
4 0.381475 0.8235125 0.383090625 0.8388859375 0.38902187499999996 0.8538062500000001 0.862115625 0.7459984375000001 0.8492578125 0.71708125 0.381475 0.8235125
4 0.836053125 0.7160140625 0.828275 0.693925 0.411440625 0.786821875 0.4162265625 0.8116031250000001 0.836053125 0.7160140625
4 0.826940625 0.6916109374999999 0.8194203124999999 0.67195 0.40837812500000004 0.7576921875 0.4144140625 0.783971875 0.826940625 0.6916109374999999
4 0.8331937500000001 0.6680484375 0.8274046875 0.6441140625 0.4043234375 0.7294859375 0.4101875 0.754140625 0.8331937500000001 0.6680484375
4 0.8335390625000001 0.640196875 0.8265015625000001 0.6147578125 0.4021703125 0.698625 0.4069546875 0.723384375 0.8335390625000001 0.640196875
4 0.8246890625000001 0.587134375 0.39876875 0.666259375 0.4048015625 0.6925171875 0.8296531249999999 0.6136078125 0.8280375 0.598234375 0.8246890625000001 0.587134375
4 0.8255125 0.5845921875 0.8100171875 0.5305921875 0.31625625 0.6078484375000001 0.3236171875 0.6675 0.8255125 0.5845921875
4 0.8146859375 0.47119999999999995 0.8014015625 0.4382359375 0.360878125 0.5548921874999999 0.3752421875 0.5877421875 0.8146859375 0.47119999999999995
4 0.7967453124999999 0.435453125 0.7824671875 0.40341250000000006 0.35347343750000004 0.515584375 0.36790781250000004 0.549103125 0.7967453124999999 0.435453125
4 0.791584375 0.396728125 0.787384375 0.37753437500000003 0.37442031249999996 0.4242125 0.3767828125 0.446703125 0.791584375 0.396728125
4 0.7880375 0.3733765625 0.782675 0.3534875 0.36920000000000003 0.39530937499999996 0.3717328125 0.41941249999999997 0.7880375 0.3733765625
4 0.779528125 0.32355 0.36148125000000003 0.363396875 0.3652625 0.388996875 0.7834140625 0.3501375 0.7844656249999999 0.3393921875 0.779528125 0.32355
4 0.78779375 0.3087734375 0.783340625 0.287153125 0.355665625 0.32883125 0.3615203125 0.3533859375 0.78779375 0.3087734375
4 0.328890625 0.3128296875 0.3311859375 0.3346765625 0.352578125 0.33059531249999996 0.7680625 0.28712343749999997 0.7651125000000001 0.269434375 0.328890625 0.3128296875
4 0.7928875 0.2534265625 0.79164375 0.220834375 0.32535 0.258390625 0.3312296875 0.2935625 0.7928875 0.2534265625
4 0.788078125 0.1557625 0.7834218749999999 0.1529796875 0.31355 0.1876390625 0.313975 0.191684375 0.3161015625 0.2119140625 0.3176328125 0.226478125 0.320071875 0.2393109375 0.3197359375 0.246490625 0.7903421875000001 0.1980640625 0.7938078125 0.18951875 0.788078125 0.1557625