6 0.22069531250000002 0.1595046875 0.1768875 0.15625 0.1767609375 0.824653125 0.2190671875 0.824653125 0.22069531250000002 0.1595046875
6 0.263815625 0.1627609375 0.2240875 0.1595046875 0.222321875 0.8268234375000001 0.2670703125 0.824653125 0.263815625 0.1627609375
6 0.272103125 0.21267343749999998 0.2695109375 0.8224828125 0.3386671875 0.8224828125 0.34192187500000004 0.8235671874999999 0.3443625 0.22026875 0.2955453125 0.2115890625 0.282528125 0.210503125 0.272103125 0.21267343749999998
6 0.39480468750000003 0.1736109375 0.34697187500000004 0.17144062499999999 0.342734375 0.8279078125 0.38992343749999997 0.8279078125 0.39480468750000003 0.1736109375
6 0.39905625 0.174696875 0.39561875 0.824653125 0.398059375 0.8279078125 0.43223124999999996 0.8279078125 0.4387390625 0.8279078125 0.4452484375 0.17578125 0.402940625 0.174696875 0.39905625 0.174696875
6 0.50626875 0.830078125 0.5192859375000001 0.8268234375000001 0.5257953125 0.2278640625 0.45520781250000003 0.22569374999999997 0.4493171875 0.8257375 0.50626875 0.830078125
6 0.5843734375 0.83441875 0.601459375 0.8311624999999999 0.6071546875 0.230034375 0.5365875 0.230034375 0.532303125 0.8322484375 0.5843734375 0.83441875
6 0.6088625000000001 0.8365890625000001 0.6397796875 0.83441875 0.6674421875000001 0.83441875 0.68778125 0.83441875 0.698359375 0.22895 0.6155265625 0.22569374999999997 0.6088625000000001 0.8365890625000001
6 0.702603125 0.230034375 0.689409375 0.8322484375 0.713003125 0.8311624999999999 0.7365984375 0.830078125 0.7699546875000001 0.8311624999999999 0.782159375 0.23329062500000003 0.7488015625 0.23329062500000003 0.702603125 0.230034375
6 0.8586375 0.2398 0.8456203125 0.2398 0.814703125 0.2376296875 0.7945640625 0.238715625 0.77565 0.8311624999999999 0.77971875 0.8311624999999999 0.8065671875 0.8322484375 0.8293484375 0.8322484375 0.8439937499999999 0.8311624999999999 0.8635187500000001 0.24197031249999998 0.8586375 0.2398
6 0.9473203124999999 0.2408859375 0.874909375 0.2398 0.8496874999999999 0.83441875 0.9220984375000001 0.835503125 0.9473203124999999 0.2408859375