6 0.15650625 0.19965312500000001 0.1150390625 0.19965312500000001 0.1654546875 0.8669703125 0.20206718750000002 0.8648 0.15650625 0.19965312500000001
6 0.20613593749999998 0.21484375 0.16468125 0.21592812499999997 0.2069484375 0.863715625 0.242746875 0.8626296874999999 0.20613593749999998 0.21484375
6 0.2183390625 0.18988750000000001 0.2094390625 0.18988750000000001 0.2460015625 0.8648 0.255765625 0.8648 0.2183390625 0.18988750000000001
6 0.2272890625 0.18988750000000001 0.22164687500000002 0.18988750000000001 0.25901874999999996 0.8669703125 0.26796875 0.863715625 0.2272890625 0.18988750000000001
6 0.2435609375 0.1888015625 0.23141250000000002 0.1888015625 0.269596875 0.8648 0.2809859375 0.8626296874999999 0.2435609375 0.1888015625
6 0.325734375 0.8582906250000001 0.3314296875 0.8572046875 0.297259375 0.219184375 0.2485015625 0.22026875 0.2850546875 0.859375 0.325734375 0.8582906250000001
6 0.38594062500000004 0.8517796875 0.3590921875 0.18120624999999999 0.3525828125 0.18012187500000001 0.339565625 0.1790359375 0.320853125 0.1790359375 0.311903125 0.18120624999999999 0.3014 0.1844625 0.33549843749999997 0.8528640624999999 0.3387515625 0.855034375 0.344446875 0.8582906250000001 0.3542109375 0.859375 0.36560156250000003 0.8582906250000001 0.3753640625 0.855034375 0.38594062500000004 0.8517796875
6 0.39082343750000004 0.849609375 0.39733125 0.8485250000000001 0.4046546875 0.8485250000000001 0.38268749999999996 0.258246875 0.3769921875 0.25933125 0.3673171875 0.25933125 0.39082343750000004 0.849609375
6 0.3965171875 0.205078125 0.3844078125 0.2083328125 0.4095359375 0.8322484375 0.4184859375 0.835503125 0.4290625 0.8365890625000001 0.44289375 0.8322484375 0.42092656249999993 0.205078125 0.413603125 0.205078125 0.3965171875 0.205078125
6 0.4656734375 0.2571609375 0.45265625 0.258246875 0.436384375 0.258246875 0.4242828125 0.25933125 0.44370624999999997 0.8322484375 0.44777500000000003 0.8333328124999999 0.4559109375 0.83441875 0.4656734375 0.835503125 0.4746234375 0.835503125 0.48357343750000004 0.8311624999999999 0.4656734375 0.2571609375
6 0.5323890625 0.8506937499999999 0.5388984375 0.8463546875000001 0.5275078125 0.174696875 0.5169312500000001 0.1736109375 0.4974046875 0.174696875 0.48031875 0.1736109375 0.46648750000000005 0.1790359375 0.468228125 0.2560765625 0.4852 0.8485250000000001 0.49008124999999997 0.849609375 0.49659062499999995 0.8517796875 0.5063546875 0.8528640624999999 0.51774375 0.8528640624999999 0.5250671875 0.8506937499999999 0.5323890625 0.8506937499999999
6 0.565746875 0.2756078125 0.5349609375 0.277778125 0.5405249999999999 0.844184375 0.5714421875 0.844184375 0.565746875 0.2756078125
6 0.616190625 0.23220468749999998 0.6096812500000001 0.23220468749999998 0.5942234375 0.23329062500000003 0.5675125000000001 0.234375 0.5714421875 0.824653125 0.5828328125 0.8289937500000001 0.5925953125000001 0.830078125 0.6039859375 0.830078125 0.6121218749999999 0.8279078125 0.6194437500000001 0.824653125 0.616190625 0.23220468749999998
6 0.7447390625 0.22243906249999998 0.6503609375 0.22569374999999997 0.6365296875 0.22677968750000002 0.6285484375 0.22677968750000002 0.6316484375 0.844184375 0.6389703124999999 0.8528640624999999 0.7032453125 0.8517796875 0.71138125 0.849609375 0.718703125 0.8474390625 0.7268390625000001 0.8376734375 0.7447390625 0.22243906249999998
6 0.820403125 0.21701406250000002 0.7555015625 0.21592812499999997 0.736603125 0.83984375 0.7406703125 0.8430984374999999 0.7553156249999999 0.8463546875000001 0.769146875 0.84526875 0.7813515625 0.8430984374999999 0.791928125 0.8409281249999999 0.820403125 0.21701406250000002