5 0.086428484375 0.8658854166666666 0.035985265625 0.23871527916666666 0.018899659375 0.23763020833333334 0.001000453125 0.23763020833333334 0.001000453125 0.3266059041666667 0.048189271875 0.869140625 0.062834078125 0.8723958333333334 0.07991968125 0.8702256958333333 0.086428484375 0.8658854166666666
5 0.080733284375 0.18880208333333334 0.036099753125 0.19097222083333334 0.0921236875 0.8658854166666666 0.135244503125 0.8561197916666666 0.080733284375 0.18880208333333334
5 0.17917891875 0.8582899291666667 0.1295493 0.1866319458333333 0.083300271875 0.1877170125 0.133617303125 0.8582899291666667 0.136058103125 0.8658854166666666 0.17917891875 0.8582899291666667
5 0.201959728125 0.8637152791666666 0.21579093125 0.8637152791666666 0.2296221375 0.8582899291666667 0.242639740625 0.8550347208333334 0.24833494374999998 0.8485243041666667 0.20765493125 0.16059027916666666 0.13538360625 0.1671006958333333 0.18161971875 0.8561197916666666 0.191382921875 0.8626302083333334 0.201959728125 0.8637152791666666
5 0.275997353125 0.8550347208333334 0.28982855937499996 0.8528645833333334 0.306100565625 0.8485243041666667 0.319931771875 0.8420138875000001 0.28250615625000003 0.1573350708333333 0.25565734687499997 0.15625 0.2328765375 0.1584201375 0.21188100312499997 0.16059027916666666 0.253216546875 0.8474392374999999 0.26297975 0.8528645833333334 0.275997353125 0.8550347208333334
5 0.32888137500000003 0.1768663208333333 0.290819803125 0.17903645833333334 0.32481337187500003 0.8420138875000001 0.359798184375 0.8376736124999999 0.32888137500000003 0.1768663208333333
5 0.3964102 0.8355034708333334 0.3663069875 0.1746961791666667 0.34922138125 0.17578125 0.33150990937499997 0.1779513875 0.361425384375 0.8376736124999999 0.38257899375000004 0.8387586791666667 0.3964102 0.8355034708333334
5 0.38176539374999996 0.20833333333333334 0.37464141875 0.20833333333333334 0.3964102 0.8463541666666666 0.40698700312499997 0.8441840291666666 0.38176539374999996 0.20833333333333334
5 0.40865173437499996 0.2061631958333333 0.383430125 0.2061631958333333 0.40783813437500005 0.8441840291666666 0.42976780937500003 0.8409288208333333 0.40865173437499996 0.2061631958333333
5 0.42817814062500004 0.2029079875 0.4210281375 0.2039930541666667 0.44119574687499996 0.8430989583333334 0.45014535 0.8420138875000001 0.42817814062500004 0.2029079875
5 0.45502695312499997 0.2029079875 0.43160756562499997 0.2039930541666667 0.45177255 0.8420138875000001 0.47455335937500004 0.83984375 0.45502695312499997 0.2029079875
5 0.515233375 0.8322482625000001 0.528250978125 0.8279079874999999 0.513606171875 0.16927083333333334 0.46253204375 0.16927083333333334 0.48106216249999995 0.8365885416666666 0.495706965625 0.8355034708333334 0.515233375 0.8322482625000001
5 0.57218539375 0.1671006958333333 0.519498190625 0.16927083333333334 0.5331325812500001 0.8289930541666667 0.5827622 0.8235677083333334 0.57218539375 0.1671006958333333
5 0.626696615625 0.1638454875 0.576464334375 0.1649305541666667 0.5884574 0.8246527791666666 0.63320541875 0.8203125 0.626696615625 0.1638454875
5 0.679635921875 0.16276041666666666 0.635058084375 0.16276041666666666 0.637328709375 0.8203125 0.681263125 0.8170572916666666 0.679635921875 0.16276041666666666
5 0.723570340625 0.224609375 0.68225860625 0.2256944458333333 0.683703925 0.8051215291666666 0.721943140625 0.8029513875000001 0.723570340625 0.224609375
5 0.7740135593749999 0.22135416666666666 0.731900534375 0.2224392375 0.725197540625 0.8051215291666666 0.7666911562500001 0.7996961791666667 0.7740135593749999 0.22135416666666666
5 0.803338884375 0.7996961791666667 0.8114748875 0.7986111124999999 0.8253060937500001 0.1573350708333333 0.783983865625 0.1573350708333333 0.774049275 0.80078125 0.783812478125 0.80078125 0.803338884375 0.7996961791666667
5 0.8871397156249999 0.15082465416666666 0.8472733 0.15190972083333334 0.820424490625 0.8018663208333333 0.86029090625 0.8018663208333333 0.8871397156249999 0.15082465416666666
5 0.98477175 0.12803819583333334 0.9239578249999999 0.12803819583333334 0.891207715625 0.8235677083333334 0.940023734375 0.8213975708333333 0.98477175 0.12803819583333334
5 0.991280553125 0.2072482625 0.981737771875 0.20833333333333334 0.9432781374999999 0.7877604166666666 0.9741949468750001 0.7801649291666667 0.991280553125 0.2072482625