4 0.129565625 0.1681859375 0.1051578125 0.1671 0.093065625 0.166015625 0.09458124999999999 0.796440625 0.10108906250000001 0.7975265625 0.125496875 0.7975265625 0.1368875 0.79535625 0.1466515625 0.796440625 0.138515625 0.1681859375 0.129565625 0.1681859375
4 0.15654218749999999 0.176865625 0.1588546875 0.7921 0.1678046875 0.7931859375 0.18977187499999998 0.7921 0.20523125000000003 0.791015625 0.1954671875 0.17578125 0.1767546875 0.17578125 0.15654218749999999 0.176865625
4 0.2141796875 0.7942703125 0.26869062499999996 0.7931859375 0.2654375 0.1790359375 0.249165625 0.17578125 0.2296390625 0.1779515625 0.21595 0.1779515625 0.2141796875 0.7942703125
4 0.3012359375 0.22026875 0.272915625 0.2180984375 0.2711328125 0.79535625 0.2996078125 0.7931859375 0.3012359375 0.22026875
4 0.330525 0.22026875 0.30546875 0.219184375 0.3012359375 0.7942703125 0.32889843750000003 0.796440625 0.330525 0.22026875
4 0.35981406250000003 0.2213546875 0.334765625 0.219184375 0.3321515625 0.796440625 0.3590015625 0.796440625 0.35981406250000003 0.2213546875
4 0.39073125000000003 0.22352500000000003 0.36795 0.22352500000000003 0.3638828125 0.79535625 0.3923578125 0.7942703125 0.39073125000000003 0.22352500000000003
4 0.44687031250000003 0.1833765625 0.3988671875 0.1833765625 0.39642656249999997 0.7942703125 0.44605625 0.7942703125 0.44687031250000003 0.1833765625
4 0.4501234375 0.7931859375 0.50138125 0.7942703125 0.5054484375 0.1844625 0.4568359375 0.1822921875 0.4501234375 0.7888453125 0.4501234375 0.7931859375
4 0.512771875 0.18988750000000001 0.5054484375 0.7888453125 0.508703125 0.7942703125 0.5485703125 0.7931859375 0.5510109375 0.7921 0.5583328125 0.1931421875 0.5583328125 0.19097187499999999 0.512771875 0.18988750000000001
4 0.568096875 0.1888015625 0.5626296875000001 0.19097187499999999 0.55670625 0.7931859375 0.5599609375 0.79535625 0.5998265625 0.796440625 0.601453125 0.7931859375 0.6112171875 0.2007375 0.6079625 0.1888015625 0.568096875 0.1888015625
4 0.6340828125 0.7975265625 0.6544218749999999 0.79535625 0.6633718749999999 0.185546875 0.6171546875 0.1844625 0.603165625 0.796440625 0.6340828125 0.7975265625
4 0.6934750000000001 0.796440625 0.7056796875 0.7942703125 0.7170703125 0.185546875 0.6692375 0.185546875 0.6568640625 0.7975265625 0.6934750000000001 0.796440625
4 0.736596875 0.7942703125 0.7650718750000001 0.7942703125 0.7772765625 0.24522499999999997 0.7229484375 0.24305625000000003 0.7130015625 0.7942703125 0.736596875 0.7942703125
4 0.7740218750000001 0.7931859375 0.806565625 0.7931859375 0.8350421875 0.7921 0.8513140625 0.2408859375 0.8203968749999999 0.2376296875 0.7847984375 0.2376296875 0.7740218750000001 0.7931859375
4 0.9017578125 0.238715625 0.8749078125 0.2376296875 0.8586359375000001 0.7975265625 0.8740953125 0.796440625 0.896875 0.79535625 0.914775 0.7931859375 0.9139609375 0.775825 0.935928125 0.2398 0.9017578125 0.238715625