6 0.041582812499999997 0.0805265625 0.0082515625 0.07944218750000001 0.08792187500000001 0.8858937499999999 0.1171875 0.8902296875 0.041582812499999997 0.0805265625
6 0.0643453125 0.08594531250000001 0.0367046875 0.09028125000000001 0.1147484375 0.8826421874999999 0.13344687500000002 0.8793906249999999 0.0643453125 0.08594531250000001
6 0.1358859375 0.0783578125 0.072475 0.0772734375 0.1310078125 0.8793906249999999 0.188728125 0.8837249999999999 0.1358859375 0.0783578125
6 0.1968578125 0.081609375 0.132634375 0.0772734375 0.19360468749999998 0.8858937499999999 0.234253125 0.8837249999999999 0.1968578125 0.081609375
6 0.2545765625 0.2257734375 0.20579999999999998 0.22685781249999998 0.246446875 0.8913140625 0.2814046875 0.8902296875 0.2545765625 0.2257734375
6 0.301728125 0.22902499999999998 0.24969843749999998 0.2257734375 0.2830296875 0.884809375 0.3269296875 0.8880609375 0.301728125 0.22902499999999998
6 0.347253125 0.22685781249999998 0.2976640625 0.2279421875 0.3269296875 0.8869781250000001 0.3659515625 0.8891453125 0.347253125 0.22685781249999998
6 0.41716875 0.2257734375 0.34237656250000004 0.22469062499999998 0.367578125 0.8880609375 0.423671875 0.884809375 0.41716875 0.2257734375
6 0.4748875 0.23227812499999997 0.41472968750000005 0.23119375 0.41960625 0.894565625 0.47976562500000003 0.8967328125 0.4748875 0.23227812499999997
6 0.5171609375 0.0870296875 0.4813921875 0.0848609375 0.47813906250000004 0.8956484375 0.512284375 0.8956484375 0.5171609375 0.0870296875
6 0.5545578124999999 0.0848609375 0.5163484375 0.08269375 0.513096875 0.8967328125 0.5431765625 0.8956484375 0.5545578124999999 0.0848609375
6 0.591140625 0.104371875 0.55293125 0.104371875 0.55293125 0.8978171875 0.5781328125 0.894565625 0.591140625 0.104371875
6 0.635040625 0.1119609375 0.59845625 0.1119609375 0.580571875 0.8967328125 0.6155296875 0.894565625 0.635040625 0.1119609375
6 0.6716234375 0.23444531249999997 0.6301625 0.2366140625 0.61878125 0.89348125 0.6561765625 0.89348125 0.6716234375 0.23444531249999997
6 0.7017015625 0.22902499999999998 0.6659328125 0.2279421875 0.6496734375 0.8967328125 0.6830046875 0.9032359375000001 0.7017015625 0.22902499999999998
6 0.736659375 0.23878125 0.702515625 0.2366140625 0.681378125 0.9054046874999999 0.7114578125000001 0.9032359375000001 0.736659375 0.23878125
6 0.757796875 0.2366140625 0.7277171874999999 0.23444531249999997 0.70901875 0.907571875 0.7293421875 0.9119078125 0.757796875 0.2366140625
6 0.8082 0.21059843749999999 0.758609375 0.21493437499999998 0.73096875 0.9054046874999999 0.7683640625 0.90106875 0.8082 0.21059843749999999
6 0.8520984374999999 0.20734687499999999 0.802509375 0.20626250000000002 0.7651125000000001 0.9043203125 0.8130765625 0.9043203125 0.8520984374999999 0.20734687499999999
6 0.9325812499999999 0.08377812500000001 0.8561640625000001 0.081609375 0.8122640625 0.9021531250000001 0.8699843749999999 0.8999843750000001 0.9325812499999999 0.08377812500000001
6 0.9374593750000001 0.9043203125 0.99924375 0.1639890625 0.9997484375000001 0.0796375 0.9350203125000001 0.089196875 0.8707968749999999 0.910825 0.9374593750000001 0.9043203125
6 0.9997484375000001 0.27755312499999996 0.99843125 0.174828125 0.93095625 0.9064890625 0.960221875 0.9097406250000001 0.9997484375000001 0.45766093750000003 0.9997484375000001 0.27755312499999996