6 0.16487812500000001 0.192875 0.16838906250000002 0.227440625 0.6095546875 0.227575 0.6093765624999999 0.1863046875 0.16487812500000001 0.192875
6 0.5976953125 0.2675484375 0.5985078125000001 0.2296078125 0.164625 0.2287046875 0.1631421875 0.23925625 0.16283125 0.249971875 0.1661625 0.26030312499999997 0.5976953125 0.2675484375
6 0.599853125 0.3051140625 0.5976375 0.26983437499999996 0.172703125 0.2648078125 0.17543124999999998 0.2969578125 0.599853125 0.3051140625
6 0.1562828125 0.29657187500000004 0.1625703125 0.3369078125 0.66334375 0.3552828125 0.664128125 0.309428125 0.1562828125 0.29657187500000004
6 0.6630874999999999 0.40814843749999996 0.6649468749999999 0.36088749999999997 0.157509375 0.3388859375 0.161575 0.3780125 0.6630874999999999 0.40814843749999996
6 0.64339375 0.4546953125 0.6435875 0.41078749999999997 0.16694375 0.3823546875 0.16996093750000002 0.4204359375 0.64339375 0.4546953125
6 0.178646875 0.5032515625 0.6570140624999999 0.5534453125 0.6588734374999999 0.46844843750000004 0.17144062499999999 0.426921875 0.178646875 0.5032515625
6 0.179325 0.5069328125 0.18375625 0.5774921875000001 0.6544296875 0.6404015625 0.6541750000000001 0.5566328125 0.179325 0.5069328125
6 0.6549625 0.6446125 0.179621875 0.5813953125 0.175853125 0.5996937499999999 0.17776562499999998 0.61161875 0.6557578125 0.6814859375 0.6549625 0.6446125
6 0.1727046875 0.6135984375 0.1720859375 0.61799375 0.17165312500000002 0.6295890625 0.171465625 0.6394265625 0.17306875 0.64503125 0.65149375 0.7203390625 0.65291875 0.6846734375 0.1727046875 0.6135984375
6 0.14659375 0.654759375 0.146959375 0.6861937499999999 0.64099375 0.778040625 0.6409984375 0.7439703125 0.14659375 0.654759375
6 0.6417890625 0.8149140625 0.64191875 0.7799640625 0.1467109375 0.6879515625 0.1488171875 0.720225 0.6417890625 0.8149140625
6 0.13683125000000002 0.724221875 0.13873437500000002 0.787253125 0.6292484375 0.8956421875 0.6282109375 0.82645625 0.13683125000000002 0.724221875
6 0.62374375 0.960321875 0.6267796875 0.8961921875 0.1412015625 0.7867031250000001 0.13583125000000001 0.8406828125000001 0.62374375 0.960321875