4 0.1043796875 0.2761328125 0.1155765625 0.309021875 0.5454640625 0.2099125 0.5360078125000001 0.169740625 0.1043796875 0.2761328125
4 0.1121921875 0.31110000000000004 0.113121875 0.321715625 0.1152296875 0.3322265625 0.12079843750000001 0.34154375 0.5429015625 0.25152968750000004 0.5351578124999999 0.2143796875 0.1121921875 0.31110000000000004
4 0.553453125 0.28764687499999997 0.543359375 0.25377031250000004 0.128184375 0.3444625 0.138075 0.3751734375 0.553453125 0.28764687499999997
4 0.11933125 0.37910625 0.13453125 0.41699374999999994 0.626603125 0.322246875 0.617053125 0.2773921875 0.11933125 0.37910625
4 0.6382453124999999 0.373815625 0.6294265625000001 0.3273484375 0.1300453125 0.420059375 0.14280781250000002 0.45726875 0.6382453124999999 0.373815625
4 0.629528125 0.42359843750000004 0.6198375 0.3807734375 0.149015625 0.460290625 0.16052187499999998 0.49671875 0.629528125 0.42359843750000004
4 0.187615625 0.57545625 0.6650125 0.5167546875 0.6477031249999999 0.43351875 0.163421875 0.502703125 0.187615625 0.57545625
4 0.1891046875 0.578890625 0.20929375 0.6466453125 0.6820546875 0.6020640625 0.6629640625000001 0.5204984375 0.1891046875 0.578890625
4 0.20614218750000002 0.651378125 0.2065875 0.67005625 0.2111328125 0.6812453125 0.6925921875000001 0.641796875 0.6835218750000001 0.606046875 0.20614218750000002 0.651378125
4 0.21125 0.7097562500000001 0.21407343750000002 0.7148578125 0.6971765624999999 0.6806125 0.6905421875 0.6455421875 0.20664687499999998 0.6843125 0.20703437500000002 0.688734375 0.20921875 0.7001296875 0.21125 0.7097562500000001
4 0.190465625 0.7302921875 0.19789218749999998 0.7608374999999999 0.699925 0.7391984375 0.692265625 0.7059984375 0.190465625 0.7302921875
4 0.7089953125 0.7749484375 0.701259375 0.7408640625 0.198046875 0.7626062499999999 0.20735781250000002 0.7935796875000001 0.7089953125 0.7749484375
4 0.196578125 0.8001703125 0.21261093749999999 0.8611578124999999 0.7149359375000001 0.8564265625 0.6983609375000001 0.789246875 0.196578125 0.8001703125
4 0.7241234375000001 0.9206875 0.712653125 0.85751875 0.2148921875 0.8600671875 0.22180312500000002 0.9138718750000001 0.7241234375000001 0.9206875