5 0.228864634375 0.8582899291666667 0.164590209375 0.27452257083333337 0.131314596875 0.2766927083333333 0.129605396875 0.2777777791666667 0.202829425 0.8626302083333334 0.228864634375 0.8582899291666667
5 0.20527022499999997 0.2734375 0.165494284375 0.27452257083333337 0.23049183437499998 0.859375 0.25815424375 0.8550347208333334 0.20527022499999997 0.2734375
5 0.2386278375 0.2712673625 0.20608382500000003 0.27235242916666663 0.260595046875 0.8539496541666666 0.28825745625 0.849609375 0.2386278375 0.2712673625
5 0.27279905000000004 0.2712673625 0.24106863750000002 0.2712673625 0.28988465625000004 0.8506944458333333 0.317547065625 0.8463541666666666 0.27279905000000004 0.2712673625
5 0.298020659375 0.2072482625 0.27279905000000004 0.205078125 0.319174265625 0.8474392374999999 0.338700675 0.8441840291666666 0.298020659375 0.2072482625
5 0.32324226875 0.205078125 0.30139923125 0.2061631958333333 0.341955075 0.8420138875000001 0.36229508125 0.8355034708333334 0.32324226875 0.205078125
5 0.369617484375 0.31141492916666663 0.33639272187499997 0.3125 0.36392228437499996 0.8365885416666666 0.39483909375000004 0.8311631958333333 0.369617484375 0.31141492916666663
5 0.4102975 0.3092447916666667 0.37545522187499997 0.31141492916666663 0.39890709687500003 0.8333333333333334 0.42738310625000003 0.8268229166666666 0.4102975 0.3092447916666667
5 0.43795990937499996 0.3287760416666667 0.4127383 0.33094617916666663 0.43145110937500003 0.8268229166666666 0.450163915625 0.8203125 0.43795990937499996 0.3287760416666667
5 0.477826325 0.8181423624999999 0.46480871874999996 0.3287760416666667 0.44137319062499997 0.3287760416666667 0.454231915625 0.8224826375000001 0.46887672187499996 0.8224826375000001 0.477826325 0.8181423624999999
5 0.5087431375 0.3190104166666667 0.46904245937500005 0.32118055416666663 0.481080725 0.8192274291666667 0.5144383375 0.8138020833333334 0.5087431375 0.3190104166666667
5 0.5575591531249999 0.3190104166666667 0.5186843875 0.322265625 0.5209471406249999 0.8333333333333334 0.5575591531249999 0.8257378458333334 0.5575591531249999 0.3190104166666667
5 0.60149356875 0.3190104166666667 0.559999953125 0.32118055416666663 0.559999953125 0.8257378458333334 0.5949847687500001 0.8224826375000001 0.60149356875 0.3190104166666667
5 0.63403758125 0.8127170125000001 0.6462415874999999 0.3146701375 0.604747971875 0.3157552083333333 0.59661196875 0.8170572916666666 0.59905276875 0.8192274291666667 0.63403758125 0.8127170125000001
5 0.673903996875 0.31141492916666663 0.645427984375 0.31141492916666663 0.63485118125 0.8094618041666667 0.660886390625 0.8062065958333334 0.673903996875 0.31141492916666663
5 0.708075209375 0.3049045125 0.676344796875 0.3092447916666667 0.66251359375 0.8072916666666666 0.687735203125 0.8029513875000001 0.708075209375 0.3049045125
5 0.749617453125 0.2452256958333333 0.72358224375 0.24739583333333334 0.698360634375 0.8148871541666666 0.72032784375 0.8116319458333333 0.749617453125 0.2452256958333333
5 0.78867026875 0.2463107625 0.761821459375 0.2463107625 0.728463846875 0.8148871541666666 0.75124465625 0.8159722208333334 0.78867026875 0.2463107625
5 0.8195870812500001 0.244140625 0.79456329375 0.2452256958333333 0.75368545625 0.8138020833333334 0.777279865625 0.8138020833333334 0.8195870812500001 0.244140625
5 0.8553854937500001 0.24739583333333334 0.82528228125 0.24956597083333334 0.78622946875 0.8127170125000001 0.809010275 0.8083767374999999 0.8553854937500001 0.24739583333333334
5 0.8854887031249999 0.2463107625 0.8604812624999999 0.24956597083333334 0.813078278125 0.8083767374999999 0.8374862875 0.8018663208333333 0.8854887031249999 0.2463107625
5 0.9155919156250001 0.2615017375 0.890591940625 0.263671875 0.8423678875 0.8072916666666666 0.863521496875 0.8029513875000001 0.9155919156250001 0.2615017375
5 0.940813525 0.2701822916666667 0.9215164187499999 0.2712673625 0.865962296875 0.8051215291666666 0.8854887031249999 0.8018663208333333 0.940813525 0.2701822916666667
5 0.954644728125 0.3255208333333333 0.939420065625 0.3276909708333333 0.89118390625 0.8018663208333333 0.9066423125 0.7986111124999999 0.954644728125 0.3255208333333333
5 0.9806799375 0.3255208333333333 0.96278073125 0.3266059041666667 0.9139647156249999 0.8018663208333333 0.9294231187499999 0.7986111124999999 0.9806799375 0.3255208333333333