0 0.06028063125000001 0.26046002500000004 0.00906445 0.26046002500000004 0.020445825 0.9769445875 0.07247495937500001 0.9747767083333333 0.06028063125000001 0.26046002500000004
0 0.105806125 0.23769727916666666 0.053776990625 0.23119363333333334 0.074913828125 0.9791124708333334 0.12531705312500002 0.9747767083333333 0.105806125 0.23769727916666666
0 0.146453890625 0.15748569166666665 0.097676575 0.15965357083333334 0.114748634375 0.9769445875 0.1692166375 0.9715248875 0.146453890625 0.15748569166666665
0 0.186288696875 0.11846384166666667 0.145640934375 0.11846384166666667 0.16190003749999998 0.9726088291666667 0.202547803125 0.9736927666666666 0.186288696875 0.11846384166666667
0 0.221245771875 0.12821930416666666 0.176533234375 0.13038718333333332 0.20498666875 0.97586065 0.241569653125 0.9693570083333333 0.221245771875 0.12821930416666666
0 0.273274909375 0.05451135833333333 0.2098644 0.05667924166666667 0.23587896874999997 0.9704409458333333 0.288721059375 0.9650212458333333 0.273274909375 0.05451135833333333
0 0.32123926875 0.1217156625 0.273274909375 0.12496748333333334 0.28465628125000003 0.9671891250000001 0.335059509375 0.9585176041666668 0.32123926875 0.1217156625
0 0.344002015625 0.11846384166666667 0.3163615375 0.1173799 0.33099473125 0.961769425 0.36188703125 0.9639373041666667 0.344002015625 0.11846384166666667
0 0.37733318125 0.1130441375 0.3472538375 0.11412807916666666 0.368390675 0.9639373041666667 0.396031153125 0.9650212458333333 0.37733318125 0.1130441375
0 0.41798094375000006 0.12388354166666667 0.378959090625 0.12063172083333333 0.3976570625 0.9628533666666667 0.43098822812500004 0.9541818416666668 0.41798094375000006 0.12388354166666667
0 0.44155664687499996 0.12388354166666667 0.417167990625 0.12496748333333334 0.4285493625 0.9606854833333334 0.46106757187499997 0.9563497208333334 0.44155664687499996 0.12388354166666667
0 0.507406021875 0.22902575416666665 0.45212506562500004 0.23119363333333334 0.457002796875 0.9574336625 0.51472261875 0.9498460791666666 0.507406021875 0.22902575416666665
0 0.5382983218749999 0.11412807916666666 0.51634853125 0.11846384166666667 0.5212262625 0.9530978999999999 0.5448019656249999 0.9465942583333333 0.5382983218749999 0.11412807916666666
0 0.5675647125000001 0.12063172083333333 0.5382983218749999 0.11846384166666667 0.5521185625 0.9541818416666668 0.58219790625 0.9509300208333333 0.5675647125000001 0.12063172083333333
0 0.6017088312500001 0.1412265875 0.5756942625 0.14881417083333334 0.574881309375 0.9411745583333333 0.61227725 0.9368387958333333 0.6017088312500001 0.1412265875
0 0.6374788625 0.13797476666666667 0.6065865625 0.14231052916666667 0.61146429375 0.9465942583333333 0.6415436406249999 0.9455103208333333 0.6374788625 0.13797476666666667
0 0.666745253125 0.10654049583333333 0.6326011312500001 0.10979231666666665 0.636665909375 0.9465942583333333 0.669997071875 0.9357548541666667 0.666745253125 0.10654049583333333
0 0.70983188125 0.1076244375 0.6724359375 0.108708375 0.6813784468749999 0.9455103208333333 0.7147096125 0.9357548541666667 0.70983188125 0.1076244375
0 0.748853734375 0.1130441375 0.71389665625 0.11087625833333334 0.711457790625 0.9379227375 0.761861015625 0.9346709166666667 0.748853734375 0.1130441375
0 0.7878755843749999 0.10545655416666667 0.7577962406250001 0.11087625833333334 0.7512926 0.9368387958333333 0.798444003125 0.9249154541666668 0.7878755843749999 0.10545655416666667
0 0.829336303125 0.10654049583333333 0.789501496875 0.09678503333333334 0.798444003125 0.9335869750000001 0.8350269906250001 0.9303351541666667 0.829336303125 0.10654049583333333
0 0.8537249593749999 0.103288675 0.830149259375 0.10437261666666667 0.84153063125 0.9303351541666667 0.865106334375 0.928167275 0.8537249593749999 0.103288675
0 0.8878690812500001 0.103288675 0.8577897374999999 0.1076244375 0.86266746875 0.9249154541666668 0.8959986343749999 0.9216636333333333 0.8878690812500001 0.103288675
0 0.93827230625 0.13038718333333332 0.894372725 0.13363900416666666 0.909818875 0.9259993916666667 0.9569702781249999 0.9216636333333333 0.93827230625 0.13038718333333332