0 0.85860269375 0.08594562916666666 0.8187678843749999 0.09028139166666667 0.8057605999999999 0.6864485791666667 0.8382788124999999 0.6918682791666666 0.85860269375 0.08594562916666666
0 0.777307165625 0.6799449375 0.8090124218750001 0.6799449375 0.8138901531249999 0.08702957083333333 0.778933078125 0.08486168749999999 0.777307165625 0.6799449375
0 0.78137194375 0.2279418125 0.74072418125 0.23336151666666666 0.75047964375 0.6831967583333333 0.77974603125 0.6799449375 0.78137194375 0.2279418125
0 0.72527803125 0.6734412916666667 0.753731465625 0.6766931166666666 0.74641486875 0.23769727916666666 0.709018925 0.23661333750000002 0.72527803125 0.6734412916666667
0 0.706580059375 0.24962062083333333 0.6797525375 0.24853667916666666 0.6992634625 0.6734412916666667 0.722026209375 0.6701894708333334 0.706580059375 0.24962062083333333
0 0.67893958125 0.6680215916666667 0.692759821875 0.6691055333333333 0.6675582062500001 0.05667924166666667 0.63829181875 0.061015 0.67893958125 0.6680215916666667
0 0.6334140875000001 0.062098941666666664 0.6017088312500001 0.06318288333333334 0.655363878125 0.6734412916666667 0.6756877593749999 0.6691055333333333 0.6334140875000001 0.062098941666666664
0 0.6179679375 0.6723573541666668 0.654550925 0.6712734124999999 0.6098383843749999 0.22143817083333334 0.565125846875 0.2279418125 0.6179679375 0.6723573541666668
0 0.549679696875 0.07835804583333333 0.522852171875 0.08594562916666666 0.6065865625 0.6669376499999999 0.619593846875 0.6647697708333333 0.549679696875 0.07835804583333333
0 0.58057199375 0.6658537125 0.605773609375 0.6647697708333333 0.5212262625 0.09136533333333333 0.48870804999999995 0.09461715416666668 0.58057199375 0.6658537125
0 0.513909665625 0.23878121666666668 0.500089425 0.23878121666666668 0.569190621875 0.6669376499999999 0.58138495 0.6669376499999999 0.513909665625 0.23878121666666668
0 0.5545574281250001 0.6669376499999999 0.568377665625 0.6647697708333333 0.49927646875000004 0.24528485833333333 0.482204409375 0.23552939583333332 0.5545574281250001 0.6669376499999999
0 0.47407485625 0.1845842 0.44155664687499996 0.19000390416666668 0.534233546875 0.6669376499999999 0.5561833375 0.6658537125 0.47407485625 0.1845842
0 0.513909665625 0.6691055333333333 0.5382983218749999 0.6647697708333333 0.4439955125 0.18133237916666667 0.416355034375 0.19325572500000002 0.513909665625 0.6691055333333333
0 0.417167990625 0.20626300833333333 0.39521819687500004 0.21059876666666666 0.500089425 0.6658537125 0.513909665625 0.6636858291666666 0.417167990625 0.20626300833333333
0 0.49195987187499995 0.6658537125 0.502528290625 0.6647697708333333 0.3976570625 0.21059876666666666 0.379772046875 0.21601847083333334 0.49195987187499995 0.6658537125
0 0.360261121875 0.13472294583333333 0.3318076875 0.13797476666666667 0.46513235 0.6636858291666666 0.48870804999999995 0.6658537125 0.360261121875 0.13472294583333333
0 0.445621421875 0.6680215916666667 0.4635064375 0.6680215916666667 0.33668541875 0.13797476666666667 0.29847652187499996 0.14231052916666667 0.445621421875 0.6680215916666667
0 0.31554858124999996 0.21059876666666666 0.294411746875 0.21601847083333334 0.425297540625 0.66151795 0.44480846874999996 0.6669376499999999 0.31554858124999996 0.21059876666666666
0 0.4090384375 0.6604340083333333 0.426923453125 0.6604340083333333 0.2968506125 0.2084308875 0.274087865625 0.21601847083333334 0.4090384375 0.6604340083333333
0 0.29603765625 0.29297823333333334 0.274087865625 0.3038176375 0.384649778125 0.6626018916666666 0.40741252499999997 0.6626018916666666 0.29603765625 0.29297823333333334
0 0.361074075 0.6626018916666666 0.383836825 0.6582661291666666 0.246447384375 0.226857875 0.229375325 0.23010969583333332 0.361074075 0.6626018916666666
0 0.243195565625 0.2853906541666667 0.22449759375 0.2843067125 0.3570093 0.6680215916666667 0.3667647625 0.6626018916666666 0.243195565625 0.2853906541666667
0 0.34075019375000004 0.6582661291666666 0.355383390625 0.65609825 0.222871684375 0.28755853333333337 0.210677353125 0.28864247499999995 0.34075019375000004 0.6582661291666666
0 0.21149030937500002 0.29297823333333334 0.19929598125 0.29623005416666665 0.32692995625 0.6582661291666666 0.34075019375000004 0.6571821875 0.21149030937500002 0.29297823333333334
0 0.31148380625 0.6571821875 0.326117 0.6539303666666666 0.19767006874999998 0.3103212791666667 0.182223921875 0.3135731 0.31148380625 0.6571821875
0 0.18791460625 0.3146570416666667 0.166777771875 0.32007674166666666 0.29603765625 0.6582661291666666 0.313109715625 0.65609825 0.18791460625 0.3146570416666667
0 0.277339684375 0.65609825 0.2952247 0.6495946041666667 0.16271299374999998 0.31248916250000003 0.146453890625 0.31682492083333336 0.277339684375 0.65609825
0 0.0960506625 0.19217178333333335 0.08548224374999999 0.19650754583333332 0.275713775 0.6626018916666666 0.282217415625 0.6593500708333334 0.0960506625 0.19217178333333335
0 0.08141746875 0.19975936666666666 0.06759722812499999 0.204095125 0.26433239999999997 0.6593500708333334 0.275713775 0.65609825 0.08141746875 0.19975936666666666
0 0.243195565625 0.65609825 0.260267625 0.6550143083333333 0.11637454375 0.3179088625 0.09686361875 0.3233285625 0.243195565625 0.65609825
0 0.100115440625 0.3254964458333333 0.07247495937500001 0.327664325 0.21880690625 0.65609825 0.241569653125 0.6539303666666666 0.100115440625 0.3254964458333333
0 0.20010893749999997 0.6539303666666666 0.217993953125 0.6517624875 0.074100871875 0.322244625 0.056215856249999994 0.33091614583333334 0.20010893749999997 0.6539303666666666
0 0.019632868749999997 0.25504032083333333 0.0033737656249999996 0.2626279041666667 0.191979384375 0.6582661291666666 0.2041737125 0.6506785458333333 0.019632868749999997 0.25504032083333333
0 0.013129228125 0.2810548916666667 0.006625584375 0.2853906541666667 0.1789721 0.6539303666666666 0.191166428125 0.6506785458333333 0.013129228125 0.2810548916666667