0 0.08906024375 0.0030062541666666664 0.07553210625 0.0020041666666666667 0.040208634375 0.9950697458333334 0.056743025 0.9940676624999999 0.08906024375 0.0030062541666666664
0 0.13640873125 0.0040083375 0.097327440625 0.0040083375 0.060500840624999996 0.9950697458333334 0.108600890625 0.9950697458333334 0.13640873125 0.0040083375
0 0.184508778125 0.006012504166666667 0.15143999375 0.005010420833333334 0.11611652187499999 0.9970739125 0.154446246875 0.9970739125 0.184508778125 0.006012504166666667
0 0.19954004375 0.9950697458333334 0.22960257187500002 0.009018758333333333 0.1935275375 0.005010420833333334 0.1679743875 0.6383277208333333 0.16196188125 0.9940676624999999 0.19954004375 0.9950697458333334
0 0.24162758437499998 0.9930655749999999 0.2686838625 0.007014591666666667 0.23937289687500002 0.0030062541666666664 0.220583815625 0.3948212291666667 0.2048009875 0.9930655749999999 0.24162758437499998 0.9930655749999999
0 0.31377765625 0.0120250125 0.27695105937500003 0.006012504166666667 0.24839165625 0.9930655749999999 0.290479196875 0.9940676624999999 0.31377765625 0.0120250125
0 0.358871453125 0.019039604166666668 0.32354798125 0.013027095833333334 0.297994828125 0.9960718291666667 0.340082371875 0.9990780833333334 0.358871453125 0.019039604166666668
0 0.40697150000000004 0.024050025 0.368641775 0.018037516666666666 0.347598003125 0.9960718291666667 0.389685546875 0.9930655749999999 0.40697150000000004 0.024050025
0 0.44981060624999997 0.026054191666666667 0.415990259375 0.024050025 0.397201178125 0.9930655749999999 0.43402777812500004 0.9930655749999999 0.44981060624999997 0.026054191666666667
0 0.48738876875 0.027056279166666666 0.458077803125 0.027056279166666666 0.44004028437500003 0.9960718291666667 0.476866884375 0.9970739125 0.48738876875 0.027056279166666666
0 0.548265390625 0.026054191666666667 0.50016534375 0.022045854166666667 0.484382515625 0.9940676624999999 0.5422528843750001 0.9930655749999999 0.548265390625 0.026054191666666667
0 0.6113967062500001 0.031064612499999998 0.56329665625 0.0320667 0.552774771875 0.9960718291666667 0.606887325 0.9970739125 0.6113967062500001 0.031064612499999998
0 0.6692670749999999 0.11724386666666667 0.62492484375 0.11624178333333333 0.61365139375 0.9960718291666667 0.666260821875 0.9960718291666667 0.6692670749999999 0.11724386666666667
0 0.72563431875 0.12826679583333334 0.680540525 0.12225428749999999 0.673024890625 0.998076 0.7181186875 0.9960718291666667 0.72563431875 0.12826679583333334
0 0.76321248125 0.05611672083333333 0.7308952625 0.0511063 0.7263858812499999 0.9940676624999999 0.760957790625 0.9940676624999999 0.76321248125 0.05611672083333333
0 0.803045334375 0.059122975 0.770728115625 0.05812089166666667 0.7677218625 0.9950697458333334 0.79928751875 0.9960718291666667 0.803045334375 0.059122975
0 0.8428781875 0.06914382083333333 0.8105609656249999 0.06513548333333334 0.8075547125 0.9960718291666667 0.8488906937499999 0.9950697458333334 0.8428781875 0.06914382083333333
0 0.8534000718750001 0.07215007083333333 0.8541516343750001 0.9960718291666667 0.8931839781249999 0.9950709999999999 0.881959475 0.07615840833333333 0.8534000718750001 0.07215007083333333
0 0.9232954531249999 0.08116882916666666 0.890226671875 0.0791646625 0.9022516843749999 0.9970739125 0.9390782812499999 0.998076 0.9232954531249999 0.08116882916666666
0 0.94884860625 0.08116882916666666 0.9300595250000001 0.08016674583333333 0.9465939156250001 0.9960718291666667 0.9691408125000001 0.9950697458333334 0.94884860625 0.08116882916666666
0 0.997700215625 0.5972422625 0.9804142625000001 0.083173 0.9578673656250001 0.08417508333333333 0.97365019375 0.9930655749999999 0.996948653125 0.9910614083333333 0.997700215625 0.5972422625