0 0.044021528125 0.04475589583333333 0.006625584375 0.0512595375 0.07816564687500001 0.9769445875 0.114748634375 0.9715248875 0.044021528125 0.04475589583333333
0 0.14157615625 0.0555953 0.061093587500000004 0.057763179166666664 0.11637454375 0.9715248875 0.191979384375 0.9791124708333334 0.14157615625 0.0555953
0 0.222058728125 0.16073751249999998 0.1537704875 0.16073751249999998 0.1927923375 0.98128035 0.252951028125 0.9769445875 0.222058728125 0.16073751249999998
0 0.25376398437500003 0.19108784166666667 0.22368463749999998 0.19325572500000002 0.24969920625 0.9888679333333333 0.28059150625 0.9888679333333333 0.25376398437500003 0.19108784166666667
0 0.292785834375 0.19759148333333335 0.260267625 0.20192724583333332 0.27652673125 0.9823642916666666 0.309044940625 0.9899518749999999 0.292785834375 0.19759148333333335
0 0.34156315 0.204095125 0.288721059375 0.19759148333333335 0.309044940625 0.9834482291666667 0.358635209375 0.9791124708333334 0.34156315 0.204095125
0 0.37814613750000003 0.1173799 0.344814971875 0.11846384166666667 0.360261121875 0.9834482291666667 0.39521819687500004 0.9823642916666666 0.37814613750000003 0.1173799
0 0.41229025625000004 0.1227996 0.383836825 0.12063172083333333 0.39847001875 0.9877839916666667 0.4244845875 0.9877839916666667 0.41229025625000004 0.1227996
0 0.466758259375 0.1217156625 0.42367163124999996 0.1271353625 0.4285493625 0.9910358125 0.47001008125 0.9921197541666668 0.466758259375 0.1217156625
0 0.503341246875 0.23878121666666668 0.469197125 0.23552939583333332 0.469197125 0.9910358125 0.501715334375 0.9867000499999999 0.503341246875 0.23878121666666668
0 0.534233546875 0.23986515833333336 0.502528290625 0.23769727916666666 0.496837603125 0.9867000499999999 0.5301687687500001 0.9877839916666667 0.534233546875 0.23986515833333336
0 0.57081653125 0.24203303750000002 0.5301687687500001 0.23769727916666666 0.528542859375 0.9877839916666667 0.5659388 0.9910358125 0.57081653125 0.24203303750000002
0 0.598457009375 0.13363900416666666 0.5716294875 0.12821930416666666 0.562686978125 0.9910358125 0.5911404124999999 0.9910358125 0.598457009375 0.13363900416666666
0 0.634227040625 0.13580688333333332 0.6017088312500001 0.13472294583333333 0.588701546875 0.9867000499999999 0.6147161156250001 0.9845321708333333 0.634227040625 0.13580688333333332
0 0.68869504375 0.08269380833333333 0.6260974906250001 0.0794419875 0.615529071875 0.9888679333333333 0.654550925 0.9910358125 0.68869504375 0.08269380833333333
0 0.73503349375 0.09028139166666667 0.67893958125 0.08919745 0.655363878125 0.9932036958333333 0.69845050625 0.9910358125 0.73503349375 0.09028139166666667
0 0.777307165625 0.1412265875 0.736659403125 0.13797476666666667 0.7033282375 0.9921197541666668 0.73584645 0.9942876333333334 0.777307165625 0.1412265875
0 0.813077196875 0.1412265875 0.778933078125 0.13797476666666667 0.733407584375 0.9910358125 0.7659257937499999 0.9888679333333333 0.813077196875 0.1412265875
0 0.843969496875 0.26371184583333335 0.8073865124999999 0.25829214166666664 0.76673875 0.9921197541666668 0.7976310468750001 0.9921197541666668 0.843969496875 0.26371184583333335
0 0.8773006625 0.2279418125 0.8431565437499999 0.2279418125 0.799256959375 0.9910358125 0.8309622125 0.9932036958333333 0.8773006625 0.2279418125
0 0.90331523125 0.23119363333333334 0.8781136187499999 0.232277575 0.824458571875 0.9921197541666668 0.854537915625 0.9932036958333333 0.90331523125 0.23119363333333334
0 0.9407111718750001 0.15748569166666665 0.916322515625 0.14989810833333334 0.849660184375 0.9975394541666667 0.8773006625 0.9921197541666668 0.9407111718750001 0.15748569166666665
0 0.962660965625 0.15640175 0.93989821875 0.15640175 0.87404884375 0.9975394541666667 0.8984375 0.9996639791666666 0.962660965625 0.15640175
0 0.999747984375 0.14952957083333332 0.961035053125 0.14556235 0.902502275 0.9932036958333333 0.9301427562500001 0.9867000499999999 0.999747984375 0.14952957083333332
0 0.9968050843749999 0.232277575 0.931768665625 0.9921197541666668 0.9650998312500001 0.9921197541666668 0.9992439531249999 0.6073209333333334 0.9968050843749999 0.232277575