4 0.8236531250000001 0.714453125 0.8204343749999999 0.68444375 0.33175781249999997 0.743840625 0.3361421875 0.7761015625 0.8236531250000001 0.714453125
4 0.8170390624999999 0.680490625 0.8138203125000001 0.6504828125000001 0.3282546875 0.7057015625 0.331553125 0.737990625 0.8170390624999999 0.680490625
4 0.8190140625 0.6437875 0.8056093750000001 0.6019234375 0.329690625 0.6535484375 0.33230312500000003 0.69725 0.8190140625 0.6437875
4 0.8076078125 0.59696875 0.797484375 0.555803125 0.32370625 0.6065406249999999 0.3296 0.650928125 0.8076078125 0.59696875
4 0.7973421875 0.5517375 0.793925 0.5160375 0.391575 0.560209375 0.396078125 0.595871875 0.7973421875 0.5517375
4 0.7925609375 0.4770078125 0.3857609375 0.5180796875 0.3914828125 0.557565625 0.7959234375 0.5110828125 0.7949578125000001 0.48343749999999996 0.7925609375 0.4770078125
4 0.795615625 0.471203125 0.7943671875 0.4354265625 0.38314375 0.47420937500000004 0.386725 0.514575 0.795615625 0.471203125
4 0.7906078125 0.38996718750000003 0.37724375 0.42964062500000005 0.38305 0.4715453125 0.7940546875 0.42648125 0.7912046875 0.40704375 0.7906078125 0.38996718750000003
4 0.78755625 0.36474843749999997 0.7849890625 0.353440625 0.7804249999999999 0.3470859375 0.285928125 0.395290625 0.2860421875 0.39854218750000003 0.2907484375 0.4089609375 0.293371875 0.42189531249999995 0.29165312499999996 0.43483593750000005 0.7828999999999999 0.38689062500000004 0.7880390625 0.3785703125 0.78755625 0.36474843749999997
4 0.777290625 0.3195171875 0.771528125 0.3099484375 0.2789171875 0.3499453125 0.2790015625 0.35238593749999997 0.282396875 0.35633750000000003 0.2849921875 0.3684578125 0.2853890625 0.3798421875 0.285753125 0.39025625 0.7748890625 0.34402343750000003 0.7788578125 0.3333015625 0.777290625 0.3195171875
4 0.7659921875 0.30688593750000004 0.76051875 0.2745125 0.2911109375 0.294975 0.293496875 0.3321703125 0.7659921875 0.30688593750000004
4 0.76263125 0.27281093749999996 0.75604375 0.23966249999999997 0.2864953125 0.2560609375 0.2899703125 0.2933875 0.76263125 0.27281093749999996
4 0.7709703125 0.231815625 0.7677796875 0.20261875 0.278540625 0.21481875 0.282809375 0.243784375 0.7709703125 0.231815625
4 0.7666375000000001 0.20103125 0.7635328125 0.1742734375 0.2773203125 0.17985625 0.281503125 0.2063734375 0.7666375000000001 0.20103125