0 0.091314934375 0.21444604583333332 0.053736771875 0.2134439625 0.046221140625000004 0.9940676624999999 0.084550865625 0.9930655749999999 0.091314934375 0.21444604583333332
0 0.13640873125 0.06613756666666666 0.108600890625 0.06914382083333333 0.08830868124999999 0.9950697458333334 0.12438371875000001 0.9950697458333334 0.13640873125 0.06613756666666666
0 0.178496271875 0.006012504166666667 0.152191559375 0.006012504166666667 0.1311477875 0.9920634916666666 0.160458753125 0.9910614083333333 0.178496271875 0.006012504166666667
0 0.21607443437499999 0.07215007083333333 0.18826659375000002 0.07415424166666668 0.17173220312499998 0.9920634916666666 0.20029160625000003 0.9920634916666666 0.21607443437499999 0.07215007083333333
0 0.25365259687499997 0.07415424166666668 0.22509319374999998 0.07215007083333333 0.21006192812500002 0.990059325 0.23561507812500002 0.9940676624999999 0.25365259687499997 0.07415424166666668
0 0.27544793125 0.008016675 0.259665103125 0.010020841666666667 0.2431307125 0.9920634916666666 0.26191979375 0.9940676624999999 0.27544793125 0.008016675
0 0.30100108125 0.007014591666666667 0.28296356562499997 0.009018758333333333 0.27093855312500004 0.9930655749999999 0.28897606875 0.9960718291666667 0.30100108125 0.007014591666666667
0 0.35661676249999996 0.009018758333333333 0.31302609375 0.007014591666666667 0.30100108125 0.9990780833333334 0.343088625 0.9990780833333334 0.35661676249999996 0.009018758333333333
0 0.405468375 0.006012504166666667 0.36713864687500003 0.010020841666666667 0.352107384375 0.9950697458333334 0.395698053125 0.9950697458333334 0.405468375 0.006012504166666667
0 0.43402777812500004 0.110229275 0.414487134375 0.10922719166666667 0.403213684375 0.9960718291666667 0.41974807500000005 0.998076 0.43402777812500004 0.110229275
0 0.47160594062500005 0.059122975 0.44154340937500003 0.059122975 0.42500901874999997 0.9870530708333334 0.46333874374999995 0.9940676624999999 0.47160594062500005 0.059122975
0 0.49114658437500003 0.9910614083333333 0.497159090625 0.209435625 0.4798731375 0.209435625 0.47912157187500004 0.21945647083333333 0.47160594062500005 0.9930655749999999 0.49114658437500003 0.9910614083333333
0 0.54901695625 0.005010420833333334 0.51294191875 0.005010420833333334 0.503923159375 0.9940676624999999 0.539998196875 0.9910614083333333 0.54901695625 0.005010420833333334
0 0.579079484375 0.007014591666666667 0.56104196875 0.0120250125 0.552774771875 0.9950697458333334 0.57457010625 0.9930655749999999 0.579079484375 0.007014591666666667
0 0.615154521875 0.008016675 0.5926076250000001 0.010020841666666667 0.5820857375 0.9960718291666667 0.606887325 0.9940676624999999 0.615154521875 0.008016675
0 0.63694985625 0.007014591666666667 0.62342171875 0.008016675 0.6159060843749999 0.9910614083333333 0.6361982937499999 0.9890572375000001 0.63694985625 0.007014591666666667
0 0.666260821875 0.008016675 0.652732684375 0.0120250125 0.646720178125 0.9960718291666667 0.665509259375 0.9950697458333334 0.666260821875 0.008016675
0 0.701584296875 0.009018758333333333 0.679037396875 0.0040083375 0.673024890625 0.9930655749999999 0.6955717906250001 0.9930655749999999 0.701584296875 0.009018758333333333
0 0.72563431875 0.006012504166666667 0.708348365625 0.010020841666666667 0.701584296875 0.9870530708333334 0.728640571875 0.9840468166666666 0.72563431875 0.006012504166666667
0 0.7549452875 0.006012504166666667 0.7376593312499999 0.009018758333333333 0.741417146875 0.9960718291666667 0.760206228125 0.9970739125 0.7549452875 0.006012504166666667
0 0.785007815625 0.008016675 0.766218734375 0.008016675 0.772231240625 0.9960718291666667 0.78801406875 0.9950697458333334 0.785007815625 0.008016675
0 0.8158219093750001 0.075156325 0.797032828125 0.08116882916666666 0.794026575 0.9960718291666667 0.8173250375000001 0.9930655749999999 0.8158219093750001 0.075156325
0 0.852648509375 0.0791646625 0.8255922312499999 0.075156325 0.8278469218750001 0.9940676624999999 0.852648509375 0.9940676624999999 0.852648509375 0.0791646625
0 0.8917297968750001 0.0040083375 0.860164140625 0.006012504166666667 0.860164140625 0.9990780833333334 0.895487615625 0.9960718291666667 0.8917297968750001 0.0040083375
0 0.9300595250000001 0.007014591666666667 0.9015001187499999 0.010020841666666667 0.9052579375 0.9940676624999999 0.933817340625 0.9970739125 0.9300595250000001 0.007014591666666667
0 0.972898628125 0.010020841666666667 0.9405814093749999 0.007014591666666667 0.93832671875 0.9920634916666666 0.9774080093749999 0.990059325 0.972898628125 0.010020841666666667