4 0.31379687500000003 0.041595312499999995 0.2969 0.0847109375 0.83054375 0.250646875 0.8434203124999999 0.207103125 0.31379687500000003 0.041595312499999995
4 0.290034375 0.09096875 0.27764687499999996 0.123390625 0.823390625 0.29024218749999997 0.8337749999999999 0.256278125 0.290034375 0.09096875
4 0.27799999999999997 0.126284375 0.267615625 0.1602484375 0.8080515625 0.3282625 0.8209609375 0.294140625 0.27799999999999997 0.126284375
4 0.836303125 0.4018921875 0.8560546875 0.34943749999999996 0.268228125 0.16229375 0.25248750000000003 0.21783125 0.836303125 0.4018921875
4 0.8197828125 0.459978125 0.8375281250000001 0.40598124999999996 0.24875937499999998 0.2259765625 0.23365 0.28210156249999996 0.8197828125 0.459978125
4 0.22770937500000002 0.2826765625 0.2103890625 0.33123281250000003 0.771984375 0.5029296875 0.7880796875 0.4502859375 0.22770937500000002 0.2826765625
4 0.7219218749999999 0.545190625 0.737425 0.502578125 0.210221875 0.335825 0.197159375 0.379190625 0.7219218749999999 0.545190625
4 0.19785625 0.38032499999999997 0.1826109375 0.42208750000000006 0.7052921875 0.58764375 0.7208828125 0.5485859375000001 0.19785625 0.38032499999999997
4 0.1800875 0.42224375 0.165715625 0.46520312500000005 0.6947515625 0.6354796875 0.708515625 0.5930859374999999 0.1800875 0.42224375
4 0.161634375 0.4704546875 0.13348125 0.5463375 0.6770171875 0.7291140625 0.7023515625 0.6496953125 0.161634375 0.4704546875
4 0.6654390625 0.7906796875000001 0.6841515625000001 0.7416203125 0.13324375 0.5592640624999999 0.11983906250000001 0.6098265625 0.6654390625 0.7906796875000001
4 0.11575625 0.6124125 0.0952265625 0.6674140625 0.6506640625 0.8511562500000001 0.66640625 0.7956171875 0.11575625 0.6124125
4 0.08894687500000001 0.7082046875 0.07657968750000001 0.752703125 0.6082390625 0.9291750000000001 0.62474375 0.8867328125 0.08894687500000001 0.7082046875
4 0.5928734375 0.999684375 0.6090625000000001 0.9507828125 0.056668750000000004 0.7651859375 0.0412265625 0.813515625 0.5928734375 0.999684375