4 0.2053953125 0.2653140625 0.1655375 0.249796875 0.117725 0.40283125000000003 0.05853125 0.5889609375 0.0027796875 0.7625203125 0.029223437499999998 0.7719671875 0.042417187499999995 0.7728312500000001 0.2053953125 0.2653140625
4 0.2064578125 0.2699375 0.043984375 0.7759078125000001 0.075746875 0.7828046875 0.08288593749999999 0.7825578125 0.24477968749999998 0.2764 0.20854843750000002 0.2654828125 0.2064578125 0.2699375
4 0.0827890625 0.7868046875 0.08834062499999999 0.7894640625 0.2724625 0.2366203125 0.2629578125 0.23438750000000003 0.0827890625 0.7868046875
4 0.081646875 0.8061140625000001 0.15061093750000001 0.8328 0.376709375 0.15668593749999998 0.3065234375 0.13388125 0.081646875 0.8061140625000001
4 0.1578265625 0.8342890625000001 0.22431406250000002 0.8567484375 0.4538171875 0.18002968749999998 0.38597187499999996 0.157984375 0.1578265625 0.8342890625000001
4 0.22945937500000002 0.8567078125 0.229690625 0.8619171874999999 0.2402921875 0.868784375 0.2548 0.8734984375 0.2653234375 0.8786296874999999 0.28025781250000004 0.8800593750000001 0.5448328124999999 0.1625390625 0.5406921875 0.15948281250000002 0.5281 0.1528234375 0.5130109375 0.147921875 0.4995859375 0.1418484375 0.48805468750000003 0.1381015625 0.22945937500000002 0.8567078125
4 0.30089062499999997 0.8679390625 0.344821875 0.8847796875 0.55420625 0.32131875 0.5074546875 0.3035609375 0.30089062499999997 0.8679390625
4 0.35163125 0.88356875 0.372271875 0.8911312499999999 0.5740921875 0.3568734375 0.5532171875 0.3483796875 0.35163125 0.88356875
4 0.376025 0.8855046874999999 0.3958328125 0.8936531249999999 0.5985437499999999 0.36652968750000003 0.5773453125 0.357075 0.376025 0.8855046874999999
4 0.40107499999999996 0.8893671875000001 0.4225484375 0.89634375 0.5798375 0.47939218749999996 0.5612953125 0.47165468749999995 0.40107499999999996 0.8893671875000001
4 0.42612656250000003 0.893228125 0.44825625 0.9021296875000001 0.6033031249999999 0.48616093749999995 0.5839328125 0.4790109375 0.42612656250000003 0.893228125
4 0.4474828125 0.9361062499999999 0.48089062499999996 0.9478156249999999 0.7311515625 0.2941 0.6980390625 0.2799171875 0.4474828125 0.9361062499999999
4 0.48715937499999995 0.93445 0.5132734375 0.9429359375 0.721846875 0.3997484375 0.6955312499999999 0.3903421875 0.48715937499999995 0.93445
4 0.5171046875 0.9390453125 0.544959375 0.9480968750000001 0.751771875 0.4103265625 0.7242265625 0.398809375 0.5171046875 0.9390453125
4 0.559990625 0.9452796875 0.5965515625 0.957159375 0.7952203124999999 0.42273281249999994 0.7566546875 0.4076359375 0.559990625 0.9452796875
4 0.6045609375 0.944359375 0.6428625 0.9568046875 0.8339281250000001 0.43787656249999996 0.796534375 0.423159375 0.6045609375 0.944359375
4 0.64775625 0.9575390625000001 0.67619375 0.966778125 0.8912078125 0.38204375 0.859375 0.3699890625 0.64775625 0.9575390625000001
4 0.67986875 0.9594156249999999 0.6981109375 0.9644875 0.8907046875000001 0.43493281250000004 0.8748781250000001 0.428934375 0.67986875 0.9594156249999999
4 0.70611875 0.9773578125 0.7186343749999999 0.9822796874999999 0.93775 0.3868984375 0.9249828125 0.38275000000000003 0.70611875 0.9773578125
4 0.736121875 0.9896734374999999 0.9565718750000001 0.3921578125 0.9462343750000001 0.3870875 0.94405625 0.38723593749999996 0.72360625 0.98475 0.736121875 0.9896734374999999