6 0.1565109375 0.8294265624999999 0.20434999999999998 0.82421875 0.1770125 0.20703125 0.12632812499999999 0.2083328125 0.12722031250000002 0.2122390625 0.1565109375 0.8294265624999999
6 0.20825624999999998 0.8255203124999999 0.257071875 0.8203125 0.229734375 0.203125 0.18199218749999999 0.2044265625 0.1818953125 0.2109375 0.20825624999999998 0.8255203124999999
6 0.2697640625 0.1822921875 0.25511875 0.1822921875 0.243403125 0.1822921875 0.23277343749999999 0.1848953125 0.2326640625 0.1875 0.26 0.8229171875000001 0.270740625 0.82421875 0.28343281249999996 0.8268234375000001 0.28831406249999997 0.82421875 0.30002968750000003 0.8190109375000001 0.2697640625 0.1822921875
6 0.3185796875 0.1783859375 0.31565 0.1783859375 0.303934375 0.1796875 0.2931953125 0.1796875 0.278671875 0.1796875 0.277575 0.1822921875 0.3058875 0.8229171875000001 0.314675 0.8229171875000001 0.326390625 0.82421875 0.336153125 0.8229171875000001 0.3459171875 0.8190109375000001 0.3185796875 0.1783859375
6 0.351775 0.8177078124999999 0.36544374999999996 0.81640625 0.33810625 0.203125 0.3245703125 0.2018234375 0.322484375 0.2044265625 0.351775 0.8177078124999999
6 0.368371875 0.8125 0.38789843749999997 0.8125 0.35665625 0.2005203125 0.3421484375 0.2018234375 0.341034375 0.203125 0.368371875 0.8125
6 0.42792812500000005 0.80859375 0.3986375 0.2018234375 0.35875 0.203125 0.391803125 0.8111984375000001 0.42792812500000005 0.80859375
6 0.432809375 0.8098953124999999 0.4689328125 0.8059890624999999 0.4367140625 0.2018234375 0.4026953125 0.203125 0.3996140625 0.2044265625 0.432809375 0.8098953124999999
6 0.47674374999999997 0.2005203125 0.438828125 0.203125 0.4728390625 0.80859375 0.5079859375 0.8059890624999999 0.47674374999999997 0.2005203125
6 0.507009375 0.2083328125 0.48375 0.2109375 0.511890625 0.8072921875000001 0.5382515625 0.8059890624999999 0.507009375 0.2083328125
6 0.54118125 0.2083328125 0.516953125 0.2083328125 0.54118125 0.8033859375000001 0.5675421875 0.8020828124999999 0.54118125 0.2083328125
6 0.5499671875 0.24609375 0.5460625 0.24609375 0.571446875 0.8046875 0.6095234375 0.7994796875 0.5909734375 0.2421875 0.5519203125 0.2421875 0.5499671875 0.24609375
6 0.6105 0.7942703125 0.6495515625 0.79296875 0.6339312500000001 0.23828125 0.593125 0.2408859375 0.5909734375 0.2408859375 0.6105 0.7942703125
6 0.6534578125 0.7955734375 0.6866531250000001 0.7890625 0.6759125 0.1861984375 0.64 0.1861984375 0.6388125 0.1875 0.6534578125 0.7955734375
6 0.677865625 0.1901046875 0.687628125 0.7864578125 0.6954390625 0.7903640625 0.723753125 0.7890625 0.7178953124999999 0.1875 0.68296875 0.1888015625 0.677865625 0.1901046875
6 0.7266812500000001 0.1979171875 0.7276578125000001 0.7877609375 0.747184375 0.7890625 0.7647578125 0.7877609375 0.7667109375 0.19140625 0.7288671875 0.19140625 0.7266812500000001 0.1979171875
6 0.7862375 0.7877609375 0.8038109375 0.7838546875 0.8116218749999999 0.19140625 0.7728125 0.19140625 0.765734375 0.7838546875 0.7862375 0.7877609375