0 0.071022728125 0.9960718291666667 0.1070977625 0.13427930000000002 0.046221140625000004 0.13728555416666666 0.005636725 0.8547779375 0.0048851625 0.9990780833333334 0.071022728125 0.9960718291666667
0 0.134154040625 0.01603335 0.121377465625 0.01603335 0.077035234375 0.998076 0.09056337187499999 0.9960718291666667 0.134154040625 0.01603335
0 0.152191559375 0.013027095833333334 0.1424212375 0.017035433333333336 0.095824315625 0.9930655749999999 0.108600890625 0.9930655749999999 0.152191559375 0.013027095833333334
0 0.170980640625 0.011022929166666667 0.1574525 0.013027095833333334 0.11611652187499999 0.998076 0.13189935 0.9960718291666667 0.170980640625 0.011022929166666667
0 0.192024409375 0.011022929166666667 0.176993146875 0.011022929166666667 0.13791185625 0.998076 0.154446246875 0.998076 0.192024409375 0.011022929166666667
0 0.2431307125 0.0040083375 0.20254629687499998 0.006012504166666667 0.16196188125 0.9940676624999999 0.19878848124999998 0.9930655749999999 0.2431307125 0.0040083375
0 0.26342291875 0.006012504166666667 0.25139790624999997 0.007014591666666667 0.20555255 0.9950697458333334 0.21607443437499999 0.998076 0.26342291875 0.006012504166666667
0 0.28596981875 0.005010420833333334 0.269435425 0.005010420833333334 0.22283850312500003 0.9970739125 0.23711820625 0.9990780833333334 0.28596981875 0.005010420833333334
0 0.306262025 0.0040083375 0.291230759375 0.008016675 0.24989478125 0.9950697458333334 0.265677609375 0.9960718291666667 0.306262025 0.0040083375
0 0.32505110625 0.007014591666666667 0.31302609375 0.007014591666666667 0.27394480625 0.9960718291666667 0.285218253125 0.998076 0.32505110625 0.007014591666666667
0 0.3453433125 0.0120250125 0.33031204999999997 0.006012504166666667 0.291982321875 0.998076 0.303255771875 0.998076 0.3453433125 0.0120250125
0 0.365635521875 0.0030062541666666664 0.354362071875 0.0020041666666666667 0.310771403125 0.9970739125 0.32580266875 0.9940676624999999 0.365635521875 0.0030062541666666664
0 0.385927728125 0.005010420833333334 0.371648028125 0.0030062541666666664 0.331815175 0.9960718291666667 0.346846440625 0.9950697458333334 0.385927728125 0.005010420833333334
0 0.41298400625 0.006012504166666667 0.394194925 0.008016675 0.354362071875 0.9960718291666667 0.372399590625 0.9960718291666667 0.41298400625 0.006012504166666667
0 0.44004028437500003 0.0020041666666666667 0.41974807500000005 0.0020041666666666667 0.3806667875 0.9960718291666667 0.39870430625000003 0.998076 0.44004028437500003 0.0020041666666666667
0 0.48363095312500004 0.005010420833333334 0.45056216875 0.0040083375 0.408474628125 0.9960718291666667 0.44905904375 0.9950697458333334 0.48363095312500004 0.005010420833333334
0 0.531731 0.008016675 0.4941528375 0.006012504166666667 0.45732623749999995 0.9940676624999999 0.4941528375 0.9930655749999999 0.531731 0.008016675
0 0.577576359375 0.22346480833333335 0.5324825625 0.21945647083333333 0.503171596875 0.9940676624999999 0.56179353125 0.9950697458333334 0.577576359375 0.22346480833333335
0 0.61289983125 0.0951980125 0.58659511875 0.09720217916666667 0.573066978125 0.9950697458333334 0.59937169375 0.9950697458333334 0.61289983125 0.0951980125
0 0.6422107968749999 0.0951980125 0.621167028125 0.0951980125 0.6053842 0.9950697458333334 0.633192040625 0.9950697458333334 0.6422107968749999 0.0951980125
0 0.67452801875 0.09018759166666666 0.653484246875 0.0951980125 0.639956109375 0.9970739125 0.666260821875 0.9950697458333334 0.67452801875 0.09018759166666666
0 0.706093675 0.09620009583333333 0.6827952125000001 0.09720217916666667 0.672273328125 0.9960718291666667 0.6955717906250001 0.9960718291666667 0.706093675 0.09620009583333333
0 0.731646825 0.10020843333333333 0.71360930625 0.09820426666666666 0.7030874218750001 0.9940676624999999 0.72563431875 0.9930655749999999 0.731646825 0.10020843333333333
0 0.76321248125 0.10221260416666667 0.7391624593749999 0.10221260416666667 0.7331499531250001 0.9960718291666667 0.758703103125 0.9990780833333334 0.76321248125 0.10221260416666667
0 0.8098094031249999 0.126262625 0.771479678125 0.126262625 0.76997655 0.9960718291666667 0.81356721875 0.9940676624999999 0.8098094031249999 0.126262625
0 0.8639219562499999 0.12926887916666666 0.8218344156249999 0.1302709625 0.821082853125 0.998076 0.8691829 0.9970739125 0.8639219562499999 0.12926887916666666
0 0.916531384375 0.12826679583333334 0.8699344625000001 0.1302709625 0.878953221875 0.9960718291666667 0.921792328125 0.990059325 0.916531384375 0.12826679583333334