0 0.083856334375 0.14773022916666667 0.012316271875 0.15098205 0.09523770937500001 0.8544593291666666 0.161087084375 0.8555432708333334 0.083856334375 0.14773022916666667
0 0.123691140625 0.11846384166666667 0.0862952 0.11954777916666666 0.16190003749999998 0.8620469125 0.19360529375 0.8566272125 0.123691140625 0.11846384166666667
0 0.16433890625 0.11954777916666666 0.12694296249999998 0.11954777916666666 0.19360529375 0.8587950916666667 0.226936459375 0.8555432708333334 0.16433890625 0.11954777916666666
0 0.1927923375 0.0317486125 0.1537704875 0.038252254166666666 0.222871684375 0.8587950916666667 0.25538989375 0.8587950916666667 0.1927923375 0.0317486125
0 0.23750487812499999 0.03933619583333334 0.19929598125 0.04367195833333334 0.260267625 0.8620469125 0.29034696875 0.8609629708333333 0.23750487812499999 0.03933619583333334
0 0.26839717812499997 0.002482225 0.2334401 0.00031434166666666663 0.29197288125 0.8642147916666667 0.3163615375 0.8555432708333334 0.26839717812499997 0.002482225
0 0.300655240625 0 0.2659583125 0.004650104166666667 0.3122967625 0.8609629708333333 0.34644088125 0.8587950916666667 0.300655240625 0
0 0.338311328125 0.0035661624999999996 0.30660607500000003 0.004650104166666667 0.3472538375 0.8609629708333333 0.37489431562500003 0.85771115 0.338311328125 0.0035661624999999996
0 0.37489431562500003 0.006817983333333334 0.337498375 0.005734045833333334 0.37733318125 0.8620469125 0.400908884375 0.8533753916666666 0.37489431562500003 0.006817983333333334
0 0.42367163124999996 0.1130441375 0.379772046875 0.12063172083333333 0.399282975 0.8620469125 0.44155664687499996 0.8587950916666667 0.42367163124999996 0.1130441375
0 0.46838416875 0.11846384166666667 0.42936231874999997 0.1227996 0.44155664687499996 0.8598790333333334 0.477326678125 0.85771115 0.46838416875 0.11846384166666667
0 0.49927646875000004 0.032832554166666666 0.46757121562500004 0.032832554166666666 0.47570076875 0.8642147916666667 0.50496715625 0.8609629708333333 0.49927646875000004 0.032832554166666666
0 0.5301687687500001 0.037168312499999995 0.496837603125 0.036084374999999995 0.50496715625 0.8652987333333333 0.5252910375 0.8696344958333333 0.5301687687500001 0.037168312499999995
0 0.565125846875 0.0035661624999999996 0.52691695 0.005734045833333334 0.5261039937499999 0.8587950916666667 0.5561833375 0.8620469125 0.565125846875 0.0035661624999999996
0 0.605773609375 0.0035661624999999996 0.561874025 0.005734045833333334 0.5513056062499999 0.8620469125 0.5870756375 0.8642147916666667 0.605773609375 0.0035661624999999996
0 0.656989790625 0.005734045833333334 0.60333474375 0.0013982833333333333 0.58788859375 0.8631308541666667 0.634227040625 0.866382675 0.656989790625 0.005734045833333334
0 0.711457790625 0.0035661624999999996 0.655363878125 0.0035661624999999996 0.629349309375 0.8674666125 0.67487480625 0.8696344958333333 0.711457790625 0.0035661624999999996
0 0.7447889562500001 0.12496748333333334 0.70820596875 0.11954777916666666 0.6797525375 0.8652987333333333 0.705767103125 0.866382675 0.7447889562500001 0.12496748333333334
0 0.778120121875 0.12496748333333334 0.7447889562500001 0.12605142083333334 0.709018925 0.8652987333333333 0.736659403125 0.8642147916666667 0.778120121875 0.12496748333333334
0 0.81632901875 0.12063172083333333 0.782184896875 0.1227996 0.737472359375 0.8696344958333333 0.7659257937499999 0.8674666125 0.81632901875 0.12063172083333333
0 0.8959986343749999 0.006817983333333334 0.8309622125 0.004650104166666667 0.7659257937499999 0.8652987333333333 0.8203937968749999 0.8652987333333333 0.8959986343749999 0.006817983333333334
0 0.9220132031249999 0.13038718333333332 0.8862431718750001 0.1217156625 0.817954928125 0.8652987333333333 0.855350871875 0.8674666125 0.9220132031249999 0.13038718333333332
0 0.964286875 0.1227996 0.920387290625 0.1227996 0.85697678125 0.8685505541666667 0.8878690812500001 0.8707184375 0.964286875 0.1227996
0 0.992740309375 0.12388354166666667 0.964286875 0.11954777916666666 0.890307946875 0.8750541958333333 0.911444784375 0.8728863166666667 0.992740309375 0.12388354166666667
0 0.9919273531250001 0.12821930416666666 0.9090059187499999 0.8761381375 0.9293298 0.8772220791666666 0.995179175 0.28647459166666667 0.9919273531250001 0.12821930416666666