5 0.160461915625 0.24496357083333334 0.11461293749999998 0.24159564583333332 0.091205403125 0.8345875583333334 0.137376409375 0.8381395375 0.160461915625 0.24496357083333334
5 0.13826434062499998 0.8334035375000001 0.18590199999999998 0.8366477291666666 0.2110724625 0.24851552916666667 0.1702288625 0.24733155 0.13826434062499998 0.8334035375000001
5 0.2405895 0.26242897916666663 0.21462406875 0.2603553708333333 0.187099025 0.8369555166666667 0.21196039375 0.8381395375 0.2405895 0.26242897916666663
5 0.264027 0.2637310625 0.241261240625 0.2603553708333333 0.215512 0.8369555166666667 0.241261240625 0.8369555166666667 0.264027 0.2637310625
5 0.243924915625 0.8298516374999999 0.273792625 0.8314393958333334 0.29542339375000004 0.3254744708333333 0.269674153125 0.3242904875 0.243924915625 0.8298516374999999
5 0.328275846875 0.3242904875 0.30252660625 0.3231065083333334 0.27322576249999997 0.8298516374999999 0.300750803125 0.8334035375000001 0.328275846875 0.3242904875
5 0.329163778125 0.8345875583333334 0.33981859999999997 0.8345875583333334 0.37977432499999997 0.2508834916666667 0.342152 0.24940814583333332 0.301638734375 0.8334035375000001 0.314957290625 0.8357715791666667 0.329163778125 0.8345875583333334
5 0.37267105312500004 0.8357715791666667 0.38332593125000003 0.8334035375000001 0.426136375 0.2520123125 0.386877540625 0.24851552916666667 0.342482334375 0.831035575 0.362904103125 0.8357715791666667 0.37267105312500004 0.8357715791666667
5 0.38598966875 0.8334035375000001 0.41173884687499995 0.8369555166666667 0.452582446875 0.3231065083333334 0.42860906875 0.31955456666666665 0.38598966875 0.8334035375000001
5 0.44636716249999997 0.8345875583333334 0.492538171875 0.24733155 0.46234939375 0.2437795875 0.41529051250000004 0.8334035375000001 0.429496940625 0.8345875583333334 0.44636716249999997 0.8345875583333334
5 0.47211634374999994 0.8381395375 0.47921961562500004 0.8345875583333334 0.5262784968750001 0.24614757083333333 0.497865640625 0.24259560833333332 0.45080664062500003 0.831035575 0.457909915625 0.8369555166666667 0.47211634374999994 0.8381395375
5 0.536045446875 0.24496357083333334 0.48543495937500003 0.831035575 0.496089778125 0.8369555166666667 0.5067446 0.8393234791666667 0.516511546875 0.8393234791666667 0.56480825 0.24680397916666666 0.5538036 0.2437795875 0.548476128125 0.2437795875 0.54403665 0.24496357083333334 0.536045446875 0.24496357083333334
5 0.601750353125 0.3017947833333333 0.568010028125 0.29824284166666665 0.5262784968750001 0.831035575 0.561794684375 0.8357715791666667 0.601750353125 0.3017947833333333
5 0.64525774375 0.30297880416666667 0.60974155625 0.29824284166666665 0.5644584187499999 0.831035575 0.601750353125 0.8369555166666667 0.64525774375 0.30297880416666667
5 0.672230125 0.3574810625 0.64525774375 0.35389007499999997 0.605302078125 0.831035575 0.635490796875 0.8369555166666667 0.672230125 0.3574810625
5 0.63815453125 0.831035575 0.669231121875 0.8357715791666667 0.704747309375 0.3586260375 0.676334334375 0.35389007499999997 0.63815453125 0.831035575
5 0.74559096875 0.17747649166666665 0.731384421875 0.17392455 0.681661803125 0.8440594 0.6976440937499999 0.8452434208333333 0.74559096875 0.17747649166666665
5 0.7650035625 0.2936789791666667 0.738487634375 0.288771 0.699419840625 0.8345875583333334 0.725169078125 0.8381395375 0.7650035625 0.2936789791666667
5 0.8030894999999999 0.2923768958333334 0.77134020625 0.286403 0.728720684375 0.8227477541666667 0.766900609375 0.8298516374999999 0.8030894999999999 0.2923768958333334
5 0.766900609375 0.8227477541666667 0.8015289250000001 0.8286676166666667 0.83526925 0.3017947833333333 0.806856275 0.2970588625 0.766900609375 0.8227477541666667
5 0.8707854375 0.30297880416666667 0.8414845906249999 0.29587488333333334 0.8041926593750001 0.8298516374999999 0.834381378125 0.8345875583333334 0.8707854375 0.30297880416666667
5 0.8627943531250001 0.8298516374999999 0.8894313437499999 0.8310356166666666 0.8974225499999999 0.2840350375 0.8725612999999999 0.28166707916666667 0.8627943531250001 0.8298516374999999