6 0.054590625000000004 0.0024828124999999998 0.015568750000000001 0.00681875 0.0464609375 0.8815578125 0.077353125 0.8728859375000001 0.054590625000000004 0.0024828124999999998
6 0.0911734375 0.0013984375 0.054590625000000004 0.00465 0.077353125 0.87830625 0.11068437499999999 0.8793906249999999 0.0911734375 0.0013984375
6 0.12856875 0.005734375 0.0911734375 0.00681875 0.11312343750000001 0.8815578125 0.13425937500000001 0.8793906249999999 0.12856875 0.005734375
6 0.17328125 0.008985937500000001 0.1310078125 0.010070312500000001 0.1358859375 0.8858937499999999 0.1822234375 0.8858937499999999 0.17328125 0.008985937500000001
6 0.222871875 0.0122375 0.178159375 0.0079015625 0.179784375 0.8880609375 0.2212453125 0.8902296875 0.222871875 0.0122375
6 0.26920937500000003 0.0176578125 0.223684375 0.0122375 0.222871875 0.8880609375 0.268396875 0.8869781250000001 0.26920937500000003 0.0176578125
6 0.322865625 0.013321875 0.268396875 0.0035656250000000002 0.266771875 0.8956484375 0.311484375 0.8902296875 0.322865625 0.013321875
6 0.3553828125 0.08377812500000001 0.31229687500000003 0.0783578125 0.3155484375 0.89348125 0.35050625 0.8858937499999999 0.3553828125 0.08377812500000001
6 0.3992828125 0.081609375 0.3586359375 0.081609375 0.3537578125 0.8869781250000001 0.3935921875 0.8902296875 0.3992828125 0.081609375
6 0.42855 0.08594531250000001 0.3992828125 0.0881140625 0.3944046875 0.892396875 0.4293625 0.8891453125 0.42855 0.08594531250000001
6 0.47813906250000004 0.068603125 0.44237031250000003 0.059931250000000005 0.4269234375 0.8913140625 0.47732656249999994 0.8891453125 0.47813906250000004 0.068603125
6 0.524478125 0.0707703125 0.4813921875 0.076190625 0.47813906250000004 0.8913140625 0.523665625 0.8858937499999999 0.524478125 0.0707703125
6 0.5659390625 0.07510625 0.5228515625 0.068603125 0.5163484375 0.8956484375 0.5618734375 0.894565625 0.5659390625 0.07510625
6 0.613090625 0.0230765625 0.5732546875 0.02199375 0.5602484375000001 0.8978171875 0.6000828125 0.894565625 0.613090625 0.0230765625
6 0.6512984375 0.026329687499999997 0.6098390625000001 0.0274125 0.602521875 0.9043203125 0.6382921875 0.90106875 0.6512984375 0.026329687499999997
6 0.692759375 0.0306640625 0.6488609375000001 0.0241609375 0.6464218749999999 0.8999843750000001 0.6781265624999999 0.9021531250000001 0.692759375 0.0306640625
6 0.726090625 0.036084375 0.6903203125 0.0317484375 0.6805656250000001 0.90106875 0.7236515625 0.8967328125 0.726090625 0.036084375
6 0.7659265625 0.0783578125 0.7269046875 0.06968593749999999 0.7155218750000001 0.8989015625000001 0.7594218749999999 0.8858937499999999 0.7659265625 0.0783578125
6 0.8163296875 0.081609375 0.7740546875 0.0772734375 0.7618609375000001 0.90106875 0.8073859375 0.9032359375000001 0.8163296875 0.081609375
6 0.8561640625000001 0.0252453125 0.809825 0.0241609375 0.8090125 0.8999843750000001 0.8423437500000001 0.9032359375000001 0.8561640625000001 0.0252453125
6 0.8846171875 0.0252453125 0.8488468749999999 0.026329687499999997 0.836653125 0.9021531250000001 0.8675453125000001 0.9021531250000001 0.8846171875 0.0252453125
6 0.9163218750000001 0.029581249999999996 0.8846171875 0.028496874999999998 0.8707968749999999 0.9043203125 0.903315625 0.90106875 0.9163218750000001 0.029581249999999996
6 0.949653125 0.152065625 0.919575 0.14231093749999998 0.9081921875000001 0.9054046874999999 0.9342078125000001 0.9021531250000001 0.949653125 0.152065625
6 0.9846109375 0.146646875 0.9520921875000001 0.14447812499999999 0.9325812499999999 0.9054046874999999 0.966725 0.90106875 0.9846109375 0.146646875
6 0.9997484375000001 0.149865625 0.98705 0.1509828125 0.9651 0.8999843750000001 0.9997484375000001 0.9032265625000001 0.9997484375000001 0.149865625