5 0.060477421875000006 0.9244791666666666 0.075122225 0.9244791666666666 0.08732623125 0.9233940958333334 0.101157434375 0.9212239583333334 0.11905664062500002 0.2430555541666667 0.054003396875 0.23980034583333334 0.0376966125 0.9190538208333333 0.046646215625 0.9223090291666666 0.060477421875000006 0.9244791666666666
5 0.146719053125 0.9244791666666666 0.165431859375 0.9244791666666666 0.1792630625 0.9201388875000001 0.18333106562499998 0.3374565958333333 0.184958265625 0.302734375 0.186585465625 0.2625868041666667 0.186585465625 0.2452256958333333 0.127245584375 0.2430555541666667 0.115802240625 0.9201388875000001 0.12881984375 0.9244791666666666 0.146719053125 0.9244791666666666
5 0.256555090625 0.9299045125000001 0.26225029375000003 0.927734375 0.26062309375 0.34288194583333337 0.26469109375 0.28428819583333337 0.26469109375 0.2549913208333333 0.194791159375 0.2528211791666667 0.19065346875 0.9244791666666666 0.19634866875 0.9288194458333333 0.256555090625 0.9299045125000001
5 0.317575115625 0.2907986125 0.279426575 0.2907986125 0.285844703125 0.9223090291666666 0.324083915625 0.9212239583333334 0.317575115625 0.2907986125
5 0.41195275000000003 0.29188367916666663 0.32418569062499997 0.2886284708333333 0.33140631875 0.9288194458333333 0.42008875312500005 0.9233940958333334 0.41195275000000003 0.29188367916666663
5 0.50226238125 0.2973090291666667 0.41927515 0.2962239583333333 0.42985195625 0.9288194458333333 0.512839184375 0.9233940958333334 0.50226238125 0.2973090291666667
5 0.542942396875 0.23763020833333334 0.5030759812500001 0.23980034583333334 0.5209751875 0.9353298624999999 0.560028003125 0.9299045125000001 0.542942396875 0.23763020833333334
5 0.581181609375 0.23980034583333334 0.56653680625 0.23980034583333334 0.5470104 0.23980034583333334 0.564096003125 0.9375 0.60314881875 0.9320746541666666 0.581181609375 0.23980034583333334
5 0.617793625 0.23980034583333334 0.5885040125 0.23980034583333334 0.608844021875 0.9396701375000001 0.63732003125 0.9364149291666667 0.617793625 0.23980034583333334
5 0.6519648375 0.2430555541666667 0.62366485625 0.2419704875 0.642201634375 0.9407552083333334 0.67230484375 0.9353298624999999 0.6519648375 0.2430555541666667
5 0.7113576593750001 0.2419704875 0.661913553125 0.2430555541666667 0.677186446875 0.9418402791666666 0.7316976656249999 0.9396701375000001 0.7113576593750001 0.2419704875
5 0.767496078125 0.9299045125000001 0.781327284375 0.9255642374999999 0.7561056749999999 0.283203125 0.717252096875 0.28211805416666663 0.734138465625 0.9309895833333334 0.747969671875 0.9320746541666666 0.767496078125 0.9299045125000001
5 0.797599290625 0.9353298624999999 0.80736249375 0.9353298624999999 0.8211937 0.9342447916666666 0.8333977031250001 0.9309895833333334 0.8098032937499999 0.2864583333333333 0.766080221875 0.28428819583333337 0.782954484375 0.9299045125000001 0.787022484375 0.9331597208333334 0.797599290625 0.9353298624999999
5 0.84478810625 0.244140625 0.8228209 0.2430555541666667 0.84316090625 0.9418402791666666 0.870009715625 0.9385850708333333 0.84478810625 0.244140625
5 0.87651851875 0.2452256958333333 0.851296909375 0.244140625 0.87651851875 0.9429253458333334 0.9025537281249999 0.9385850708333333 0.87651851875 0.2452256958333333
5 0.936724940625 0.9461805541666667 0.9505561468750001 0.9429253458333334 0.9228937343749999 0.23871527916666666 0.886522928125 0.23871527916666666 0.9115033312499999 0.9450954874999999 0.9180121343750001 0.947265625 0.936724940625 0.9461805541666667