6 0.077353125 0.3595703125 0.0187515625 0.3595703125 0.11464531250000001 0.7976453125 0.16259218749999998 0.7940921875 0.077353125 0.3595703125
6 0.16703125000000002 0.791725 0.216175 0.7858671875 0.14483437500000002 0.3311546875 0.08356875 0.3311546875 0.16703125000000002 0.791725
6 0.202503125 0.33013750000000003 0.145721875 0.3323390625 0.21675468750000002 0.7869890625 0.2647015625 0.7869890625 0.202503125 0.33013750000000003
6 0.2638140625 0.791725 0.32164375 0.7936796875 0.27535625 0.35601875 0.20698750000000002 0.354834375 0.2638140625 0.791725
6 0.3480109375 0.3561796875 0.2797953125 0.354834375 0.3268546875 0.792909375 0.379240625 0.7964609375 0.3480109375 0.3561796875
6 0.3872328125 0.78935625 0.44664374999999995 0.7845640625 0.43606718750000006 0.34181093749999997 0.35881875 0.3441796875 0.3872328125 0.78935625
6 0.511096875 0.3405546875 0.43517968749999997 0.3406265625 0.44938593750000005 0.7858046875 0.508875 0.7869890625 0.511096875 0.3405546875
6 0.5124265625 0.8011968749999999 0.5394171875 0.8001890625 0.5470546875 0.34773125 0.5177546875 0.348915625 0.5124265625 0.8011968749999999
6 0.598553125 0.348915625 0.54971875 0.35009843749999997 0.5399515625 0.8000125 0.57813125 0.7952765625 0.598553125 0.348915625
6 0.655628125 0.34966875000000003 0.6012171875 0.348915625 0.5878984375 0.8011968749999999 0.626965625 0.8000125 0.655628125 0.34966875000000003
6 0.65981875 0.3323390625 0.6305171875 0.7964609375 0.639396875 0.8083 0.65893125 0.8047484375 0.665146875 0.8035640624999999 0.71486875 0.3347078125 0.708653125 0.3441796875 0.70155 0.35838749999999997 0.6882312500000001 0.35838749999999997 0.6704734375 0.357203125 0.6615953125 0.357203125 0.65981875 0.3323390625
6 0.6766890625 0.809484375 0.71309375 0.8059328125 0.7743578125 0.3039234375 0.7273 0.3039234375 0.6766890625 0.809484375
6 0.7166453125000001 0.8071171874999999 0.74351875 0.8014921875000001 0.81165 0.338259375 0.7734703125 0.33944375 0.7166453125000001 0.8071171874999999
6 0.8558234375 0.3405546875 0.8196421875000001 0.33944375 0.7512734375 0.8118531250000001 0.777021875 0.8047484375 0.8558234375 0.3405546875
6 0.78235 0.809484375 0.82585625 0.8059328125 0.9173109374999999 0.35009843749999997 0.8613734375 0.348915625 0.78235 0.809484375
6 0.8294078125000001 0.8142203125 0.8734015625 0.8132109375000001 0.9759125 0.3524671875 0.9226390625 0.35365156249999996 0.8294078125000001 0.8142203125