6 0.20814531249999998 0.8164390625 0.22516406249999998 0.8174265625 0.2377421875 0.8134796874999999 0.1524765625 0.2458171875 0.1171359375 0.24911406249999998 0.20814531249999998 0.8164390625
6 0.1918671875 0.24319375000000001 0.158571875 0.24516718750000002 0.242921875 0.8124921875 0.27251875000000003 0.808546875 0.1918671875 0.24319375000000001
6 0.22738437500000003 0.24319375000000001 0.1948265625 0.24418125000000002 0.275478125 0.8124921875 0.30285625 0.808546875 0.22738437500000003 0.24319375000000001
6 0.3428109375 0.807559375 0.2947171875 0.4168453125 0.27325937499999997 0.240234375 0.229603125 0.24418125000000002 0.30581562500000004 0.81051875 0.3428109375 0.807559375
6 0.3820265625 0.8095328125 0.3502109375 0.5135375 0.3169140625 0.2382609375 0.27621875 0.240234375 0.3472515625 0.8095328125 0.3820265625 0.8095328125
6 0.3648796875 0.2360515625 0.319134375 0.239246875 0.3849875 0.8203859375 0.424203125 0.8223593749999999 0.3648796875 0.2360515625
6 0.4194046875 0.23496718749999998 0.3761078125 0.2372734375 0.42864218750000005 0.8194000000000001 0.4641578125 0.821371875 0.4194046875 0.23496718749999998
6 0.47673750000000004 0.3181796875 0.44787968749999996 0.319165625 0.47451718749999994 0.775 0.502634375 0.7740140625 0.47673750000000004 0.3181796875
6 0.516246875 0.3196015625 0.48487656250000005 0.3211390625 0.506334375 0.7473734375000001 0.53593125 0.7463875 0.516246875 0.3196015625
6 0.5566484375 0.3181796875 0.5270515625 0.320153125 0.5374109375 0.7463875 0.5655281249999999 0.7444140625 0.5566484375 0.3181796875
6 0.59274375 0.3152625 0.5603484375 0.3171921875 0.5670078125 0.7444140625 0.5951234375000001 0.742440625 0.59274375 0.3152625
6 0.6247203125 0.3576453125 0.59364375 0.3586328125 0.5973437500000001 0.734546875 0.623240625 0.7335609375 0.6247203125 0.3576453125
6 0.6557984375 0.7582265625 0.6617171875000001 0.493803125 0.6654171875 0.370471875 0.634340625 0.3684984375 0.62768125 0.757240625 0.6557984375 0.7582265625
6 0.6987125 0.28660625 0.6713359375 0.28759375 0.659496875 0.750334375 0.6831750000000001 0.750334375 0.6987125 0.28660625
6 0.739228125 0.28704999999999997 0.7046328125 0.28660625 0.6876140625 0.75230625 0.7112921875 0.75329375 0.739228125 0.28704999999999997
6 0.7717796875 0.285965625 0.7408890625 0.28660625 0.714990625 0.7513203125000001 0.73866875 0.750334375 0.7717796875 0.285965625
6 0.8089609375 0.2895671875 0.7734453125 0.2895671875 0.741628125 0.7513203125000001 0.771225 0.750334375 0.8089609375 0.2895671875
6 0.856415625 0.2881359375 0.8208 0.2895671875 0.778625 0.756253125 0.80748125 0.757240625 0.856415625 0.2881359375
6 0.8832718749999999 0.282709375 0.8659343749999999 0.282659375 0.8119203125000001 0.75230625 0.8259796875 0.75230625 0.8832718749999999 0.282709375
6 0.9019890625 0.281625 0.88369375 0.2846328125 0.8274593749999999 0.75230625 0.8422578125 0.7513203125000001 0.9019890625 0.281625