4 0.3869203125 0 0.8308687499999999 0.1614890625 0.8340546874999999 0.1578203125 0.844515625 0.126975 0.844225 0.12099843749999999 0.5103718749999999 0 0.3869203125 0
4 0.3443640625 0 0.343040625 0.0022875 0.33973593750000003 0.0198453125 0.339753125 0.029909375 0.8174046875000001 0.2013015625 0.8207796875 0.197865625 0.8284296875000001 0.17621875 0.831675 0.1656046875 0.829925 0.1612015625 0.3870484375 0 0.3443640625 0
4 0.7994546875 0.2451703125 0.8073484375 0.23167187500000003 0.8136218749999999 0.2111515625 0.814115625 0.202790625 0.34099218750000004 0.032609375 0.334915625 0.0423578125 0.32706875 0.0747765625 0.7994546875 0.2451703125
4 0.7869953125 0.2881203125 0.7939359375 0.27554218750000004 0.7997765625000001 0.2564375 0.8033671874999999 0.2472171875 0.3277953125 0.0757734375 0.3230953125 0.08439375 0.3160953125 0.10391874999999999 0.3132234375 0.1200625 0.7869953125 0.2881203125
4 0.304353125 0.1490734375 0.781015625 0.31105312500000004 0.78844375 0.2886078125 0.313734375 0.12176562500000002 0.304353125 0.1490734375
4 0.3037046875 0.151196875 0.295484375 0.17808437500000002 0.7451390625000001 0.32716406249999996 0.745 0.330990625 0.7719406249999999 0.3388765625 0.778775 0.315009375 0.3037046875 0.151196875
4 0.29446249999999996 0.174678125 0.2861625 0.198446875 0.737803125 0.34290625 0.7441953125 0.32687499999999997 0.29446249999999996 0.174678125
4 0.2875390625 0.19732031249999998 0.2804 0.22067031250000002 0.7334546875 0.364553125 0.7397296875 0.344853125 0.2875390625 0.19732031249999998
4 0.2858453125 0.223109375 0.27371249999999997 0.2526703125 0.7282234375 0.399365625 0.7378203125 0.37134999999999996 0.2858453125 0.223109375
4 0.26389687500000003 0.2831828125 0.7182453125 0.43137499999999995 0.726984375 0.4035 0.2729828125 0.25346406250000003 0.26389687500000003 0.2831828125
4 0.2635265625 0.2843953125 0.2572890625 0.307690625 0.7296140624999999 0.460715625 0.73628125 0.4398953125 0.2635265625 0.2843953125
4 0.2534984375 0.3085203125 0.24626562500000002 0.332175 0.7204296875 0.48537968749999993 0.7294953125 0.4639953125 0.2534984375 0.3085203125
4 0.2485734375 0.3361953125 0.2406671875 0.3649484375 0.6836249999999999 0.50700625 0.6925234375 0.4812234375 0.2485734375 0.3361953125
4 0.23077343749999998 0.3944203125 0.673478125 0.5344109375 0.6837546875 0.5099078125000001 0.2394875 0.3659140625 0.23077343749999998 0.3944203125
4 0.2312109375 0.39588125 0.22015156249999998 0.43494374999999996 0.6632281250000001 0.573721875 0.676290625 0.5425671875 0.674978125 0.5381859375 0.2312109375 0.39588125
4 0.2204046875 0.43701093750000003 0.211334375 0.47535625000000004 0.650771875 0.611425 0.6637328124999999 0.57785625 0.2204046875 0.43701093750000003
4 0.20617812500000002 0.47775937500000004 0.19511875 0.516821875 0.6392218749999999 0.6523875 0.6514953125 0.6178859375 0.20617812500000002 0.47775937500000004
4 0.194934375 0.5174296875 0.1828140625 0.554178125 0.6286906250000001 0.690015625 0.6422390625000001 0.6568375 0.194934375 0.5174296875
4 0.1783484375 0.5601078125 0.170628125 0.5882546875 0.622459375 0.723121875 0.63205625 0.6988203125 0.1783484375 0.5601078125
4 0.17286875 0.589603125 0.1648953125 0.6156828125 0.6111515625 0.7473828124999999 0.6190453125000001 0.7240234375 0.17286875 0.589603125
4 0.1468921875 0.6658875 0.6315703125 0.8074359375 0.644484375 0.7655984375 0.16123749999999998 0.621859375 0.1468921875 0.6658875
4 0.1519984375 0.6694375 0.1384609375 0.7137125 0.6174906250000001 0.8507109375 0.6310140625 0.80925625 0.1519984375 0.6694375
4 0.13573125 0.7168578125 0.12472343749999999 0.7499671875 0.5933453125 0.8832921875 0.6041671875 0.8507875 0.13573125 0.7168578125
4 0.1272171875 0.7533828125 0.1123 0.790603125 0.543821875 0.9135296875 0.5573890625 0.873625 0.1272171875 0.7533828125
4 0.11268750000000001 0.7980171875 0.100515625 0.84071875 0.531528125 0.9601000000000001 0.54521875 0.916328125 0.11268750000000001 0.7980171875