6 0.08998125 0.284521875 0.0589046875 0.28254843749999997 0.0751828125 0.7936359375 0.10329999999999999 0.7926484375 0.08998125 0.284521875
6 0.10329999999999999 0.7926484375 0.13213124999999998 0.7916078125 0.1188375 0.2864953125 0.09146093749999999 0.284521875 0.10329999999999999 0.7926484375
6 0.132896875 0.7936359375 0.1632328125 0.7936359375 0.1506546875 0.27465625 0.12031875 0.27465625 0.132896875 0.7936359375
6 0.16619375 0.7936359375 0.2029328125 0.7916078125 0.1935703125 0.2934015625 0.1543546875 0.29241562499999996 0.16619375 0.7936359375
6 0.2322296875 0.29573125 0.19505 0.29438906249999997 0.20392968749999998 0.7936359375 0.23796562500000001 0.7926484375 0.2322296875 0.29573125
6 0.240925 0.7975828125 0.26315468750000004 0.799203125 0.2594234375 0.2973484375 0.234265625 0.2963625 0.240925 0.7975828125
6 0.2843125 0.2989859375 0.2594234375 0.2983359375 0.264603125 0.7995546874999999 0.2882796875 0.7995546874999999 0.2843125 0.2989859375
6 0.30011875 0.78475625 0.33563437500000004 0.786728125 0.3274953125 0.3269484375 0.289759375 0.324975 0.30011875 0.78475625
6 0.3445140625 0.7887015625 0.38034218750000004 0.785096875 0.368190625 0.3308953125 0.3274953125 0.3338546875 0.3445140625 0.7887015625
6 0.408146875 0.3111625 0.36893125000000004 0.310175 0.381509375 0.79856875 0.4162859375 0.7975828125 0.408146875 0.3111625
6 0.4199859375 0.7995546874999999 0.45277031250000005 0.7970328125 0.448103125 0.31510937499999997 0.40740781249999997 0.314121875 0.4199859375 0.7995546874999999
6 0.48857656250000003 0.3185171875 0.44884218750000004 0.3200421875 0.4547625 0.8005421875 0.490278125 0.8005421875 0.48857656250000003 0.3185171875
6 0.5260125 0.3206875 0.4880578125 0.321028125 0.4924984375 0.8025156250000001 0.527275 0.8025156250000001 0.5260125 0.3206875
6 0.5287546875 0.809421875 0.5664906249999999 0.8113953125 0.5709296875 0.270709375 0.5309734374999999 0.269721875 0.5287546875 0.809421875
6 0.5679703125 0.8104093750000001 0.604965625 0.8084359375 0.611625 0.27465625 0.5738890624999999 0.27366875 0.5679703125 0.8104093750000001
6 0.6578484375 0.27294375 0.6190249999999999 0.2726828125 0.6071859374999999 0.8104093750000001 0.6427015625 0.8123812499999999 0.6578484375 0.27294375
6 0.671559375 0.3535875 0.658240625 0.3516140625 0.6427015625 0.805475 0.6552796875 0.8064625 0.671559375 0.3535875
6 0.681178125 0.28057656249999996 0.6575 0.8104093750000001 0.6789578125 0.8113953125 0.6922765625 0.8123812499999999 0.7159546875 0.2835359375 0.681178125 0.28057656249999996
6 0.694496875 0.8123812499999999 0.729271875 0.8133687500000001 0.76256875 0.285509375 0.7277921875 0.2835359375 0.694496875 0.8123812499999999
6 0.7831734375 0.3586640625 0.7610890625 0.3565484375 0.7300125000000001 0.8015281249999999 0.7477703124999999 0.8015281249999999 0.7831734375 0.3586640625
6 0.8062250000000001 0.3604953125 0.78550625 0.3595078125 0.74925 0.79856875 0.7647890625 0.79856875 0.8062250000000001 0.3604953125