0 0.05458994375 0.16073751249999998 0.011503315625 0.15965357083333334 0.040769706249999996 0.9314190958333334 0.07735269375 0.9270833333333334 0.05458994375 0.16073751249999998
0 0.093611796875 0.16073751249999998 0.049712212500000005 0.16073751249999998 0.07735269375 0.928167275 0.108244990625 0.9303351541666667 0.093611796875 0.16073751249999998
0 0.14076320312499999 0.15856963333333332 0.084669290625 0.15531781249999999 0.11149681250000001 0.9314190958333334 0.159461171875 0.9335869750000001 0.14076320312499999 0.15856963333333332
0 0.17978505625000002 0.16615721666666666 0.13344660625 0.15965357083333334 0.160274128125 0.9292512125 0.19929598125 0.9303351541666667 0.17978505625000002 0.16615721666666666
0 0.227749415625 0.16398933333333332 0.186288696875 0.16398933333333332 0.205799621875 0.9270833333333334 0.24969920625 0.9270833333333334 0.227749415625 0.16398933333333332
0 0.27083604375000003 0.16724115416666668 0.22856236874999997 0.1694090375 0.2407567 0.9270833333333334 0.293598790625 0.9227475708333334 0.27083604375000003 0.16724115416666668
0 0.344814971875 0.2030111875 0.271649 0.19650754583333332 0.29197288125 0.9259993916666667 0.37245545 0.9227475708333334 0.344814971875 0.2030111875
0 0.3935922875 0.16615721666666666 0.33993724062499997 0.16615721666666666 0.365138853125 0.9238315125 0.4131032125 0.9303351541666667 0.3935922875 0.16615721666666666
0 0.42367163124999996 0.17157691666666666 0.39521819687500004 0.1694090375 0.416355034375 0.9216636333333333 0.44480846874999996 0.91949575 0.42367163124999996 0.17157691666666666
0 0.453750975 0.17049297500000002 0.42611049687499997 0.17049297500000002 0.44480846874999996 0.9227475708333334 0.47651372187499996 0.9205796916666666 0.453750975 0.17049297500000002
0 0.4903339625 0.17049297500000002 0.456189840625 0.16832509583333335 0.478139634375 0.9249154541666668 0.517974440625 0.9270833333333334 0.4903339625 0.17049297500000002
0 0.5244780812500001 0.17157691666666666 0.49114691875 0.16832509583333335 0.518787396875 0.9270833333333334 0.5610610687500001 0.9346709166666667 0.5244780812500001 0.17157691666666666
0 0.565125846875 0.25504032083333333 0.529355815625 0.25937608333333334 0.559435159375 0.9314190958333334 0.5968311 0.9314190958333334 0.565125846875 0.25504032083333333
0 0.59195336875 0.25829214166666664 0.5610610687500001 0.2517885 0.592766325 0.9270833333333334 0.631788175 0.9292512125 0.59195336875 0.25829214166666664
0 0.62691044375 0.2810548916666667 0.599269965625 0.2853906541666667 0.635852953125 0.9270833333333334 0.6724359375 0.9292512125 0.62691044375 0.2810548916666667
0 0.661867521875 0.2409491 0.640730684375 0.2463688 0.678126625 0.9639373041666667 0.70820596875 0.961769425 0.661867521875 0.2409491
0 0.68463026875 0.11087625833333334 0.65942865625 0.11087625833333334 0.72365211875 0.9216636333333333 0.743163046875 0.9162439291666666 0.68463026875 0.11087625833333334
0 0.702515284375 0.9205796916666666 0.72365211875 0.9205796916666666 0.6626804749999999 0.11196019583333333 0.6374788625 0.1076244375 0.640730684375 0.23769727916666666 0.661054565625 0.23552939583333332 0.702515284375 0.9205796916666666
0 0.7130837031249999 0.108708375 0.6862561781250001 0.10979231666666665 0.742350090625 0.9227475708333334 0.770803525 0.9292512125 0.7130837031249999 0.108708375
0 0.743976 0.1076244375 0.71389665625 0.10654049583333333 0.7651128375 0.9227475708333334 0.8114512875000001 0.9227475708333334 0.743976 0.1076244375
0 0.783810809375 0.10112079583333333 0.74641486875 0.10545655416666667 0.8073865124999999 0.9303351541666667 0.843969496875 0.9314190958333334 0.783810809375 0.10112079583333333
0 0.8155160625000001 0.10003685416666667 0.78706263125 0.10112079583333333 0.8480342750000001 0.9335869750000001 0.8707970218750001 0.9325030333333333 0.8155160625000001 0.10003685416666667
0 0.835839946875 0.10545655416666667 0.8138901531249999 0.10437261666666667 0.8707970218750001 0.9249154541666668 0.8976245437499999 0.928167275 0.835839946875 0.10545655416666667
0 0.875674753125 0.17049297500000002 0.8399047218750001 0.17266085833333333 0.8959986343749999 0.9303351541666667 0.92851684375 0.9227475708333334 0.875674753125 0.17049297500000002
0 0.90331523125 0.16507327500000002 0.87404884375 0.1694090375 0.931768665625 0.9292512125 0.9634739218749999 0.928167275 0.90331523125 0.16507327500000002
0 0.9293298 0.17374479583333333 0.911444784375 0.1802484375 0.97079051875 0.9292512125 0.99436621875 0.9205796916666666 0.9293298 0.17374479583333333
0 0.999747984375 0.6824596791666667 0.962660965625 0.1748287375 0.93420753125 0.17374479583333333 0.993553265625 0.9292512125 0.999747984375 0.9280913958333333 0.999747984375 0.6824596791666667