4 0.20224375 0.9345515625 0.0662671875 0.38918125 0.019956250000000002 0.398490625 0.155403125 0.9484671875 0.1869796875 0.94059375 0.20224375 0.9345515625
4 0.20356093749999998 0.9331046875 0.24750624999999998 0.9210296874999999 0.1128421875 0.3809234375 0.068759375 0.388559375 0.20356093749999998 0.9331046875
4 0.250659375 0.926953125 0.29855468749999997 0.9105375 0.1460375 0.30555 0.0980171875 0.3141671875 0.250659375 0.926953125
4 0.1955078125 0.2954515625 0.1513 0.30311875 0.14802500000000002 0.306171875 0.29986875 0.912446875 0.3488140625 0.9002437499999999 0.1955078125 0.2954515625
4 0.350921875 0.8952453125 0.39855 0.8844875 0.24734531249999997 0.28476406249999997 0.2011921875 0.29403437499999996 0.350921875 0.8952453125
4 0.40091875000000005 0.8838984375000001 0.41907500000000003 0.8793703125000001 0.26655625 0.2777375 0.250503125 0.28397656250000003 0.40091875000000005 0.8838984375000001
4 0.28760625 0.2747265625 0.2844484375 0.2755125 0.27278281249999997 0.278421875 0.4206546875 0.8789765624999999 0.4393375 0.8732 0.28760625 0.2747265625
4 0.44433749999999994 0.8730718749999999 0.499334375 0.858240625 0.3594203125 0.300434375 0.30513124999999997 0.3139703125 0.44433749999999994 0.8730718749999999
4 0.5043359374999999 0.8547578124999999 0.5588078125 0.8411765625 0.4220453125 0.28929218749999996 0.36777187499999997 0.302825 0.5043359374999999 0.8547578124999999
4 0.5638062500000001 0.8410484374999999 0.6122265625 0.8267390625000001 0.4754625 0.27821093750000003 0.42672968750000007 0.29036093749999997 0.5638062500000001 0.8410484374999999
4 0.6685421875 0.8071078125 0.5265109375 0.2677203125 0.48331718749999997 0.2784890625 0.6201218749999999 0.821415625 0.6553828125 0.8148609375 0.6685421875 0.8071078125
4 0.7170421874999999 0.7994875 0.572115625 0.261940625 0.532275 0.26628281249999997 0.67756875 0.8126843750000001 0.702303125 0.8076359375 0.7170421874999999 0.7994875
4 0.6155359375 0.247759375 0.59738125 0.24893125 0.579125 0.2557203125 0.723090625 0.8035703125 0.760196875 0.7909640625 0.6155359375 0.247759375
4 0.7657203124999999 0.7929421875 0.8025625 0.7792828125 0.6607968750000001 0.23759375 0.621765625 0.2450890625 0.7657203124999999 0.7929421875
4 0.8083515625000001 0.7789578125000001 0.8449296875 0.7676015625 0.70579375 0.2263734375 0.6679015625 0.235821875 0.8083515625000001 0.7789578125000001
4 0.8522968750000001 0.7668828125 0.888875 0.7555265624999999 0.7492125 0.2155484375 0.7130984375 0.224553125 0.8522968750000001 0.7668828125
4 0.898084375 0.7554671875000001 0.9504515625 0.7401734375 0.8126328125000001 0.1975 0.7578437499999999 0.212278125 0.898084375 0.7554671875000001
4 1 0.6905796875 0.8721 0.1871453125 0.8175890625 0.2029734375 0.95335 0.7316234374999999 0.9575578124999999 0.735046875 1 0.721603125 1 0.6905796875