4 0.20056875000000002 0.8844593749999999 0.2517265625 0.8746937499999999 0.1711984375 0.34713906250000004 0.165971875 0.34603125 0.13550625 0.3513984375 0.1276234375 0.35307343750000003 0.20056875000000002 0.8844593749999999
4 0.2637828125 0.868803125 0.3093703125 0.8602234375 0.22473125 0.344634375 0.21870937499999998 0.343696875 0.18369375 0.35113906250000004 0.180028125 0.35302812499999997 0.2637828125 0.868803125
4 0.327103125 0.8575625 0.3718953125 0.8491515625 0.2862359375 0.332671875 0.24348437500000003 0.3384296875 0.327103125 0.8575625
4 0.33760625 0.3317359375 0.324196875 0.33125781249999997 0.29247968750000003 0.33799999999999997 0.37905781250000004 0.8476296874999999 0.4219125 0.8418484375 0.33760625 0.3317359375
4 0.42770937499999995 0.841725 0.5075171875 0.8258703125 0.403496875 0.2777953125 0.3950875 0.2773640625 0.36814843750000004 0.2797625 0.333928125 0.2870359375 0.42770937499999995 0.841725
4 0.53706875 0.8240265625 0.6066499999999999 0.8070171875 0.48342343750000005 0.2585875 0.41748906249999995 0.26927500000000004 0.53706875 0.8240265625
4 0.6105109375 0.809525 0.6266515625 0.807203125 0.50995625 0.2973203125 0.4962015625 0.299134375 0.6105109375 0.809525
4 0.6299546874999999 0.8031734374999999 0.643484375 0.8002984375000001 0.5278906250000001 0.3112578125 0.516121875 0.313759375 0.6299546874999999 0.8031734374999999
4 0.6468921875 0.8006828125000001 0.659625 0.7979765624999999 0.5419890625 0.3071515625 0.5318171875 0.30931406250000004 0.6468921875 0.8006828125000001
4 0.6670140625000001 0.7975156250000001 0.7063531249999999 0.786934375 0.57750625 0.270759375 0.5440343750000001 0.276765625 0.6670140625000001 0.7975156250000001
4 0.713171875 0.7877046875 0.7408 0.780721875 0.6129734375 0.2654390625 0.5882671875 0.26958125 0.713171875 0.7877046875
4 0.7480687500000001 0.7836140625 0.7730828125 0.776078125 0.643784375 0.25778124999999996 0.6190859375 0.26192187499999997 0.7480687500000001 0.7836140625
4 0.7744500000000001 0.7746796875 0.797303125 0.7687125 0.6668515625 0.26064375 0.6451390625 0.26415 0.7744500000000001 0.7746796875
4 0.8012812500000001 0.767865625 0.8252750000000001 0.7594390625 0.6943609375 0.25701406250000003 0.671265625 0.2608140625 0.8012812500000001 0.767865625
4 0.9043812499999999 0.7559359375 0.7509765625 0.17509375 0.7018734375 0.178875 0.8570828125000001 0.7682078125 0.8894859374999999 0.7602109375 0.9043812499999999 0.7559359375
4 0.9215453124999999 0.75450625 0.96929375 0.7443562499999999 0.8075984375 0.15973125 0.7592875 0.16999999999999998 0.9215453124999999 0.75450625