4 0.60358125 1 0.22676249999999998 0.86593125 0.21245468750000002 0.8976421875 0.49992656249999995 1 0.60358125 1
4 0.7034328125 1 0.2398734375 0.8313421875 0.2263125 0.8642109375 0.6097765625 1 0.7034328125 1
4 0.7246765625 1 0.7383953125 0.9771484375 0.2527890625 0.8005000000000001 0.2404328125 0.8322921875 0.7055078124999999 1 0.7246765625 1
4 0.4957890625 0.8513546875 0.2646765625 0.76930625 0.254553125 0.8003750000000001 0.737071875 0.9688671875000001 0.7518859375 0.9379703125000001 0.4957890625 0.8513546875
4 0.755165625 0.937534375 0.7666062499999999 0.9164312499999999 0.2541921875 0.73643125 0.2453515625 0.7604265625 0.755165625 0.937534375
4 0.7690140624999999 0.9094359375 0.7804546875 0.8883328125000001 0.2657828125 0.7094375 0.256371875 0.734484375 0.7690140624999999 0.9094359375
4 0.78193125 0.8810156250000001 0.7917468750000001 0.858571875 0.2776375 0.6816734375 0.2704609375 0.7056859375 0.78193125 0.8810156250000001
4 0.7950578125 0.8550156250000001 0.8048734375000001 0.832571875 0.28869687499999996 0.6562187500000001 0.28075937500000003 0.6818421875 0.7950578125 0.8550156250000001
4 0.8109828125 0.8299796875000001 0.826759375 0.796284375 0.3063140625 0.6183890625 0.293434375 0.654121875 0.8109828125 0.8299796875000001
4 0.8275124999999999 0.791065625 0.8434984375000001 0.759790625 0.3239640625 0.577128125 0.3109265625 0.612409375 0.8275124999999999 0.791065625
4 0.8416937499999999 0.752909375 0.857321875 0.7105546875 0.343115625 0.5280203125 0.325621875 0.5697328125000001 0.8416937499999999 0.752909375
4 0.8513343750000001 0.7006671875 0.8640109375 0.6729468749999999 0.4181453125 0.5131625 0.40744375 0.5413203125 0.8513343750000001 0.7006671875
4 0.868434375 0.6752515625 0.88135 0.6468328125 0.4284734375 0.48619843749999997 0.4188375 0.5141828125 0.868434375 0.6752515625
4 0.895584375 0.6509515625 0.9107 0.613115625 0.4182203125 0.43415 0.4042484375 0.47394687500000005 0.895584375 0.6509515625
4 0.9067578125000001 0.6094109375000001 0.92325625 0.573615625 0.4287015625 0.3915890625 0.4142796875 0.4304453125 0.9067578125000001 0.6094109375000001
4 0.9211812500000001 0.570553125 0.933103125 0.5480515625 0.411525 0.3535890625 0.402646875 0.37527656249999997 0.9211812500000001 0.570553125
4 0.42492343750000006 0.3237703125 0.4134515625 0.3479921875 0.9377984375 0.5465375 0.946775 0.5247640625 0.42492343750000006 0.3237703125
4 0.9703968749999999 0.5155046875 0.9797 0.49757968750000003 0.9793406250000001 0.48650000000000004 0.9681765625000001 0.47952500000000003 0.4571140625 0.28041875 0.447859375 0.2995828125 0.4399109375 0.3226703125 0.9581468750000001 0.5238078125000001 0.9590796875 0.5241281250000001 0.9703968749999999 0.5155046875
4 1 0.43701093750000003 0.9995140625 0.433971875 0.47763906250000004 0.222190625 0.47068281250000005 0.23935937499999999 0.463215625 0.2610484375 0.981359375 0.47154375000000004 0.9898484375000001 0.4650765625 0.99770625 0.4513484375 1 0.444684375 1 0.43701093750000003