0 0.06028063125000001 0.20951482916666667 0.016381046875 0.2084308875 0.062719496875 0.9379227375 0.100115440625 0.9422585 0.06028063125000001 0.20951482916666667
0 0.098489528125 0.20734694583333332 0.057028812500000005 0.20951482916666667 0.10092839375 0.939006675 0.1383243375 0.9530978999999999 0.098489528125 0.20734694583333332
0 0.134259559375 0.11196019583333333 0.0919858875 0.11087625833333334 0.135885471875 0.9433424375 0.171655503125 0.9487621416666666 0.134259559375 0.11196019583333333
0 0.174907321875 0.1173799 0.135885471875 0.11412807916666666 0.170842546875 0.9444263791666666 0.20498666875 0.9487621416666666 0.174907321875 0.1173799
0 0.2098644 0.2647957875 0.174907321875 0.26696366666666665 0.19767006874999998 0.9455103208333333 0.23018828125000002 0.9509300208333333 0.2098644 0.2647957875
0 0.241569653125 0.2647957875 0.205799621875 0.26046002500000004 0.231001234375 0.9520139625 0.25538989375 0.9498460791666666 0.241569653125 0.2647957875
0 0.26921013125000004 0.16398933333333332 0.226936459375 0.16073751249999998 0.25620285 0.9530978999999999 0.28628219375 0.9552657833333333 0.26921013125000004 0.16398933333333332
0 0.308231984375 0.1694090375 0.26758422187500003 0.16724115416666668 0.2814044625 0.9530978999999999 0.314735628125 0.9552657833333333 0.308231984375 0.1694090375
0 0.36188703125 0.17157691666666666 0.30335425312500003 0.16615721666666666 0.314735628125 0.9574336625 0.358635209375 0.9563497208333334 0.36188703125 0.17157691666666666
0 0.41472912187500005 0.12605142083333334 0.358635209375 0.1173799 0.360261121875 0.9563497208333334 0.40334775 0.9628533666666667 0.41472912187500005 0.12605142083333334
0 0.49765055937499997 0.13472294583333333 0.410664346875 0.131471125 0.405786615625 0.9606854833333334 0.47651372187499996 0.9639373041666667 0.49765055937499997 0.13472294583333333
0 0.553744471875 0.14231052916666667 0.49927646875000004 0.136890825 0.47651372187499996 0.9650212458333333 0.5261039937499999 0.9736927666666666 0.553744471875 0.14231052916666667
0 0.574881309375 0.25829214166666664 0.546427875 0.25829214166666664 0.5244780812500001 0.9736927666666666 0.548053784375 0.9736927666666666 0.574881309375 0.25829214166666664
0 0.604960653125 0.2539563833333333 0.5732553968749999 0.25504032083333333 0.5513056062499999 0.9726088291666667 0.5756942625 0.9780285291666666 0.604960653125 0.2539563833333333
0 0.650486146875 0.28647459166666667 0.60333474375 0.2843067125 0.57244244375 0.9715248875 0.619593846875 0.9747767083333333 0.650486146875 0.28647459166666667
0 0.7000764187499999 0.294062175 0.6488602375 0.28972641250000003 0.61309020625 0.9780285291666666 0.660241609375 0.9823642916666666 0.7000764187499999 0.294062175
0 0.741537134375 0.18566814166666665 0.7033282375 0.1824163208333333 0.65942865625 0.9736927666666666 0.6919468656250001 0.9747767083333333 0.741537134375 0.18566814166666665
0 0.777307165625 0.1845842 0.739911225 0.1889199625 0.6943857312499999 0.9791124708333334 0.724465075 0.9791124708333334 0.777307165625 0.1845842
0 0.834214034375 0.15856963333333332 0.782184896875 0.15531781249999999 0.7204003 0.9715248875 0.768364659375 0.97586065 0.834214034375 0.15856963333333332
0 0.8846172593749999 0.15640175 0.835839946875 0.15423387083333334 0.768364659375 0.9791124708333334 0.8114512875000001 0.9834482291666667 0.8846172593749999 0.15640175
0 0.921200246875 0.16182145416666666 0.8838043062500001 0.15423387083333334 0.8106383312500001 0.9910358125 0.8399047218750001 0.9910358125 0.921200246875 0.16182145416666666
0 0.9569702781249999 0.16182145416666666 0.92282615625 0.15965357083333334 0.839091765625 0.9867000499999999 0.869984065625 0.9867000499999999 0.9569702781249999 0.16182145416666666
0 0.998430996875 0.3666861791666667 0.997618040625 0.1824163208333333 0.9602221 0.1791645 0.86835815625 0.9834482291666667 0.9171354718750001 0.9877839916666667 0.998430996875 0.3666861791666667