0 0.054488334375 0.1152397 0.002630471875 0.12025012083333333 0.1296446625 0.9479717833333333 0.16121031875 0.9449655291666667 0.054488334375 0.1152397
0 0.11235870625 0.1142376125 0.062003968750000006 0.1152397 0.173235328125 0.9479717833333333 0.207807240625 0.9479717833333333 0.11235870625 0.1142376125
0 0.155949375 0.007014591666666667 0.107849328125 0.005010420833333334 0.216825996875 0.9389530208333333 0.24087602187499998 0.9389530208333333 0.155949375 0.007014591666666667
0 0.198036915625 0.2645502625 0.21832912499999999 0.24250440833333334 0.20254629687499998 0.008016675 0.16121031875 0.010020841666666667 0.25064634375 0.9369488541666667 0.258161978125 0.9359467708333333 0.198036915625 0.2645502625
0 0.2311057 0.27356902499999997 0.20254629687499998 0.2715648541666667 0.265677609375 0.9970739125 0.285218253125 0.9940676624999999 0.2311057 0.27356902499999997
0 0.26342291875 0.2715648541666667 0.24162758437499998 0.2725669375 0.29273388749999996 0.9970739125 0.308516715625 0.9990780833333334 0.26342291875 0.2715648541666667
0 0.33782768124999996 0.1152397 0.27695105937500003 0.1142376125 0.32505110625 0.9449655291666667 0.368641775 0.9439634458333334 0.33782768124999996 0.1152397
0 0.4077230625 0.1192480375 0.34834956875 0.11724386666666667 0.37540584374999997 0.9469696958333333 0.41974807500000005 0.9449655291666667 0.4077230625 0.1192480375
0 0.446804353125 0.020041687500000002 0.4174933875 0.022045854166666667 0.42350589375 0.9409571916666667 0.44454966249999994 0.9409571916666667 0.446804353125 0.020041687500000002
0 0.484382515625 0.022045854166666667 0.454319984375 0.022045854166666667 0.453568421875 0.9459676125 0.47160594062500005 0.9489738666666666 0.484382515625 0.022045854166666667
0 0.509935665625 0.11824595 0.489643459375 0.11824595 0.47912157187500004 0.9409571916666667 0.4926497125 0.9379509375 0.509935665625 0.11824595
0 0.54300445 0.11724386666666667 0.5197059875 0.11724386666666667 0.49941378125 0.9379509375 0.515196609375 0.9379509375 0.54300445 0.11724386666666667
0 0.635446728125 0.03306878333333333 0.5708122906249999 0.0280583625 0.52421536875 0.9539842875000001 0.565551346875 0.9489738666666666 0.635446728125 0.03306878333333333
0 0.71135461875 0.040083375000000004 0.64897486875 0.0320667 0.57532166875 0.94997595 0.616657646875 0.9539842875000001 0.71135461875 0.040083375000000004
0 0.757199975 0.1032146875 0.717367125 0.10221260416666667 0.62567640625 0.9459676125 0.6549873749999999 0.9449655291666667 0.757199975 0.1032146875
0 0.8113125312499999 0.10521885416666667 0.7669702968750001 0.1032146875 0.6579936281250001 0.9399551083333333 0.68730459375 0.9399551083333333 0.8113125312499999 0.10521885416666667
0 0.9075126250000001 0.10421677083333333 0.878953221875 0.10421677083333333 0.7218765031250001 0.998076 0.741417146875 0.9930655749999999 0.9075126250000001 0.10421677083333333
0 0.9157798218750001 0.040083375000000004 0.867679775 0.040083375000000004 0.86166726875 0.08417508333333333 0.9150282593749999 0.09419592916666668 0.9157798218750001 0.040083375000000004
0 0.9789111343749999 0.0521083875 0.9300595250000001 0.04910213333333333 0.7594546656250001 0.9399551083333333 0.78801406875 0.9379509375 0.9789111343749999 0.0521083875
0 0.8376172437499999 0.9319384333333333 0.996948653125 0.257535675 0.996948653125 0.01603335 0.7985359562500001 0.9389530208333333 0.815070346875 0.94997595 0.8376172437499999 0.9319384333333333