4 0.294653125 0.063671875 0.8392328125 0.1307796875 0.8485765625000001 0.09029374999999999 0.2993765625 0.03063125 0.29521875 0.060465625 0.294653125 0.063671875
4 0.292428125 0.10128124999999999 0.8307390625 0.16645937500000002 0.8401390624999999 0.13188906250000001 0.2940875 0.0668765625 0.2909984375 0.0968984375 0.292428125 0.10128124999999999
4 0.27774375 0.1408265625 0.8226859375 0.2121296875 0.83015 0.16979375000000002 0.282528125 0.1011890625 0.27659531249999997 0.134840625 0.27774375 0.1408265625
4 0.279315625 0.1444078125 0.27241875000000004 0.1522796875 0.2704578125 0.1758921875 0.26983125 0.1856953125 0.8114265625 0.257234375 0.8199578125 0.21509843750000002 0.279315625 0.1444078125
4 0.2563203125 0.1998359375 0.25387499999999996 0.23245156250000001 0.8541624999999999 0.30855625 0.8615625 0.30407812500000003 0.867434375 0.27702499999999997 0.8668250000000001 0.2679859375 0.2563203125 0.1998359375
4 0.2525234375 0.23386562500000002 0.24937187500000002 0.2704859375 0.8505874999999999 0.34758125 0.858578125 0.308509375 0.2525234375 0.23386562500000002
4 0.24666875 0.2733140625 0.24243125000000001 0.2973515625 0.85298125 0.3777453125 0.8571890625 0.3538796875 0.24666875 0.2733140625
4 0.241221875 0.2979640625 0.2386171875 0.318984375 0.8468875 0.399803125 0.8515984375000001 0.3793375 0.241221875 0.2979640625
4 0.8362296875 0.46649375 0.84643125 0.40239062499999995 0.2331328125 0.31884375 0.22889374999999998 0.34288124999999997 0.22635 0.357303125 0.2234453125 0.36753125 0.22281875 0.377334375 0.8362296875 0.46649375
4 0.21966718749999997 0.41395625 0.769828125 0.4993984375 0.77758125 0.467928125 0.22795937500000002 0.3856765625 0.2195078125 0.4023609375 0.21966718749999997 0.41395625
4 0.2200296875 0.41814999999999997 0.21583437499999997 0.42319375 0.21464218750000003 0.4362015625 0.215225 0.4453921875 0.7649640625 0.5332390625000001 0.7703328125 0.502790625 0.2200296875 0.41814999999999997
4 0.79059375 0.6253296875000001 0.8032703124999999 0.553440625 0.21381250000000002 0.45340468749999996 0.2080640625 0.4672625 0.203525 0.48050625 0.19999375 0.5005375 0.2012203125 0.5123203125 0.79059375 0.6253296875000001
4 0.1972921875 0.51585 0.18779062500000002 0.5447421875 0.1832703125 0.5703828125 0.18143437499999998 0.5807984375 0.7695531250000001 0.7134140625 0.7870812500000001 0.63900625 0.1972921875 0.51585
4 0.7484046875 0.8146078125 0.7671203125 0.7272125 0.183509375 0.5877734375 0.1757640625 0.6004515625 0.1704578125 0.6243015625 0.16607812500000002 0.6491390625 0.1675265625 0.66591875 0.7484046875 0.8146078125
4 0.727478125 0.9207953124999999 0.7468953125 0.8294203124999999 0.16760625 0.671715625 0.1572203125 0.6806234375 0.1514109375 0.7010796874999999 0.1431984375 0.73515625 0.1432953125 0.7533484374999999 0.727478125 0.9207953124999999
4 0.13439375 0.76009375 0.12613749999999999 0.8131640625 0.7250156249999999 0.9972468750000001 0.73906875 0.9362921875 0.13439375 0.76009375
4 0.7093078125 1 0.122446875 0.8215999999999999 0.1089890625 0.8729281249999999 0.5027140625000001 1 0.7093078125 1