4 0.0235921875 0.2335828125 0.0381609375 0.27589375 0.6026671875 0.07893750000000001 0.5894125 0.037109375 0.0235921875 0.2335828125
4 0.0405109375 0.27938593749999996 0.0537890625 0.32128125 0.61548125 0.126153125 0.6027609375 0.0858765625 0.0405109375 0.27938593749999996
4 0.05799375 0.330159375 0.07458125 0.36833125 0.629853125 0.1745546875 0.6171359375 0.1342890625 0.05799375 0.330159375
4 0.07375625 0.3892671875 0.079815625 0.4035296875 0.0865671875 0.40980937500000003 0.661365625 0.2127515625 0.659246875 0.206596875 0.6539828125 0.1946421875 0.650009375 0.183103125 0.646865625 0.1739734375 0.071503125 0.3693921875 0.0726296875 0.37932968749999996 0.07375625 0.3892671875
4 0.0836234375 0.424590625 0.0874 0.442221875 0.09445 0.4527015625 0.6788484375 0.2635234375 0.67878125 0.2566625 0.6724578125 0.24163125000000002 0.668253125 0.23275312499999998 0.66455 0.21866406249999998 0.0824640625 0.4112234375 0.0861046875 0.4151328125 0.0836234375 0.424590625
4 0.10405 0.46058281250000005 0.1164984375 0.49673749999999994 0.67293125 0.3163296875 0.6625765625 0.2795921875 0.10405 0.46058281250000005
4 0.1180546875 0.4979234375 0.1292140625 0.5336624999999999 0.684090625 0.35206875000000004 0.6740375000000001 0.3195421875 0.1180546875 0.4979234375
4 0.12643437500000002 0.538921875 0.1338171875 0.55703125 0.6651312500000001 0.38699374999999997 0.658525 0.364475 0.12643437500000002 0.538921875
4 0.13255937499999998 0.560046875 0.13997656249999998 0.5815859375 0.6733078124999999 0.4074109375 0.6677640625000001 0.387975 0.13255937499999998 0.560046875
4 0.14464375000000002 0.5851421875 0.1554703125 0.6132515625 0.710115625 0.43431875 0.7001046875 0.4052421875 0.14464375000000002 0.5851421875
4 0.15652968750000001 0.616328125 0.16633124999999999 0.6447921875 0.7220359375000001 0.46893593750000007 0.7125 0.4412421875 0.15652968750000001 0.616328125
4 0.1351234375 0.6641421875 0.14290468750000002 0.6967421875 0.8222875000000001 0.48346406249999996 0.8122484375000001 0.4509765625 0.1351234375 0.6641421875
4 0.15190781250000002 0.6962234375 0.154590625 0.707346875 0.6905375 0.537434375 0.686890625 0.526846875 0.15190781250000002 0.6962234375
4 0.16921875 0.7031703125 0.1726609375 0.713171875 0.7445171875 0.5308937499999999 0.7411703125 0.5245093749999999 0.16921875 0.7031703125
4 0.17216562500000002 0.7150624999999999 0.1781578125 0.722465625 0.7472328125 0.545446875 0.741471875 0.535384375 0.17216562500000002 0.7150624999999999
4 0.1764375 0.7308015625000001 0.18044374999999999 0.745771875 0.830603125 0.5442765625 0.8271593749999999 0.5276078125 0.1764375 0.7308015625000001
4 0.1851453125 0.7527578125 0.18646875000000002 0.7566046875 0.18968125 0.769265625 0.837028125 0.5696 0.8354046875 0.561553125 0.8330562499999999 0.5513984375 0.1851453125 0.7527578125
4 0.1919984375 0.769328125 0.204346875 0.7951937499999999 0.700315625 0.6424875 0.69164375 0.6173046875 0.1919984375 0.769328125
4 0.201071875 0.80234375 0.21239375 0.8285625 0.711175 0.674028125 0.7022421875 0.6480828125 0.201071875 0.80234375
4 0.21457968749999998 0.8415781250000001 0.22484375 0.86471875 0.726471875 0.7117859375 0.71469375 0.6842484375 0.21457968749999998 0.8415781250000001
4 0.7645328124999999 0.7090062500000001 0.7611671875 0.69923125 0.2294765625 0.86484375 0.2389453125 0.8856765624999999 0.7682734375 0.7232062499999999 0.7679750000000001 0.71900625 0.7671812499999999 0.7166984375000001 0.7645328124999999 0.7090062500000001
4 0.23252812500000003 0.9137015625 0.23051093749999998 0.9178375000000001 0.23743124999999998 0.9412687500000001 0.24156875000000003 0.9432859375 0.77420625 0.7770937499999999 0.765975 0.7431921874999999 0.23252812500000003 0.9137015625
4 0.7813578125 0.7978640625 0.7782312499999999 0.78545 0.2409078125 0.9547000000000001 0.2415390625 0.9665296874999999 0.24551249999999997 0.97806875 0.2502125 0.9850546874999999 0.7885093750000001 0.8186359375000001 0.7813578125 0.7978640625