6 0.0472734375 0.19759218750000002 0.0017484375 0.19325625 0.057842187499999996 0.922746875 0.099303125 0.924915625 0.0472734375 0.19759218750000002
6 0.0976765625 0.2030109375 0.0464609375 0.19975937500000002 0.100928125 0.9292515625 0.145640625 0.9292515625 0.0976765625 0.2030109375
6 0.1545828125 0.08269375 0.0919859375 0.076190625 0.1480796875 0.93141875 0.1927921875 0.9281671875 0.1545828125 0.08269375
6 0.20742500000000003 0.089196875 0.15214531250000002 0.0870296875 0.1927921875 0.9346703125 0.23750468749999998 0.9281671875 0.20742500000000003 0.089196875
6 0.2700234375 0.08269375 0.21880625 0.081609375 0.235065625 0.9335875 0.2830296875 0.9303343749999999 0.2700234375 0.08269375
6 0.334246875 0.0870296875 0.2765265625 0.08377812500000001 0.28059218750000003 0.9335875 0.3269296875 0.9292515625 0.334246875 0.0870296875
6 0.39603125 0.09786875 0.3431890625 0.0957015625 0.3261171875 0.9292515625 0.36920312499999997 0.9216640625 0.39603125 0.09786875
6 0.44968593749999997 0.1011203125 0.41229062499999997 0.0946171875 0.3635125 0.9259999999999999 0.400909375 0.922746875 0.44968593749999997 0.1011203125
6 0.500903125 0.2593765625 0.45375156250000004 0.2582921875 0.452125 0.93900625 0.48545625000000003 0.9422578125 0.500903125 0.2593765625
6 0.546428125 0.262628125 0.501715625 0.2637125 0.48870781250000006 0.9444265625 0.523665625 0.9465937500000001 0.546428125 0.262628125
6 0.59601875 0.268046875 0.5553703125 0.260459375 0.5220390625 0.9444265625 0.5561828125 0.9487625 0.59601875 0.268046875
6 0.6439828125 0.2637125 0.6000828125 0.268046875 0.55293125 0.9444265625 0.59845625 0.9455109374999999 0.6439828125 0.2637125
6 0.6951984375 0.27563593750000004 0.6431703125 0.26154375 0.591140625 0.9563499999999999 0.6391046874999999 0.9530984374999999 0.6951984375 0.27563593750000004
6 0.7456015625 0.2788875 0.69845 0.27563593750000004 0.6447953125 0.9498453124999999 0.6756875 0.9465937500000001 0.7456015625 0.2788875
6 0.7895015625 0.27238281249999996 0.7456015625 0.2669640625 0.6773140625 0.9487625 0.7098312499999999 0.9487625 0.7895015625 0.27238281249999996
6 0.8399046875 0.27021562499999996 0.791128125 0.2647953125 0.70820625 0.9520140625 0.7545437500000001 0.9498453124999999 0.8399046875 0.27021562499999996
6 0.8838046875 0.2832234375 0.8382781250000001 0.2713 0.7512921875 0.9487625 0.78625 0.9563499999999999 0.8838046875 0.2832234375
6 0.9171359375 0.2734671875 0.8797390625 0.2669640625 0.7903140625 0.947678125 0.8220203125 0.9444265625 0.9171359375 0.2734671875
6 0.9642875 0.29189375 0.9260781250000001 0.2875578125 0.825271875 0.9444265625 0.8504734375 0.9509296875000001 0.9642875 0.29189375
6 0.9997484375000001 0.290321875 0.9594093750000001 0.2788875 0.8496609375 0.9487625 0.8854296875 0.9433421875000001 0.9997484375000001 0.290321875
6 0.88705625 0.9422578125 0.9179484375 0.9465937500000001 0.9997484375000001 0.5124328125 0.9997484375000001 0.3037640625 0.88705625 0.9422578125