4 0.3804328125 0.0359484375 0.37822187500000004 0.0612203125 0.7060140625 0.137646875 0.7100859374999999 0.11615468749999999 0.3804328125 0.0359484375
4 0.377834375 0.06564375 0.375678125 0.090284375 0.701440625 0.1616125 0.7057375 0.14080625 0.377834375 0.06564375
4 0.3763546875 0.092253125 0.3755390625 0.11128125 0.382334375 0.1112390625 0.38071875 0.120009375 0.74503125 0.196934375 0.7461625 0.173628125 0.3763546875 0.092253125
4 0.380553125 0.12190468750000001 0.3781484375 0.12997187500000001 0.3771546875 0.14134375 0.375759375 0.1475875 0.7466703125 0.2208859375 0.7466999999999999 0.19659374999999998 0.380553125 0.12190468750000001
4 0.3677453125 0.20036562500000002 0.36491250000000003 0.2230359375 0.6969859375 0.244546875 0.6950171875 0.224540625 0.3677453125 0.20036562500000002
4 0.36418125 0.2216984375 0.36224687499999997 0.2438125 0.699903125 0.26571406249999996 0.70150625 0.24739062500000003 0.36418125 0.2216984375
4 0.363034375 0.2445171875 0.36025625 0.26655625 0.7547453125 0.29931562500000003 0.7573171875 0.2790125 0.363034375 0.2445171875
4 0.3602015625 0.2671890625 0.358321875 0.28867031249999997 0.7516921875 0.3235546875 0.75510625 0.304284375 0.3602015625 0.2671890625
4 0.3597859375 0.2913453125 0.3567875 0.3159109375 0.7501249999999999 0.35212656249999996 0.7543578125 0.33223125 0.3597859375 0.2913453125
4 0.355046875 0.31639531249999997 0.353403125 0.3449 0.7390953125 0.3805546875 0.7430328125 0.35850781249999997 0.355046875 0.31639531249999997
4 0.35407968749999996 0.3468703125 0.351646875 0.37466875 0.71790625 0.409259375 0.7249515625 0.38695625 0.35407968749999996 0.3468703125
4 0.35243437499999997 0.375375 0.3488828125 0.406259375 0.7070140625 0.4393828125 0.7133625 0.41268125 0.35243437499999997 0.375375
4 0.35040312500000004 0.4083015625 0.34690625 0.43855468750000004 0.7061921875 0.4701203125 0.712228125 0.44505156250000005 0.35040312500000004 0.4083015625
4 0.7124343750000001 0.4718078125 0.3460640625 0.43848125 0.343040625 0.4698578125 0.3433 0.47007187500000003 0.709325 0.4976375 0.7124343750000001 0.4718078125
4 0.7067828125 0.5267015625 0.709159375 0.49953281250000003 0.344875 0.4714828125 0.3421578125 0.5012890624999999 0.7067828125 0.5267015625
4 0.342165625 0.502440625 0.3389046875 0.5397171875 0.7039093750000001 0.560246875 0.708246875 0.529375 0.342165625 0.502440625
4 0.3380078125 0.5402750000000001 0.33384843750000004 0.578109375 0.6982109375000001 0.5933578125000001 0.702003125 0.561934375 0.3380078125 0.5402750000000001
4 0.3355328125 0.5782578125 0.33180312500000003 0.6014875 0.7065796875 0.615096875 0.7083406250000001 0.59623125 0.3355328125 0.5782578125
4 0.3326453125 0.6015609375000001 0.3314421875 0.6250109375 0.7037078125 0.6372515625 0.70561875 0.6176390625 0.3326453125 0.6015609375000001
4 0.3281421875 0.633634375 0.324259375 0.6683109375 0.709128125 0.6713359375 0.7117218750000001 0.6449109375 0.3281421875 0.633634375
4 0.3237609375 0.673996875 0.3209421875 0.70621875 0.7080625 0.704853125 0.710421875 0.6791765625 0.3237609375 0.673996875
4 0.32083125 0.7074828125 0.31997343749999996 0.7366921875 0.7438015625000001 0.7343015625 0.7446859375 0.7241921875 0.7432640625 0.7113343750000001 0.7387609375 0.704575 0.32083125 0.7074828125
4 0.742234375 0.7624593749999999 0.74703125 0.7555921875 0.7469078125 0.7473062500000001 0.7470046875 0.7364921875 0.7437453125 0.7349328125000001 0.3181234375 0.738440625 0.314571875 0.769325 0.742234375 0.7624593749999999
4 0.683525 0.8022406249999999 0.7176109375 0.8007671875 0.7226125 0.76300625 0.3151390625 0.7725578125 0.3123328125 0.8143312500000001 0.683525 0.8022406249999999
4 0.3113796875 0.8155203125 0.309790625 0.84339375 0.6913140624999999 0.8296609374999999 0.69346875 0.8050218750000001 0.3113796875 0.8155203125
4 0.6849453125 0.8539328125000001 0.687778125 0.8312625 0.3088921875 0.8439515625 0.30598749999999997 0.8720375 0.6849453125 0.8539328125000001