6 0.73225 0.9493328125 0.744434375 0.9139453124999999 0.20411875 0.7433890625 0.18861875 0.7784078125 0.73225 0.9493328125
6 0.74728125 0.91234375 0.7604921874999999 0.8773109375000001 0.22206406250000002 0.6979390624999999 0.20759375000000002 0.7333000000000001 0.74728125 0.91234375
6 0.7646296875 0.87529375 0.7848578125000001 0.8332109375 0.23984531250000002 0.6429671875 0.220378125 0.6895046875 0.7646296875 0.87529375
6 0.784659375 0.8271203125 0.8072046875 0.784975 0.26464375 0.580946875 0.241540625 0.631378125 0.784659375 0.8271203125
6 0.27665937500000004 0.5627109375 0.271440625 0.5745390625 0.8058171875 0.7690078125 0.8120734374999999 0.7608374999999999 0.81843125 0.742375 0.2845390625 0.54649375 0.27665937500000004 0.5627109375
6 0.8382625000000001 0.688109375 0.845978125 0.6623703125 0.35695625 0.53615 0.3515578125 0.5618265625000001 0.8382625000000001 0.688109375
6 0.8539875 0.6591046875 0.8602484374999999 0.6242593750000001 0.34862187499999997 0.4936984375 0.34271093750000003 0.5241984375000001 0.8539875 0.6591046875
6 0.8726984375000001 0.5881031250000001 0.36593593750000003 0.460078125 0.3580578125 0.4762953125 0.356896875 0.4896640625 0.862103125 0.618875 0.8726984375000001 0.5881031250000001
6 0.882990625 0.58820625 0.8884234375 0.5590984375 0.3288421875 0.4111640625 0.3231109375 0.44447187499999996 0.882990625 0.58820625
6 0.3380453125 0.3911015625 0.33383281249999996 0.4066703125 0.8905421875 0.5529453125 0.8972640625 0.523421875 0.3418203125 0.37347031249999996 0.34023125 0.37808593749999997 0.3380453125 0.3911015625
6 0.9359265625000001 0.491128125 0.9362578125000001 0.48349843750000004 0.3283265625 0.30600937500000003 0.31431718750000004 0.3500296875 0.9298968750000001 0.528634375 0.9359265625000001 0.491128125
6 0.342134375 0.2625765625 0.3351796875 0.2961046875 0.9478421875 0.483184375 0.9547968750000001 0.45632343750000004 0.954434375 0.44070937499999996 0.3469015625 0.24872968750000002 0.342134375 0.2625765625
6 0.3996921875 0.24539375 0.39754375 0.2616328125 0.94215625 0.433040625 0.9440781250000001 0.4207953125 0.9408359374999999 0.4102125 0.40078593749999997 0.2388875 0.3996921875 0.24539375
6 0.942825 0.39110625 0.9411046875 0.38277031250000004 0.41184374999999995 0.2134375 0.4075046875 0.23603749999999998 0.936996875 0.40803124999999996 0.942825 0.39110625
6 0.9578515624999999 0.3807921875 0.9609328125 0.355178125 0.46847656249999997 0.1856125 0.458940625 0.21330624999999998 0.9578515624999999 0.3807921875
6 0.9635484375000001 0.350915625 0.9684171875 0.32677812500000003 0.4812234375 0.14525625 0.472415625 0.177503125 0.9635484375000001 0.350915625
6 0.9779187500000001 0.3025140625 0.9790796875 0.289146875 0.45276875 0.0812484375 0.440865625 0.1224859375 0.9705031249999999 0.3240546875 0.9779187500000001 0.3025140625
6 0.47358593750000005 0.034125 0.4612671875 0.06323593749999999 0.9832421874999999 0.28705625 0.9903609375 0.2697171875 0.9930765625 0.2551625 0.47573906250000003 0.024540625 0.47358593750000005 0.034125