0 0.0447180125 0.15432098749999998 0.031941437499999996 0.15432098749999998 0.026680496874999998 0.9960718291666667 0.045469578125 0.9960718291666667 0.0447180125 0.15432098749999998
0 0.06275553125 0.15432098749999998 0.051482084375 0.15432098749999998 0.052985209374999995 0.9960718291666667 0.06350709375 0.998076 0.06275553125 0.15432098749999998
0 0.116868084375 0.110229275 0.0695196 0.11223344583333333 0.071022728125 0.998076 0.11987433750000001 0.9960718291666667 0.116868084375 0.110229275
0 0.16872594999999999 0.1062209375 0.12288059062500001 0.110229275 0.12513528125 0.9990780833333334 0.17624158125 0.998076 0.16872594999999999 0.1062209375
0 0.201794734375 0.0030062541666666664 0.177744709375 0.0030062541666666664 0.18601190625 0.9960718291666667 0.209310365625 0.9960718291666667 0.201794734375 0.0030062541666666664
0 0.23937289687500002 0.0040083375 0.21006192812500002 0.005010420833333334 0.21607443437499999 0.9950697458333334 0.246136965625 0.9970739125 0.23937289687500002 0.0040083375
0 0.27394480625 0.026054191666666667 0.24237915000000002 0.0280583625 0.254404159375 0.998076 0.285218253125 0.998076 0.27394480625 0.026054191666666667
0 0.31302609375 0.022045854166666667 0.2814604375 0.027056279166666666 0.296491703125 0.9940676624999999 0.32505110625 0.9930655749999999 0.31302609375 0.022045854166666667
0 0.33707611875 0.249519 0.32204485312500003 0.249519 0.333318303125 0.9970739125 0.34834956875 0.9960718291666667 0.33707611875 0.249519
0 0.35736832500000004 0.25252525416666666 0.3438401875 0.2515231666666667 0.3558652 0.9970739125 0.370896465625 0.998076 0.35736832500000004 0.25252525416666666
0 0.395698053125 0.13728555416666666 0.36262926875 0.14129389166666667 0.379915225 0.9990780833333334 0.41298400625 0.9990780833333334 0.395698053125 0.13728555416666666
0 0.442294975 0.14430014583333334 0.40471681249999997 0.1463043125 0.420499640625 0.9960718291666667 0.45732623749999995 0.9960718291666667 0.442294975 0.14430014583333334
0 0.49114658437500003 0.11624178333333333 0.447555915625 0.11724386666666667 0.46258718125 0.998076 0.510687228125 0.998076 0.49114658437500003 0.11624178333333333
0 0.54300445 0.1142376125 0.49866221875 0.1152397 0.5197059875 0.9950697458333334 0.56329665625 0.9950697458333334 0.54300445 0.1142376125
0 0.57983105 0.006012504166666667 0.55728415 0.009018758333333333 0.5693091625 0.9940676624999999 0.597868565625 0.9950697458333334 0.57983105 0.006012504166666667
0 0.639956109375 0.12826679583333334 0.58734668125 0.13127305 0.606887325 0.9970739125 0.6572420625000001 0.9950697458333334 0.639956109375 0.12826679583333334
0 0.685801465625 0.209435625 0.65047799375 0.21244187916666668 0.665509259375 0.9950697458333334 0.706093675 0.9960718291666667 0.685801465625 0.209435625
0 0.7323983875 0.21645021666666667 0.697826478125 0.21645021666666667 0.716615559375 0.9960718291666667 0.751939034375 0.9960718291666667 0.7323983875 0.21645021666666667
0 0.790268759375 0.12826679583333334 0.739914021875 0.1302709625 0.760206228125 0.998076 0.8105609656249999 0.9950697458333334 0.790268759375 0.12826679583333334
0 0.8511453812499999 0.13427930000000002 0.8007906437500001 0.13327721666666667 0.822585978125 0.9940676624999999 0.8751954062499999 0.9970739125 0.8511453812499999 0.13427930000000002
0 0.9435876625 0.0040083375 0.860915703125 0.0040083375 0.88872354375 0.9970739125 0.97515331875 0.9960718291666667 0.9435876625 0.0040083375