4 0.70865625 0.848603125 0.7135625 0.8406578124999999 0.713290625 0.83289375 0.7107812499999999 0.824653125 0.7097515624999999 0.816359375 0.706715625 0.8142437499999999 0.279959375 0.8491375 0.280071875 0.873565625 0.27797031250000004 0.8769703124999999 0.2792515625 0.8924734375 0.70865625 0.848603125
4 0.6943671874999999 0.75748125 0.3337421875 0.8190078125 0.33655625 0.8371656249999999 0.6978875 0.7734625 0.6968 0.7635046875 0.6943671874999999 0.75748125
4 0.69293125 0.7375421875 0.3354359375 0.797571875 0.336540625 0.8155109375 0.695671875 0.7524390624999999 0.6961609375 0.745203125 0.69293125 0.7375421875
4 0.6997125 0.7363109375 0.6941140625 0.7031890625 0.3095453125 0.7588203124999999 0.31253593749999997 0.7947078125 0.6997125 0.7363109375
4 0.7043515625000001 0.6995 0.6987515625 0.666378125 0.3105796875 0.7153828125 0.314490625 0.7519843749999999 0.7043515625000001 0.6995
4 0.7039093750000001 0.66564375 0.6997890625000001 0.6324703125 0.3132828125 0.6762015625 0.3168703125 0.7141421875 0.7039093750000001 0.66564375
4 0.7078265625 0.6294140625 0.702228125 0.5962921875 0.313525 0.6364953125 0.31765625000000003 0.6730234375 0.7078265625 0.6294140625
4 0.706509375 0.5917 0.705209375 0.5756421875 0.701921875 0.56631875 0.3550546875 0.5989765625000001 0.32694999999999996 0.601215625 0.3302171875 0.629828125 0.706509375 0.5917
4 0.7040234375 0.5629125 0.7025296875 0.541309375 0.329265625 0.5742625 0.33203125 0.597003125 0.7040234375 0.5629125
4 0.7032296875 0.540175 0.7017156250000001 0.518015625 0.329184375 0.5486156249999999 0.3318609375 0.5709109375 0.7032296875 0.540175
4 0.7068734375 0.51728125 0.7027921874999999 0.4852171875 0.29863125 0.5098812500000001 0.3013828125 0.5453109375 0.7068734375 0.51728125
4 0.7057109374999999 0.4840046875 0.7045874999999999 0.4518375 0.2984453125 0.4621328125 0.29888750000000003 0.49715156250000003 0.7057109374999999 0.4840046875
4 0.7045484375 0.45072812500000003 0.703715625 0.42687968749999994 0.3520671875 0.428609375 0.35274375 0.45374218749999995 0.7045484375 0.45072812500000003
4 0.7044937499999999 0.42796406249999996 0.705159375 0.40461875 0.3517796875 0.399190625 0.3525125 0.4238234375 0.7044937499999999 0.42796406249999996
4 0.7006453125000001 0.4025546875 0.6990953125 0.3581875 0.33359218749999997 0.344853125 0.3327421875 0.39397812499999996 0.7006453125000001 0.4025546875
4 0.334178125 0.340390625 0.354184375 0.3408015625 0.70191875 0.3542015625 0.70035 0.3092796875 0.333971875 0.2920875 0.3340359375 0.337746875 0.334178125 0.340390625
4 0.35026406250000003 0.2709734375 0.350203125 0.2904109375 0.695815625 0.3066609375 0.699378125 0.30265 0.6965203125 0.28442500000000004 0.35386562499999996 0.268071875 0.3486890625 0.268253125 0.35026406250000003 0.2709734375
4 0.6979828125 0.26271875 0.3494609375 0.24315625000000002 0.34857187500000003 0.26492499999999997 0.6979984375 0.2843734375 0.6993421875 0.2804390625 0.6979828125 0.26271875
4 0.6905875 0.2629765625 0.6907109375 0.224103125 0.3715984375 0.2008546875 0.3715203125 0.24357812499999998 0.6905875 0.2629765625
4 0.69073125 0.2246578125 0.6929375 0.18182343750000002 0.374025 0.15374375 0.3729296875 0.19910624999999998 0.69073125 0.2246578125
4 0.6992640625 0.1721625 0.7008234375 0.1532296875 0.308584375 0.11639531249999999 0.30746562499999996 0.136525 0.6992640625 0.1721625
4 0.69853125 0.12998749999999998 0.30915312500000003 0.090278125 0.30905312500000004 0.112040625 0.6977890625 0.15111406249999998 0.69853125 0.12998749999999998