0 0.07572678125 0.232277575 0.015568093750000001 0.23769727916666666 0.07735269375 0.8858936 0.12775591875 0.8978169458333334 0.07572678125 0.232277575
0 0.11637454375 0.10979231666666665 0.07084905 0.1130441375 0.131007740625 0.899984825 0.17246845625 0.8956490625 0.11637454375 0.10979231666666665
0 0.17409436875 0.1173799 0.124504096875 0.11087625833333334 0.17409436875 0.899984825 0.213929175 0.9010687666666667 0.17409436875 0.1173799
0 0.21880690625 0.03933619583333334 0.17246845625 0.036084374999999995 0.21718099687499998 0.8989008833333333 0.24969920625 0.9010687666666667 0.21880690625 0.03933619583333334
0 0.261893534375 0.04367195833333334 0.222058728125 0.041504075 0.2407567 0.9043205875000001 0.28953401562500003 0.905404525 0.261893534375 0.04367195833333334
0 0.31554858124999996 0.04367195833333334 0.26758422187500003 0.0458398375 0.293598790625 0.9010687666666667 0.328555865625 0.9032366458333333 0.31554858124999996 0.04367195833333334
0 0.3626999875 0.04800771666666667 0.3122967625 0.04367195833333334 0.33099473125 0.9043205875000001 0.370829540625 0.9021527041666667 0.3626999875 0.04800771666666667
0 0.39847001875 0.24203303750000002 0.3667647625 0.23878121666666668 0.37326840625 0.9075724083333333 0.400908884375 0.9075724083333333 0.39847001875 0.24203303750000002
0 0.43505300625 0.2463688 0.40172184062499994 0.24528485833333333 0.40497365937499996 0.9043205875000001 0.43667891562500005 0.905404525 0.43505300625 0.2463688
0 0.48383031875000004 0.2767191291666667 0.43667891562500005 0.27129942916666666 0.437491871875 0.9075724083333333 0.481391453125 0.9075724083333333 0.48383031875000004 0.2767191291666667
0 0.513096709375 0.27129942916666666 0.49114691875 0.2723833666666666 0.477326678125 0.9075724083333333 0.5041542 0.9086563458333334 0.513096709375 0.27129942916666666
0 0.590327459375 0.1878360208333333 0.5196003499999999 0.1824163208333333 0.50496715625 0.9108242291666666 0.57244244375 0.9075724083333333 0.590327459375 0.1878360208333333
0 0.6626804749999999 0.19217178333333335 0.595205190625 0.1889199625 0.5732553968749999 0.9129921083333333 0.63829181875 0.9129921083333333 0.6626804749999999 0.19217178333333335
0 0.741537134375 0.19975936666666666 0.6675582062500001 0.19650754583333332 0.640730684375 0.9151599874999999 0.702515284375 0.9108242291666666 0.741537134375 0.19975936666666666
0 0.793566271875 0.1694090375 0.7512926 0.16398933333333332 0.702515284375 0.9205796916666666 0.737472359375 0.9216636333333333 0.793566271875 0.1694090375
0 0.8366529 0.16832509583333335 0.7943792281250001 0.16615721666666666 0.737472359375 0.9162439291666666 0.7764942125000001 0.9173278708333333 0.8366529 0.16832509583333335
0 0.881365440625 0.1748287375 0.835839946875 0.17374479583333333 0.773242390625 0.91949575 0.81632901875 0.9205796916666666 0.881365440625 0.1748287375
0 0.915509559375 0.1694090375 0.885430215625 0.17049297500000002 0.8203937968749999 0.9173278708333333 0.845595409375 0.9184118125 0.915509559375 0.1694090375
0 0.94965368125 0.1791645 0.9195743375 0.17591267916666667 0.84722131875 0.9173278708333333 0.8732358874999999 0.9162439291666666 0.94965368125 0.1791645
0 0.9919273531250001 0.18133237916666667 0.9504666374999999 0.1802484375 0.875674753125 0.9162439291666666 0.9090059187499999 0.9151599874999999 0.9919273531250001 0.18133237916666667
0 0.997618040625 0.5271093458333334 0.9992439531249999 0.1878360208333333 0.992740309375 0.19108784166666667 0.9130706937499999 0.9173278708333333 0.947214815625 0.9129921083333333 0.997618040625 0.5271093458333334