4 0.8342140625000001 0.9053390625000001 0.8403937499999999 0.8452937500000001 0.19665625 0.7656578125 0.1850921875 0.8312421875 0.8342140625000001 0.9053390625000001
4 0.8411 0.8412875 0.8492765625 0.7824203125 0.21001562499999998 0.6961390625 0.198171875 0.7633078125 0.8411 0.8412875
4 0.8531890625 0.7789796875 0.8592281249999999 0.7197359375 0.2336375 0.6309078125 0.2231484375 0.6966453125000001 0.8531890625 0.7789796875
4 0.863140625 0.71629375 0.8714578124999999 0.6566265625 0.2447203125 0.5618125 0.23516093749999997 0.6285234375 0.863140625 0.71629375
4 0.8721640624999999 0.6526203125000001 0.8760406250000001 0.6243875 0.29382031249999996 0.53329375 0.28983593750000003 0.5621390625 0.8721640624999999 0.6526203125000001
4 0.8775328124999999 0.622171875 0.8812671875 0.5947421875 0.3014671875 0.502421875 0.29762656249999997 0.5304578125 0.8775328124999999 0.622171875
4 0.8722156249999999 0.589840625 0.8789359375 0.5579796875 0.316153125 0.4628765625 0.30979531250000003 0.4989328125 0.8722156249999999 0.589840625
4 0.8954578124999999 0.5080203125 0.31842187499999997 0.4062734375 0.3110515625 0.45432187500000004 0.8808515625 0.5533609375 0.8843406249999999 0.5523234375 0.8954578124999999 0.5080203125
4 0.9037921875 0.460746875 0.327384375 0.34919687499999996 0.31880625 0.39784375 0.888825 0.50189375 0.8936640625000001 0.49944218749999997 0.9037921875 0.460746875
4 0.9025828125 0.46135937499999996 0.9118453125 0.4150765625 0.33549843749999997 0.2969265625 0.3278078125 0.3467921875 0.9025828125 0.46135937499999996
4 0.9140640624999999 0.40874062499999997 0.9223828125000001 0.34907187500000003 0.3454515625 0.2217328125 0.3345359375 0.28988593749999997 0.9140640624999999 0.40874062499999997
4 0.9215171874999999 0.341484375 0.9313265625 0.27959999999999996 0.35175625 0.14849062500000001 0.3400578125 0.214834375 0.9215171874999999 0.341484375
4 0.93850625 0.2701265625 0.9530140625 0.2065921875 0.3090890625 0.0467859375 0.294409375 0.11753906249999999 0.93850625 0.2701265625
4 0.3154171875 0 0.3064484375 0.043015625 0.9509390625 0.1996171875 0.9610312499999999 0.13613124999999998 0.4218 0 0.3154171875 0