0 0.05215107812500001 0.10003685416666667 0.00012194375 0.11521202083333333 0.243195565625 0.9845321708333333 0.28953401562500003 0.961769425 0.05215107812500001 0.10003685416666667
0 0.2952247 0.98128035 0.344002015625 0.9693570083333333 0.11149681250000001 0.09678503333333334 0.06028063125000001 0.10545655416666667 0.2952247 0.98128035
0 0.1692166375 0.09028139166666667 0.118813409375 0.11196019583333333 0.3472538375 0.9921197541666668 0.39521819687500004 0.9661051875 0.1692166375 0.09028139166666667
0 0.41229025625000004 0.9780285291666666 0.46838416875 0.9509300208333333 0.27977854999999996 0.2723833666666666 0.22368463749999998 0.28864247499999995 0.41229025625000004 0.9780285291666666
0 0.3009153875 0.17591267916666667 0.271649 0.19650754583333332 0.610651340625 0.9411745583333333 0.635039996875 0.9238315125 0.3009153875 0.17591267916666667
0 0.63829181875 0.928167275 0.661867521875 0.9151599874999999 0.338311328125 0.17699661666666666 0.3122967625 0.1943396625 0.63829181875 0.928167275
0 0.37326840625 0.17266085833333333 0.34237610625000003 0.19000390416666668 0.6643063875 0.9151599874999999 0.68463026875 0.899984825 0.37326840625 0.17266085833333333
0 0.692759821875 0.9097402875 0.717961434375 0.8902293625 0.457002796875 0.3081534 0.43667891562500005 0.3233285625 0.692759821875 0.9097402875
0 0.5114708 0.30490157916666666 0.4748878125 0.3287482666666667 0.72527803125 0.9119081666666666 0.743163046875 0.8891454208333334 0.5114708 0.30490157916666666
0 0.75454441875 0.905404525 0.78543671875 0.8891454208333334 0.534233546875 0.28755853333333337 0.517161484375 0.3070694583333333 0.75454441875 0.905404525
0 0.8366529 0.97586065 0.85697678125 0.98128035 0.9968050843749999 0.3374197875 0.9992439531249999 0.15206599166666665 0.8366529 0.97586065
0 0.86266746875 0.9693570083333333 0.8878690812500001 0.9747767083333333 0.998430996875 0.40895984999999996 0.9959921312500001 0.3103212791666667 0.86266746875 0.9693570083333333
0 0.8846172593749999 0.9596015416666667 0.9220132031249999 0.9661051875 0.999747984375 0.5957661291666666 0.997618040625 0.42521895416666666 0.8846172593749999 0.9596015416666667