4 0.0910578125 0.23360781249999998 0.1089609375 0.2821265625 0.6962953125 0.0907390625 0.6825296875 0.031889062499999996 0.0910578125 0.23360781249999998
4 0.71238125 0.150775 0.698128125 0.09300625 0.1098859375 0.2901515625 0.12555 0.3378375 0.71238125 0.150775
4 0.7140015625 0.1659671875 0.70438125 0.1575140625 0.12505312500000001 0.34675625 0.1468625 0.40985468750000004 0.1505296875 0.4143875 0.7344375000000001 0.2285140625 0.7213328125 0.1750328125 0.7140015625 0.1659671875
4 0.6569109375 0.25939843749999997 0.651428125 0.2663828125 0.642278125 0.268834375 0.63175 0.266140625 0.141615625 0.42229062500000003 0.16926406249999998 0.4909203125 0.7544359375 0.30772499999999997 0.7353562499999999 0.2319453125 0.6562218750000001 0.2568265625 0.6569109375 0.25939843749999997
4 0.16183281249999998 0.49316875 0.1726234375 0.5242890625000001 0.7709703125 0.341825 0.76084375 0.30876562500000004 0.16183281249999998 0.49316875
4 0.7806015625 0.377928125 0.7720984375 0.3461953125 0.1746859375 0.5274140625 0.18720937499999998 0.5578937500000001 0.7806015625 0.377928125
4 0.1886765625 0.5567562500000001 0.2024546875 0.5990265625 0.7937171875 0.426721875 0.7792343749999999 0.38197187499999996 0.1886765625 0.5567562500000001
4 0.8074890625 0.47827343750000006 0.7946203125 0.43024531250000003 0.202 0.6019062500000001 0.2176109375 0.6464421875 0.8074890625 0.47827343750000006
4 0.2153234375 0.6470546875000001 0.227028125 0.6770109375 0.8215078124999999 0.5203765625 0.8100109375000001 0.4831125 0.2153234375 0.6470546875000001
4 0.831603125 0.5545421875 0.8201234375 0.52085 0.224740625 0.6776234375 0.23746406250000002 0.7102328124999999 0.831603125 0.5545421875
4 0.841521875 0.623584375 0.823603125 0.5612828125 0.23462187499999998 0.714503125 0.2574140625 0.7695921875 0.841521875 0.623584375
4 0.251621875 0.7733749999999999 0.26126875 0.8048015625 0.8599140625 0.6536484375 0.8499874999999999 0.6231546875 0.251621875 0.7733749999999999
4 0.8626531249999999 0.6932984375 0.8536906249999999 0.6598499999999999 0.25463749999999996 0.807496875 0.263534375 0.8377125 0.8626531249999999 0.6932984375
4 0.26063281250000003 0.848175 0.2758 0.9047796874999999 0.9382359375 0.7603734375 0.9223687500000001 0.69200625 0.26063281250000003 0.848175
4 0.276725 0.9128046875000001 0.29555312499999997 0.9693484375000001 0.9570859374999999 0.8352953125000001 0.9423671875 0.771215625 0.276725 0.9128046875000001