6 0.0423953125 0.22469062499999998 0.01719375 0.22469062499999998 0.057842187499999996 0.9292515625 0.0862953125 0.9281671875 0.0423953125 0.22469062499999998
6 0.0797921875 0.22252187499999998 0.044834374999999996 0.22035468749999998 0.08792187500000001 0.9303343749999999 0.11312343750000001 0.9335875 0.0797921875 0.22252187499999998
6 0.101740625 0.247453125 0.0797921875 0.247453125 0.11149687500000001 0.9335875 0.1415765625 0.93141875 0.101740625 0.247453125
6 0.135071875 0.247453125 0.0968640625 0.247453125 0.1432015625 0.9335875 0.16433906250000002 0.932503125 0.135071875 0.247453125
6 0.179784375 0.11737968750000001 0.1301953125 0.1184640625 0.16515156250000002 0.93141875 0.2066125 0.93141875 0.179784375 0.11737968750000001
6 0.23018906249999999 0.25070468749999997 0.185475 0.24853593749999997 0.21149062500000002 0.9368390625 0.251325 0.9346703125 0.23018906249999999 0.25070468749999997
6 0.266771875 0.21059843749999999 0.22937500000000002 0.20734687499999999 0.24888593750000002 0.9379234375 0.28384375 0.9303343749999999 0.266771875 0.21059843749999999
6 0.3041671875 0.2214375 0.2659578125 0.21493437499999998 0.2862828125 0.93900625 0.3179875 0.9422578125 0.3041671875 0.2214375
6 0.3383109375 0.1585703125 0.300915625 0.161821875 0.31880000000000003 0.9379234375 0.3440015625 0.9357546875 0.3383109375 0.1585703125
6 0.3651390625 0.1553171875 0.3318078125 0.1585703125 0.347253125 0.941175 0.3757078125 0.941175 0.3651390625 0.1553171875
6 0.39603125 0.1249671875 0.3659515625 0.1260515625 0.3724546875 0.9422578125 0.402534375 0.941175 0.39603125 0.1249671875
6 0.4212328125 0.1260515625 0.391153125 0.12713593750000002 0.40578593749999997 0.9422578125 0.42855 0.9357546875 0.4212328125 0.1260515625
6 0.45700312500000007 0.26154375 0.4220453125 0.260459375 0.43098749999999997 0.9379234375 0.46269375 0.93900625 0.45700312500000007 0.26154375
6 0.5228515625 0.2647953125 0.46269375 0.2647953125 0.4602546875 0.9400906250000001 0.5204140625 0.9433421875000001 0.5228515625 0.2647953125
6 0.5765078124999999 0.260459375 0.525290625 0.2582921875 0.5187875 0.941175 0.5765078124999999 0.9379234375 0.5765078124999999 0.260459375
6 0.6277234375 0.081609375 0.5846375 0.081609375 0.5716296875 0.9357546875 0.6171546875 0.941175 0.6277234375 0.081609375
6 0.6675578125 0.089196875 0.6269109375 0.08269375 0.6220328125 0.9465937500000001 0.6521125 0.947678125 0.6675578125 0.089196875
6 0.70820625 0.2669640625 0.6659328125 0.2593765625 0.647234375 0.9444265625 0.6878828125 0.9498453124999999 0.70820625 0.2669640625
6 0.75373125 0.23227812499999997 0.7065796875 0.230109375 0.68625625 0.9465937500000001 0.7277171874999999 0.9520140625 0.75373125 0.23227812499999997
6 0.7951921875 0.2333609375 0.75210625 0.23119375 0.7317812499999999 0.9509296875000001 0.77486875 0.9530984374999999 0.7951921875 0.2333609375
6 0.8244578125 0.21601875 0.79844375 0.21493437499999998 0.7716171875 0.9465937500000001 0.79763125 0.9465937500000001 0.8244578125 0.21601875
6 0.8529125000000001 0.21385 0.8285234375 0.21276718749999998 0.79681875 0.947678125 0.8220203125 0.9498453124999999 0.8529125000000001 0.21385
6 0.875675 0.26154375 0.847221875 0.262628125 0.82039375 0.9530984374999999 0.8464078125000001 0.9487625 0.875675 0.26154375
6 0.9025015625 0.2582921875 0.8805531249999999 0.260459375 0.8496609375 0.9509296875000001 0.8732359375 0.9444265625 0.9025015625 0.2582921875
6 0.93095625 0.2572078125 0.9065671875 0.2593765625 0.875675 0.9520140625 0.897625 0.9541812500000001 0.93095625 0.2572078125
6 0.9585968749999999 0.2637125 0.9277031250000001 0.2593765625 0.8984375 0.9530984374999999 0.9236390625 0.9487625 0.9585968749999999 0.2637125
6 0.9959921875 0.131471875 0.9634734375 0.12930312500000002 0.919575 0.9487625 0.9520921875000001 0.9498453124999999 0.9959921875 0.131471875