6 0.159040625 0.405746875 0.1146125 0.40696093749999995 0.186565625 0.8319796875 0.22208125 0.8343484374999999 0.159040625 0.405746875
6 0.2229703125 0.8343484374999999 0.25914375 0.8327421875000001 0.20432343749999998 0.403378125 0.16259218749999998 0.4069296875 0.2229703125 0.8343484374999999
6 0.2708625 0.40435625000000003 0.212315625 0.4069296875 0.26647656249999996 0.8355328125 0.3144234375 0.8355328125 0.2708625 0.40435625000000003
6 0.3188640625 0.8367156250000001 0.3694953125 0.83404375 0.3410609375 0.405746875 0.2789078125 0.4069296875 0.3188640625 0.8367156250000001
6 0.38368125000000003 0.4069296875 0.3472765625 0.40929843750000006 0.38634375 0.8379 0.41830937500000004 0.8379 0.38368125000000003 0.4069296875
6 0.46129218749999995 0.4095640625 0.40499062500000005 0.41877031249999996 0.44228281249999996 0.839084375 0.489340625 0.8355328125 0.46129218749999995 0.4095640625
6 0.5491828125 0.41086718749999995 0.4928921875 0.4104828125 0.49910781249999997 0.8426359375000001 0.54883125 0.8414515625 0.5491828125 0.41086718749999995
6 0.55060625 0.8450046875 0.6038703125 0.8457625 0.6216390625 0.4104828125 0.556821875 0.41285 0.55060625 0.8450046875
6 0.6917828125 0.40929843750000006 0.6287421875 0.4104828125 0.6092078125 0.847371875 0.65981875 0.84855625 0.6917828125 0.40929843750000006
6 0.7484015625 0.41216875000000003 0.694446875 0.4104828125 0.666034375 0.84855625 0.7113171875 0.8497406249999999 0.7484015625 0.41216875000000003
6 0.76814375 0.42113750000000005 0.7601515625 0.4270578125 0.7184203124999999 0.8627640624999999 0.765003125 0.8587828125 0.8143140624999999 0.42113750000000005 0.76814375 0.42113750000000005
6 0.8729156250000001 0.45310625 0.8382875000000001 0.45547343749999997 0.79655625 0.8497406249999999 0.8294078125000001 0.84855625 0.8729156250000001 0.45310625
6 0.8320718749999999 0.8521078125000001 0.858753125 0.8483671875000001 0.9048796875 0.449553125 0.8746921875 0.45192187500000003 0.8320718749999999 0.8521078125000001
6 0.9417609375 0.45383593749999995 0.911984375 0.4578421875 0.859596875 0.8521078125000001 0.8871218750000001 0.8532921874999999 0.9417609375 0.45383593749999995