6 0.0432078125 0.23986562500000003 0.0139421875 0.2366140625 0.022071874999999998 0.9270828124999999 0.0513375 0.922746875 0.0432078125 0.23986562500000003
6 0.07572656250000001 0.237696875 0.0367046875 0.23878125 0.050525 0.9270828124999999 0.078165625 0.9259999999999999 0.07572656250000001 0.237696875
6 0.101740625 0.24853593749999997 0.0708484375 0.255040625 0.078165625 0.9281671875 0.099303125 0.922746875 0.101740625 0.24853593749999997
6 0.1253171875 0.2517890625 0.100928125 0.2496203125 0.0976765625 0.924915625 0.1269421875 0.93141875 0.1253171875 0.2517890625
6 0.1480796875 0.247453125 0.122065625 0.247453125 0.12450468750000002 0.9259999999999999 0.15214531250000002 0.9259999999999999 0.1480796875 0.247453125
6 0.179784375 0.24636874999999997 0.145640625 0.24636874999999997 0.157021875 0.9216640625 0.1871015625 0.922746875 0.179784375 0.24636874999999997
6 0.21230312499999998 0.2517890625 0.178971875 0.25070468749999997 0.19035312499999998 0.9281671875 0.222871875 0.9270828124999999 0.21230312499999998 0.2517890625
6 0.24075625 0.2517890625 0.21636875 0.2572078125 0.21474218750000001 0.932503125 0.2521375 0.9303343749999999 0.24075625 0.2517890625
6 0.273275 0.2582921875 0.23913125000000002 0.26154375 0.2505125 0.9238312499999999 0.27490156250000003 0.9184125 0.273275 0.2582921875
6 0.29685 0.2257734375 0.2724625 0.2214375 0.267584375 0.9205796875000001 0.2984765625 0.9238312499999999 0.29685 0.2257734375
6 0.3220515625 0.22902499999999998 0.29685 0.2181859375 0.2976640625 0.922746875 0.32530468749999997 0.9205796875000001 0.3220515625 0.22902499999999998
6 0.39603125 0.31248906249999997 0.322865625 0.30815312499999997 0.323678125 0.9259999999999999 0.40578593749999997 0.9205796875000001 0.39603125 0.31248906249999997
6 0.447246875 0.182415625 0.40334843749999993 0.1813328125 0.40741250000000007 0.922746875 0.4594421875 0.9194953124999999 0.447246875 0.182415625
6 0.4813921875 0.29948125000000003 0.4504984375 0.2962296875 0.46269375 0.9140765625 0.4927734375 0.9140765625 0.4813921875 0.29948125000000003
6 0.5082187499999999 0.1661578125 0.4822046875 0.1650734375 0.48626874999999997 0.9184125 0.514721875 0.9216640625 0.5082187499999999 0.1661578125
6 0.5317953125 0.167240625 0.5098453125 0.1639890625 0.5212265625 0.922746875 0.5431765625 0.9205796875000001 0.5317953125 0.167240625
6 0.568378125 0.33416718749999996 0.5326078125 0.33199999999999996 0.54155 0.9129921875000001 0.570003125 0.9119078125 0.568378125 0.33416718749999996
6 0.5919531250000001 0.32983281249999996 0.5626875 0.33199999999999996 0.57406875 0.9119078125 0.602521875 0.9184125 0.5919531250000001 0.32983281249999996
6 0.6220328125 0.3287484375 0.5952046875 0.323328125 0.6008953125 0.9140765625 0.6309750000000001 0.9162437499999999 0.6220328125 0.3287484375
6 0.6439828125 0.3276640625 0.61959375 0.325496875 0.6382921875 0.915159375 0.6545515625 0.9140765625 0.6439828125 0.3276640625
6 0.66268125 0.333084375 0.64235625 0.3287484375 0.6504859374999999 0.9086562499999999 0.674875 0.9086562499999999 0.66268125 0.333084375
6 0.6911343750000001 0.2279421875 0.6659328125 0.2279421875 0.674875 0.9140765625 0.70739375 0.917328125 0.6911343750000001 0.2279421875
6 0.747228125 0.255040625 0.6911343750000001 0.256125 0.70739375 0.915159375 0.7618609375000001 0.9129921875000001 0.747228125 0.255040625
6 0.7951921875 0.2582921875 0.7415375 0.255040625 0.7545437500000001 0.9129921875000001 0.814703125 0.907571875 0.7951921875 0.2582921875
6 0.8415312500000001 0.23444531249999997 0.79763125 0.23227812499999997 0.8090125 0.910825 0.8496609375 0.907571875 0.8415312500000001 0.23444531249999997
6 0.8537250000000001 0.330915625 0.835840625 0.330915625 0.8480343749999999 0.917328125 0.8667328124999999 0.9162437499999999 0.8537250000000001 0.330915625
6 0.8732359375 0.1737453125 0.8512859374999999 0.1759125 0.8699843749999999 0.907571875 0.88786875 0.907571875 0.8732359375 0.1737453125
6 0.8854296875 0.176996875 0.8675453125000001 0.1715765625 0.88705625 0.9129921875000001 0.90981875 0.910825 0.8854296875 0.176996875
6 0.904940625 0.1759125 0.88624375 0.1759125 0.9122578125 0.910825 0.9277031250000001 0.9086562499999999 0.904940625 0.1759125
6 0.9407109374999999 0.1737453125 0.9065671875 0.1737453125 0.9268906250000001 0.9129921875000001 0.9626609374999999 0.9162437499999999 0.9407109374999999 0.1737453125
6 0.9585968749999999 0.1726609375 0.9333953125000001 0.1759125 0.9618484374999999 0.9086562499999999 0.9805453125 0.9043203125 0.9585968749999999 0.1726609375
6 0.9691640625 0.17049375 0.95371875 0.1715765625 0.9789203125 0.9054046874999999 0.99761875 0.9054046874999999 0.9691640625 0.17049375