5 0.23452936562499999 0.8040364583333334 0.24185176875 0.80078125 0.212562159375 0.28211805416666663 0.183397928125 0.283203125 0.219884559375 0.7986111124999999 0.22313896249999998 0.8029513875000001 0.23452936562499999 0.8040364583333334
5 0.23859736874999998 0.2777777791666667 0.21432240937499997 0.2799479166666667 0.24266536875 0.8029513875000001 0.267886978125 0.8029513875000001 0.23859736874999998 0.2777777791666667
5 0.27276858125 0.3776041666666667 0.246874490625 0.380859375 0.27602298125 0.80078125 0.297990190625 0.7986111124999999 0.27276858125 0.3776041666666667
5 0.29554938750000004 0.3743489583333333 0.273729959375 0.3776041666666667 0.302058190625 0.7964409708333334 0.324839 0.7964409708333334 0.29554938750000004 0.3743489583333333
5 0.324839 0.2647569458333333 0.298803790625 0.2680121541666667 0.2891922 0.27235242916666663 0.324839 0.80078125 0.3622646125 0.7996961791666667 0.324839 0.2647569458333333
5 0.36958701562499996 0.2625868041666667 0.34843340624999997 0.2625868041666667 0.332323709375 0.2658420125 0.367146215625 0.7986111124999999 0.40294462812500004 0.7996961791666667 0.36958701562499996 0.2625868041666667
5 0.422471034375 0.2669270833333333 0.39480862499999997 0.2680121541666667 0.371386209375 0.2712673625 0.40538542812499995 0.80078125 0.455015046875 0.7986111124999999 0.422471034375 0.2669270833333333
5 0.456642246875 0.2625868041666667 0.42753855312500005 0.2658420125 0.456642246875 0.8051215291666666 0.48674545937499997 0.8040364583333334 0.456642246875 0.2625868041666667
5 0.492440659375 0.2582465291666666 0.48186385625000006 0.2571614583333333 0.46090444062499997 0.2604166666666667 0.489186259375 0.8083767374999999 0.51766226875 0.8062065958333334 0.492440659375 0.2582465291666666
5 0.561596684375 0.8018663208333333 0.541256678125 0.28211805416666663 0.50159454375 0.2853732625 0.524171071875 0.8051215291666666 0.5371886781249999 0.8040364583333334 0.561596684375 0.8018663208333333
5 0.6014630999999999 0.8029513875000001 0.58681829375 0.2777777791666667 0.5705462906250001 0.2777777791666667 0.546353659375 0.2799479166666667 0.5640374875 0.8083767374999999 0.58763189375 0.8072916666666666 0.6014630999999999 0.8029513875000001
5 0.625871109375 0.2962239583333333 0.591926575 0.2994791666666667 0.6071583031250001 0.8072916666666666 0.6413295156250001 0.8062065958333334 0.625871109375 0.2962239583333333
5 0.6674369625 0.29405382083333337 0.630989075 0.2951388875 0.6446561562500001 0.8072916666666666 0.67964096875 0.8062065958333334 0.6674369625 0.29405382083333337
5 0.708116978125 0.2886284708333333 0.670865378125 0.29296875 0.698353775 0.8148871541666666 0.7349657875 0.8181423624999999 0.708116978125 0.2886284708333333
5 0.78540900625 0.28428819583333337 0.749804178125 0.28428819583333337 0.74635619375 0.8148871541666666 0.78215460625 0.810546875 0.78540900625 0.28428819583333337
5 0.828529821875 0.30381944583333337 0.793749490625 0.3070746541666667 0.7902906093750001 0.8148871541666666 0.8203938187500001 0.8127170125000001 0.828529821875 0.30381944583333337
5 0.8732778375000001 0.30164930416666663 0.8456154281250001 0.30381944583333337 0.835852225 0.8235677083333334 0.8683962375000001 0.8213975708333333 0.8732778375000001 0.30164930416666663
5 0.908262653125 0.20941840416666666 0.88792264375 0.21050347083333334 0.8757186406249999 0.8311631958333333 0.896058646875 0.8257378458333334 0.908262653125 0.20941840416666666
5 0.929416259375 0.205078125 0.912564596875 0.2061631958333333 0.90012665 0.8235677083333334 0.9180258562500001 0.8224826375000001 0.929416259375 0.205078125