6 0.1716171875 0.1863609375 0.163075 0.750325 0.21128125 0.750325 0.22043437500000002 0.1847328125 0.21555156250000002 0.1847328125 0.1996875 0.18310625 0.18443125 0.18391875 0.1716171875 0.1863609375
6 0.2845046875 0.2783203125 0.2400875 0.2766921875 0.23446875 0.739746875 0.278403125 0.739746875 0.2845046875 0.2783203125
6 0.327828125 0.2783203125 0.2858640625 0.2783203125 0.2820640625 0.7389328125 0.3266078125 0.7373046875 0.327828125 0.2783203125
6 0.3473546875 0.2604171875 0.341253125 0.26123124999999997 0.3359125 0.263671875 0.3327109375 0.73405 0.3382015625 0.736490625 0.34857499999999997 0.7356765625 0.352846875 0.732421875 0.352846875 0.267740625 0.3516265625 0.263671875 0.3473546875 0.2604171875
6 0.35544375 0.26204375 0.3552875 0.7332359375 0.359559375 0.7356765625 0.369321875 0.736490625 0.375425 0.732421875 0.37115312500000003 0.26204375 0.36383125 0.2604171875 0.35544375 0.26204375
6 0.3931203125 0.314128125 0.3755859375 0.314128125 0.378475 0.7332359375 0.3980015625 0.7316078125 0.3931203125 0.314128125
6 0.4138671875 0.3125 0.3957265625 0.3125 0.40166250000000003 0.7332359375 0.42057968749999997 0.732421875 0.4138671875 0.3125
6 0.44315625000000003 0.2685546875 0.41647968750000003 0.2685546875 0.42668125 0.72998125 0.45414062499999996 0.728353125 0.44315625000000003 0.2685546875
6 0.47427656249999994 0.2669265625 0.44699687499999996 0.26611406249999997 0.45658125 0.7291671875 0.4852609375 0.728353125 0.47427656249999994 0.2669265625
6 0.517665625 0.2970375 0.47751406249999995 0.2978515625 0.4889859375 0.726725 0.5304796875 0.7259109375 0.517665625 0.2970375
6 0.55855 0.2978515625 0.519628125 0.298665625 0.5347515625 0.7250984375 0.575025 0.7250984375 0.55855 0.2978515625
6 0.637875 0.7234703125 0.6201796875000001 0.2530921875 0.6159078124999999 0.2530921875 0.6043140625000001 0.25146562499999997 0.5933312500000001 0.2498375 0.5835671875 0.2498375 0.5719734375 0.2506515625 0.562353125 0.252278125 0.5616 0.2547203125 0.5817375 0.7250984375 0.587228125 0.7259109375 0.6037046875 0.7250984375 0.6146874999999999 0.7250984375 0.62628125 0.7250984375 0.637875 0.7234703125
6 0.7007265625 0.7218421875 0.6824203125 0.255534375 0.67936875 0.25390625 0.672046875 0.25146562499999997 0.6622828125 0.25146562499999997 0.6500796875 0.25146562499999997 0.637875 0.25146562499999997 0.6264406250000001 0.2530921875 0.6445875 0.72265625 0.6500796875 0.7250984375 0.6580125 0.724284375 0.6689953125 0.7234703125 0.68425 0.7218421875 0.6940140625 0.7218421875 0.7007265625 0.7218421875
6 0.7319 0.2571609375 0.729459375 0.252278125 0.7209156250000001 0.2490234375 0.7105421875 0.2490234375 0.7013890625 0.2506515625 0.6911375 0.2530921875 0.7105421875 0.7218421875 0.7129828125000001 0.72265625 0.7264078125 0.7234703125 0.73495 0.7234703125 0.7477640625 0.7234703125 0.7544765625000001 0.7177734375 0.7319 0.2571609375
6 0.8002421875 0.721028125 0.8075640625 0.7194015625 0.7825453125 0.244140625 0.7794953125 0.2425125 0.7721734375 0.240071875 0.7624093750000001 0.2408859375 0.7514265625000001 0.2408859375 0.7430171875 0.244140625 0.741053125 0.24576875 0.7624093750000001 0.721028125 0.76485 0.72265625 0.7715625 0.72265625 0.780715625 0.7218421875 0.78986875 0.721028125 0.8002421875 0.721028125
6 0.82281875 0.2547203125 0.7924562500000001 0.255534375 0.8142765624999999 0.7185875 0.8447859375 0.7177734375 0.82281875 0.2547203125
6 0.8679734375000001 0.248209375 0.8400624999999999 0.2473953125 0.8624828125 0.7234703125 0.8948234375 0.721028125 0.8679734375000001 0.248209375
6 0.9149593749999999 0.252278125 0.8736328125 0.25146562499999997 0.898484375 0.720215625 0.9448593750000001 0.7161453125 0.9149593749999999 0.252278125