6 0.2011890625 0.28754375 0.16783125000000002 0.2864578125 0.132846875 0.28754375 0.11015625 0.2853734375 0.11169218750000001 0.28754375 0.089725 0.9505203124999999 0.1971203125 0.95160625 0.2060703125 0.9483499999999999 0.22966562499999998 0.29296875 0.2215296875 0.2897140625 0.2011890625 0.28754375
6 0.28824375 0.3255203125 0.2305984375 0.32334999999999997 0.21908750000000002 0.9548609375 0.27848125 0.952690625 0.28824375 0.3255203125
6 0.318346875 0.3146703125 0.294075 0.3146703125 0.2833625 0.9505203124999999 0.30939843749999996 0.9494359375 0.318346875 0.3146703125
6 0.3476375 0.316840625 0.32255781250000004 0.3146703125 0.3102109375 0.9494359375 0.3378734375 0.9494359375 0.3476375 0.316840625
6 0.387503125 0.36024375000000003 0.3494140625 0.3580734375 0.3354328125 0.9505203124999999 0.378553125 0.9505203124999999 0.387503125 0.36024375000000003
6 0.4322515625 0.361328125 0.393359375 0.361328125 0.38099531249999996 0.952690625 0.42411562500000005 0.9537765625000001 0.4322515625 0.361328125
6 0.43713281249999997 0.4524734375 0.42818281249999995 0.9537765625000001 0.474559375 0.9537765625000001 0.48350781249999997 0.375434375 0.4550328125 0.3732640625 0.43811875 0.3743484375 0.43713281249999997 0.4524734375
6 0.5241875 0.37977500000000003 0.48676250000000004 0.37651875 0.477 0.9537765625000001 0.51849375 0.9548609375 0.5241875 0.37977500000000003
6 0.567309375 0.38194374999999997 0.5306968750000001 0.3776046875 0.5250015625 0.9559468750000001 0.5616140625 0.9537765625000001 0.567309375 0.38194374999999997
6 0.5965984375 0.4123265625 0.5683265625 0.411240625 0.5624281250000001 0.9353296875 0.5933437500000001 0.9353296875 0.5965984375 0.4123265625
6 0.6258874999999999 0.933159375 0.632396875 0.9309890624999999 0.637278125 0.41558124999999996 0.6016921875000001 0.4134109375 0.5965984375 0.932075 0.6258874999999999 0.933159375
6 0.66738125 0.4166671875 0.6391265625 0.4166671875 0.636465625 0.9342453125000001 0.6649406250000001 0.9342453125000001 0.66738125 0.4166671875
6 0.7023671874999999 0.41558124999999996 0.67330625 0.41558124999999996 0.6698234375000001 0.9385843749999999 0.6991125 0.9375 0.7023671874999999 0.41558124999999996
6 0.72270625 0.458984375 0.7050453125 0.458984375 0.7048078125 0.9407546874999999 0.7194515625 0.9407546874999999 0.72270625 0.458984375
6 0.74060625 0.458984375 0.7262046875 0.4579 0.72189375 0.9396703125 0.738978125 0.941840625 0.74060625 0.458984375
6 0.8122031249999999 0.3515625 0.7595703125 0.35047812500000003 0.7511828125 0.9592015625 0.8081343750000001 0.9592015625 0.8122031249999999 0.3515625
6 0.8732859375 0.3548171875 0.8189781249999999 0.35264687499999997 0.8155203125 0.961371875 0.8724718749999999 0.961371875 0.8732859375 0.3548171875