0 0.130396225 0.9730238875 0.021419553124999997 0.0631313125 0.002630471875 0.0631313125 0.002630471875 0.23148148333333335 0.10033369375000001 0.9700176375 0.130396225 0.9730238875
0 0.082296175 0.05711880833333333 0.035699253125000004 0.05711880833333333 0.139414984375 0.9690155541666667 0.17173220312499998 0.9720218041666667 0.082296175 0.05711880833333333
0 0.1296446625 0.19340227499999998 0.104091509375 0.19340227499999998 0.18826659375000002 0.9710197208333333 0.21231661875 0.9750280583333333 0.1296446625 0.19340227499999998
0 0.1694775125 0.25252525416666666 0.1431728 0.25452942083333335 0.22133537812499998 0.9680134666666667 0.2431307125 0.9670113833333333 0.1694775125 0.25252525416666666
0 0.21231661875 0.21645021666666667 0.176993146875 0.21745230000000002 0.24989478125 0.9780343125000001 0.277702621875 0.9750280583333333 0.21231661875 0.21645021666666667
0 0.252901034375 0.21544813333333332 0.22208694062499998 0.21945647083333333 0.28296356562499997 0.9780343125000001 0.31227453125000004 0.9760301416666667 0.252901034375 0.21544813333333332
0 0.29874639375 0.15131473333333334 0.25741041249999996 0.15331890416666666 0.3190386 0.974025975 0.34985269375 0.974025975 0.29874639375 0.15131473333333334
0 0.35060425624999997 0.15331890416666666 0.309268278125 0.15532307083333335 0.3551136375 0.9770322291666667 0.390437109375 0.9750280583333333 0.35060425624999997 0.15331890416666666
0 0.37615740625 0.08016674583333333 0.352107384375 0.08016674583333333 0.39870430625000003 0.9770322291666667 0.415990259375 0.9770322291666667 0.37615740625 0.08016674583333333
0 0.41148088125 0.08116882916666666 0.38818241875 0.08016674583333333 0.42651214687500005 0.9840468166666666 0.446804353125 0.9890572375000001 0.41148088125 0.08116882916666666
0 0.516699734375 0.17736892916666666 0.46484187187500003 0.20342312083333333 0.6767827093750001 0.9970739125 0.722628065625 0.9770322291666667 0.516699734375 0.17736892916666666
0 0.5783279218749999 0.10822510833333333 0.531731 0.13327721666666667 0.7406655843750001 0.9950697458333334 0.7789953093750001 0.9790363958333334 0.5783279218749999 0.10822510833333333
0 0.653484246875 0.11323552916666667 0.6076388875000001 0.13327721666666667 0.7932750125 0.9940676624999999 0.8331078656249999 0.9780343125000001 0.653484246875 0.11323552916666667
0 0.753442159375 0.2555315041666667 0.708348365625 0.2855940375 0.85039381875 0.9970739125 0.88797198125 0.974025975 0.753442159375 0.2555315041666667
0 0.8270953593750001 0.2625460958333333 0.78125 0.28358986666666663 0.9007485562499999 0.9780343125000001 0.934568903125 0.9609988791666667 0.8270953593750001 0.2625460958333333
0 0.8797047875 0.30262947083333336 0.856406325 0.3156565666666667 0.9503517312499999 0.98204265 0.97365019375 0.9800384791666666 0.8797047875 0.30262947083333336
0 0.999751984375 0.9269179875 0.927053271875 0.30563572083333335 0.896990740625 0.31465448333333335 0.9826689500000001 0.990059325 0.999751984375 0.9897486791666666 0.999751984375 0.9269179875