6 0.2788125 0.3753046875 0.24606406249999999 0.3781953125 0.31284999999999996 0.887378125 0.3409671875 0.8834312499999999 0.2788125 0.3753046875
6 0.2913921875 0.3753046875 0.2810328125 0.3753046875 0.342446875 0.8814578125000001 0.3705640625 0.876525 0.3144234375 0.3706 0.29583125 0.37333125 0.2913921875 0.3753046875
6 0.313609375 0.3152625 0.3735234375 0.8775109375 0.4238375 0.8646843750000001 0.375003125 0.311171875 0.313609375 0.3152625
6 0.42975624999999995 0.31511875 0.38034218750000004 0.3228578125 0.42679687499999996 0.8627109374999999 0.46527343749999994 0.8508718749999999 0.42975624999999995 0.31511875
6 0.43486562500000003 0.31634687499999997 0.466753125 0.85383125 0.50596875 0.8439640624999999 0.480071875 0.3091984375 0.43486562500000003 0.31634687499999997
6 0.508928125 0.3091984375 0.48377187499999996 0.31413125000000003 0.5081890625 0.8508718749999999 0.5303859375 0.8488984374999999 0.508928125 0.3091984375
6 0.5349640625000001 0.3076671875 0.5118875 0.3082125 0.5311265625 0.83903125 0.5496234375 0.836071875 0.5349640625000001 0.3076671875
6 0.5858796875000001 0.8429781249999999 0.5858796875000001 0.297359375 0.54814375 0.30031875 0.5540640625 0.8508718749999999 0.5725609375 0.8508718749999999 0.5858796875000001 0.8429781249999999
6 0.5866203125 0.28551875 0.5888390625000001 0.8291656250000001 0.6028984375 0.8311375 0.6155296875 0.8263296875 0.6191765625000001 0.2835453125 0.5866203125 0.28551875
6 0.6606124999999999 0.2835453125 0.623615625 0.2874921875 0.6191765625000001 0.8271921875 0.62805625 0.828178125 0.6398937499999999 0.8242312500000001 0.649709375 0.8198187499999999 0.6606124999999999 0.2835453125
6 0.6524734375000001 0.8222578125 0.6791109375 0.8183125 0.699828125 0.2805859375 0.6635718749999999 0.2845328125 0.6524734375000001 0.8222578125
6 0.7383031250000001 0.2805859375 0.726465625 0.2795984375 0.7212859375 0.2795984375 0.702046875 0.28157187499999997 0.6813296875 0.8212718750000001 0.713146875 0.8183125 0.7383031250000001 0.2805859375
6 0.7405234375 0.8212718750000001 0.7679 0.33682500000000004 0.768525 0.3326234375 0.742003125 0.33485156250000003 0.7175859375 0.8232453124999999 0.7405234375 0.8212718750000001
6 0.8010765624999999 0.33370781250000003 0.772340625 0.333865625 0.7442234375 0.82521875 0.76568125 0.8242312500000001 0.8010765624999999 0.33370781250000003