0 0.028575378125000002 0.05667924166666667 0.0017478531249999999 0.05234347916666667 0.023697646875 0.9541818416666668 0.052964034375 0.9520139625 0.028575378125000002 0.05667924166666667
0 0.061093587500000004 0.0555953 0.0302012875 0.057763179166666664 0.052964034375 0.961769425 0.078978603125 0.9606854833333334 0.061093587500000004 0.0555953
0 0.093611796875 0.09028139166666667 0.053776990625 0.08811350833333333 0.079791559375 0.9671891250000001 0.10174135 0.9639373041666667 0.093611796875 0.09028139166666667
0 0.11800045625 0.09244927083333333 0.0862952 0.09136533333333333 0.10174135 0.9628533666666667 0.13344660625 0.9650212458333333 0.11800045625 0.09244927083333333
0 0.1537704875 0.097868975 0.118813409375 0.09570109166666667 0.13344660625 0.961769425 0.16190003749999998 0.9639373041666667 0.1537704875 0.097868975
0 0.18059800937499998 0.06318288333333334 0.1423891125 0.057763179166666664 0.160274128125 0.9693570083333333 0.1927923375 0.9726088291666667 0.18059800937499998 0.06318288333333334
0 0.212303265625 0.06318288333333334 0.18059800937499998 0.06318288333333334 0.19360529375 0.9693570083333333 0.22043281874999998 0.9704409458333333 0.212303265625 0.06318288333333334
0 0.24563443125 0.1748287375 0.21555508437499998 0.1748287375 0.2196198625 0.9671891250000001 0.251325115625 0.9628533666666667 0.24563443125 0.1748287375
0 0.30579311875 0.17699661666666666 0.24888625000000003 0.17374479583333333 0.25620285 0.9671891250000001 0.3009153875 0.9693570083333333 0.30579311875 0.17699661666666666
0 0.3472538375 0.1824163208333333 0.294411746875 0.17266085833333333 0.29847652187499996 0.9596015416666667 0.34644088125 0.9693570083333333 0.3472538375 0.1824163208333333
0 0.39277933125 0.0740222875 0.344002015625 0.06318288333333334 0.349692703125 0.9606854833333334 0.391153421875 0.9606854833333334 0.39277933125 0.0740222875
0 0.425297540625 0.103288675 0.3879016 0.10003685416666667 0.394405240625 0.9650212458333333 0.42936231874999997 0.9639373041666667 0.425297540625 0.103288675
0 0.4594416625 0.1076244375 0.42367163124999996 0.10437261666666667 0.43017527187500004 0.9693570083333333 0.462693484375 0.9671891250000001 0.4594416625 0.1076244375
0 0.49114691875 0.10979231666666665 0.45862870625 0.10112079583333333 0.46838416875 0.9736927666666666 0.502528290625 0.97586065 0.49114691875 0.10979231666666665
0 0.530981725 0.10437261666666667 0.4903339625 0.10437261666666667 0.49927646875000004 0.9704409458333333 0.534233546875 0.9726088291666667 0.530981725 0.10437261666666667
0 0.569190621875 0.1076244375 0.523665128125 0.1076244375 0.5407371875 0.9736927666666666 0.57081653125 0.9736927666666666 0.569190621875 0.1076244375
0 0.604960653125 0.06860258333333333 0.5659388 0.06643470416666666 0.563499934375 0.9704409458333333 0.61227725 0.9715248875 0.604960653125 0.06860258333333333
0 0.649673190625 0.06426682083333334 0.6025217875 0.06860258333333333 0.609025428125 0.9726088291666667 0.6512991031250001 0.9747767083333333 0.649673190625 0.06426682083333334
0 0.67893958125 0.18566814166666665 0.64804728125 0.1802484375 0.656989790625 0.9823642916666666 0.6797525375 0.9823642916666666 0.67893958125 0.18566814166666665
0 0.700889371875 0.18350025833333333 0.678126625 0.1845842 0.68300435625 0.9747767083333333 0.707393015625 0.9736927666666666 0.700889371875 0.18350025833333333
0 0.7691776156250001 0.06860258333333333 0.702515284375 0.075106225 0.706580059375 0.9736927666666666 0.767551703125 0.9747767083333333 0.7691776156250001 0.06860258333333333
0 0.81632901875 0.07619016666666667 0.762673971875 0.07077046666666667 0.7651128375 0.98128035 0.8155160625000001 0.9823642916666666 0.81632901875 0.07619016666666667
0 0.8423435874999999 0.1076244375 0.81226424375 0.11087625833333334 0.817141975 0.9780285291666666 0.84153063125 0.9769445875 0.8423435874999999 0.1076244375
0 0.86835815625 0.10003685416666667 0.832588125 0.097868975 0.839091765625 0.9823642916666666 0.863480425 0.98128035 0.86835815625 0.10003685416666667
0 0.8959986343749999 0.11087625833333334 0.869171109375 0.108708375 0.8667322437499999 0.9769445875 0.8878690812500001 0.9769445875 0.8959986343749999 0.11087625833333334
0 0.9293298 0.1076244375 0.8951856781249999 0.108708375 0.8838043062500001 0.9747767083333333 0.9252650250000001 0.9726088291666667 0.9293298 0.1076244375
0 0.9488407249999999 0.1889199625 0.9236391125000001 0.19000390416666668 0.9220132031249999 0.9530978999999999 0.9390852625000001 0.9509300208333333 0.9488407249999999 0.1889199625
0 0.997618040625 0.17699661666666666 0.957783234375 0.17808055833333333 0.9520925468750001 0.9693570083333333 0.9968050843749999 0.9682730666666667 0.997618040625 0.17699661666666666