5 0.08890681875 0.7248263875000001 0.105178825 0.72265625 0.112501228125 0.0998263875 0.097856421875 0.09657117916666666 0.078330015625 0.0954861125 0.0701940125 0.09874132083333334 0.062058009375 0.7204861124999999 0.066126009375 0.7237413208333333 0.08890681875 0.7248263875000001
5 0.149926840625 0.7280815958333334 0.15887644375 0.1052517375 0.149926840625 0.10308159583333333 0.134468434375 0.10308159583333333 0.12551883125000002 0.10199652916666667 0.11341114999999999 0.10308159583333333 0.109246825 0.7259114583333334 0.132027634375 0.7280815958333334 0.149926840625 0.7280815958333334
5 0.204438059375 0.10850694583333334 0.168749490625 0.1052517375 0.15887644375 0.7259114583333334 0.19304765625 0.7259114583333334 0.204438059375 0.10850694583333334
5 0.24674527500000001 0.11284722083333333 0.210253396875 0.10850694583333334 0.197929259375 0.7269965291666666 0.232100471875 0.7291666666666666 0.24674527500000001 0.11284722083333333
5 0.2760348875 0.050998262499999995 0.249315896875 0.04774305416666667 0.23535487187499998 0.7313368041666667 0.26464448125 0.732421875 0.2760348875 0.050998262499999995
5 0.3085789 0.056423612500000005 0.2809164875 0.05316840416666667 0.267085284375 0.732421875 0.29556129375 0.7345920125000001 0.3085789 0.056423612500000005
5 0.321596503125 0.732421875 0.32647810625 0.732421875 0.340309309375 0.06293402916666667 0.3136062625 0.05967882083333333 0.299629296875 0.7291666666666666 0.306138096875 0.7335069458333333 0.321596503125 0.732421875
5 0.37122612187500004 0.06401909583333333 0.34615834687499997 0.06293402916666667 0.33217330624999997 0.732421875 0.35983571875 0.7345920125000001 0.37122612187500004 0.06401909583333333
5 0.42248294062499997 0.1844618041666667 0.385057328125 0.1779513875 0.378710428125 0.18012152916666666 0.36715811875000004 0.7302517374999999 0.4135333375 0.7280815958333334 0.42248294062499997 0.1844618041666667
5 0.473739759375 0.18229166666666666 0.42591095 0.17903645833333334 0.4192285375 0.7335069458333333 0.46560375625 0.732421875 0.473739759375 0.18229166666666666
5 0.50221576875 0.12586805416666666 0.47718048125 0.12586805416666666 0.477807759375 0.7400173624999999 0.50140216875 0.7389322916666666 0.50221576875 0.12586805416666666
5 0.56567659375 0.1638454875 0.513801575 0.16059027916666666 0.508724571875 0.7389322916666666 0.561608590625 0.7411024291666667 0.56567659375 0.1638454875
5 0.6283238156250001 0.1649305541666667 0.575650534375 0.16059027916666666 0.56893099375 0.7432725708333333 0.625883015625 0.7432725708333333 0.6283238156250001 0.1649305541666667
5 0.629361471875 0.7443576375000001 0.6917846375 0.7443576375000001 0.699920640625 0.17252604166666666 0.6380870187500001 0.166015625 0.629361471875 0.7443576375000001
5 0.77241581875 0.1746961791666667 0.709927878125 0.17035590416666666 0.6951237906250001 0.7476128458333334 0.7602118124999999 0.7454427083333334 0.77241581875 0.1746961791666667
5 0.8130958343750001 0.13671875 0.7921218875 0.1356336791666667 0.77567021875 0.7584635416666666 0.798451028125 0.7573784708333334 0.8130958343750001 0.13671875
5 0.84482624375 0.17252604166666666 0.817349753125 0.17144097083333334 0.802519028125 0.7573784708333334 0.8285542375 0.7562934041666666 0.84482624375 0.17252604166666666
5 0.88062465625 0.1746961791666667 0.851529440625 0.1736111125 0.831808640625 0.7573784708333334 0.85947105 0.7552083333333334 0.88062465625 0.1746961791666667
5 0.920491071875 0.1378038208333333 0.8922195437499999 0.1345486125 0.8741158562500001 0.76171875 0.9050326656250001 0.7606336791666667 0.920491071875 0.1378038208333333
5 0.955475884375 0.1388888875 0.924771628125 0.1388888875 0.90828706875 0.7584635416666666 0.940831078125 0.7595486124999999 0.955475884375 0.1388888875