6 0.1670578125 0.8626296874999999 0.177634375 0.863715625 0.1434640625 0.2604171875 0.1329421875 0.258246875 0.1646171875 0.8528640624999999 0.1670578125 0.8626296874999999
6 0.2077375 0.3461375 0.1898390625 0.3461375 0.1695640625 0.3461375 0.167871875 0.3450515625 0.19390625 0.8376734375 0.20367031249999998 0.8430984374999999 0.2166875 0.8409281249999999 0.232959375 0.8376734375 0.21180625000000003 0.347221875 0.2077375 0.3461375
6 0.2500453125 0.3450515625 0.23377343750000001 0.3450515625 0.2158734375 0.3461375 0.2362140625 0.8268234375000001 0.241909375 0.8322484375 0.25248593750000003 0.835503125 0.26713125 0.835503125 0.27689375 0.8322484375 0.2549265625 0.3461375 0.2500453125 0.3450515625
6 0.25818125 0.32118125000000003 0.283403125 0.8311624999999999 0.299675 0.8322484375 0.3167609375 0.8311624999999999 0.29560624999999996 0.3190109375 0.2598953125 0.3200953125 0.25818125 0.32118125000000003
6 0.3062828125 0.3200953125 0.30455625 0.322265625 0.3371015625 0.8322484375 0.35011875 0.8333328124999999 0.3631359375 0.8322484375 0.3745265625 0.8279078125 0.34116875 0.316840625 0.3062828125 0.3200953125
6 0.348490625 0.36566875 0.3737125 0.8333328124999999 0.3997484375 0.8333328124999999 0.4160203125 0.8279078125 0.39161250000000003 0.361328125 0.350228125 0.3634984375 0.348490625 0.36566875
6 0.436359375 0.3580734375 0.3949859375 0.361328125 0.4184609375 0.8289937500000001 0.45751406250000004 0.8257375 0.436359375 0.3580734375
6 0.468090625 0.3483078125 0.4373046875 0.35047812500000003 0.46158124999999994 0.8257375 0.490871875 0.824653125 0.468090625 0.3483078125
6 0.5014484375 0.347221875 0.47067031249999997 0.3483078125 0.49575312499999996 0.8213968749999999 0.5226015625 0.8181421875 0.5014484375 0.347221875
6 0.5396875 0.8257375 0.5543328125 0.8235671874999999 0.5364328125 0.30381874999999997 0.5040359375000001 0.3049046875 0.52585625 0.8235671874999999 0.5396875 0.8257375
6 0.5706046875 0.302734375 0.5382156250000001 0.3049046875 0.555959375 0.8213968749999999 0.5860624999999999 0.8192281250000001 0.5706046875 0.302734375
6 0.5868765625 0.8235671874999999 0.6169796875 0.824653125 0.6007078124999999 0.30381874999999997 0.57158125 0.3059890625 0.5706046875 0.30381874999999997 0.5868765625 0.8235671874999999
6 0.6470828125 0.8311624999999999 0.6340656250000001 0.297309375 0.6283703125 0.297309375 0.6033203125 0.30165000000000003 0.621046875 0.8289937500000001 0.6470828125 0.8311624999999999
6 0.6495234375 0.8235671874999999 0.6820671875000001 0.8235671874999999 0.6706765625 0.390625 0.6381328125 0.3927953125 0.6365062499999999 0.394965625 0.6495234375 0.8235671874999999
6 0.6836953125 0.8192281250000001 0.7162390624999999 0.8192281250000001 0.7146109375 0.3884546875 0.6741203125 0.390625 0.6731171875 0.3927953125 0.6836953125 0.8192281250000001
6 0.7211203125 0.8203125 0.7593593750000001 0.8192281250000001 0.7577328125 0.37000937500000003 0.7237625000000001 0.37109375 0.7211203125 0.37217812499999997 0.7211203125 0.8203125
6 0.764240625 0.8203125 0.8016671875 0.8192281250000001 0.8041078125000001 0.36566875 0.76689375 0.3689234375 0.764240625 0.37000937500000003 0.764240625 0.8203125
6 0.8073625 0.8181421875 0.8431609375000001 0.8181421875 0.8529234375 0.3678390625 0.81328125 0.37000937500000003 0.8114296875000001 0.37109375 0.8073625 0.8181421875