5 0.09711304375 0.24088541666666666 0.03283861875 0.23980034583333334 0.027147928124999998 0.24088541666666666 0.03446581875 0.8333333333333334 0.09711304375 0.8344184041666666 0.09711304375 0.24088541666666666
5 0.143488259375 0.8279079874999999 0.160573865625 0.8279079874999999 0.16870986875 0.2354600708333333 0.163828265625 0.22894965416666666 0.11175784687500001 0.22894965416666666 0.107714334375 0.23111979166666666 0.105249046875 0.8246527791666666 0.110130646875 0.8268229166666666 0.143488259375 0.8279079874999999
5 0.20369468125 0.8224826375000001 0.20206748125 0.2419704875 0.188236275 0.24088541666666666 0.17932891875 0.2452256958333333 0.181727475 0.8213975708333333 0.194745078125 0.8257378458333334 0.20369468125 0.8224826375000001
5 0.278545909375 0.22786458333333334 0.20374298125 0.23003472083333334 0.20450828125 0.8311631958333333 0.275291509375 0.8322482625000001 0.278545909375 0.22786458333333334
5 0.362346740625 0.23111979166666666 0.283495584375 0.2256944458333333 0.281800309375 0.8355034708333334 0.3558379375 0.8311631958333333 0.362346740625 0.23111979166666666
5 0.396517953125 0.2777777791666667 0.364061990625 0.2766927083333333 0.3599059375 0.8170572916666666 0.39000914999999997 0.8170572916666666 0.396517953125 0.2777777791666667
5 0.42906196249999995 0.2777777791666667 0.40058595312499995 0.2766927083333333 0.39244995 0.8170572916666666 0.4241803625 0.8159722208333334 0.42906196249999995 0.2777777791666667
5 0.461605975 0.2549913208333333 0.43323516875 0.2549913208333333 0.4274347625 0.8224826375000001 0.456724375 0.8203125 0.461605975 0.2549913208333333
5 0.47462358125000004 0.8083767374999999 0.484386784375 0.23763020833333334 0.48113238437500006 0.23003472083333334 0.46741485625 0.22894965416666666 0.46079237500000003 0.8083767374999999 0.468114778125 0.8116319458333333 0.47462358125000004 0.8083767374999999
5 0.5519156093750001 0.2582465291666666 0.49020131562499997 0.2549913208333333 0.485200384375 0.8148871541666666 0.54622040625 0.8148871541666666 0.5519156093750001 0.2582465291666666
5 0.5722556156249999 0.2788628458333333 0.556119284375 0.2799479166666667 0.549474809375 0.8138020833333334 0.5649332125 0.8127170125000001 0.5722556156249999 0.2788628458333333
5 0.61619003125 0.2549913208333333 0.57971954375 0.2549913208333333 0.5722556156249999 0.8311631958333333 0.60886763125 0.830078125 0.61619003125 0.2549913208333333
5 0.66175165 0.18988715416666666 0.6261062625 0.18880208333333334 0.61537643125 0.8289930541666667 0.652802046875 0.830078125 0.66175165 0.18988715416666666
5 0.6951092625 0.8257378458333334 0.706499665625 0.18988715416666666 0.669237771875 0.18988715416666666 0.654429246875 0.8279079874999999 0.691854859375 0.8268229166666666 0.6951092625 0.8257378458333334
5 0.709754065625 0.8235677083333334 0.724398871875 0.8235677083333334 0.7422980781249999 0.8235677083333334 0.753688484375 0.8203125 0.773214890625 0.2365451375 0.761010884375 0.234375 0.7414844781250001 0.2322048625 0.722771671875 0.23111979166666666 0.709927878125 0.2322048625 0.6983636625 0.8159722208333334 0.7008044625000001 0.8192274291666667 0.709754065625 0.8235677083333334
5 0.8399301156250001 0.2354600708333333 0.781542459375 0.2322048625 0.7642652875 0.8246527791666666 0.8195901062500001 0.8246527791666666 0.8399301156250001 0.2354600708333333
5 0.8765421281249999 0.24739583333333334 0.8409500124999999 0.24739583333333334 0.82203090625 0.8224826375000001 0.85620211875 0.8224826375000001 0.8765421281249999 0.24739583333333334
5 0.9115269406250001 0.24956597083333334 0.878384909375 0.24739583333333334 0.860270121875 0.8192274291666667 0.893627734375 0.8203125 0.9115269406250001 0.24956597083333334
5 0.9367485500000001 0.8257378458333334 0.948952553125 0.8213975708333333 0.9758013625 0.23003472083333334 0.9684789625000001 0.22786458333333334 0.9538341562499999 0.22786458333333334 0.93918935 0.2267795125 0.926985346875 0.2267795125 0.9050181374999999 0.8203125 0.92129014375 0.8246527791666666 0.9367485500000001 0.8257378458333334