5 0.089254925 0.2058921 0.051075 0.2058921 0.10967669375 0.8144598541666667 0.14075334374999998 0.8132758333333334 0.089254925 0.2058921
5 0.14341707812499999 0.8120918916666666 0.17320668749999998 0.8053977291666666 0.12210737812500001 0.2058921 0.089254925 0.20470811666666666 0.14341707812499999 0.8120918916666666
5 0.16539418749999998 0.20253314583333332 0.126546915625 0.20470811666666666 0.173605796875 0.8097239291666667 0.20734618125 0.80617195 0.16539418749999998 0.20253314583333332
5 0.209121984375 0.80617195 0.2454723125 0.7988873125 0.20734618125 0.20470811666666666 0.167390515625 0.2058921 0.209121984375 0.80617195
5 0.253517190625 0.29942682083333333 0.222440540625 0.29824284166666665 0.25262931875 0.7813082458333334 0.2819301625 0.7789402833333334 0.253517190625 0.29942682083333333
5 0.2845939 0.7777563416666666 0.303239865625 0.7753883833333333 0.279652 0.2975852291666667 0.265947875 0.2970588625 0.2632841375 0.30061080416666663 0.25706885625 0.29587488333333334 0.2845939 0.7777563416666666
5 0.3041277375 0.29113895833333336 0.277490625 0.29587488333333334 0.30501566874999997 0.7860442458333333 0.33165278125 0.7872281875 0.3041277375 0.29113895833333336
5 0.3440834625 0.24969950833333332 0.3040660625 0.2520123125 0.33165278125 0.793148125 0.36716896875 0.7919641083333333 0.3440834625 0.24969950833333332
5 0.36894477187499997 0.7907801666666666 0.4056285625 0.7858664791666666 0.38581499375 0.24614757083333333 0.345859265625 0.24733155 0.36894477187499997 0.7907801666666666
5 0.418323875 0.2780539791666667 0.390254471875 0.2781151375 0.408012565625 0.7777563416666666 0.432873934375 0.776572325 0.418323875 0.2780539791666667
5 0.4346497375 0.7813082458333334 0.4525035625 0.7793560625 0.43820134375 0.2603553708333333 0.41866744687499996 0.26272333333333336 0.4346497375 0.7813082458333334
5 0.46324575 0.25852272916666663 0.439089215625 0.2603553708333333 0.45507150625000004 0.7824922625 0.472829659375 0.7824922625 0.46324575 0.25852272916666663
5 0.47371753125 0.7860442458333333 0.497690909375 0.7824922625 0.48969982187500005 0.18813235416666665 0.46395058437500003 0.19050031666666667 0.47371753125 0.7860442458333333
5 0.49857878125 0.7824922625 0.52574575 0.7819602291666666 0.5207764125 0.18931633333333334 0.49413929999999995 0.185764375 0.49857878125 0.7824922625
5 0.551136375 0.18169981249999997 0.52432801875 0.1833964125 0.52610388125 0.7801243041666667 0.550077259375 0.7801243041666667 0.551136375 0.18169981249999997
5 0.580265978125 0.17747649166666665 0.55274099375 0.17747649166666665 0.55274099375 0.7813082458333334 0.5776023625 0.7824922625 0.580265978125 0.17747649166666665
5 0.623402 0.24810606249999997 0.580265978125 0.24969950833333332 0.578490234375 0.7753883833333333 0.61489429375 0.7730204208333333 0.623402 0.24810606249999997
5 0.67083225 0.2437795875 0.624661240625 0.24614757083333333 0.6184459 0.7730204208333333 0.659289559375 0.7706524625 0.67083225 0.2437795875
5 0.66195329375 0.7718364 0.6921420125 0.7694684416666667 0.709012171875 0.17747649166666665 0.67704759375 0.17984445416666667 0.66195329375 0.7718364
5 0.69569361875 0.7706524625 0.72887075 0.7676373125 0.74985583125 0.17392455 0.713451653125 0.1762925125 0.69569361875 0.7706524625
5 0.730321934375 0.7528926375 0.7474254375 0.7481060625 0.76672599375 0.2792991166666667 0.74630410625 0.2781151375 0.730321934375 0.7528926375
5 0.8118785624999999 0.2793560625 0.78359615625 0.2781151375 0.7613985249999999 0.7789402833333334 0.7871477625 0.7789402833333334 0.8118785624999999 0.2793560625
5 0.79158724375 0.7813082458333334 0.8040660624999999 0.7819602291666666 0.835094634375 0.1632686875 0.8200002156249999 0.16445266666666666 0.79158724375 0.7813082458333334
5 0.8489879374999999 0.16737689583333332 0.83775825 0.16563665 0.8040179249999999 0.7789402833333334 0.8173364812499999 0.7753883833333333 0.8489879374999999 0.16737689583333332