4 0.1810453125 0.194409375 0.19126875000000002 0.22587656250000002 0.5664109374999999 0.1233765625 0.5589421875 0.09337187500000001 0.1810453125 0.194409375
4 0.192609375 0.230003125 0.2036890625 0.2617625 0.578178125 0.1549125 0.570175 0.1279421875 0.192609375 0.230003125
4 0.2057015625 0.267953125 0.2149375 0.2940375 0.5870093749999999 0.1891140625 0.579846875 0.1647328125 0.2057015625 0.267953125
4 0.223653125 0.3208625 0.594515625 0.2169015625 0.5861484375 0.1934890625 0.58371875 0.193034375 0.2166125 0.299196875 0.223653125 0.3208625
4 0.2233 0.3221171875 0.23272187500000002 0.34643125 0.6395453125 0.229075 0.6323703125 0.20699375 0.2233 0.3221171875
4 0.2362765625 0.35269062500000004 0.24259218749999997 0.3791546875 0.649265625 0.25899375 0.642278125 0.23515000000000003 0.2362765625 0.35269062500000004
4 0.247540625 0.3826796875 0.2542109375 0.4078875 0.2575984375 0.4136296875 0.6307453125 0.302653125 0.6256015625 0.2798 0.6219 0.275428125 0.247540625 0.3826796875
4 0.63415 0.306109375 0.6326640625 0.303875 0.257915625 0.4169484375 0.258215625 0.4225546875 0.2627234375 0.43876875000000004 0.268509375 0.44487343749999997 0.639628125 0.32999375 0.63415 0.306109375
4 0.26882812500000003 0.4481921875 0.273653125 0.46772656250000005 0.6422046875 0.35196875 0.6385953125 0.3361765625 0.26882812500000003 0.4481921875
4 0.275346875 0.470596875 0.2825890625 0.4882046875 0.6597671875 0.3662234375 0.652903125 0.34978125000000004 0.275346875 0.470596875
4 0.28476875 0.4949109375 0.2958484375 0.5266703125000001 0.6831609375000001 0.40310625 0.6735015625 0.371040625 0.28476875 0.4949109375
4 0.2987515625 0.530925 0.3099640625 0.5677734375 0.6964375 0.4416296875 0.6964734375 0.43705625000000003 0.692803125 0.42342031249999995 0.6876203125 0.4098078125 0.2987515625 0.530925
4 0.6803546875 0.45084843750000003 0.3113046875 0.5719000000000001 0.31748906250000003 0.5932734375 0.686075 0.4729421875 0.6803546875 0.45084843750000003
4 0.31747187499999996 0.5955609374999999 0.3250140625 0.6187734375 0.6941390625 0.49541562499999997 0.6876359375 0.47540468750000003 0.31747187499999996 0.5955609374999999
4 0.3349203125 0.646921875 0.7176546874999999 0.516290625 0.7118421875000001 0.4960625 0.7100953125 0.49536406250000004 0.3290890625 0.62429375 0.3349203125 0.646921875
4 0.33728437499999997 0.6518578125000001 0.345346875 0.67433125 0.7296421875 0.54148125 0.7233125 0.522 0.33728437499999997 0.6518578125000001
4 0.3468734375 0.6766875 0.3547515625 0.7009328125 0.7380234375 0.567275 0.7306890625 0.5447031250000001 0.3468734375 0.6766875
4 0.7457328125 0.5910031250000001 0.7378375 0.5690453125 0.6807359374999999 0.5876 0.5904265625 0.618653125 0.41666875000000003 0.6808140625 0.3555890625 0.7035109375 0.361940625 0.7254015625 0.7457328125 0.5910031250000001
4 0.3631140625 0.7290125 0.373540625 0.7564203125 0.7485921875 0.620871875 0.7412796875 0.596025 0.3631140625 0.7290125
4 0.3752515625 0.75700625 0.38495625 0.7892125 0.7620890625000001 0.6507046875 0.754090625 0.626090625 0.3752515625 0.75700625
4 0.3900546875 0.7955390625 0.395365625 0.8189078125 0.7835062500000001 0.676825 0.7775562500000001 0.653834375 0.3900546875 0.7955390625
4 0.78535 0.6824984374999999 0.785384375 0.677925 0.3987703125 0.8223640624999999 0.40409843749999996 0.8434453124999999 0.7900078125000001 0.7015171875 0.78473125 0.6805953125 0.78535 0.6824984374999999
4 0.40804062500000005 0.8485546875000001 0.4117109375 0.862190625 0.796596875 0.7194546875000001 0.7922578125 0.706103125 0.40804062500000005 0.8485546875000001
4 0.4159359375 0.8705125 0.41740937499999997 0.8797296875 0.42027656249999995 0.8862125000000001 0.8094921875000001 0.7380765625000001 0.807984375 0.7334343750000001 0.8051734375 0.7224421875 0.4159359375 0.8705125
4 0.420090625 0.8879828125 0.4261421875 0.9042671875 0.8163828125 0.7569390625 0.8110406250000001 0.7405015625 0.420090625 0.8879828125
4 0.42766875000000004 0.9066234375000001 0.4330671875 0.91855625 0.8088765625000001 0.7736359375 0.80606875 0.762653125 0.42766875000000004 0.9066234375000001
4 0.4392171875 0.944503125 0.8184828124999999 0.796178125 0.81161875 0.77739375 0.810403125 0.7759921875 0.43390625 0.9211359375000001 0.4392171875 0.944503125