4 0.7265078125 0.8884578125000001 0.095078125 0.8496625 0.0892953125 0.877059375 0.6525453125 0.9106515625 0.72401875 0.9152125 0.7265078125 0.8884578125000001
4 0.728509375 0.8502703125 0.10228437500000001 0.8158218749999999 0.0975890625 0.8432124999999999 0.099709375 0.8442015625 0.7248515624999999 0.87859375 0.728509375 0.8502703125
4 0.7266453125 0.8029187500000001 0.19690000000000002 0.7727125 0.1936921875 0.8132078125 0.19043749999999998 0.813109375 0.7256843749999999 0.841975 0.7266453125 0.8029187500000001
4 0.204446875 0.732371875 0.2019828125 0.7379453125000001 0.200240625 0.771175 0.729109375 0.7973453125 0.730028125 0.7591015624999999 0.204446875 0.732371875
4 0.7382515625 0.7473124999999999 0.7402953125 0.7083125 0.152440625 0.6880953125 0.1502734375 0.729440625 0.7382515625 0.7473124999999999
4 0.748921875 0.7095796875 0.7548078125 0.7009265625000001 0.7576984375 0.6872281250000001 0.7563828125 0.6708640625 0.7559812499999999 0.6578078125 0.7529859375 0.6527624999999999 0.110165625 0.6239625 0.10995312500000001 0.6280249999999999 0.10810312500000001 0.6425921875 0.1049984375 0.660353125 0.1052734375 0.675846875 0.10702031249999999 0.6839828125 0.748921875 0.7095796875
4 0.7622546875 0.6002921875 0.06993125 0.5623796875 0.0630046875 0.6115921875 0.7599984375 0.643353125 0.763484375 0.6182796875000001 0.7622546875 0.6002921875
4 0.7635515625 0.5962859375 0.7669343750000001 0.55246875 0.079328125 0.5074703125 0.072403125 0.5566703125 0.7635515625 0.5962859375
4 0.77116875 0.4924015625 0.0882375 0.44113125000000003 0.0800171875 0.49432187499999997 0.08221875 0.493771875 0.771821875 0.5421328125 0.77116875 0.4924015625
4 0.7326515625 0.4602375 0.21642187499999999 0.4209625 0.2123609375 0.4362296875 0.21173125 0.44825468749999997 0.213846875 0.44934375 0.73861875 0.4915109375 0.7401703125 0.48262968749999996 0.7398109374999999 0.46876093750000003 0.7326515625 0.4602375
4 0.7498234375 0.422846875 0.2324671875 0.38432656249999997 0.2285203125 0.41816718750000004 0.23076406249999998 0.4168265625 0.7469515624999999 0.4569140625 0.7498234375 0.422846875
4 0.20729375 0.3463453125 0.2071515625 0.36978125 0.7523734375 0.41564843749999997 0.7575171875 0.40043749999999995 0.76000625 0.3736828125 0.7584765625000001 0.36138125 0.2134578125 0.3116359375 0.20729375 0.3463453125
4 0.2264046875 0.2512109375 0.218015625 0.30760312500000003 0.2158390625 0.3076875 0.7566078125 0.35558125 0.76179375 0.3395578125 0.7619875 0.31512656250000004 0.761628125 0.3012578125 0.2264046875 0.2512109375
4 0.7607999999999999 0.2963265625 0.7643953125 0.2484453125 0.2167234375 0.1871546875 0.21075781249999997 0.23876875000000003 0.7607999999999999 0.2963265625
4 0.7655031250000001 0.22732187499999998 0.36273125 0.179328125 0.36062656249999997 0.1987703125 0.36279374999999997 0.198884375 0.7635671875 0.2435140625 0.7655031250000001 0.22732187499999998
4 0.763634375 0.22152031249999998 0.7667796874999999 0.202946875 0.3627546875 0.1581453125 0.3608328125 0.17410625 0.763634375 0.22152031249999998
4 0.766590625 0.185828125 0.36481875 0.139515625 0.36410624999999996 0.15309062499999998 0.3618 0.1556515625 0.7646984375 0.2012078125 0.766590625 0.185828125
4 0.7668890625 0.180140625 0.766571875 0.16545937500000002 0.3680921875 0.11850468750000001 0.366128125 0.1352671875 0.7668890625 0.180140625
4 0.2884421875 0.0833703125 0.2846796875 0.09295 0.2853375 0.10113281249999999 0.284925 0.109009375 0.765 0.15397031249999998 0.7678484375 0.14108437499999998 0.769528125 0.1297671875 0.29182031249999996 0.0811046875 0.2884421875 0.0833703125
4 0.7719515625 0.1250046875 0.7755234375 0.09830625 0.33465781250000004 0.051575 0.3310984375 0.0780171875 0.7719515625 0.1250046875
4 0.7744421874999999 0.0982046875 0.7767593749999999 0.07474531250000001 0.343778125 0.022678125 0.33686875 0.050831249999999994 0.7744421874999999 0.0982046875