5 0.15506592187499998 0.7998511916666666 0.165526496875 0.80078125 0.1752897 0.7970610125 0.1787762125 0.34877232083333337 0.175289353125 0.3469122041666666 0.16343403437499998 0.344122025 0.152973459375 0.344122025 0.140457153125 0.3459821416666667 0.1369339125 0.7979910708333333 0.14530271875 0.7998511916666666 0.15506592187499998 0.7998511916666666
5 0.19760559375 0.80078125 0.2122504 0.7998511916666666 0.21713200000000002 0.34877232083333337 0.205974053125 0.3469122041666666 0.192723990625 0.3459821416666667 0.18021719687499999 0.3469122041666666 0.17668444375 0.7952008916666667 0.18644764687499998 0.80078125 0.19760559375 0.80078125
5 0.235263665625 0.80078125 0.23875052187499998 0.3989955375 0.21788460937499998 0.3999255958333333 0.21643462812499997 0.4008556541666667 0.211553028125 0.80078125 0.235263665625 0.80078125
5 0.26176378749999996 0.3999255958333333 0.2402060375 0.4008556541666667 0.2359610375 0.8026413708333333 0.25827693125 0.8045014875 0.26176378749999996 0.3999255958333333
5 0.33707993125 0.7979910708333333 0.28965865625 0.383184525 0.27020045625 0.3859747041666666 0.27013224999999996 0.3887648791666667 0.31964563749999997 0.8017113083333334 0.33707993125 0.7979910708333333
5 0.363580053125 0.7952008916666667 0.31685615 0.3515625 0.29182434062499996 0.35435267916666663 0.2910534 0.3562127958333334 0.337777303125 0.8017113083333334 0.363580053125 0.7952008916666667
5 0.38310646249999997 0.8026413708333333 0.39217229374999996 0.7970610125 0.34754050625 0.3497023791666667 0.31972612499999997 0.3534226208333333 0.3670669125 0.8026413708333333 0.37194851562500003 0.8026413708333333 0.38310646249999997 0.8026413708333333
5 0.37194851562500003 0.2976190458333334 0.344837734375 0.2994791666666667 0.39496178125000003 0.8138020833333334 0.422159275 0.8091517874999999 0.37194851562500003 0.2976190458333334
5 0.403330240625 0.2985491083333333 0.37831987499999997 0.300409225 0.425646134375 0.812872025 0.45284363125000004 0.8091517874999999 0.403330240625 0.2985491083333333
5 0.436106709375 0.2966889875 0.409011840625 0.2976190458333334 0.4563304875 0.812872025 0.48352798437500005 0.8072916666666666 0.436106709375 0.2966889875
5 0.513514965625 0.8072916666666666 0.468883178125 0.2966889875 0.4417964375 0.2994791666666667 0.440290940625 0.2994791666666667 0.48701484375000004 0.8119419625000001 0.513514965625 0.8072916666666666
5 0.523975540625 0.3534226208333333 0.49480983125 0.3534226208333333 0.51839656875 0.8100818458333333 0.54977829375 0.8054315458333333 0.523975540625 0.3534226208333333
5 0.5748836749999999 0.3534226208333333 0.5457305906250001 0.3552827375 0.55256778125 0.8072916666666666 0.581857390625 0.8063616083333333 0.5748836749999999 0.3534226208333333
5 0.6027785406249999 0.788690475 0.59719956875 0.4473586291666667 0.579212734375 0.44921875 0.575581046875 0.44921875 0.583252134375 0.7896205374999999 0.6027785406249999 0.788690475
5 0.633462896875 0.7989211291666667 0.630673409375 0.44642857083333337 0.603626796875 0.4454985125 0.602081171875 0.4454985125 0.6069627718749999 0.7979910708333333 0.633462896875 0.7989211291666667
5 0.67321308125 0.8054315458333333 0.671120965625 0.3841145833333333 0.6481077 0.3859747041666666 0.637647125 0.3850446416666667 0.637647125 0.3915550583333333 0.641133984375 0.8054315458333333 0.67321308125 0.8054315458333333
5 0.710871153125 0.808221725 0.709476409375 0.3859747041666666 0.676868984375 0.3850446416666667 0.67600256875 0.3841145833333333 0.676699940625 0.8072916666666666 0.710871153125 0.808221725
5 0.725515959375 0.8017113083333334 0.732489675 0.7979910708333333 0.732489675 0.359002975 0.7248185875 0.3562127958333334 0.7152339375000001 0.3580729166666667 0.71296326875 0.3571428583333333 0.713660640625 0.80078125 0.725515959375 0.8017113083333334
5 0.7568976843749999 0.7998511916666666 0.7582924281250001 0.359002975 0.74732099375 0.3571428583333333 0.737371278125 0.3580729166666667 0.735976534375 0.80078125 0.7568976843749999 0.7998511916666666
5 0.789674153125 0.8017113083333334 0.7910688968749999 0.3664434541666666 0.7626669749999999 0.3664434541666666 0.761779284375 0.3645833333333333 0.7589897999999999 0.80078125 0.789674153125 0.8017113083333334
5 0.823845365625 0.80078125 0.825240109375 0.3673735125 0.79754420625 0.3655133916666667 0.795950496875 0.3645833333333333 0.7931610124999999 0.80078125 0.823845365625 0.80078125
5 0.86010869375 0.3534226208333333 0.843582153125 0.3534226208333333 0.8377928000000001 0.8110119041666667 0.8552270906249999 0.8110119041666667 0.86010869375 0.3534226208333333