5 0.117309225 0.2506443125 0.0950816875 0.24680397916666666 0.09333584687499999 0.7810691291666667 0.117309225 0.7822530666666666 0.117309225 0.2506443125
5 0.127076171875 0.7727812249999999 0.15172231249999998 0.7741477291666666 0.150161678125 0.25419625416666664 0.12796410625000001 0.25419625416666664 0.127076171875 0.7727812249999999
5 0.16734731249999998 0.2611268958333333 0.15371334375 0.2613001583333333 0.151937540625 0.7763331250000001 0.16614396874999998 0.7798851083333334 0.16734731249999998 0.2611268958333333
5 0.165256096875 0.78580505 0.201527 0.7884706458333334 0.199884353125 0.212756825 0.1670319 0.21157284583333333 0.165256096875 0.78580505
5 0.2362884125 0.212756825 0.2025480875 0.21157284583333333 0.200772225 0.7893569500000001 0.2362884125 0.79409295 0.2362884125 0.212756825
5 0.24694329375000001 0.7893569500000001 0.27574575 0.7910748125 0.27269253125000004 0.22696462916666665 0.24250375625 0.22696462916666665 0.24694329375000001 0.7893569500000001
5 0.32262075 0.23508522916666666 0.280683678125 0.23406852916666668 0.280683678125 0.7917249125 0.3197514125 0.7952768916666667 0.32262075 0.23508522916666666
5 0.32330307812500003 0.7929089291666667 0.3607066875 0.7962831458333334 0.362370875 0.23762049166666666 0.325078884375 0.23762049166666666 0.32330307812500003 0.7929089291666667
5 0.44494594374999996 0.22696462916666665 0.367542625 0.22336647916666666 0.36148294375 0.8035647916666666 0.433403190625 0.8059327541666667 0.44494594374999996 0.22696462916666665
5 0.43784272812499997 0.8106686750000001 0.504435509375 0.8165886166666667 0.518642053125 0.22696462916666665 0.44760967812499997 0.2234126875 0.43784272812499997 0.8106686750000001
5 0.53728808125 0.12514202083333334 0.5247691875 0.12440814583333333 0.5053235 0.8390842833333333 0.5177541812500001 0.8390842833333333 0.53728808125 0.12514202083333334
5 0.550606634375 0.12514202083333334 0.538175953125 0.12514202083333334 0.519529925 0.8390842833333333 0.5301847468750001 0.8402683041666666 0.550606634375 0.12514202083333334
5 0.5359560937500001 0.8414522333333333 0.550426425 0.8405539708333334 0.56658880625 0.12632600416666667 0.551938384375 0.12514201249999998 0.5359560937500001 0.8414522333333333
5 0.584346959375 0.12750998333333333 0.5683646687499999 0.12514202083333334 0.550606634375 0.8438202041666667 0.56658880625 0.845004225 0.584346959375 0.12750998333333333
5 0.5674767968750001 0.845004225 0.58043325 0.8457623125 0.5985533875 0.12632600416666667 0.586122703125 0.12632600416666667 0.5674767968750001 0.845004225
5 0.6155895 0.12571022916666666 0.601217121875 0.12395802083333333 0.582571096875 0.8473721833333333 0.5950017812499999 0.8473721833333333 0.6155895 0.12571022916666666
5 0.64916399375 0.12750998333333333 0.6171994125 0.12632600416666667 0.599441378125 0.8461882458333334 0.6296300968749999 0.8473721833333333 0.64916399375 0.12750998333333333
5 0.634069575 0.8485562041666667 0.6624645 0.8483664791666666 0.68290431875 0.12987794583333334 0.65182773125 0.1286939625 0.634069575 0.8485562041666667
5 0.73973026875 0.22578064583333332 0.68734391875 0.22459666666666667 0.6704736375 0.8379003416666666 0.718420509375 0.8414522416666668 0.73973026875 0.22578064583333332
5 0.7272995843750001 0.8260604583333334 0.7552379375 0.8249289791666666 0.768143125 0.22578064583333332 0.742393884375 0.22578064583333332 0.7272995843750001 0.8260604583333334
5 0.8021129374999999 0.22727272916666666 0.77524645625 0.22578064583333332 0.755712559375 0.8307963791666667 0.7850134062499999 0.8296124416666667 0.8021129374999999 0.22727272916666666
5 0.7867891499999999 0.8343483625 0.8392223124999999 0.8353456458333334 0.862261003125 0.21512478333333332 0.8072109187500001 0.21630876666666668 0.7867891499999999 0.8343483625
5 0.9212535624999999 0.21294981249999997 0.864036865625 0.21394080416666666 0.8462787125 0.8331644208333333 0.8986650624999999 0.8355323833333334 0.9212535624999999 0.21294981249999997