0 0.059467678125 0.15748569166666665 0.015568093750000001 0.15423387083333334 0.044021528125 0.9270833333333334 0.07735269375 0.9249154541666668 0.059467678125 0.15748569166666665
0 0.07653973750000001 0.9259993916666667 0.097676575 0.9259993916666667 0.0919858875 0.15423387083333334 0.056215856249999994 0.15531781249999999 0.07653973750000001 0.9259993916666667
0 0.139137290625 0.16724115416666668 0.10092839375 0.15640175 0.098489528125 0.9368387958333333 0.1423891125 0.9400906166666666 0.139137290625 0.16724115416666668
0 0.1383243375 0.9303351541666667 0.18059800937499998 0.9411745583333333 0.187101653125 0.17808055833333333 0.14157615625 0.17157691666666666 0.1383243375 0.9303351541666667
0 0.24563443125 0.2463688 0.1846627875 0.23552939583333332 0.1789721 0.9444263791666666 0.232627146875 0.9541818416666668 0.24563443125 0.2463688
0 0.23750487812499999 0.9465942583333333 0.282217415625 0.9530978999999999 0.2968506125 0.28864247499999995 0.2407567 0.28322277083333336 0.23750487812499999 0.9465942583333333
0 0.333433596875 0.1943396625 0.3009153875 0.18675208333333335 0.2814044625 0.9520139625 0.318800403125 0.9541818416666668 0.333433596875 0.1943396625
0 0.31554858124999996 0.9574336625 0.36188703125 0.9596015416666667 0.38871455625 0.15423387083333334 0.33912428437500003 0.15206599166666665 0.31554858124999996 0.9574336625
0 0.4326141375 0.2723833666666666 0.38708864374999996 0.25504032083333333 0.36188703125 0.9628533666666667 0.40334775 0.9693570083333333 0.4326141375 0.2723833666666666
0 0.533420590625 0.16832509583333335 0.48383031875000004 0.15965357083333334 0.47407485625 0.27780307083333333 0.44155664687499996 0.9704409458333333 0.40172184062499994 0.9661051875 0.44887324375000004 0.9726088291666667 0.49602465 0.9661051875 0.533420590625 0.16832509583333335
0 0.49439873749999996 0.9769445875 0.53992423125 0.9780285291666666 0.58138495 0.17591267916666667 0.533420590625 0.17049297500000002 0.49439873749999996 0.9769445875
0 0.615529071875 0.2983979375 0.579759040625 0.28647459166666667 0.546427875 0.98128035 0.5830108625 0.9856161125 0.615529071875 0.2983979375
0 0.58219790625 0.98128035 0.619593846875 0.9856161125 0.6683711625 0.14773022916666667 0.635039996875 0.14447840833333334 0.58219790625 0.98128035
0 0.7041411937500001 0.15206599166666665 0.666745253125 0.15206599166666665 0.6220327125 0.9910358125 0.650486146875 0.9942876333333334 0.7041411937500001 0.15206599166666665
0 0.660241609375 0.9769445875 0.7041411937500001 0.9856161125 0.762673971875 0.19000390416666668 0.71389665625 0.1878360208333333 0.660241609375 0.9769445875
0 0.84153063125 0.19217178333333335 0.762673971875 0.18566814166666665 0.7147096125 0.9942876333333334 0.774055346875 0.9899518749999999 0.84153063125 0.19217178333333335
0 0.7748683 0.9921197541666668 0.843969496875 0.9964555166666667 0.91388365 0.19759148333333335 0.839091765625 0.1943396625 0.7748683 0.9921197541666668
0 0.972416428125 0.33850372916666666 0.9057540968750001 0.33416796666666665 0.84148185625 0.9996639791666666 0.90070564375 0.9996639791666666 0.972416428125 0.33850372916666666
0 0.97079051875 0.3374197875 0.902502275 0.9932036958333333 0.958165321875 0.9996639791666666 0.999747984375 0.6236559125 0.999747984375 0.3373655916666667 0.97079051875 0.3374197875