0 0.12613000937500002 0.7157149666666667 0.15702230625 0.7157149666666667 0.040769706249999996 0.0013982833333333333 0.000934896875 0.0013982833333333333 0 0.047379033333333334 0.0245106 0.1878360208333333 0.12613000937500002 0.7157149666666667
0 0.097676575 0.046923779166666665 0.0456474375 0.040420137499999995 0.156209353125 0.7167989083333333 0.186288696875 0.7167989083333333 0.097676575 0.046923779166666665
0 0.18791460625 0.7167989083333333 0.221245771875 0.7189667875 0.151331621875 0.0501756 0.100115440625 0.04909165833333333 0.18791460625 0.7167989083333333
0 0.217993953125 0.24962062083333333 0.181410965625 0.25504032083333333 0.226123503125 0.7200507291666667 0.251325115625 0.7178828458333334 0.217993953125 0.24962062083333333
0 0.24969920625 0.714631025 0.271649 0.7178828458333334 0.241569653125 0.07835804583333333 0.20336075625 0.07619016666666667 0.24969920625 0.714631025
0 0.28628219375 0.08377775000000001 0.24400851875 0.08377775000000001 0.278965596875 0.7254704291666666 0.30579311875 0.7211346666666666 0.28628219375 0.08377775000000001
0 0.287095146875 0.08919745 0.302541296875 0.7167989083333333 0.32530404687500003 0.72330255 0.329368821875 0.7200507291666667 0.333433596875 0.09028139166666667 0.287095146875 0.08919745
0 0.37326840625 0.103288675 0.33262064375 0.09678503333333334 0.329368821875 0.7211346666666666 0.3570093 0.7189667875 0.37326840625 0.103288675
0 0.360261121875 0.714631025 0.3976570625 0.7124631458333333 0.42611049687499997 0.17699661666666666 0.37570727187499997 0.1791645 0.360261121875 0.714631025
0 0.4748878125 0.18133237916666667 0.42936231874999997 0.18133237916666667 0.400095928125 0.714631025 0.43505300625 0.7092113250000001 0.4748878125 0.18133237916666667
0 0.512283753125 0.15965357083333334 0.47570076875 0.15098205 0.438304825 0.7048755624999999 0.45862870625 0.7059595041666668 0.512283753125 0.15965357083333334
0 0.46025461874999996 0.7037916249999999 0.487082140625 0.7092113250000001 0.5561833375 0.19325572500000002 0.515535575 0.18675208333333335 0.46025461874999996 0.7037916249999999
0 0.595205190625 0.20734694583333332 0.5569962937499999 0.19975936666666666 0.49195987187499995 0.7124631458333333 0.5212262625 0.7167989083333333 0.595205190625 0.20734694583333332
0 0.5196003499999999 0.7135470875000001 0.5521185625 0.7157149666666667 0.6626804749999999 0.10979231666666665 0.61715498125 0.09678503333333334 0.5196003499999999 0.7135470875000001
0 0.707393015625 0.1130441375 0.6626804749999999 0.11412807916666666 0.5561833375 0.7243864916666667 0.5870756375 0.7211346666666666 0.707393015625 0.1130441375
0 0.589514503125 0.7167989083333333 0.619593846875 0.72330255 0.724465075 0.24311697916666666 0.6838173125 0.23661333750000002 0.589514503125 0.7167989083333333
0 0.7716164812499999 0.2572082041666667 0.7260909843750001 0.25937608333333334 0.61878089375 0.7254704291666666 0.65211205625 0.7276383125 0.7716164812499999 0.2572082041666667
0 0.655363878125 0.7276383125 0.666745253125 0.7276383125 0.7960051375 0.27021548749999996 0.778120121875 0.25829214166666664 0.655363878125 0.7276383125
0 0.834214034375 0.2691315458333333 0.79681809375 0.27129942916666666 0.66918411875 0.7298061916666666 0.69845050625 0.7243864916666667 0.834214034375 0.2691315458333333
0 0.700889371875 0.72330255 0.72934280625 0.7254704291666666 0.876487709375 0.2756351875 0.834214034375 0.27021548749999996 0.700889371875 0.72330255
0 0.926890934375 0.2517885 0.8878690812500001 0.2507045625 0.73503349375 0.7243864916666667 0.7634869281250001 0.7222186083333334 0.926890934375 0.2517885
0 0.76673875 0.7243864916666667 0.78137194375 0.7243864916666667 0.9959921312500001 0.16832509583333335 0.9634739218749999 0.16724115416666668 0.76673875 0.7243864916666667
0 0.997618040625 0.17591267916666667 0.78137194375 0.7308901333333334 0.808199465625 0.72872225 0.999747984375 0.2392473125 0.997618040625 0.17591267916666667
0 0.81226424375 0.7308901333333334 0.8285233468750001 0.7308901333333334 0.9968050843749999 0.32441250416666667 0.9992439531249999 0.2463688 0.81226424375 0.7308901333333334
0 0.9911144000000001 0.3211606833333333 0.830149259375 0.7265543708333334 0.8480342750000001 0.72872225 0.997618040625 0.37969346249999997 0.9911144000000001 0.3211606833333333