0 0.06190654375 0.15965357083333334 0.028575378125000002 0.15748569166666665 0.033453109375 0.9357548541666667 0.07166200625 0.9325030333333333 0.06190654375 0.15965357083333334
0 0.093611796875 0.069686525 0.0554029 0.06751864583333332 0.07653973750000001 0.939006675 0.105806125 0.9357548541666667 0.093611796875 0.069686525
0 0.12775591875 0.0740222875 0.087921109375 0.07619016666666667 0.10499317187499999 0.939006675 0.1383243375 0.9379227375 0.12775591875 0.0740222875
0 0.15864821875 0.058847120833333336 0.12125227499999999 0.058847120833333336 0.13751138125 0.9411745583333333 0.16840368125 0.9368387958333333 0.15864821875 0.058847120833333336
0 0.21474213125000002 0.02090920833333333 0.161087084375 0.016573445833333332 0.16840368125 0.9400906166666666 0.22531055000000003 0.9400906166666666 0.21474213125000002 0.02090920833333333
0 0.272461953125 0.023077091666666667 0.21555508437499998 0.02524497083333333 0.227749415625 0.9379227375 0.2814044625 0.9303351541666667 0.272461953125 0.023077091666666667
0 0.369203628125 0.0740222875 0.287095146875 0.07077046666666667 0.28465628125000003 0.9346709166666667 0.37164249374999997 0.9368387958333333 0.369203628125 0.0740222875
0 0.461880528125 0.08052592916666666 0.37164249374999997 0.07185440416666666 0.37489431562500003 0.9422585 0.45781575312499995 0.9411745583333333 0.461880528125 0.08052592916666666
0 0.53179468125 0.0740222875 0.46431939375000003 0.07727410833333333 0.45456393124999994 0.9455103208333333 0.52691695 0.9433424375 0.53179468125 0.0740222875
0 0.5716294875 0.17808055833333333 0.5350465 0.1802484375 0.528542859375 0.9530978999999999 0.57244244375 0.9498460791666666 0.5716294875 0.17808055833333333
0 0.6025217875 0.1824163208333333 0.568377665625 0.1824163208333333 0.569190621875 0.9487621416666666 0.61146429375 0.9444263791666666 0.6025217875 0.1824163208333333
0 0.64804728125 0.18133237916666667 0.610651340625 0.1878360208333333 0.61146429375 0.9498460791666666 0.65373796875 0.9444263791666666 0.64804728125 0.18133237916666667
0 0.68300435625 0.1824163208333333 0.650486146875 0.18350025833333333 0.661054565625 0.9541818416666668 0.693572775 0.9444263791666666 0.68300435625 0.1824163208333333
0 0.7472278218749999 0.005734045833333334 0.690320953125 0.0035661624999999996 0.6976375531250001 0.9444263791666666 0.742350090625 0.9422585 0.7472278218749999 0.005734045833333334
0 0.8057605999999999 0.005734045833333334 0.7496666875 0.0035661624999999996 0.742350090625 0.9455103208333333 0.8000699156250001 0.9444263791666666 0.8057605999999999 0.005734045833333334
0 0.850473140625 0.15314992916666667 0.7976310468750001 0.14989810833333334 0.8049476468749999 0.9476782 0.8618545125000001 0.9487621416666666 0.850473140625 0.15314992916666667
0 0.9041281874999999 0.16507327500000002 0.849660184375 0.16073751249999998 0.859415646875 0.9476782 0.920387290625 0.9411745583333333 0.9041281874999999 0.16507327500000002
0 0.9439629937499999 0.18566814166666665 0.902502275 0.16615721666666666 0.9220132031249999 0.9465942583333333 0.983797803125 0.9476782 0.9439629937499999 0.18566814166666665