0 0.05458994375 0.08269380833333333 0.01394218125 0.08052592916666666 0.079791559375 0.8978169458333334 0.12125227499999999 0.8934811833333334 0.05458994375 0.08269380833333333
0 0.115561590625 0.24203303750000002 0.06597131875 0.23769727916666666 0.12043932187499999 0.9010687666666667 0.15702230625 0.9043205875000001 0.115561590625 0.24203303750000002
0 0.13751138125 0.004650104166666667 0.10905794687499999 0.002482225 0.159461171875 0.905404525 0.182223921875 0.9086563458333334 0.13751138125 0.004650104166666667
0 0.17246845625 0.00031434166666666663 0.136698425 0.0013982833333333333 0.18059800937499998 0.9086563458333334 0.205799621875 0.9064884666666667 0.17246845625 0.00031434166666666663
0 0.23994374375 0.24203303750000002 0.1789721 0.23661333750000002 0.20823848749999999 0.9075724083333333 0.25620285 0.9129921083333333 0.23994374375 0.24203303750000002
0 0.27652673125 0.14014264583333333 0.23669192187500002 0.13797476666666667 0.25945466875 0.9151599874999999 0.292785834375 0.9162439291666666 0.27652673125 0.14014264583333333
0 0.318800403125 0.14881417083333334 0.277339684375 0.1433944666666667 0.29603765625 0.9162439291666666 0.329368821875 0.9184118125 0.318800403125 0.14881417083333334
0 0.3667647625 0.12496748333333334 0.324491090625 0.1217156625 0.328555865625 0.91949575 0.35619634375000003 0.9205796916666666 0.3667647625 0.12496748333333334
0 0.40253479375 0.131471125 0.3626999875 0.12821930416666666 0.35782225625 0.9238315125 0.38871455625 0.9216636333333333 0.40253479375 0.131471125
0 0.450499153125 0.12063172083333333 0.40253479375 0.11196019583333333 0.39277933125 0.9227475708333334 0.43017527187500004 0.9249154541666668 0.450499153125 0.12063172083333333
0 0.5057801125 0.033916491666666666 0.45212506562500004 0.033916491666666666 0.431801184375 0.9216636333333333 0.4635064375 0.9292512125 0.5057801125 0.033916491666666666
0 0.5350465 0.2767191291666667 0.48952100625000006 0.2767191291666667 0.469197125 0.9325030333333333 0.49927646875000004 0.9325030333333333 0.5350465 0.2767191291666667
0 0.569190621875 0.2517885 0.537485365625 0.2463688 0.50090238125 0.9379227375 0.5252910375 0.9368387958333333 0.569190621875 0.2517885
0 0.600082921875 0.2517885 0.564312890625 0.24962062083333333 0.5261039937499999 0.9346709166666667 0.5521185625 0.9292512125 0.600082921875 0.2517885
0 0.65211205625 0.29297823333333334 0.5976440562499999 0.28322277083333336 0.5513056062499999 0.9400906166666666 0.60739951875 0.9400906166666666 0.65211205625 0.29297823333333334
0 0.705767103125 0.13580688333333332 0.671622984375 0.13472294583333333 0.609025428125 0.9422585 0.634227040625 0.9433424375 0.705767103125 0.13580688333333332
0 0.743163046875 0.13905870833333334 0.705767103125 0.1325550625 0.6277234 0.9444263791666666 0.666745253125 0.9498460791666666 0.743163046875 0.13905870833333334
0 0.783810809375 0.14447840833333334 0.748040778125 0.14231052916666667 0.6683711625 0.9520139625 0.691133909375 0.9509300208333333 0.783810809375 0.14447840833333334
0 0.82771039375 0.28864247499999995 0.767551703125 0.2951461166666667 0.6951986875 0.9520139625 0.75047964375 0.9574336625 0.82771039375 0.28864247499999995
0 0.8423435874999999 0.3666861791666667 0.81632901875 0.36451829583333334 0.7529185093749999 0.9606854833333334 0.76999056875 0.9596015416666667 0.8423435874999999 0.3666861791666667
0 0.9008763656250001 0.2030111875 0.85697678125 0.2030111875 0.773242390625 0.961769425 0.803321734375 0.9671891250000001 0.9008763656250001 0.2030111875
0 0.9390852625000001 0.2084308875 0.8992504562500001 0.204095125 0.799256959375 0.9671891250000001 0.835839946875 0.9650212458333333 0.9390852625000001 0.2084308875
0 0.9968050843749999 0.1433944666666667 0.9602221 0.13797476666666667 0.832588125 0.9650212458333333 0.8748617968750001 0.9693570083333333 0.9968050843749999 0.1433944666666667
0 0.9919273531250001 0.1791645 0.881365440625 0.9704409458333333 0.9431500406250001 0.9736927666666666 0.999747984375 0.5836693541666667 0.9919273531250001 0.1791645