0 0.32692995625 0.18675208333333335 0.30172834375 0.16507327500000002 0.0017478531249999999 0.8056820166666667 0.00581263125 0.8891454208333334 0.32692995625 0.18675208333333335
0 0.007438540624999999 0.8826417791666666 0.031014243749999997 0.9075724083333333 0.352944525 0.18133237916666667 0.33668541875 0.16615721666666666 0.007438540624999999 0.8826417791666666
0 0.3879016 0.1791645 0.36188703125 0.15640175 0.049712212500000005 0.8750541958333333 0.0806045125 0.894565125 0.3879016 0.1791645
0 0.09279884375 0.8728863166666667 0.1171875 0.8826417791666666 0.3822109125 0.23010969583333332 0.36188703125 0.21927029166666667 0.09279884375 0.8728863166666667
0 0.452938021875 0.15206599166666665 0.4244845875 0.1227996 0.135072515625 0.8696344958333333 0.16840368125 0.8848096583333334 0.452938021875 0.15206599166666665
0 0.181410965625 0.8707184375 0.2098644 0.8880614791666667 0.49521169374999996 0.14773022916666667 0.462693484375 0.12388354166666667 0.181410965625 0.8707184375
0 0.584636771875 0.062098941666666664 0.5350465 0.030664670833333334 0.229375325 0.85771115 0.278152640625 0.8826417791666666 0.584636771875 0.062098941666666664
0 0.302541296875 0.85229145 0.34237610625000003 0.8793899583333334 0.64316955 0.06860258333333333 0.598457009375 0.03933619583333334 0.302541296875 0.85229145
0 0.696824596875 0.0794419875 0.649673190625 0.04800771666666667 0.35944816562500004 0.8403681041666666 0.40172184062499994 0.8620469125 0.696824596875 0.0794419875
0 0.40741252499999997 0.8360323458333333 0.431801184375 0.8598790333333334 0.7228391656250001 0.08377775000000001 0.701702328125 0.06751864583333332 0.40741252499999997 0.8360323458333333
0 0.76673875 0.12496748333333334 0.7204003 0.09461715416666668 0.43911778124999995 0.8284447625 0.4748878125 0.85229145 0.76673875 0.12496748333333334
0 0.8187678843749999 0.11954777916666666 0.777307165625 0.09678503333333334 0.49195987187499995 0.8306126416666667 0.52691695 0.8555432708333334 0.8187678843749999 0.11954777916666666
0 0.537485365625 0.8447038666666666 0.557809246875 0.8566272125 0.8480342750000001 0.11846384166666667 0.823645615625 0.1130441375 0.537485365625 0.8447038666666666
0 0.8716099749999999 0.11846384166666667 0.8577897374999999 0.10979231666666665 0.565125846875 0.8544593291666666 0.578946084375 0.8685505541666667 0.8716099749999999 0.11846384166666667
0 0.85128609375 0.18675208333333335 0.5968311 0.8284447625 0.639917728125 0.8620469125 0.64804728125 0.8631308541666667 0.9041281874999999 0.2225221125 0.85128609375 0.18675208333333335
0 0.979733025 0.21927029166666667 0.9236391125000001 0.18675208333333335 0.6756877593749999 0.832780525 0.71958734375 0.8685505541666667 0.979733025 0.21927029166666667
0 0.9959921312500001 0.2030111875 0.7342205374999999 0.8490396291666666 0.7496666875 0.8631308541666667 0.9992439531249999 0.24745274166666667 0.999747984375 0.23655914166666667 0.9959921312500001 0.2030111875
0 0.764299884375 0.8544593291666666 0.782997853125 0.871802375 0.999747984375 0.3397177416666667 0.995179175 0.27129942916666666 0.764299884375 0.8544593291666666
0 0.792753315625 0.8512075083333334 0.814703109375 0.8620469125 0.9992439531249999 0.34175555 0.792753315625 0.8512075083333334
0 0.8334010781250001 0.8479556875 0.8577897374999999 0.8598790333333334 0.999747984375 0.5164650541666667 0.999747984375 0.4032258083333333 0.8334010781250001 0.8479556875