6 0.052151562500000005 0.00681875 0.0033734374999999997 0.00681875 0.0188203125 0.8956484375 0.0708484375 0.8967328125 0.052151562500000005 0.00681875
6 0.11068437499999999 0.00465 0.0529640625 0.0079015625 0.07166249999999999 0.8989015625000001 0.1188140625 0.8989015625000001 0.11068437499999999 0.00465
6 0.1700296875 0.892396875 0.16515156250000002 0.018740625 0.1545828125 0.0122375 0.11312343750000001 0.010070312500000001 0.11312343750000001 0.8978171875 0.1700296875 0.892396875
6 0.222059375 0.1553171875 0.166778125 0.159653125 0.16840312500000001 0.89348125 0.2285625 0.8956484375 0.222059375 0.1553171875
6 0.2708359375 0.0317484375 0.23018906249999999 0.0306640625 0.222871875 0.8999843750000001 0.2765265625 0.8967328125 0.2708359375 0.0317484375
6 0.3139234375 0.02199375 0.27571406249999997 0.02199375 0.268396875 0.9064890625 0.32530468749999997 0.9021531250000001 0.3139234375 0.02199375
6 0.346440625 0.139059375 0.3155484375 0.139059375 0.32530468749999997 0.8967328125 0.35700937499999996 0.8978171875 0.346440625 0.139059375
6 0.3700171875 0.136890625 0.3440015625 0.14014218750000002 0.3496921875 0.89348125 0.3830234375 0.8891453125 0.3700171875 0.136890625
6 0.3992828125 0.14339375000000001 0.3724546875 0.14231093749999998 0.3822109375 0.8956484375 0.4106640625 0.8902296875 0.3992828125 0.14339375000000001
6 0.4269234375 0.146646875 0.39603125 0.1488140625 0.40578593749999997 0.8913140625 0.44155625 0.89348125 0.4269234375 0.146646875
6 0.45375156250000004 0.14231093749999998 0.4318015625 0.1412265625 0.4431828125 0.8999843750000001 0.46757187499999997 0.8989015625000001 0.45375156250000004 0.14231093749999998
6 0.49927656249999997 0.0772734375 0.45537656249999997 0.07510625 0.46757187499999997 0.8956484375 0.5082187499999999 0.8913140625 0.49927656249999997 0.0772734375
6 0.5326078125 0.076190625 0.4968375 0.076190625 0.5106578125000001 0.8913140625 0.5496796875000001 0.892396875 0.5326078125 0.076190625
6 0.5732546875 0.07510625 0.5317953125 0.0783578125 0.5496796875000001 0.8999843750000001 0.5862625 0.8978171875 0.5732546875 0.07510625
6 0.6057734375 0.0783578125 0.57569375 0.076190625 0.5895140624999999 0.8967328125 0.626096875 0.892396875 0.6057734375 0.0783578125
6 0.648046875 0.07944218750000001 0.6122765625000001 0.08377812500000001 0.6228453125 0.8967328125 0.659428125 0.8978171875 0.648046875 0.07944218750000001
6 0.6878828125 0.09028125000000001 0.6447953125 0.0848609375 0.6569890625 0.8956484375 0.703328125 0.892396875 0.6878828125 0.09028125000000001
6 0.7236515625 0.0848609375 0.6911343750000001 0.0848609375 0.7049546875 0.892396875 0.7399109375 0.8913140625 0.7236515625 0.0848609375
6 0.758609375 0.1759125 0.7293421875 0.1715765625 0.7415375 0.894565625 0.7781203125 0.8913140625 0.758609375 0.1759125
6 0.79925625 0.17808125 0.7667390625 0.1835 0.77649375 0.8869781250000001 0.8073859375 0.8902296875 0.79925625 0.17808125
6 0.8399046875 0.1835 0.803321875 0.1813328125 0.8179546875 0.8891453125 0.8512859374999999 0.8858937499999999 0.8399046875 0.1835
6 0.89925 0.068603125 0.8390921875 0.06751875 0.8529125000000001 0.8880609375 0.90900625 0.8869781250000001 0.89925 0.068603125
6 0.9374593750000001 0.098953125 0.9057546875 0.1032890625 0.9122578125 0.8913140625 0.9407109374999999 0.8891453125 0.9374593750000001 0.098953125
6 0.971603125 0.1000375 0.9423375 0.098953125 0.9455890625000001 0.89348125 0.9724171875 0.8869781250000001 0.971603125 0.1000375
6 0.9997484375000001 0.0336015625 0.9748546875 0.0339171875 0.9789203125 0.894565625 0.99843125 0.8891453125 0.9997484375000001 0.0336015625