5 0.09333584687499999 0.31813139166666665 0.035511375 0.3184185625 0.07380195 0.8544760666666666 0.123524565625 0.8438202041666667 0.09333584687499999 0.31813139166666665
5 0.124412496875 0.853292125 0.17320668749999998 0.8483664791666666 0.146610071875 0.3169474125 0.0906721125 0.3169474125 0.124412496875 0.853292125
5 0.203480125 0.3301373125 0.14927380625 0.33115521666666664 0.175910915625 0.853292125 0.2238577875 0.853292125 0.203480125 0.3301373125
5 0.22829726875 0.8521081041666666 0.2786754375 0.8496685625 0.262925584375 0.32878725416666665 0.20876336874999998 0.32878725416666665 0.22829726875 0.8521081041666666
5 0.27801994375 0.8521081041666666 0.3314098125 0.8470643958333334 0.325078884375 0.3240512916666667 0.270916728125 0.3228673125 0.27801994375 0.8521081041666666
5 0.3841441875 0.3210227291666667 0.3268546875 0.32049935416666664 0.335733703125 0.8497401458333333 0.38634425 0.8485562041666667 0.3841441875 0.3210227291666667
5 0.38723218125000003 0.8473721833333333 0.4212535625 0.8483664791666666 0.425412046875 0.3323391958333334 0.38812005312500003 0.33115521666666664 0.38723218125000003 0.8473721833333333
5 0.465198875 0.3301373125 0.426299978125 0.32878725416666665 0.42274837187500003 0.8497401458333333 0.45471289062500003 0.8509241666666667 0.465198875 0.3301373125
5 0.48312586562500004 0.3323391958333334 0.465367771875 0.33944311666666666 0.457376628125 0.8485562041666667 0.496448875 0.8483664791666666 0.509762978125 0.32997123333333334 0.49555655 0.32997123333333334 0.48312586562500004 0.3323391958333334
5 0.5364879375 0.3275331458333334 0.511538840625 0.327603275 0.49910815625 0.8497401458333333 0.518642053125 0.8497401458333333 0.5364879375 0.3275331458333334
5 0.5230815343749999 0.8497401458333333 0.5443004375 0.8470643958333334 0.5621493281250001 0.32641929166666667 0.539951696875 0.32641929166666667 0.5230815343749999 0.8497401458333333
5 0.6100962 0.28497982499999996 0.5687145 0.2858664791666667 0.543503303125 0.8497401458333333 0.584346959375 0.8544760666666666 0.6100962 0.28497982499999996
5 0.6614879375 0.2832623125 0.618975278125 0.28142788333333335 0.5887864406250001 0.8485562041666667 0.627854234375 0.8485562041666667 0.6614879375 0.2832623125
5 0.63051796875 0.8497401458333333 0.6624645 0.8483664791666666 0.696222875 0.3216833333333333 0.6633704218750001 0.31813139166666665 0.63051796875 0.8497401458333333
5 0.7281874562499999 0.31931537083333333 0.6979987375000001 0.31931537083333333 0.6660341562500001 0.8461882458333334 0.693559140625 0.8426362624999999 0.7281874562499999 0.31931537083333333
5 0.785901278125 0.260116175 0.7396129375 0.2572206458333333 0.69444713125 0.8367163208333334 0.740618140625 0.8379003416666666 0.785901278125 0.260116175
5 0.74683348125 0.8355323833333334 0.789417625 0.8340435625 0.838287628125 0.2553802375 0.791228628125 0.25419625416666664 0.74683348125 0.8355323833333334
5 0.9261363749999999 0.24810606249999997 0.843614978125 0.2423564125 0.791228628125 0.8319804000000001 0.858709396875 0.8343483625 0.9261363749999999 0.24810606249999997