5 0.1930454375 0.3081597208333333 0.132128396875 0.3070746541666667 0.11738060937499999 0.9092881958333333 0.17840063125 0.908203125 0.1930454375 0.3081597208333333
5 0.2605742625 0.31358507083333337 0.20211537812499997 0.3103298625 0.188977434375 0.908203125 0.24837025625 0.9049479166666666 0.2605742625 0.31358507083333337
5 0.28010066875 0.9049479166666666 0.291491071875 0.9038628458333334 0.298813475 0.37217882083333337 0.26789666562500003 0.37109375 0.263964334375 0.37109375 0.252438259375 0.9016927083333334 0.257319859375 0.9049479166666666 0.28010066875 0.9049479166666666
5 0.339493490625 0.3656684041666667 0.300585428125 0.3656684041666667 0.293118275 0.9168836791666667 0.33379828749999996 0.9157986124999999 0.339493490625 0.3656684041666667
5 0.38668230625 0.9092881958333333 0.4013271125 0.9071180541666667 0.40376791250000005 0.361328125 0.39644551250000004 0.3569878458333333 0.34371694062499997 0.3569878458333333 0.341120690625 0.9038628458333334 0.34600229374999997 0.9103732625000001 0.38668230625 0.9092881958333333
5 0.441193528125 0.9049479166666666 0.45339753125 0.9027777791666666 0.459906334375 0.36024305416666663 0.41451772187499997 0.3580729166666667 0.407022315625 0.9071180541666667 0.42085351875 0.908203125 0.441193528125 0.9049479166666666
5 0.50546795 0.361328125 0.46253204375 0.36024305416666663 0.455838334375 0.9071180541666667 0.50221355 0.9071180541666667 0.50546795 0.361328125
5 0.5616063718750001 0.2669270833333333 0.515429178125 0.2658420125 0.50465435 0.9223090291666666 0.55591116875 0.9223090291666666 0.5616063718750001 0.2669270833333333
5 0.6128631906249999 0.9212239583333334 0.616931190625 0.2690972208333333 0.56995391875 0.2680121541666667 0.560792771875 0.91796875 0.567301575 0.9223090291666666 0.6128631906249999 0.9212239583333334
5 0.68861983125 0.8962673624999999 0.68861983125 0.3884548625 0.61878204375 0.3884548625 0.613768603125 0.8995225708333333 0.647126215625 0.8973524291666667 0.68861983125 0.8962673624999999
5 0.734181446875 0.8951822916666666 0.75940305625 0.8951822916666666 0.7838110656249999 0.8951822916666666 0.79520146875 0.8962673624999999 0.79438786875 0.3884548625 0.7488262531250001 0.3884548625 0.698534646875 0.3873697916666667 0.698383034375 0.8962673624999999 0.7081462375 0.8962673624999999 0.734181446875 0.8951822916666666
5 0.8375086843749999 0.3569878458333333 0.810839334375 0.3569878458333333 0.814727875 0.9038628458333334 0.8423902875 0.9027777791666666 0.8375086843749999 0.3569878458333333
5 0.872493496875 0.36024305416666663 0.8448310875 0.3580729166666667 0.851339890625 0.9038628458333334 0.8798159 0.9027777791666666 0.872493496875 0.36024305416666663