4 0.8888187500000001 0.7828796875 0.8852890625000001 0.75699375 0.45071562500000006 0.8408734375 0.454284375 0.8675124999999999 0.8888187500000001 0.7828796875
4 0.8851609375 0.7545578125 0.8806328125 0.7303531249999999 0.44484843749999997 0.8118515625 0.448459375 0.8392953125 0.8851609375 0.7545578125
4 0.8826296875 0.7269890625000001 0.8789718750000001 0.6986656250000001 0.435346875 0.7756859375 0.44038125 0.8095671875000001 0.8826296875 0.7269890625000001
4 0.876678125 0.6963421875 0.8751875 0.6679046875 0.4283953125 0.746721875 0.435346875 0.7756859375 0.876678125 0.6963421875
4 0.8761421875 0.6654109375 0.8720171875 0.62815 0.46801562499999994 0.6941328125 0.47352343750000003 0.7370234375 0.8761421875 0.6654109375
4 0.8730156250000001 0.62646875 0.8674234375 0.5819515625 0.42770625000000007 0.6506203125 0.43554531250000006 0.696546875 0.8730156250000001 0.62646875
4 0.8715437500000001 0.5776625 0.8670781249999999 0.5339015625 0.4196046875 0.59971875 0.42869843750000003 0.648825 0.8715437500000001 0.5776625
4 0.8658234374999999 0.530709375 0.8621234375 0.5015734375 0.3586875 0.5776546875 0.36243125 0.607603125 0.8658234374999999 0.530709375
4 0.863184375 0.480334375 0.8626296874999999 0.469771875 0.85674375 0.46111874999999997 0.3856875 0.533059375 0.386984375 0.537065625 0.389875 0.5507640625 0.39151250000000004 0.56126875 0.3920171875 0.5708859375 0.8652890624999999 0.499778125 0.8660328125 0.4932203125 0.863184375 0.480334375
4 0.8557609375 0.40088125 0.851128125 0.395421875 0.376096875 0.45372031249999994 0.38825 0.5197437500000001 0.8563609375000001 0.45380624999999997 0.860396875 0.44789218750000004 0.8620953124999999 0.438840625 0.8618171875 0.41278437500000004 0.8557609375 0.40088125
4 0.3786671875 0.44055 0.38225 0.44671562500000006 0.86716875 0.39050625 0.867996875 0.385575 0.8693125 0.3692125 0.8656359374999999 0.3612578125 0.3764328125 0.41866875 0.3786671875 0.44055
4 0.866634375 0.359575 0.8696718750000001 0.3553421875 0.867609375 0.3367125 0.86301875 0.3320640625 0.3713515625 0.383903125 0.3772953125 0.414378125 0.866634375 0.359575
4 0.8711343749999999 0.3210484375 0.8704953124999999 0.3088609375 0.8699 0.29748593749999996 0.86805 0.28291875 0.864628125 0.2798390625 0.39849843749999997 0.3213765625 0.3989671875 0.3303140625 0.40215625 0.3497 0.40513281250000005 0.3650234375 0.401384375 0.37644375 0.8681812499999999 0.32690625 0.8711343749999999 0.3210484375
4 0.8612875000000001 0.23683281250000002 0.8587796875 0.230446875 0.38710468750000004 0.26983125 0.3899109375 0.28190468750000003 0.3929296875 0.2980421875 0.3938984375 0.3165328125 0.8655421875 0.27653125 0.8668140624999999 0.25935625 0.8650499999999999 0.2464125 0.8612875000000001 0.23683281250000002
4 0.857484375 0.2264421875 0.853740625 0.19649375 0.40985625 0.2270890625 0.4146703125 0.2567703125 0.857484375 0.2264421875
4 0.8513609375 0.19254374999999999 0.84740625 0.1585328125 0.401096875 0.1843671875 0.40812187499999997 0.21473749999999997 0.8513609375 0.19254374999999999