4 0.13610625 0.748515625 0.16740468749999998 0.7438828125 0.169084375 0.239478125 0.1247765625 0.2369515625 0.13610625 0.748515625
4 0.188378125 0.2425328125 0.17065312500000002 0.240925 0.17003593749999998 0.7442984375 0.18825 0.741371875 0.188378125 0.2425328125
4 0.19136718749999998 0.7344906250000001 0.208584375 0.733621875 0.21981250000000002 0.2427171875 0.1975171875 0.2415828125 0.19136718749999998 0.7344906250000001
4 0.27178749999999996 0.24375624999999998 0.22438281249999997 0.24224218749999998 0.213290625 0.7379640625 0.25029218750000004 0.736696875 0.27178749999999996 0.24375624999999998
4 0.25317500000000004 0.7358890625 0.25668281249999997 0.7364453125 0.264575 0.7376953125 0.279346875 0.7352390625 0.30876875 0.2316328125 0.27454999999999996 0.22771406249999998 0.25317500000000004 0.7358890625
4 0.34666406250000004 0.23643593749999997 0.3114 0.23205 0.282484375 0.738134375 0.3074109375 0.7396843750000001 0.34666406250000004 0.23643593749999997
4 0.3157234375 0.732609375 0.3499734375 0.732040625 0.393328125 0.24262812500000003 0.350678125 0.23946874999999998 0.3157234375 0.732609375
4 0.3505671875 0.7453218749999999 0.37023125 0.7460375 0.4162921875 0.29061875000000004 0.39399687499999997 0.28948593749999996 0.3505671875 0.7453218749999999
4 0.3714296875 0.7498234375 0.39109375 0.750540625 0.4408875 0.294928125 0.4166140625 0.29426562500000003 0.3714296875 0.7498234375
4 0.3929828125 0.7556359375 0.43268125 0.7547312500000001 0.4858546875 0.32314375 0.4411578125 0.3209296875 0.3929828125 0.7556359375
4 0.529459375 0.325325 0.4903171875 0.322721875 0.43273124999999996 0.7487453125 0.47194531250000005 0.7480734375 0.529459375 0.325325
4 0.47330625 0.747978125 0.506815625 0.7520875 0.5735421875 0.325115625 0.5298296875 0.32298593750000004 0.47330625 0.747978125
4 0.6212046875 0.27392500000000003 0.5899546875 0.272571875 0.5078171874999999 0.7798171875000001 0.5344234375 0.7843359375000001 0.6212046875 0.27392500000000003
4 0.6467109375 0.28138593749999996 0.6290984374999999 0.275175 0.62365 0.2755109375 0.5393890625 0.7848171875000001 0.5645 0.7851984375 0.6522578125 0.299221875 0.648478125 0.289034375 0.6467109375 0.28138593749999996
4 0.617265625 0.775575 0.7213890625 0.29057656249999997 0.6713281249999999 0.286659375 0.6639421875 0.28788749999999996 0.5747515625 0.7772328125 0.617265625 0.775575
4 0.7910171874999999 0.29722499999999996 0.7339640625 0.2941828125 0.6256640625000001 0.779303125 0.675259375 0.7815937500000001 0.7910171874999999 0.29722499999999996
4 0.6904734375 0.778778125 0.7482171875 0.7831296875 0.8670078125 0.3679984375 0.7999875000000001 0.35978125 0.6904734375 0.778778125
4 0.9081484375000001 0.34095 0.8858546875 0.3398171875 0.7529734375 0.781484375 0.776515625 0.78041875 0.9081484375000001 0.34095
4 0.7844453125 0.7984578124999999 0.8023562500000001 0.798896875 0.9516984374999999 0.3534203125 0.9289624999999999 0.3514390625 0.7844453125 0.7984578124999999