4 0.0303 0.2418171875 0.044870312499999995 0.2839390625 0.537203125 0.13373437500000002 0.52519375 0.08858906250000001 0.0303 0.2418171875
4 0.550153125 0.1815984375 0.5382765625 0.1380421875 0.05024375 0.29171718750000003 0.06165 0.3308484375 0.550153125 0.1815984375
4 0.060809375 0.3356328125 0.0715578125 0.36650625 0.56035625 0.2225203125 0.5502703125 0.18614375 0.060809375 0.3356328125
4 0.564653125 0.23975156250000002 0.5594 0.222759375 0.06634999999999999 0.3700921875 0.070109375 0.38516875 0.564653125 0.23975156250000002
4 0.6680765625 0.25895625 0.65470625 0.2134859375 0.0337296875 0.39423906249999996 0.0461359375 0.44119374999999994 0.6680765625 0.25895625
4 0.04668125 0.44210312500000004 0.0576 0.485896875 0.68168125 0.3135203125 0.6696890625 0.26894999999999997 0.04668125 0.44210312500000004
4 0.628925 0.39149218750000003 0.6191421874999999 0.3481765625 0.0922359375 0.490225 0.10626875 0.53019375 0.628925 0.39149218750000003
4 0.10489062499999999 0.532825 0.1176078125 0.5715953125000001 0.6397140625 0.4357796875 0.63041875 0.3934078125 0.10489062499999999 0.532825
4 0.114315625 0.5747046874999999 0.126075 0.6137140624999999 0.650521875 0.48219218750000004 0.6396015625 0.438396875 0.114315625 0.5747046874999999
4 0.1283484375 0.614671875 0.136528125 0.639321875 0.7111140625 0.496825 0.705615625 0.4713484375 0.1283484375 0.614671875
4 0.134371875 0.6429109375000001 0.14219375 0.666125 0.717075 0.5288921875 0.709915625 0.5001734375 0.134371875 0.6429109375000001
4 0.1409953125 0.669475 0.14641875 0.6993875 0.7299171875 0.5600046875 0.7227578125 0.5312875 0.1409953125 0.669475
4 0.1486921875 0.7003453125 0.152621875 0.72834375 0.7345625 0.590875 0.7317703125 0.56335625 0.1486921875 0.7003453125
4 0.15650625 0.7357640625 0.166109375 0.7783609375 0.725834375 0.64663125 0.713796875 0.601390625 0.15650625 0.7357640625
4 0.7396984375 0.6971171875 0.7269265625 0.6499718750000001 0.16161875 0.78481875 0.173853125 0.829809375 0.7396984375 0.6971171875
4 0.165228125 0.8441609375000001 0.1637890625 0.8506218750000001 0.183803125 0.9126156249999999 0.8051546875 0.77611875 0.78498125 0.703365625 0.165228125 0.8441609375000001
4 0.203721875 0.9863156249999999 0.209225 0.98799375 0.7786578125 0.8674625 0.75615 0.787575 0.1949125 0.9183562500000001 0.18945625 0.9372546875 0.193690625 0.9583140625000001 0.1973875 0.9772187499999999 0.203721875 0.9863156249999999