4 0.1166265625 0.8534843750000001 0.11884531250000001 0.8535609375 0.0852640625 0.33111718749999997 0.0482796875 0.32977500000000004 0.085534375 0.8533843750000001 0.08771875 0.8544484375 0.098003125 0.8567828125 0.10395312500000001 0.856003125 0.1166265625 0.8534843750000001
4 0.1296484375 0.33153125 0.0852296875 0.3321046875 0.1209265625 0.8575828124999999 0.12818281250000002 0.8617859375 0.1356125 0.8610578125 0.14973125 0.8595765625 0.15581875 0.8548515625 0.1296484375 0.33153125
4 0.1588109375 0.8539687499999999 0.1891640625 0.8540421874999999 0.17036875 0.3546671875 0.1332765625 0.3555015625 0.1588109375 0.8539687499999999
4 0.19195 0.859075 0.22300781249999999 0.8601609375000001 0.20537968750000002 0.3548046875 0.1695453125 0.35578125 0.19195 0.859075
4 0.205178125 0.35307656249999997 0.2245203125 0.8592265625 0.246365625 0.860015625 0.232571875 0.35304531250000004 0.2140515625 0.3533859375 0.205178125 0.35307656249999997
4 0.260796875 0.3534828125 0.23331249999999998 0.35307187500000003 0.24955937499999997 0.8630625000000001 0.2548734375 0.8592984375 0.26008437500000003 0.85849375 0.26811562499999997 0.8617359375 0.27392812499999997 0.8648999999999999 0.260796875 0.3534828125
4 0.27399687500000003 0.862928125 0.299775 0.8667906249999999 0.30029218750000003 0.40674687499999995 0.26405781250000004 0.4054828125 0.27399687500000003 0.862928125
4 0.3379703125 0.40904999999999997 0.300996875 0.40775937500000003 0.3013390625 0.8856031249999999 0.33654687499999997 0.8892218749999999 0.3379703125 0.40904999999999997
4 0.3548046875 0.8598265625 0.38670625 0.857978125 0.37833125 0.41934531249999996 0.33907031249999997 0.4199484375 0.3548046875 0.8598265625
4 0.38830468749999997 0.8758046875 0.42225156249999996 0.878965625 0.42020625 0.42870625 0.384040625 0.42546875 0.38830468749999997 0.8758046875
4 0.42426250000000004 0.884959375 0.4561296875 0.884096875 0.46849687500000003 0.360296875 0.43321875 0.359503125 0.42426250000000004 0.884959375
4 0.45960156249999995 0.9118609375 0.49224218750000004 0.9100390624999999 0.5112203125 0.3643984375 0.474275 0.364446875 0.45960156249999995 0.9118609375
4 0.49437499999999995 0.89135625 0.51581875 0.8921046875 0.54001875 0.36871718750000004 0.51420625 0.3658421875 0.49437499999999995 0.89135625
4 0.5703375 0.3697765625 0.53850625 0.369653125 0.5185015625 0.900096875 0.5445640625 0.9019140625000001 0.5703375 0.3697765625
4 0.6023421875 0.3649703125 0.5712843750000001 0.3638859375 0.546 0.8971078125 0.57416875 0.8961171875 0.6023421875 0.3649703125
4 0.6378359375 0.3662109375 0.6074828125 0.3661375 0.5770234375000001 0.899178125 0.606528125 0.8997359375 0.6378359375 0.3662109375
4 0.607909375 0.9051937499999999 0.6361125000000001 0.9032171874999999 0.6740328124999999 0.3657421875 0.643046875 0.3654046875 0.607909375 0.9051937499999999
4 0.7060046875 0.3646421875 0.6770625 0.3665921875 0.6396375 0.9082765625 0.6671 0.9062734375 0.7060046875 0.3646421875
4 0.6698859374999999 0.91130625 0.7046421875 0.9125203125000001 0.7432000000000001 0.4137578125 0.7042828125 0.41394374999999994 0.6698859374999999 0.91130625
4 0.7054843749999999 0.9095875 0.73728125 0.9106984375 0.7856062500000001 0.41198125 0.7465015625 0.41344375 0.7054843749999999 0.9095875
4 0.835240625 0.374090625 0.7938296874999999 0.3726453125 0.7422859374999999 0.915809375 0.780840625 0.9141937499999999 0.835240625 0.374090625
4 0.884784375 0.375821875 0.8389374999999999 0.3742203125 0.782853125 0.9201874999999999 0.8232265625 0.9203312499999999 0.884784375 0.375821875
4 0.824934375 0.92363125 0.854409375 0.9276234375 0.92534375 0.3745171875 0.8922828125000001 0.373121875 0.824934375 0.92363125
4 0.961053125 0.3755234375 0.9277765625000001 0.3743609375 0.85659375 0.9286859375000001 0.885509375 0.9322781250000001 0.961053125 0.3755234375