6 0.0327796875 0.21484375 0.0230796875 0.21484375 0.0742734375 0.782334375 0.0856640625 0.782334375 0.0327796875 0.21484375
6 0.0628828125 0.1833765625 0.03359375 0.185546875 0.08647656249999999 0.7834203125 0.11413906250000001 0.7790796875 0.0628828125 0.1833765625
6 0.08485000000000001 0.21375937500000003 0.0751625 0.21484375 0.122275 0.7790796875 0.13285156250000002 0.775825 0.08485000000000001 0.21375937500000003
6 0.1116984375 0.1844625 0.0857421875 0.1844625 0.13285156250000002 0.775825 0.1580734375 0.77256875 0.1116984375 0.1844625
6 0.1409890625 0.30165000000000003 0.124715625 0.302734375 0.1605140625 0.7747390625 0.175159375 0.77256875 0.1409890625 0.30165000000000003
6 0.1597015625 0.30165000000000003 0.1434296875 0.3005640625 0.1784140625 0.7747390625 0.193059375 0.7747390625 0.1597015625 0.30165000000000003
6 0.1711296875 0.18120624999999999 0.1524734375 0.1833765625 0.19635156250000002 0.775825 0.2134375 0.7736546875 0.1711296875 0.18120624999999999
6 0.21099687500000003 0.26475624999999997 0.1833984375 0.26475624999999997 0.21750468750000002 0.7747390625 0.24191250000000003 0.771484375 0.21099687500000003 0.26475624999999997
6 0.23215 0.1822921875 0.20855625 0.1833765625 0.243540625 0.771484375 0.2655078125 0.7693140625 0.23215 0.1822921875
6 0.276084375 0.7693140625 0.2891015625 0.76714375 0.258184375 0.18120624999999999 0.23548125 0.1822921875 0.26713437500000003 0.7682296875 0.276084375 0.7693140625
6 0.2939828125 0.176865625 0.260709375 0.1790359375 0.29235625 0.7693140625 0.32327343750000004 0.7682296875 0.2939828125 0.176865625
6 0.3354765625 0.1725265625 0.3014 0.174696875 0.3249 0.7682296875 0.35744375 0.7649734375 0.3354765625 0.1725265625
6 0.3582578125 0.17144062499999999 0.33720625000000004 0.17144062499999999 0.359884375 0.76714375 0.380225 0.7649734375 0.3582578125 0.17144062499999999
6 0.380225 0.174696875 0.359884375 0.1725265625 0.381853125 0.76714375 0.4021921875 0.76714375 0.380225 0.174696875
6 0.40626093750000003 0.1725265625 0.3852203125 0.1725265625 0.4038203125 0.7638890625 0.4249734375 0.7638890625 0.40626093750000003 0.1725265625
6 0.43148125000000004 0.1692703125 0.408821875 0.17035625000000001 0.4266 0.76171875 0.4453125 0.76171875 0.43148125000000004 0.1692703125
6 0.45263593750000003 0.1681859375 0.4332359375 0.1681859375 0.446940625 0.766059375 0.46727968750000004 0.766059375 0.45263593750000003 0.1681859375
6 0.50470625 0.7638890625 0.4900609375 0.18663125 0.46402656249999996 0.185546875 0.45927656250000004 0.185546875 0.475415625 0.7704 0.50470625 0.7638890625
6 0.5771171875000001 0.1725265625 0.49345625000000004 0.1736109375 0.5055203125000001 0.76171875 0.5795578124999999 0.7541234375 0.5771171875000001 0.1725265625
6 0.6657984375 0.1692703125 0.5837890625 0.17035625000000001 0.5844390625 0.75629375 0.6576625 0.7541234375 0.6657984375 0.1692703125
6 0.700784375 0.17035625000000001 0.6741203125 0.17144062499999999 0.6609171875000001 0.7541234375 0.6869531249999999 0.751953125 0.700784375 0.17035625000000001
6 0.7349546874999999 0.17144062499999999 0.705859375 0.17035625000000001 0.69020625 0.7541234375 0.71705625 0.751953125 0.7349546874999999 0.17144062499999999
6 0.7724031250000001 0.1681859375 0.7431140625 0.17035625000000001 0.7219375 0.7541234375 0.7463453125 0.751953125 0.7724031250000001 0.1681859375
6 0.8041328125 0.1671 0.7758453125 0.1671 0.7488078125000001 0.75086875 0.7764703125 0.75086875 0.8041328125 0.1671
6 0.8366765624999999 0.1692703125 0.8083984375 0.1692703125 0.7789109375 0.7497828125 0.8057609375 0.7476125 0.8366765624999999 0.1692703125
6 0.8675937499999999 0.1671 0.84095 0.16493125 0.8073874999999999 0.7497828125 0.8358640625 0.7476125 0.8675937499999999 0.1671
6 0.9033921875 0.1627609375 0.8783843750000001 0.1627609375 0.83993125 0.7454421875 0.8667812500000001 0.7421875 0.9033921875 0.1627609375
6 0.9383781250000001 0.16167499999999999 0.9117515624999999 0.16167499999999999 0.8708484375 0.7454421875 0.8960703125 0.7454421875 0.9383781250000001 0.16167499999999999
6 0.9758531250000001 0.157334375 0.9434890625 0.157334375 0.899375 0.746528125 0.9294781249999999 0.746528125 0.9758531250000001 0.157334375
6 0.9351734374999999 0.7486984375 0.9644625 0.746528125 0.999446875 0.30165000000000003 0.999446875 0.1529953125 0.9807343749999999 0.1540796875 0.974225 0.25499062499999997 0.9351734374999999 0.7486984375