5 0.13454148125 0.8995225708333333 0.14511828437500002 0.8962673624999999 0.113387875 0.2951388875 0.059700012499999996 0.29405382083333337 0.094675065625 0.9016927083333334 0.09874306875 0.9049479166666666 0.13454148125 0.8995225708333333
5 0.16871269375 0.29405382083333337 0.11829376250000001 0.29405382083333337 0.1475590875 0.8973524291666667 0.19312070312500002 0.8940972208333334 0.16871269375 0.29405382083333337
5 0.195561503125 0.234375 0.170377096875 0.234375 0.198002303125 0.8930121541666666 0.2232239125 0.8919270833333334 0.195561503125 0.234375
5 0.224037515625 0.2322048625 0.200487771875 0.234375 0.226478315625 0.8919270833333334 0.25414072499999996 0.8875868041666667 0.224037515625 0.2322048625
5 0.27366713125 0.3472222208333333 0.237108865625 0.3493923625 0.257395125 0.8875868041666667 0.293193540625 0.8854166666666666 0.27366713125 0.3472222208333333
5 0.315160746875 0.35264757083333337 0.29488881562499997 0.35264757083333337 0.309465546875 0.8561197916666666 0.332246353125 0.8550347208333334 0.315160746875 0.35264757083333337
5 0.34038235625 0.224609375 0.310279146875 0.2235243041666667 0.33468715625 0.8930121541666666 0.363163165625 0.8908420125000001 0.34038235625 0.224609375
5 0.37699436875000003 0.2235243041666667 0.34615834687499997 0.2235243041666667 0.364790365625 0.8919270833333334 0.39245277500000003 0.8908420125000001 0.37699436875000003 0.2235243041666667
5 0.47137200312500005 0.8865017374999999 0.4575408 0.2170138875 0.39977517812499996 0.2159288208333333 0.38440704375 0.21809895833333334 0.39977517812499996 0.8940972208333334 0.4607952 0.8908420125000001 0.47137200312500005 0.8865017374999999
5 0.54215523125 0.21484375 0.47381280625000005 0.2159288208333333 0.46578725312499997 0.22026909583333334 0.47625360624999996 0.8930121541666666 0.54296883125 0.8875868041666667 0.54215523125 0.21484375
5 0.57795364375 0.2256944458333333 0.546353659375 0.2256944458333333 0.54785043125 0.8908420125000001 0.57876724375 0.8875868041666667 0.57795364375 0.2256944458333333
5 0.617006459375 0.21050347083333334 0.587716846875 0.20941840416666666 0.585276046875 0.8919270833333334 0.61212485625 0.888671875 0.617006459375 0.21050347083333334
5 0.655245671875 0.20833333333333334 0.6261062625 0.20833333333333334 0.61619285625 0.8897569458333333 0.64873686875 0.8865017374999999 0.655245671875 0.20833333333333334
5 0.7056888906250001 0.2647569458333333 0.661099753125 0.2647569458333333 0.651991271875 0.8908420125000001 0.6951120875 0.8865017374999999 0.7056888906250001 0.2647569458333333
5 0.755318509375 0.2625868041666667 0.710741678125 0.2625868041666667 0.6983664875 0.8897569458333333 0.7423009031250001 0.8875868041666667 0.755318509375 0.2625868041666667
5 0.7813537187499999 0.3059895833333333 0.758572909375 0.3049045125 0.7471825062499999 0.8821614583333334 0.7658953125 0.8810763875000001 0.7813537187499999 0.3059895833333333
5 0.8049481249999999 0.30381944583333337 0.783983865625 0.30381944583333337 0.7683361125 0.8810763875000001 0.7878625218749999 0.8799913208333333 0.8049481249999999 0.30381944583333337
5 0.8358649375 0.30381944583333337 0.8092117312499999 0.3049045125 0.792744121875 0.8799913208333333 0.82040653125 0.8810763875000001 0.8358649375 0.30381944583333337
5 0.85050974375 0.8778211791666667 0.8659681499999999 0.30381944583333337 0.8409500124999999 0.30381944583333337 0.8252881343749999 0.8778211791666667 0.8440009406250001 0.8799913208333333 0.85050974375 0.8778211791666667
5 0.907461765625 0.2810329875 0.86759535 0.283203125 0.85213694375 0.8734809041666666 0.88712175625 0.8734809041666666 0.907461765625 0.2810329875
5 0.9978357656249999 0.2690972208333333 0.959765115625 0.2701822916666667 0.93274774375 0.9168836791666667 0.9742413593749999 0.9114583333333334 0.9978357656249999 0.2690972208333333