6 0.1075703125 0.3049046875 0.0678375 0.3049046875 0.0847890625 0.84526875 0.1246546875 0.844184375 0.1075703125 0.3049046875
6 0.15638593750000002 0.3049046875 0.1191078125 0.3059890625 0.132790625 0.84526875 0.174284375 0.844184375 0.15638593750000002 0.3049046875
6 0.21740624999999997 0.27235312500000003 0.173471875 0.2712671875 0.18486249999999999 0.8430984374999999 0.2279828125 0.8420140625 0.21740624999999997 0.27235312500000003
6 0.271103125 0.2701828125 0.225715625 0.2712671875 0.23449218749999998 0.8409281249999999 0.2767984375 0.8430984374999999 0.271103125 0.2701828125
6 0.27842656250000003 0.8506937499999999 0.305275 0.8485250000000001 0.3044609375 0.2213546875 0.2743578125 0.2180984375 0.2743578125 0.263671875 0.27842656250000003 0.8506937499999999
6 0.307715625 0.8430984374999999 0.3182921875 0.844184375 0.33375 0.844184375 0.3321234375 0.22243906249999998 0.3207328125 0.22243906249999998 0.3087234375 0.22243906249999998 0.307715625 0.8430984374999999
6 0.338834375 0.28428749999999997 0.33456406250000004 0.844184375 0.345140625 0.844184375 0.3614125 0.8420140625 0.372803125 0.8409281249999999 0.37443125 0.2864578125 0.3606 0.28428749999999997 0.338834375 0.28428749999999997
6 0.379525 0.2853734375 0.37443125 0.8420140625 0.38256718749999996 0.844184375 0.3972109375 0.844184375 0.409415625 0.83984375 0.4151109375 0.2864578125 0.3963984375 0.2853734375 0.379525 0.2853734375
6 0.47531718749999996 0.23220468749999998 0.4194 0.2311203125 0.4110421875 0.844184375 0.46636718750000006 0.8420140625 0.47531718749999996 0.23220468749999998
6 0.534784375 0.23329062500000003 0.48043593749999997 0.230034375 0.46888281249999997 0.844184375 0.5225796875000001 0.8420140625 0.534784375 0.23329062500000003
6 0.594990625 0.234375 0.5439125 0.230034375 0.5299031249999999 0.8463546875000001 0.5803453125 0.8420140625 0.594990625 0.234375
6 0.655196875 0.234375 0.60250625 0.2311203125 0.5868546875 0.8485250000000001 0.6356703125000001 0.8420140625 0.655196875 0.234375
6 0.6828593749999999 0.28754375 0.6560109375 0.2864578125 0.6429921875 0.8463546875000001 0.669028125 0.8430984374999999 0.6828593749999999 0.28754375
6 0.7202843750000001 0.2864578125 0.692025 0.2864578125 0.6730953125 0.849609375 0.7007578125 0.849609375 0.7202843750000001 0.2864578125
6 0.7674734375 0.2604171875 0.7302734375 0.258246875 0.7040124999999999 0.8474390625 0.7438796875 0.8463546875000001 0.7674734375 0.2604171875
6 0.8268671875000001 0.25390625 0.788053125 0.2517359375 0.7585234375 0.8582906250000001 0.7967640625 0.859375 0.8268671875000001 0.25390625
6 0.8366734375 0.855034375 0.8740984375 0.2517359375 0.868403125 0.249565625 0.8344390625000001 0.2473953125 0.7992484375 0.8561203125000001 0.8366734375 0.855034375
6 0.8529453124999999 0.859375 0.8692171875 0.8582906250000001 0.882234375 0.8517796875 0.928609375 0.25282187500000003 0.9098968749999999 0.24848125 0.895475 0.2473953125 0.8529453124999999 0.859375
6 0.8911843749999999 0.8485250000000001 0.896065625 0.8506937499999999 0.9115249999999999 0.8517796875 0.9245421875 0.8474390625 0.9684765625 0.2506515625 0.9320953125000001 0.2473953125 0.8911843749999999 0.8485250000000001