4 0 0.7846124999999999 0.01979375 0.7856796875 0.08025312500000001 0.277034375 0.0524484375 0.2725796875 0 0.73466875 0 0.7846124999999999
4 0.0207234375 0.78486875 0.0449078125 0.784965625 0.10805000000000001 0.2810703125 0.0800484375 0.27799999999999997 0.0207234375 0.78486875
4 0.04460625 0.7899453125 0.0493703125 0.7960015625 0.060226562500000004 0.798309375 0.070359375 0.8004625000000001 0.0805890625 0.7986015625 0.0895765625 0.7954687500000001 0.1596453125 0.2731796875 0.1348140625 0.2694671875 0.123028125 0.26797031250000003 0.110725 0.26535625 0.04460625 0.7899453125
4 0.0951484375 0.7906015625 0.119853125 0.7918171875 0.1826078125 0.34129062499999996 0.15900625 0.3371484375 0.0951484375 0.7906015625
4 0.121409375 0.795175 0.1424953125 0.7956218749999999 0.20728437500000002 0.3465359375 0.182684375 0.34319062499999997 0.121409375 0.795175
4 0.14735625000000002 0.7976640625 0.1838453125 0.8003765625 0.255184375 0.308165625 0.2176578125 0.303215625 0.14735625000000002 0.7976640625
4 0.18560625 0.8027671875 0.2211671875 0.8062921875000001 0.298090625 0.3162765625 0.260975 0.309396875 0.18560625 0.8027671875
4 0.2236515625 0.8088374999999999 0.2551828125 0.813521875 0.3345703125 0.327 0.2994421875 0.3205984375 0.2236515625 0.8088374999999999
4 0.256521875 0.81078125 0.2889828125 0.8146546875 0.3716375 0.3326609375 0.338415625 0.3258578125 0.256521875 0.81078125
4 0.2942546875 0.814765625 0.327740625 0.8138140625 0.40835156250000004 0.3669484375 0.372478125 0.361340625 0.2942546875 0.814765625
4 0.3305390625 0.8184437499999999 0.36350625000000003 0.8163734375 0.44433437500000006 0.37560625000000003 0.41052343750000003 0.3674109375 0.3305390625 0.8184437499999999
4 0.367028125 0.8211562499999999 0.3964859375 0.821365625 0.481528125 0.3793140625 0.4487734375 0.37251406249999997 0.367028125 0.8211562499999999
4 0.515359375 0.3866671875 0.4851671875 0.379240625 0.4006234375 0.8232531249999999 0.42974843749999997 0.8264531249999999 0.515359375 0.3866671875
4 0.43164687500000004 0.8338828125 0.449428125 0.8356453125 0.5443484375 0.353840625 0.5267734374999999 0.35076406250000003 0.43164687500000004 0.8338828125
4 0.45139375 0.837071875 0.46845 0.8386796875 0.565840625 0.35840937500000003 0.546109375 0.35588125000000004 0.45139375 0.837071875
4 0.472178125 0.8424984375 0.5084625 0.846175 0.6082562499999999 0.36631562500000003 0.5680265624999999 0.3595328125 0.472178125 0.8424984375
4 0.5122859375 0.8459796875000001 0.54929375 0.8498109375 0.6508953125 0.373159375 0.6102093749999999 0.3674890625 0.5122859375 0.8459796875000001
4 0.6014265625 0.8750140625 0.7118375 0.384046875 0.6630625 0.3746375 0.5554203125 0.8672531250000001 0.6014265625 0.8750140625
4 0.6543578125 0.8822296875 0.7714859374999999 0.3916828125 0.7240328125 0.3836140625 0.6103171875 0.8758953125 0.6543578125 0.8822296875
4 0.796875 0.432384375 0.769890625 0.4276578125 0.661475 0.87365625 0.6876265625 0.8751796875 0.796875 0.432384375
4 0.6898953125 0.8716265625 0.71511875 0.8739625 0.8269734375000001 0.437209375 0.7983234375 0.4326921875 0.6898953125 0.8716265625
4 0.747265625 0.8757515625 0.8700125 0.408590625 0.8404421875000001 0.401246875 0.7189421874999999 0.8737671875 0.747265625 0.8757515625
4 0.748809375 0.8720453125000001 0.7771328125 0.87403125 0.9011640625 0.4130453125 0.87021875 0.407625 0.748809375 0.8720453125000001
4 0.7815828125000001 0.878003125 0.819628125 0.8840718750000001 0.947334375 0.42285781250000004 0.903715625 0.4137375 0.7815828125000001 0.878003125
4 0.9449453125 0.5970046875 0.993384375 0.42931875 0.9515796875 0.4198765625 0.8240796874999999 0.8880453125000001 0.8608828125000001 0.892840625 0.9449453125 0.5970046875