6 0.69505 0.20372656249999999 0.700184375 0.1839171875 0.6998515624999999 0.17224375 0.7001421875 0.16392500000000002 0.21620468750000002 0.11259843750000001 0.2139359375 0.15638593750000002 0.69505 0.20372656249999999
6 0.6927921875 0.204759375 0.68839375 0.2034953125 0.212359375 0.1591078125 0.21195312500000002 0.1707546875 0.21129531250000003 0.1896109375 0.2116078125 0.20183749999999998 0.6921578125 0.2441609375 0.6964328125 0.2065515625 0.6927921875 0.204759375
6 0.688328125 0.269015625 0.68883125 0.2545953125 0.6867484375 0.2506359375 0.21437187500000002 0.2074875 0.21170781249999998 0.220165625 0.21178906249999999 0.23904687500000002 0.6833484375000001 0.28297812499999997 0.6873171874999999 0.2767546875 0.688328125 0.269015625
6 0.6781953125 0.3139453125 0.6804125 0.3048328125 0.6808390625 0.29263125 0.67896875 0.2825703125 0.2131140625 0.2435359375 0.2106859375 0.27065937500000004 0.6403421875 0.3073203125 0.6402453125 0.3100921875 0.6764249999999999 0.313021875 0.6781953125 0.3139453125
6 0.2092265625 0.270053125 0.2075375 0.297203125 0.63761875 0.3332921875 0.6403234375 0.307875 0.2092265625 0.270053125
6 0.2074796875 0.2988671875 0.20573281250000003 0.32768125000000003 0.6082375 0.358528125 0.6106281250000001 0.3312703125 0.2074796875 0.2988671875
6 0.20637500000000003 0.3304796875 0.20414062500000002 0.3520578125 0.604046875 0.38525312500000003 0.6059234375 0.3599796875 0.20637500000000003 0.3304796875
6 0.702934375 0.42168593750000005 0.70575 0.40622187500000007 0.7054750000000001 0.3928859375 0.7017578125 0.3933109375 0.199684375 0.35245625 0.19772499999999998 0.3873703125 0.702934375 0.42168593750000005
6 0.196984375 0.38734531250000004 0.194928125 0.4250328125 0.6632734375 0.4563796875 0.6659140625 0.4231546875 0.196984375 0.38734531250000004
6 0.19413125 0.42667031250000004 0.19205468750000002 0.46491249999999995 0.6613609375 0.492909375 0.6639359375 0.4586234375 0.19413125 0.42667031250000004
6 0.6733828125 0.506153125 0.6722515625 0.49611875000000005 0.19573281250000002 0.46559531249999997 0.191396875 0.48376875 0.19023125000000002 0.49594375 0.1920046875 0.5087765625 0.66798125 0.5365015625 0.67295625 0.518353125 0.6733828125 0.506153125
6 0.19268593750000002 0.5104671875 0.19017656249999998 0.5187078125 0.18731875 0.5369328125 0.1874 0.5558156249999999 0.188859375 0.5564218750000001 0.6685875 0.5798375 0.67339375 0.5694546875000001 0.67378125 0.5583625 0.6749078125 0.547296875 0.6737578125 0.5378171875 0.19268593750000002 0.5104671875
6 0.671375 0.6060328125 0.6715687499999999 0.6004859375 0.670965625 0.596578125 0.6703421875 0.593225 0.670515625 0.5882343750000001 0.6706515625 0.5843515625 0.6692312499999999 0.5826359375 0.185084375 0.5585109375 0.181296875 0.60335625 0.6646062500000001 0.630228125 0.6654046874999999 0.628590625 0.667078125 0.623096875 0.66873125 0.61815625 0.669721875 0.6109718749999999 0.671375 0.6060328125
6 0.6644328125000001 0.6352203125 0.6645875 0.6307828125 0.186396875 0.6057546874999999 0.182934375 0.620071875 0.181575 0.6377937499999999 0.1796703125 0.6499421875 0.6593015624999999 0.67613125 0.6624734375 0.6701343750000001 0.661965625 0.663453125 0.6621796875 0.657353125 0.6639296875 0.6496390625 0.6641609374999999 0.6429843749999999 0.6644328125000001 0.6352203125
6 0.1841078125 0.650096875 0.1810171875 0.6749765625 0.58755 0.6952812500000001 0.58830625 0.6736515625 0.1841078125 0.650096875
6 0.1832359375 0.6750546875000001 0.1802421875 0.6971609375 0.5818859375 0.7167125000000001 0.583834375 0.6957078125 0.1832359375 0.6750546875000001
6 0.17855000000000001 0.7032109375 0.1773078125 0.7176046875 0.6112031250000001 0.7388640625 0.6142484375 0.7227281249999999 0.17855000000000001 0.7032109375
6 0.1748953125 0.723071875 0.1736515625 0.7374671875 0.615703125 0.7584562499999999 0.618425 0.7441140625 0.1748953125 0.723071875
6 0.169625 0.746765625 0.168540625 0.7778234375 0.6203984375 0.793603125 0.6243453125 0.765421875 0.169625 0.746765625
6 0.16778593749999998 0.799453125 0.16486875 0.819340625 0.6449078125 0.8338828125 0.6492015624999999 0.79571875 0.16999999999999998 0.7784296875 0.16778593749999998 0.799453125
6 0.170065625 0.8189671875 0.166490625 0.8577125000000001 0.6401265625 0.8677625000000001 0.6434671875 0.8327218750000001 0.170065625 0.8189671875