6 0.010731250000000001 0.7946328125 0.0529078125 0.792659375 0.07954375 0.282559375 0.0751046875 0.2805859375 0.0425484375 0.2795984375 0.0369171875 0.281625 0.010731250000000001 0.7946328125
6 0.09730156250000001 0.7906859374999999 0.121553125 0.2837953125 0.1172796875 0.28157187499999997 0.0943421875 0.2805859375 0.08324375 0.2805859375 0.07954375 0.2835453125 0.0529078125 0.791671875 0.069925 0.79561875 0.0876828125 0.7936453125 0.09730156250000001 0.7906859374999999
6 0.1535359375 0.2845328125 0.132078125 0.2845328125 0.1239390625 0.28650625 0.09952187500000001 0.7887125 0.1106203125 0.791671875 0.1439171875 0.7896984375 0.168753125 0.2881359375 0.1535359375 0.2845328125
6 0.1794328125 0.2845328125 0.1695671875 0.2837953125 0.1446578125 0.7887125 0.1542765625 0.7906859374999999 0.17499375 0.791671875 0.191271875 0.7896984375 0.2134703125 0.2874921875 0.1994109375 0.2845328125 0.1794328125 0.2845328125
6 0.2135125 0.285965625 0.1927515625 0.7887125 0.22160937500000003 0.7896984375 0.237146875 0.28650625 0.2135125 0.285965625
6 0.223828125 0.7896984375 0.2519453125 0.7896984375 0.26304375 0.3161046875 0.26674375 0.31511875 0.266409375 0.28704999999999997 0.2415875 0.2874921875 0.223828125 0.7896984375
6 0.28024375 0.3185171875 0.26304375 0.3170921875 0.2489859375 0.791671875 0.27414375 0.792659375 0.28024375 0.3185171875
6 0.30221718750000004 0.31634687499999997 0.28154218750000004 0.3161046875 0.27266406249999997 0.791671875 0.29708125 0.791671875 0.30221718750000004 0.31634687499999997
6 0.3370359375 0.311171875 0.30743906249999997 0.3101859375 0.29782031249999996 0.7857515625 0.32963749999999997 0.7887125 0.3370359375 0.311171875
6 0.34135312500000003 0.311146875 0.330609375 0.7891781250000001 0.3616859375 0.7891781250000001 0.370565625 0.3113546875 0.34135312500000003 0.311146875
6 0.3953 0.2919046875 0.373440625 0.291615625 0.3629546875 0.7891781250000001 0.3870546875 0.7883312499999999 0.3953 0.2919046875
6 0.4215703125 0.2934765625 0.3984703125 0.29105781249999996 0.3889578125 0.7917140625 0.4136921875 0.7917140625 0.4215703125 0.2934765625
6 0.4530140625 0.32235 0.42575624999999995 0.32137812499999996 0.41686249999999997 0.7883312499999999 0.446671875 0.7874859375 0.4530140625 0.32235
6 0.45575 0.32137812499999996 0.44794062500000004 0.7883312499999999 0.4777484375 0.7883312499999999 0.48218750000000005 0.32404062499999997 0.45575 0.32137812499999996
6 0.485359375 0.321503125 0.47901718750000005 0.7874859375 0.51960625 0.786640625 0.522778125 0.32235 0.4891640625 0.3189671875 0.485359375 0.321503125
6 0.562475 0.3232375 0.5265828124999999 0.32065781250000003 0.521509375 0.7857953125 0.56083125 0.7832578125 0.562475 0.3232375
6 0.605025 0.32230781249999996 0.568440625 0.32065781250000003 0.5646359375000001 0.7874859375 0.6052265625000001 0.786640625 0.605025 0.32230781249999996
6 0.6440875 0.32137812499999996 0.6083968750000001 0.3181203125 0.605859375 0.786640625 0.644546875 0.7874859375 0.6440875 0.32137812499999996
6 0.67756875 0.31765781249999997 0.6515234375000001 0.315584375 0.6515234375000001 0.7900234375 0.6806984375 0.7891781250000001 0.67756875 0.31765781249999997
6 0.7040765625 0.32137812499999996 0.6794296875 0.32065781250000003 0.68133125 0.786640625 0.708603125 0.786640625 0.7040765625 0.32137812499999996
6 0.7117484375 0.284175 0.7155796875 0.7883312499999999 0.761878125 0.7891781250000001 0.7555359375 0.2842921875 0.7117484375 0.284175
6 0.8010343750000001 0.28510625 0.7574375 0.2842921875 0.7637796875 0.7832578125 0.8100781250000001 0.7832578125 0.8010343750000001 0.28510625
6 0.8392515625 0.2986703125 0.8050046875 0.2978234375 0.8138828124999999 0.7849484375 0.8487656250000001 0.7857953125 0.8392515625 0.2986703125
6 0.882646875 0.33718906249999997 0.8405203125 0.33588125 0.8513015625 0.7824125000000001 0.8912578124999999 0.7857953125 0.882646875 0.33718906249999997
6 0.930778125 0.33532812500000003 0.884915625 0.335034375 0.898234375 0.7832578125 0.9426296875 0.7824125000000001 0.930778125 0.33532812500000003