0 0.037517884375 0.10437261666666667 0.000934896875 0.10545655416666667 0.048086303125 0.8566272125 0.083043378125 0.8533753916666666 0.037517884375 0.10437261666666667
0 0.068410184375 0.108708375 0.039143796875 0.10654049583333333 0.07816564687500001 0.8587950916666667 0.11149681250000001 0.85229145 0.068410184375 0.108708375
0 0.12043932187499999 0.23986515833333336 0.07572678125 0.23769727916666666 0.105806125 0.8609629708333333 0.146453890625 0.85771115 0.12043932187499999 0.23986515833333336
0 0.161087084375 0.23769727916666666 0.119626365625 0.23336151666666666 0.14157615625 0.866382675 0.17978505625000002 0.866382675 0.161087084375 0.23769727916666666
0 0.19929598125 0.24420092083333333 0.15702230625 0.2409491 0.175720278125 0.8652987333333333 0.212303265625 0.8652987333333333 0.19929598125 0.24420092083333333
0 0.226936459375 0.13038718333333332 0.19848302499999998 0.1173799 0.21718099687499998 0.8728863166666667 0.244821475 0.8728863166666667 0.226936459375 0.13038718333333332
0 0.26758422187500003 0.12930324166666668 0.22531055000000003 0.1271353625 0.2407567 0.8652987333333333 0.272461953125 0.8685505541666667 0.26758422187500003 0.12930324166666668
0 0.294411746875 0.12388354166666667 0.2659583125 0.12821930416666666 0.271649 0.866382675 0.299289478125 0.8652987333333333 0.294411746875 0.12388354166666667
0 0.3318076875 0.12388354166666667 0.29603765625 0.12388354166666667 0.299289478125 0.871802375 0.322865178125 0.871802375 0.3318076875 0.12388354166666667
0 0.3570093 0.12930324166666668 0.32042631250000003 0.12821930416666666 0.32042631250000003 0.871802375 0.352944525 0.8739702583333333 0.3570093 0.12930324166666668
0 0.389527509375 0.136890825 0.35131861249999996 0.13363900416666666 0.348879746875 0.871802375 0.37814613750000003 0.8696344958333333 0.389527509375 0.136890825
0 0.44724733437499997 0.08160986666666667 0.39521819687500004 0.07727410833333333 0.380585003125 0.8728863166666667 0.431801184375 0.8707184375 0.44724733437499997 0.08160986666666667
0 0.50090238125 0.08486168749999999 0.44480846874999996 0.08052592916666666 0.426923453125 0.8707184375 0.477326678125 0.8750541958333333 0.50090238125 0.08486168749999999
0 0.529355815625 0.18675208333333335 0.49765055937499997 0.1845842 0.47895258749999997 0.8783060166666666 0.508218978125 0.8761381375 0.529355815625 0.18675208333333335
0 0.5610610687500001 0.1889199625 0.5326076343749999 0.18675208333333335 0.507406021875 0.8728863166666667 0.537485365625 0.8793899583333334 0.5610610687500001 0.1889199625
0 0.5960181437500001 0.18566814166666665 0.565125846875 0.1889199625 0.534233546875 0.8804739 0.56675175625 0.8804739 0.5960181437500001 0.18566814166666665
0 0.6285363562499999 0.19108784166666667 0.5968311 0.19108784166666667 0.569190621875 0.8815578375 0.593579278125 0.8793899583333334 0.6285363562499999 0.19108784166666667
0 0.656176834375 0.19975936666666666 0.6277234 0.19542360416666668 0.588701546875 0.8804739 0.6220327125 0.8815578375 0.656176834375 0.19975936666666666
0 0.682191403125 0.20517906666666666 0.654550925 0.198675425 0.621219759375 0.8848096583333334 0.646421371875 0.8858936 0.682191403125 0.20517906666666666
0 0.7130837031249999 0.20084330416666668 0.680565490625 0.19975936666666666 0.64398250625 0.8837257208333333 0.670810028125 0.8826417791666666 0.7130837031249999 0.20084330416666668
0 0.74072418125 0.2723833666666666 0.706580059375 0.2647957875 0.670810028125 0.8804739 0.6976375531250001 0.8837257208333333 0.74072418125 0.2723833666666666
0 0.770803525 0.2734673083333333 0.736659403125 0.2723833666666666 0.696824596875 0.8837257208333333 0.72527803125 0.8815578375 0.770803525 0.2734673083333333
0 0.819580840625 0.27129942916666666 0.7691776156250001 0.26696366666666665 0.726903940625 0.8837257208333333 0.7748683 0.8869775416666666 0.819580840625 0.27129942916666666
0 0.8675452 0.27997095 0.8220197062500001 0.2756351875 0.772429434375 0.8880614791666667 0.8187678843749999 0.8826417791666666 0.8675452 0.27997095
0 0.921200246875 0.28213882916666666 0.876487709375 0.2810548916666667 0.8187678843749999 0.8869775416666666 0.86266746875 0.8858936 0.921200246875 0.28213882916666666
0 0.9634739218749999 0.1943396625 0.9366463968750001 0.18675208333333335 0.8675452 0.8869775416666666 0.8911209031249999 0.8793899583333334 0.9634739218749999 0.1943396625
0 0.988675534375 0.19650754583333332 0.9585961875000001 0.19542360416666668 0.88299135 0.8902293625 0.9106318281249999 0.8891454208333334 0.988675534375 0.19650754583333332
0 0.9992439531249999 0.19217178333333335 0.9919273531250001 0.18566814166666665 0.916322515625 0.8858936 0.93989821875 0.8837257208333333 0.9992439531249999 0.3786095208333334 0.999747984375 0.26075268749999997 0.9992439531249999 0.19217178333333335