4 0.2289921875 0.9122015625 0.2488046875 0.9061453125 0.116853125 0.5327609375 0.0990328125 0.540271875 0.2289921875 0.9122015625
4 0.13525 0.5271359375 0.1174296875 0.534646875 0.2503765625 0.908759375 0.2696125 0.9008140625 0.13525 0.5271359375
4 0.1298890625 0.4513953125 0.110365625 0.4583953125 0.2734390625 0.9006765624999999 0.291028125 0.8937828124999999 0.1298890625 0.4513953125
4 0.2922546875 0.8938921875 0.31036406250000004 0.8873234374999999 0.1508296875 0.4439609375 0.1304671875 0.45328125 0.2922546875 0.8938921875
4 0.3144515625 0.8829796875 0.3339765625 0.8759781249999999 0.169721875 0.42477187499999997 0.14849375 0.4312625 0.3144515625 0.8829796875
4 0.33754062500000004 0.880046875 0.35114375 0.8789843749999999 0.3581015625 0.8710078125 0.1933609375 0.4185765625 0.1694328125 0.42382968749999994 0.33754062500000004 0.880046875
4 0.21848125000000002 0.343834375 0.17631406249999998 0.3577578125 0.36416875000000004 0.8760328124999999 0.4021734375 0.862071875 0.21848125000000002 0.343834375
4 0.4060734375 0.8663171875 0.445121875 0.8523156249999999 0.2642171875 0.3301171875 0.2204734375 0.3452890625 0.4060734375 0.8663171875
4 0.44808281250000004 0.849346875 0.47680625 0.8395328125000001 0.31251875 0.355321875 0.28167343749999996 0.365784375 0.44808281250000004 0.849346875
4 0.48050156250000003 0.8414984375 0.5100625 0.829365625 0.3483171875 0.3433453125 0.317053125 0.3549671875 0.48050156250000003 0.8414984375
4 0.3413671875 0.31555 0.5144921874999999 0.8362640625 0.5519953125 0.8247984374999999 0.3774546875 0.3045171875 0.361440625 0.3052859375 0.3413671875 0.31555
4 0.5546953125 0.8260375 0.5900734375 0.8152203124999999 0.42643906249999997 0.287328125 0.3787109375 0.30103749999999996 0.5546953125 0.8260375
4 0.5943734375 0.8242234375 0.6248 0.8149218749999999 0.44434843749999997 0.2221609375 0.41072031249999996 0.2331328125 0.5943734375 0.8242234375
4 0.479309375 0.21250468749999998 0.44746874999999997 0.2222390625 0.6256390625 0.8126015625 0.6559703125 0.8014984374999999 0.479309375 0.21250468749999998
4 0.653571875 0.787553125 0.6725187499999999 0.778665625 0.543203125 0.3405078125 0.5209796875 0.3462703125 0.653571875 0.787553125
4 0.5641421875 0.333075 0.542915625 0.3395640625 0.67493125 0.778959375 0.6926015624999999 0.771009375 0.5641421875 0.333075
4 0.6993046875 0.7776984375 0.7199828125 0.7744718749999999 0.7348312499999999 0.7671765625 0.5851968750000001 0.239971875 0.5479828125 0.25238125 0.6993046875 0.7776984375
4 0.5901500000000001 0.2384578125 0.7417875 0.76986875 0.7625953125 0.7645390625 0.777296875 0.7569484375 0.6286484375 0.22771875000000003 0.5901500000000001 0.2384578125
4 0.6466265625000001 0.22325468750000002 0.633890625 0.2271484375 0.783403125 0.759209375 0.8199093749999999 0.747015625 0.6728546875 0.21653125 0.6556671875 0.21739531250000002 0.6466265625000001 0.22325468750000002
4 0.8238671875 0.744775 0.856965625 0.731559375 0.7151046875 0.1992234375 0.67936875 0.21000000000000002 0.8238671875 0.744775
4 0.7592640625 0.1867546875 0.7241734375 0.1985140625 0.864653125 0.7297546875 0.8977171875 0.71806875 0.7592640625 0.1867546875
4 0.9015437500000001 0.71793125 0.9234796875000001 0.711225 0.7855484374999999 0.171496875 0.760075 0.179284375 0.9015437500000001 0.71793125
4 0.811440625 0.1625484375 0.78709375 0.168959375 0.9292984375 0.712540625 0.952134375 0.70414375 0.811440625 0.1625484375
4 0.9536171875000001 0.7009796875000001 0.9748453125 0.6944890625 0.83683125 0.15164687500000001 0.8144015625 0.1595796875 0.9536171875000001 0.7009796875000001