4 0.2306359375 0.984365625 0.2324203125 0.9920953125 0.8084625000000001 0.8390640625 0.8081578125 0.834125 0.7964453125000001 0.7942437499999999 0.22595312500000003 0.9459921874999999 0.22686718749999998 0.9608109375 0.2306359375 0.984365625
4 0.21365937499999998 0.8999828125 0.22168281250000002 0.94196875 0.2236609375 0.9433 0.7958953125 0.791865625 0.7865609375 0.7514359374999999 0.21365937499999998 0.8999828125
4 0.2570265625 0.8599109374999999 0.2570875 0.8674125 0.259284375 0.876925 0.26356250000000003 0.8846015625 0.7897328124999999 0.750703125 0.7889859375 0.7402296875000001 0.7851734375 0.7273328125 0.7816953125 0.723125 0.2570265625 0.8599109374999999
4 0.25085 0.83315625 0.2518109375 0.8373171875000001 0.25348906250000003 0.8482031250000001 0.257628125 0.8552781250000001 0.7810406249999999 0.723903125 0.7793625 0.7130171875 0.7771656250000001 0.7035046875 0.7746187499999999 0.6997093750000001 0.25085 0.83315625
4 0.7777609375 0.6952265625 0.7703484375 0.6631203125 0.1901421875 0.8089703125 0.197940625 0.8427484375000001 0.7777609375 0.6952265625
4 0.7676640625 0.6587296874999999 0.7603890625 0.6272171875 0.1804265625 0.7705062500000001 0.1884984375 0.8054656250000001 0.7676640625 0.6587296874999999
4 0.1695375 0.7341921874999999 0.1773625 0.7680828125 0.7606328125 0.6246562499999999 0.752946875 0.5913609375 0.1695375 0.7341921874999999
4 0.7538453125 0.588021875 0.745228125 0.554315625 0.159821875 0.6957296875 0.1678890625 0.7306703125 0.7538453125 0.588021875
4 0.1508390625 0.6495828125 0.156940625 0.68324375 0.1602765625 0.6904578124999999 0.745609375 0.5523484375 0.7362765625 0.51191875 0.1508390625 0.6495828125
4 0.1437625 0.626165625 0.14825468749999998 0.6456265625000001 0.7383796874999999 0.5101796875 0.734871875 0.502221875 0.7309984375 0.481825 0.7260109375 0.47107656249999996 0.1390953125 0.6059515625 0.1437625 0.626165625
4 0.7276859375 0.4674734375 0.7208671875 0.4270890625 0.1218890625 0.5603640624999999 0.1317515625 0.6030828125000001 0.7276859375 0.4674734375
4 0.1121734375 0.5219 0.11691718749999999 0.535209375 0.11952499999999999 0.54650625 0.12090468750000001 0.5561015625 0.7187328125 0.4250765625 0.7157125 0.41199531250000004 0.710190625 0.38446250000000004 0.1105265625 0.514765625 0.1121734375 0.5219
4 0.7058140625 0.3835953125 0.6964640625 0.3250078125 0.0878484375 0.4454765625 0.0998515625 0.5047046875000001 0.7058140625 0.3835953125
4 0.69274375 0.3233609375 0.6845984374999999 0.26637343750000003 0.07195625 0.3802578125 0.0807109375 0.41455937499999995 0.083075 0.42841874999999996 0.0859578125 0.440903125 0.69274375 0.3233609375
4 0.681396875 0.26335625 0.6778421875 0.233490625 0.123984375 0.330671875 0.1287125 0.35838749999999997 0.681396875 0.26335625
4 0.6731906249999999 0.23143281249999997 0.6704296875 0.201384375 0.11320156249999999 0.291203125 0.11954687500000001 0.322303125 0.6731906249999999 0.23143281249999997
4 0.6670906249999999 0.1977703125 0.66246875 0.1669 0.105240625 0.2567171875 0.1103421875 0.286053125 0.6670906249999999 0.1977703125
4 0.656475 0.162646875 0.6545687499999999 0.13991562500000002 0.06945 0.235546875 0.07476406249999999 0.25856093750000003 0.656475 0.162646875
4 0.6465609375 0.11608750000000001 0.0612453125 0.20362343749999998 0.06882812499999999 0.22923749999999998 0.649125 0.138040625 0.6483765625 0.1275671875 0.6465609375 0.11608750000000001