5 0.165256096875 0.17131739583333333 0.12535512499999998 0.16737689583333332 0.10576647187499999 0.7538374624999999 0.14483426562499999 0.7585733833333334 0.165256096875 0.17131739583333333
5 0.18590199999999998 0.7585227291666666 0.203435959375 0.17486933333333335 0.16614396874999998 0.17131739583333333 0.147498003125 0.7585733833333334 0.18590199999999998 0.7585227291666666
5 0.189229471875 0.7597574041666667 0.2278941875 0.7611268958333334 0.2433916875 0.17605331666666665 0.20698756562499998 0.17250137499999998 0.189229471875 0.7597574041666667
5 0.2806285625 0.18169981249999997 0.25138283125 0.17842129583333335 0.22829726875 0.7621253625000001 0.258486046875 0.764493325 0.2806285625 0.18169981249999997
5 0.262037653125 0.7633093041666666 0.295277 0.7676373125 0.321527275 0.18670917916666668 0.28334735312500003 0.18315721666666668 0.262037653125 0.7633093041666666
5 0.359707140625 0.18670917916666668 0.322415146875 0.18315721666666668 0.2957780375 0.7633093041666666 0.33662163437500003 0.764493325 0.359707140625 0.18670917916666668
5 0.357931334375 0.19026112083333332 0.335733703125 0.7656772625 0.37730825 0.7676373125 0.39433539687499997 0.19144512083333334 0.390783790625 0.19026112083333332 0.357931334375 0.19026112083333332
5 0.44849760937500005 0.19381307916666665 0.3961112 0.1926291 0.38989591875 0.7692292458333333 0.44317014062500004 0.7715972041666667 0.44849760937500005 0.19381307916666665
5 0.44760967812499997 0.7775171458333333 0.5017718906249999 0.7775171458333333 0.50709924375 0.19736504166666666 0.45471289062500003 0.19381307916666665 0.44760967812499997 0.7775171458333333
5 0.539951696875 0.18670917916666668 0.507987234375 0.18434121666666667 0.499996028125 0.7798851083333334 0.5301847468750001 0.7798851083333334 0.539951696875 0.18670917916666668
5 0.533736353125 0.7810691291666667 0.560373584375 0.7834370875 0.5683646687499999 0.18789315833333334 0.539951696875 0.18552519583333332 0.533736353125 0.7810691291666667
5 0.565700934375 0.7834370875 0.580795353125 0.7869889916666666 0.6003292499999999 0.78580505 0.6302379375 0.7832623125 0.631405840625 0.1985490208333333 0.571916278125 0.19381307916666665 0.565700934375 0.7834370875
5 0.6946910625 0.20253314583333332 0.638509175 0.19736504166666666 0.634957446875 0.7881730083333333 0.6979987375000001 0.7929089291666667 0.6946910625 0.20253314583333332
5 0.750355125 0.7962831458333334 0.793004490625 0.7893569500000001 0.737066534375 0.2092048625 0.69977448125 0.212756825 0.750355125 0.7962831458333334
5 0.800107703125 0.7988288708333333 0.8265269999999999 0.7949810625 0.76725525 0.2092048625 0.744169746875 0.2092048625 0.800107703125 0.7988288708333333
5 0.8011363749999999 0.20774147916666666 0.77524645625 0.2092048625 0.831184415625 0.8011968333333334 0.8560456625 0.7952768916666667 0.8011363749999999 0.20774147916666666
5 0.8548473124999999 0.20383522916666666 0.8098746531250001 0.20683690416666664 0.864036865625 0.8047487333333333 0.91642321875 0.8011968333333334 0.8548473124999999 0.20383522916666666
5 0.919086953125 0.8106686750000001 0.9730113749999999 0.7975852291666666 0.911095746875 0.20446894166666668 0.864924740625 0.20683690416666664 0.919086953125 0.8106686750000001