5 0.079915040625 0.3765190958333333 0.033658346875 0.3743489583333333 0.07259264062500001 0.9364149291666667 0.11408625312500001 0.9299045125000001 0.079915040625 0.3765190958333333
5 0.12547665937500002 0.3743489583333333 0.08316944375 0.3754340291666667 0.115713453125 0.9299045125000001 0.15476626875 0.9233940958333334 0.12547665937500002 0.3743489583333333
5 0.143375865625 0.46983507083333337 0.130358259375 0.46766492916666663 0.15720706874999998 0.9299045125000001 0.16941107500000002 0.927734375 0.143375865625 0.46983507083333337
5 0.15639346875 0.46766492916666663 0.14514923125 0.46875 0.171038275 0.9266493041666667 0.18405588125 0.9244791666666666 0.15639346875 0.46766492916666663
5 0.17185187500000002 0.37000867916666663 0.155728659375 0.37000867916666663 0.18486948125 0.9201388875000001 0.19951428437500002 0.9168836791666667 0.17185187500000002 0.37000867916666663
5 0.18486948125 0.37000867916666663 0.173632303125 0.37109375 0.20195508750000002 0.9157986124999999 0.21497269062500002 0.9136284708333334 0.18486948125 0.37000867916666663
5 0.21741349062499998 0.3851996541666667 0.18812388124999999 0.3873697916666667 0.21741349062499998 0.9212239583333334 0.2426351 0.9157986124999999 0.21741349062499998 0.3851996541666667
5 0.248330303125 0.3862847208333333 0.220832825 0.3884548625 0.248330303125 0.9147135416666666 0.2743655125 0.9136284708333334 0.248330303125 0.3862847208333333
5 0.2759927125 0.2897135416666667 0.245075903125 0.29188367916666663 0.2768063125 0.9244791666666666 0.300400721875 0.9212239583333334 0.2759927125 0.2897135416666667
5 0.304468725 0.2897135416666667 0.27698516875 0.2886284708333333 0.302027921875 0.927734375 0.32806313125000003 0.9233940958333334 0.304468725 0.2897135416666667
5 0.350030340625 0.9223090291666666 0.35491194375 0.9244791666666666 0.363861546875 0.9190538208333333 0.34758954062499997 0.2864583333333333 0.30872345 0.2864583333333333 0.328876734375 0.927734375 0.3427079375 0.9255642374999999 0.350030340625 0.9223090291666666
5 0.385015153125 0.9190538208333333 0.398032759375 0.9136284708333334 0.38745595312500003 0.2907986125 0.35104115937499997 0.2897135416666667 0.366302346875 0.91796875 0.37931995 0.9201388875000001 0.385015153125 0.9190538208333333
5 0.42569516875 0.29188367916666663 0.38928985625 0.2907986125 0.399659959375 0.91796875 0.43301757187499995 0.9125434041666666 0.42569516875 0.29188367916666663
5 0.4777655875 0.35264757083333337 0.43649037812499997 0.35264757083333337 0.441967175 0.9364149291666667 0.4785791875 0.927734375 0.4777655875 0.35264757083333337
5 0.5127504 0.35264757083333337 0.4818335875 0.35264757083333337 0.4802063875 0.908203125 0.5111232 0.9016927083333334 0.5127504 0.35264757083333337
5 0.5359974843749999 0.9244791666666666 0.5429765 0.9255642374999999 0.554366903125 0.9233940958333334 0.56575730625 0.9201388875000001 0.573079709375 0.9125434041666666 0.5804021125000001 0.9060329874999999 0.603996521875 0.2777777791666667 0.60155571875 0.2734375 0.5909789156249999 0.2734375 0.571452509375 0.2712673625 0.5568077031249999 0.2712673625 0.538908496875 0.27235242916666663 0.525194803125 0.27452257083333337 0.520195690625 0.9157986124999999 0.52684448125 0.9236653666666667 0.5359974843749999 0.9244791666666666
5 0.603996521875 0.9157986124999999 0.618641325 0.9157986124999999 0.63409973125 0.9114583333333334 0.6414221343750001 0.9027777791666666 0.677220546875 0.2756076375 0.66420294375 0.2734375 0.642235734375 0.27235242916666663 0.6170141250000001 0.27235242916666663 0.6065750125 0.27452257083333337 0.5852837125 0.9071180541666667 0.590165315625 0.9114583333333334 0.603996521875 0.9157986124999999
5 0.710578159375 0.380859375 0.67249298125 0.38194444583333337 0.6463037375 0.8908420125000001 0.68128855 0.8843315958333334 0.710578159375 0.380859375
5 0.7561397750000001 0.380859375 0.718065896875 0.380859375 0.6877973500000001 0.888671875 0.722782165625 0.8821614583333334 0.7561397750000001 0.380859375
5 0.7984469937500001 0.3830295125 0.761197409375 0.3841145833333333 0.7260365656250001 0.8865017374999999 0.758580578125 0.87890625 0.7984469937500001 0.3830295125
5 0.84075420625 0.3851996541666667 0.80576939375 0.3841145833333333 0.7626485781250001 0.8865017374999999 0.7976333906249999 0.8843315958333334 0.84075420625 0.3851996541666667
5 0.8553990125 0.3287760416666667 0.844822209375 0.3276909708333333 0.80088779375 0.8799913208333333 0.814718996875 0.8799913208333333 0.8553990125 0.3287760416666667
5 0.887129425 0.3266059041666667 0.858853659375 0.3266059041666667 0.813905396875 0.8778211791666667 0.8440086093750001 0.8767361124999999 0.887129425 0.3266059041666667
5 0.9139782343749999 0.33203125 0.903612771875 0.33203125 0.8513310125 0.8778211791666667 0.8610942156249999 0.8778211791666667 0.9139782343749999 0.33203125
5 0.944895046875 0.33311632083333337 0.914791834375 0.33203125 0.861907815625 0.8778211791666667 0.887943025 0.8734809041666666 0.944895046875 0.33311632083333337