6 0.08562031249999999 0.10416718750000001 0.005175 0.09982656250000001 0.0343640625 0.79535625 0.1108421875 0.7888453125 0.08562031249999999 0.10416718750000001
6 0.1702359375 0.10850625 0.0955078125 0.1052515625 0.1165375 0.785590625 0.1897609375 0.785590625 0.1702359375 0.10850625
6 0.2353234375 0.155165625 0.1808125 0.1540796875 0.20033906250000003 0.7845046875 0.2475265625 0.7834203125 0.2353234375 0.155165625
6 0.30936093750000004 0.18012187500000001 0.23939062500000002 0.1779515625 0.2564765625 0.7790796875 0.317496875 0.775825 0.30936093750000004 0.18012187500000001
6 0.32400625 0.1627609375 0.3168609375 0.1627609375 0.32644687499999997 0.776909375 0.3752625 0.775825 0.3809578125 0.7736546875 0.3736359375 0.1627609375 0.3598046875 0.1627609375 0.341090625 0.1671 0.32400625 0.1627609375
6 0.4208234375 0.7779953125 0.4362828125 0.776909375 0.43546874999999996 0.157334375 0.37626875000000004 0.155165625 0.38746718750000003 0.775825 0.4208234375 0.7779953125
6 0.45987656250000003 0.775825 0.4916078125 0.7747390625 0.497303125 0.1627609375 0.44055937500000003 0.16059062500000001 0.44035 0.7736546875 0.45987656250000003 0.775825
6 0.56483125 0.1584203125 0.506478125 0.155165625 0.4989296875 0.775825 0.55588125 0.771484375 0.56483125 0.1584203125
6 0.6030703125 0.15190937499999999 0.5772781250000001 0.1486546875 0.562390625 0.7682296875 0.585984375 0.7649734375 0.6030703125 0.15190937499999999
6 0.6267578125 0.1595046875 0.604134375 0.157334375 0.5868921874999999 0.7541234375 0.608859375 0.75629375 0.6267578125 0.1595046875
6 0.678828125 0.1443140625 0.632453125 0.1399734375 0.6129265625 0.7552078125 0.6544203125 0.7541234375 0.678828125 0.1443140625
6 0.7252046875 0.146484375 0.683071875 0.1443140625 0.657675 0.751953125 0.6983546875 0.75086875 0.7252046875 0.146484375
6 0.7691390625000001 0.1725265625 0.7300859375 0.1681859375 0.705678125 0.7497828125 0.7390359375 0.7486984375 0.7691390625000001 0.1725265625
6 0.7496125 0.7454421875 0.7561203125 0.7476125 0.7780875 0.75086875 0.793546875 0.75086875 0.8391078125 0.16059062500000001 0.7872390625000001 0.1529953125 0.7496125 0.7454421875
6 0.8708390625 0.1454 0.8539703125000001 0.1443140625 0.8090046875000001 0.7443578125 0.8277171875 0.741103125 0.8708390625 0.1454
6 0.900128125 0.1454 0.8775718749999999 0.1443140625 0.8350406250000001 0.7400171875 0.8561937500000001 0.7400171875 0.900128125 0.1454
6 0.93023125 0.146484375 0.905240625 0.1443140625 0.8594484375 0.7389328125 0.8830421875000001 0.7389328125 0.93023125 0.146484375
6 0.962775 0.14756875 0.9361656249999999 0.1454 0.8887375000000001 0.7367625 0.9131453125 0.7367625 0.962775 0.14756875
6 0.9757921875 0.1877171875 0.9595203124999999 0.19097187499999999 0.9139593749999999 0.7367625 0.9269765624999999 0.7356765625 0.9757921875 0.1877171875
6 0.9920656250000001 0.18988750000000001 0.9768546875 0.1877171875 0.93023125 0.7313375 0.9456890625 0.7302515625 0.9920656250000001 0.18988750000000001