6 0.09871250000000001 0.25499062499999997 0.034471875 0.2517359375 0.0629140625 0.7986109375 0.1231203125 0.799696875 0.09871250000000001 0.25499062499999997
6 0.1646140625 0.258246875 0.1027796875 0.25933125 0.1255609375 0.799696875 0.184140625 0.7986109375 0.1646140625 0.258246875
6 0.1914625 0.796440625 0.1947171875 0.80078125 0.2476015625 0.796440625 0.25085625 0.7942703125 0.2459734375 0.25933125 0.1817703125 0.25499062499999997 0.1914625 0.796440625
6 0.27038281249999996 0.791015625 0.2825859375 0.78993125 0.27444999999999997 0.3439671875 0.249228125 0.347221875 0.25899218749999997 0.791015625 0.27038281249999996 0.791015625
6 0.3110625 0.7921 0.3191984375 0.7877609375 0.3021125 0.347221875 0.2777984375 0.3483078125 0.294790625 0.7942703125 0.3110625 0.7921
6 0.3289609375 0.3569875 0.3070953125 0.3569875 0.3281484375 0.7931859375 0.3476734375 0.791015625 0.3289609375 0.3569875
6 0.3851 0.7942703125 0.387540625 0.7931859375 0.35255625 0.3678390625 0.3331375 0.37109375 0.3680140625 0.796440625 0.3851 0.7942703125
6 0.4029984375 0.8018656249999999 0.41113437499999994 0.8018656249999999 0.37696406250000003 0.3689234375 0.3541828125 0.3743484375 0.3916078125 0.8018656249999999 0.4029984375 0.8018656249999999
6 0.42333906250000003 0.80078125 0.433915625 0.7975265625 0.40055781250000005 0.3678390625 0.3803375 0.37217812499999997 0.415203125 0.8018656249999999 0.42333906250000003 0.80078125
6 0.45506875 0.799696875 0.41845781249999997 0.3450515625 0.401371875 0.3493921875 0.40149687500000003 0.3634984375 0.438796875 0.80078125 0.45506875 0.799696875
6 0.46157812500000006 0.796440625 0.47052812499999996 0.7931859375 0.433915625 0.3461375 0.42008437499999995 0.3483078125 0.456696875 0.7931859375 0.46157812500000006 0.796440625
6 0.47947656250000004 0.269096875 0.4373046875 0.27235312500000003 0.47785 0.8029515625 0.515275 0.7986109375 0.47947656250000004 0.269096875
6 0.49020156249999997 0.27235312500000003 0.5201578125 0.8040359374999999 0.558396875 0.799696875 0.5299203125 0.27235312500000003 0.521784375 0.27235312500000003 0.5063265625 0.2756078125 0.49493593750000003 0.27235312500000003 0.49020156249999997 0.27235312500000003
6 0.563278125 0.8040359374999999 0.568159375 0.8040359374999999 0.5453796875 0.2680125 0.5365875 0.269096875 0.5616515625 0.8040359374999999 0.563278125 0.8040359374999999
6 0.558396875 0.2680125 0.549609375 0.2712671875 0.572228125 0.8040359374999999 0.57955 0.8029515625 0.558396875 0.2680125
6 0.57955 0.366753125 0.563278125 0.3678390625 0.581178125 0.7986109375 0.5966359375 0.7975265625 0.57955 0.366753125
6 0.609653125 0.8018656249999999 0.6161625 0.8018656249999999 0.6031453124999999 0.3678390625 0.5860593749999999 0.37000937500000003 0.599890625 0.799696875 0.609653125 0.8018656249999999
6 0.6242984375 0.38194374999999997 0.6073890625 0.3830296875 0.6202296875 0.8029515625 0.6340609374999999 0.80078125 0.6242984375 0.38194374999999997
6 0.651146875 0.8018656249999999 0.6544015625 0.7986109375 0.6446375 0.37977500000000003 0.627734375 0.3830296875 0.6356890625 0.80078125 0.651146875 0.8018656249999999
6 0.687759375 0.31358437499999997 0.6505203125000001 0.31358437499999997 0.6568421875 0.8072921875000001 0.692640625 0.8029515625 0.687759375 0.31358437499999997
6 0.7333203125 0.3146703125 0.698534375 0.3146703125 0.6942671875 0.805121875 0.730065625 0.80078125 0.7333203125 0.3146703125
6 0.7813234375 0.31358437499999997 0.74064375 0.316840625 0.7325062499999999 0.805121875 0.7683046874999999 0.8018656249999999 0.7813234375 0.31358437499999997
6 0.8358343749999999 0.2907984375 0.796190625 0.2907984375 0.775628125 0.8083765625 0.8122406249999999 0.80620625 0.8358343749999999 0.2907984375
6 0.884678125 0.29296875 0.8458328125 0.29405312499999997 0.819590625 0.8083765625 0.854575 0.80620625 0.884678125 0.29296875
6 0.893628125 0.3841140625 0.8791984375 0.3830296875 0.854575 0.796440625 0.861896875 0.79535625 0.893628125 0.3841140625
6 0.8716609375000001 0.786675 0.8773562500000001 0.791015625 0.9066453125 0.38194374999999997 0.8946609375 0.38194374999999997 0.865965625 0.785590625 0.8716609375000001 0.786675