6 0.1910046875 0.28853125 0.0986625 0.28616406250000004 0.091559375 0.88644375 0.1839015625 0.8817078125 0.1910046875 0.28853125
6 0.1892296875 0.8852593750000001 0.280684375 0.8817078125 0.2851234375 0.2909 0.1954453125 0.28853125 0.1892296875 0.8852593750000001
6 0.283346875 0.8757875 0.37124999999999997 0.8757875 0.37480156249999996 0.3323390625 0.2877875 0.3323390625 0.283346875 0.8757875
6 0.3801296875 0.8722359375 0.3890078125 0.8746031249999999 0.40410312499999995 0.8746031249999999 0.4263 0.8710515624999999 0.4263 0.3216828125 0.378284375 0.3210234375 0.3801296875 0.8722359375
6 0.49058906249999995 0.3171171875 0.4280765625 0.3157640625 0.4254125 0.8828921875000001 0.48756562499999995 0.8817078125 0.49058906249999995 0.3171171875
6 0.4928921875 0.8828921875000001 0.5550421875 0.88091875 0.5577093750000001 0.31813125000000003 0.49378124999999995 0.3157640625 0.4928921875 0.8828921875000001
6 0.598553125 0.3145796875 0.5648125 0.3122109375 0.5630375 0.8793390625 0.598553125 0.8805234375 0.598553125 0.3145796875
6 0.6021046875 0.8817078125 0.6349578124999999 0.8817078125 0.6358453125 0.3145796875 0.60299375 0.3145796875 0.6021046875 0.8817078125
6 0.667809375 0.3453625 0.6358453125 0.3453625 0.6367328125 0.87815625 0.666034375 0.876971875 0.667809375 0.3453625
6 0.6695859375000001 0.8746031249999999 0.6802406249999999 0.8793390625 0.692671875 0.8793390625 0.7033265625 0.8734203125000001 0.710315625 0.3405546875 0.67225 0.3429953125 0.6695859375000001 0.8746031249999999
6 0.7077656250000001 0.8757875 0.71309375 0.8793390625 0.7237484375000001 0.8817078125 0.7379546875 0.8805234375 0.7450578125 0.8817078125 0.7610406249999999 0.87815625 0.7743578125 0.338259375 0.76903125 0.337075 0.7548250000000001 0.335890625 0.74150625 0.335890625 0.722859375 0.335890625 0.7122046875 0.337075 0.7077656250000001 0.8757875
6 0.7832375 0.8840749999999999 0.7921171874999999 0.8817078125 0.807971875 0.3353453125 0.7787984375 0.337075 0.7672546875 0.8817078125 0.7832375 0.8840749999999999
6 0.8196421875000001 0.8639484375 0.8338484375 0.8592124999999999 0.84508125 0.3314390625 0.804546875 0.3323390625 0.7921171874999999 0.3335234375 0.79566875 0.3335234375 0.8001078125 0.3335234375 0.8063234375 0.335890625 0.7947796874999999 0.8651312499999999 0.804546875 0.866315625 0.8196421875000001 0.8639484375