0 0.052985209374999995 0.024050025 0.010146103125 0.024050025 0.085302428125 0.9970739125 0.12438371875000001 0.9970739125 0.052985209374999995 0.024050025
0 0.20555255 0.9950697458333334 0.170229075 0.3156565666666667 0.1296446625 0.31766073333333333 0.08906024375 0.31866282083333336 0.1311477875 0.9950697458333334 0.16872594999999999 0.9950697458333334 0.20555255 0.9950697458333334
0 0.2814604375 0.9970739125 0.26116823125 0.31265031249999997 0.22359006875 0.3136523958333333 0.181502525 0.31866282083333336 0.21381974375 0.9960718291666667 0.246888528125 0.998076 0.2814604375 0.9970739125
0 0.29273388749999996 0.07215007083333333 0.27093855312500004 0.07315215833333334 0.28897606875 0.9940676624999999 0.308516715625 0.9970739125 0.29273388749999996 0.07215007083333333
0 0.39870430625000003 0.9950697458333334 0.39870430625000003 0.40083373333333333 0.34910113125 0.40083373333333333 0.30551046249999997 0.40083373333333333 0.317535475 0.9950697458333334 0.3551136375 0.9940676624999999 0.39870430625000003 0.9950697458333334
0 0.439288721875 0.007014591666666667 0.403213684375 0.007014591666666667 0.405468375 0.9950697458333334 0.43628246875 0.998076 0.439288721875 0.007014591666666667
0 0.48814033125 0.0040083375 0.44905904375 0.0040083375 0.4430465375 0.9970739125 0.47386063125 0.9960718291666667 0.48814033125 0.0040083375
0 0.5174513000000001 0.0511063 0.497159090625 0.04810005 0.47912157187500004 0.9960718291666667 0.50016534375 0.9930655749999999 0.5174513000000001 0.0511063
0 0.546010703125 0.14029180833333335 0.520457553125 0.13928972083333332 0.503923159375 0.9950697458333334 0.527221621875 0.9950697458333334 0.546010703125 0.14029180833333335
0 0.6549873749999999 0.005010420833333334 0.56329665625 0.006012504166666667 0.5332341281249999 0.9940676624999999 0.606887325 0.9950697458333334 0.6549873749999999 0.005010420833333334
0 0.7564484125 0.0040083375 0.664757696875 0.005010420833333334 0.61365139375 0.9940676624999999 0.683546778125 0.9880551541666667 0.7564484125 0.0040083375
0 0.797032828125 0.06713965000000001 0.76246091875 0.06212922916666667 0.6880561562499999 0.9930655749999999 0.7181186875 0.9940676624999999 0.797032828125 0.06713965000000001
0 0.8188281625 0.06212922916666667 0.803045334375 0.060125058333333335 0.722628065625 0.998076 0.735404640625 0.9960718291666667 0.8188281625 0.06212922916666667
0 0.845132875 0.07114798750000001 0.82408910625 0.06713965000000001 0.742920275 0.9940676624999999 0.7564484125 0.9950697458333334 0.845132875 0.07114798750000001
0 0.87444384375 0.07315215833333334 0.8541516343750001 0.075156325 0.76321248125 0.9920634916666666 0.7835046906249999 0.9920634916666666 0.87444384375 0.07315215833333334
0 0.8984938687499999 0.07716049166666666 0.8797047875 0.08016674583333333 0.78876563125 0.998076 0.8045484593750001 0.9950697458333334 0.8984938687499999 0.07716049166666666
0 0.92630170625 0.0030062541666666664 0.9067610625 0.0030062541666666664 0.8113125312499999 0.9960718291666667 0.823337540625 0.9950697458333334 0.92630170625 0.0030062541666666664
0 0.953357984375 0.0040083375 0.93832671875 0.006012504166666667 0.829350046875 0.9960718291666667 0.840623496875 0.9960718291666667 0.953357984375 0.0040083375
0 0.97440175625 0.005010420833333334 0.960873615625 0.005010420833333334 0.845884440625 0.9970739125 0.858661015625 0.998076 0.97440175625 0.005010420833333334
0 0.999751984375 0.030092591666666668 0.99845178125 0.007014591666666667 0.98642676875 0.008016675 0.86166726875 0.9990780833333334 0.878953221875 0.998076 0.999751984375 0.030092591666666668
0 0.99845178125 0.2515231666666667 0.9946939625000001 0.08918550416666667 0.8857172906249999 0.9970739125 0.9030032468750001 0.9970739125 0.99845178125 0.2515231666666667