6 0.013703125 0.893975 0.0732140625 0.8957625 0.12901875000000002 0.2504453125 0.0770078125 0.243246875 0.013703125 0.893975
6 0.1861796875 0.26037656249999996 0.1324796875 0.2518734375 0.07465468750000001 0.9006109375 0.1305234375 0.9030015625000001 0.1861796875 0.26037656249999996
6 0.1349671875 0.9036421875 0.1862578125 0.908415625 0.24437812499999997 0.2687734375 0.193265625 0.260871875 0.1349671875 0.9036421875
6 0.30171562500000004 0.2755765625 0.2487375 0.2694984375 0.190521875 0.9110875 0.2452953125 0.9136374999999999 0.30171562500000004 0.2755765625
6 0.24657187500000002 0.911446875 0.276603125 0.9147328124999999 0.33538125 0.2973265625 0.30490625 0.293603125 0.24657187500000002 0.911446875
6 0.2814453125 0.9091374999999999 0.31308437499999997 0.9149109375 0.3662828125 0.303403125 0.33743124999999996 0.29943749999999997 0.2814453125 0.9091374999999999
6 0.313309375 0.924421875 0.3404375 0.9310656249999999 0.3985046875 0.2625828125 0.3707671875 0.25548125 0.313309375 0.924421875
6 0.3447 0.9337375 0.372240625 0.9344765625000001 0.42754843749999993 0.267225 0.3995015625 0.2646109375 0.3447 0.9337375
6 0.377803125 0.9313046875 0.41049375 0.934778125 0.45742656249999997 0.3019453125 0.42658281249999996 0.29736406249999997 0.377803125 0.9313046875
6 0.522971875 0.25544218750000003 0.4683859375 0.246878125 0.412346875 0.9337203125 0.475540625 0.938875 0.522971875 0.25544218750000003
6 0.48312343750000003 0.9398562500000001 0.5407796874999999 0.9427015624999999 0.5854468749999999 0.2657453125 0.5328765625 0.2589265625 0.48312343750000003 0.9398562500000001
6 0.6390046875000001 0.26355625 0.598590625 0.2559828125 0.5450437499999999 0.9453734375 0.58748125 0.9480078125 0.6390046875000001 0.26355625
6 0.59101875 0.949775 0.634503125 0.951628125 0.6820171875 0.26805 0.6427125 0.26144218750000003 0.59101875 0.949775
6 0.6371609375 0.9518140624999999 0.699409375 0.95260625 0.7479046874999999 0.2972828125 0.6834109374999999 0.2903984375 0.6371609375 0.9518140624999999
6 0.814890625 0.3067140625 0.7533015625 0.2964734375 0.7040031250000001 0.9505546875 0.77108125 0.9543203124999999 0.814890625 0.3067140625
6 0.771425 0.9410265624999999 0.800346875 0.9347406250000001 0.848353125 0.37551875 0.8125328125 0.36589218749999997 0.771425 0.9410265624999999
6 0.8260343750000001 0.9365375 0.851 0.9359093749999999 0.9001984375 0.385078125 0.8492390625 0.37558125000000003 0.8076812500000001 0.9316921875 0.8260343750000001 0.9365375