5 0.0555130875 0.4926215291666667 0.036099753125 0.4926215291666667 0.080734696875 0.9309895833333334 0.101888303125 0.9266493041666667 0.0555130875 0.4926215291666667
5 0.07910749375000001 0.48936632083333337 0.0603946875 0.4904513875 0.10432910312499999 0.9320746541666666 0.122228309375 0.9309895833333334 0.07910749375000001 0.48936632083333337
5 0.18162113124999998 0.3146701375 0.17999393125000002 0.3059895833333333 0.11829376250000001 0.3049045125 0.160467525 0.8561197916666666 0.21497874375 0.8561197916666666 0.18162113124999998 0.3146701375
5 0.24589555624999998 0.3092447916666667 0.20928354374999997 0.3092447916666667 0.183397928125 0.3103298625 0.21741954687499998 0.8615451375000001 0.274371565625 0.859375 0.24589555624999998 0.3092447916666667
5 0.31667878125 0.8648003458333334 0.28982997187500004 0.283203125 0.244433084375 0.283203125 0.274371565625 0.8637152791666666 0.28088036875 0.8658854166666666 0.31667878125 0.8648003458333334
5 0.36061319687500004 0.8680555541666667 0.33945959062500003 0.2853732625 0.2940750125 0.2853732625 0.321560384375 0.8637152791666666 0.3288827875 0.8680555541666667 0.36061319687500004 0.8680555541666667
5 0.395598009375 0.2875434041666667 0.34615834687499997 0.2864583333333333 0.3663084 0.8658854166666666 0.40861561562500004 0.8658854166666666 0.395598009375 0.2875434041666667
5 0.44766842812499996 0.2907986125 0.398241678125 0.2907986125 0.41268361875000004 0.8680555541666667 0.45336363124999995 0.8658854166666666 0.44766842812499996 0.2907986125
5 0.49007775000000003 0.2994791666666667 0.451024934375 0.2994791666666667 0.45590653750000004 0.8810763875000001 0.49251855000000005 0.87890625 0.49007775000000003 0.2994791666666667
5 0.5283169625 0.2994791666666667 0.49182891875 0.2994791666666667 0.49414575000000005 0.8799913208333333 0.5266897625 0.8745659708333334 0.5283169625 0.2994791666666667
5 0.5510977718750001 0.3678385416666667 0.53089141875 0.3667534708333333 0.5291305625 0.8702256958333333 0.54702976875 0.8669704874999999 0.5510977718750001 0.3678385416666667
5 0.569810578125 0.87890625 0.57550578125 0.3656684041666667 0.567369778125 0.3667534708333333 0.55530548125 0.3678385416666667 0.550284171875 0.87890625 0.561674575 0.8810763875000001 0.569810578125 0.87890625
5 0.6267626 0.3005642375 0.58460235625 0.3005642375 0.57550578125 0.8843315958333334 0.61455859375 0.8799913208333333 0.6267626 0.3005642375
5 0.638966603125 0.8951822916666666 0.6560522093750001 0.8930121541666666 0.674765015625 0.3049045125 0.6275762 0.30381944583333337 0.6161857937499999 0.8908420125000001 0.622694596875 0.8951822916666666 0.638966603125 0.8951822916666666
5 0.6951050249999999 0.8973524291666667 0.7048682281249999 0.8940972208333334 0.7300898375 0.3049045125 0.691210428125 0.3059895833333333 0.6682562125 0.8940972208333334 0.674765015625 0.8973524291666667 0.6951050249999999 0.8973524291666667
5 0.75124344375 0.8962673624999999 0.75205704375 0.8875868041666667 0.7854146562500001 0.3081597208333333 0.744921365625 0.31141492916666663 0.71788583125 0.9016927083333334 0.738225840625 0.8984375 0.75124344375 0.8962673624999999
5 0.7959914593749999 0.888671875 0.841553078125 0.3125 0.8043289187499999 0.3125 0.7593794468749999 0.8973524291666667 0.7854146562500001 0.8940972208333334 0.7959914593749999 0.888671875
5 0.8277218718749999 0.8951822916666666 0.8334170750000001 0.888671875 0.8879282937499999 0.31141492916666663 0.849088034375 0.3125 0.7976186625 0.8951822916666666 0.809009065625 0.8951822916666666 0.8277218718749999 0.8951822916666666
5 0.873283490625 0.8940972208333334 0.943253115625 0.3157552083333333 0.903612771875 0.3179253458333333 0.8423666781250001 0.8962673624999999 0.860265884375 0.8962673624999999 0.873283490625 0.8940972208333334
5 0.9017595 0.8973524291666667 0.913149903125 0.8930121541666666 0.9920691312500001 0.3168402791666667 0.952440896875 0.3190104166666667 0.88223309375 0.8940972208333334 0.8911826968750001 0.8973524291666667 0.9017595 0.8973524291666667