4 0.3289984375 0.0034390625000000003 0.32263593749999997 0.040203125 0.84795625 0.1391375 0.8584421875 0.09799687500000001 0.3289984375 0.0034390625000000003
4 0.8444328125 0.17271406250000002 0.8485109375000001 0.1436984375 0.32825000000000004 0.042785937499999996 0.321334375 0.07498906250000001 0.8444328125 0.17271406250000002
4 0.32003750000000003 0.07570312500000001 0.3155890625 0.10735625 0.854978125 0.20826875 0.862659375 0.17855937500000002 0.32003750000000003 0.07570312500000001
4 0.8471359375 0.2385484375 0.8546078125 0.21090625 0.3078125 0.11164375 0.30324062500000004 0.1441765625 0.8471359375 0.2385484375
4 0.2957109375 0.14670468750000001 0.293978125 0.17604999999999998 0.8827984375 0.27404687499999997 0.8937968749999999 0.247034375 0.2957109375 0.14670468750000001
4 0.8773640625000001 0.2956984375 0.8779843749999999 0.274265625 0.29336093750000003 0.180446875 0.290546875 0.2076171875 0.8773640625000001 0.2956984375
4 0.28459375 0.20880312499999998 0.2838484375 0.23111406250000002 0.8728796875 0.32101562499999997 0.8759453125000001 0.29729218749999997 0.28459375 0.20880312499999998
4 0.86995 0.34845468749999997 0.8719906249999999 0.325428125 0.27971406249999997 0.235015625 0.2776421875 0.2620140625 0.86995 0.34845468749999997
4 0.2792765625 0.263646875 0.2720515625 0.28953125 0.8643875 0.3720890625 0.8698265624999999 0.34933281250000003 0.2792765625 0.263646875
4 0.27168125 0.29216875 0.2683421875 0.33294375 0.803478125 0.40456562500000004 0.80774375 0.3657140625 0.27168125 0.29216875
4 0.791190625 0.4494640625 0.79829375 0.4074234375 0.2686484375 0.33926406249999996 0.2649296875 0.38053906249999997 0.791190625 0.4494640625
4 0.8417875 0.480784375 0.8451234375000001 0.45704374999999997 0.254634375 0.3794359375 0.25351875 0.40438437499999996 0.8417875 0.480784375
4 0.249384375 0.4082859375 0.24851562500000002 0.4314765625 0.8369078125 0.506996875 0.841540625 0.4825421875 0.249384375 0.4082859375
4 0.2506140625 0.43356562500000007 0.2465953125 0.470659375 0.7758609375 0.534196875 0.782603125 0.5020546875 0.2506140625 0.43356562500000007
4 0.7724703125 0.5741546875 0.777290625 0.5398625 0.24128750000000002 0.4743953125 0.23898125 0.5090375 0.7724703125 0.5741546875
4 0.232209375 0.51346875 0.2256640625 0.543034375 0.7678984375 0.6066874999999999 0.773271875 0.5769578125 0.232209375 0.51346875
4 0.762153125 0.6390546875 0.76715625 0.6119625 0.22307187499999998 0.5444625000000001 0.221459375 0.5775796875 0.762153125 0.6390546875
4 0.7531390625000001 0.6691703125 0.7590671875 0.6440015625 0.21825156250000002 0.5787546875 0.2155484375 0.610278125 0.7531390625000001 0.6691703125
4 0.21590156249999998 0.6124953125 0.21219375000000001 0.6388734375 0.7689921875 0.7009875 0.774675 0.6775765625 0.21590156249999998 0.6124953125
4 0.20349218750000003 0.6412375 0.2005875 0.6704171875 0.7705296875000001 0.7325859375 0.7755328125000001 0.7054921875 0.20349218750000003 0.6412375
4 0.191821875 0.6817390624999999 0.1875578125 0.720590625 0.8185921875 0.7904484375 0.825021875 0.755103125 0.191821875 0.6817390624999999
4 0.81118125 0.8261687500000001 0.817171875 0.7920421875 0.1826203125 0.721690625 0.181725 0.7573921875 0.81118125 0.8261687500000001
4 0.1892796875 0.7593875 0.18563281250000002 0.79384375 0.7401718749999999 0.853628125 0.7486703125 0.8200734375 0.1892796875 0.7593875
4 0.7306375 0.8973390625000001 0.73656875 0.8551343749999999 0.1852609375 0.79648125 0.178790625 0.8437625000000001 0.7306375 0.8973390625000001
4 0.16543593750000002 0.8950140624999999 0.7230984375 0.9509734375000001 0.729303125 0.9122562500000001 0.16809687499999998 0.8505578125 0.16543593750000002 0.8950140624999999
4 0.7593156249999999 0.99103125 0.7644421875 0.9630609375000001 0.1613 0.8989171875 0.15617343749999998 0.9268890624999999 0.7593156249999999 0.99103125