4 0 0.36912656250000003 0.191 0.8504875000000001 0.22659375 0.8389218749999999 0.0152484375 0.2937828125 0 0.297884375 0 0.36912656250000003
4 0.2321140625 0.834846875 0.265825 0.822753125 0.055820312500000004 0.2817421875 0.0210015625 0.2930546875 0.2321140625 0.834846875
4 0.26969375 0.8214953125 0.29976875000000003 0.81400625 0.10206718749999999 0.27926562499999996 0.0674890625 0.28821875 0.26969375 0.8214953125
4 0.3052875 0.8099296875 0.3362390625 0.7998734375 0.1453984375 0.26518593749999997 0.1126109375 0.2769796875 0.3052875 0.8099296875
4 0.34021093750000003 0.7963015625 0.34364218750000003 0.7963281249999999 0.3733796875 0.78780625 0.3807828125 0.784259375 0.21067968750000002 0.297596875 0.16706875000000002 0.3129078125 0.34021093750000003 0.7963015625
4 0.383671875 0.787884375 0.41849218749999995 0.7765703125 0.23327499999999998 0.2354921875 0.1998375 0.245215625 0.383671875 0.787884375
4 0.4212515625 0.7745328125000001 0.4413703125 0.7679968749999999 0.45550468750000006 0.758840625 0.29293281250000003 0.2742953125 0.2713703125 0.27901875 0.253909375 0.2858328125 0.4212515625 0.7745328125000001
4 0.49519843750000003 0.749365625 0.33781249999999996 0.2597125 0.3000890625 0.27197031250000003 0.45718125 0.764 0.49122656249999996 0.7529375 0.49519843750000003 0.749365625
4 0.4975203125 0.7486109375 0.5257125 0.7405921875 0.3568734375 0.199896875 0.32757187499999996 0.207134375 0.4975203125 0.7486109375
4 0.5291421875 0.74061875 0.557334375 0.7325999999999999 0.3901453125 0.1890859375 0.36161875 0.196071875 0.5291421875 0.74061875
4 0.5594234375 0.7284984375 0.5991171875 0.7190234375 0.45488437499999995 0.2250953125 0.41066250000000004 0.23832343749999998 0.5594234375 0.7284984375
4 0.6042984375 0.7161984375 0.6274093749999999 0.710971875 0.64443125 0.705440625 0.5025203125 0.210759375 0.48206718750000005 0.2162640625 0.45821093749999997 0.224015625 0.6042984375 0.7161984375
4 0.662615625 0.7166453125000001 0.6850546875 0.7093546875000001 0.5316921875 0.16363125 0.506303125 0.1718796875 0.662615625 0.7166453125000001
4 0.690471875 0.7075953125 0.71479375 0.7008328125000001 0.5645265625 0.154103125 0.537596875 0.162853125 0.690471875 0.7075953125
4 0.7071859375 0.6747828124999999 0.7292890625 0.666459375 0.601821875 0.189903125 0.5756171875 0.1961359375 0.7071859375 0.6747828124999999
4 0.7303984375 0.667240625 0.761453125 0.6548671875000001 0.6366421875 0.1785890625 0.6039749999999999 0.1880625 0.7303984375 0.667240625
4 0.7669734375 0.6507921875 0.784434375 0.6439781250000001 0.6692953125 0.2158984375 0.6516734375000001 0.2216234375 0.7669734375 0.6507921875
4 0.794621875 0.646371875 0.810975 0.6387765625 0.7004796875 0.2091890625 0.6818578125 0.211815625 0.794621875 0.646371875
4 0.8251609375 0.6455765625 0.8685953124999999 0.6291828125000001 0.736228125 0.0743546875 0.6858921875 0.08728749999999999 0.8251609375 0.6455765625
4 0.872903125 0.6266421875 0.91976875 0.6102734375 0.7953703125 0.056279687499999995 0.7438359375 0.0707421875 0.872903125 0.6266421875