0 0.1171875 0.09570109166666667 0.049712212500000005 0.07293834583333333 0.00012194375 0.5162699458333333 0.005796371874999999 0.9996639791666666 0.1171875 0.09570109166666667
0 0.20336075625 0.09678503333333334 0.12938182812500001 0.062098941666666664 0.0033737656249999996 0.9780285291666666 0.0703125 0.9996639791666666 0.20336075625 0.09678503333333334
0 0.074100871875 0.9704409458333333 0.12938182812500001 0.9888679333333333 0.29197288125 0.10003685416666667 0.22368463749999998 0.062098941666666664 0.074100871875 0.9704409458333333
0 0.31067085 0.2030111875 0.274087865625 0.18566814166666665 0.131007740625 0.9736927666666666 0.159461171875 0.9791124708333334 0.31067085 0.2030111875
0 0.167590725 0.9606854833333334 0.191166428125 0.9715248875 0.34806679375 0.20626300833333333 0.32123926875 0.18675208333333335 0.167590725 0.9606854833333334
0 0.3976570625 0.19759148333333335 0.360261121875 0.18566814166666665 0.18791460625 0.9736927666666666 0.2196198625 0.98128035 0.3976570625 0.19759148333333335
0 0.22531055000000003 0.9650212458333333 0.251325115625 0.9747767083333333 0.43586595937499995 0.19759148333333335 0.40416070625 0.18566814166666665 0.22531055000000003 0.9650212458333333
0 0.500089425 0.21168270833333333 0.452938021875 0.1802484375 0.25945466875 0.9520139625 0.302541296875 0.9671891250000001 0.500089425 0.21168270833333333
0 0.314735628125 0.9270833333333334 0.360261121875 0.9520139625 0.5659388 0.1824163208333333 0.5244780812500001 0.15965357083333334 0.314735628125 0.9270833333333334
0 0.6334140875000001 0.1878360208333333 0.578946084375 0.15965357083333334 0.374081359375 0.9411745583333333 0.41391616875 0.9530978999999999 0.6334140875000001 0.1878360208333333
0 0.43424005 0.866382675 0.46106757187499997 0.8804739 0.689508 0.09353321249999999 0.65780274375 0.07293834583333333 0.43424005 0.866382675
0 0.72934280625 0.08594562916666666 0.69845050625 0.07619016666666667 0.47001008125 0.866382675 0.503341246875 0.8793899583333334 0.72934280625 0.08594562916666666
0 0.502528290625 0.894565125 0.5261039937499999 0.9075724083333333 0.7716164812499999 0.11846384166666667 0.73584645 0.09678503333333334 0.502528290625 0.894565125
0 0.819580840625 0.13038718333333332 0.782997853125 0.1076244375 0.5261039937499999 0.9108242291666666 0.559435159375 0.9249154541666668 0.819580840625 0.13038718333333332
0 0.5659388 0.9032366458333333 0.5960181437500001 0.91407605 0.85860269375 0.12388354166666667 0.832588125 0.108708375 0.5659388 0.9032366458333333
0 0.9106318281249999 0.06643470416666666 0.887056125 0.061015 0.6065865625 0.905404525 0.62691044375 0.9097402875 0.9106318281249999 0.06643470416666666
0 0.6285363562499999 0.905404525 0.646421371875 0.9129921083333333 0.9366463968750001 0.0653507625 0.9130706937499999 0.05234347916666667 0.6285363562499999 0.905404525
0 0.9764812031250001 0.058847120833333336 0.95534436875 0.0512595375 0.656989790625 0.8978169458333334 0.665119340625 0.9043205875000001 0.9764812031250001 0.058847120833333336
0 0.6732488937500001 0.8880614791666667 0.690320953125 0.8967330041666667 0.999747984375 0.05846774166666667 0.982171890625 0.040420137499999995 0.6732488937500001 0.8880614791666667
0 0.9959921312500001 0.075106225 0.693572775 0.9021527041666667 0.7147096125 0.9097402875 0.999747984375 0.14516129166666666 0.9959921312500001 0.075106225