0 0.027762421875 0.09244927083333333 0.006625584375 0.09136533333333333 0.06597131875 0.9856161125 0.0862952 0.9856161125 0.027762421875 0.09244927083333333
0 0.064345409375 0.9867000499999999 0.0017478531249999999 0.10003685416666667 0.0017478531249999999 0.46315686666666667 0.038330840625 0.9877839916666667 0.064345409375 0.9867000499999999
0 0.061093587500000004 0.09353321249999999 0.026136512499999997 0.09461715416666668 0.08710815625 0.9888679333333333 0.123691140625 0.9877839916666667 0.061093587500000004 0.09353321249999999
0 0.10336725937499999 0.2084308875 0.07084905 0.20951482916666667 0.124504096875 0.9888679333333333 0.14726684375000001 0.9867000499999999 0.10336725937499999 0.2084308875
0 0.124504096875 0.14014264583333333 0.09442475312500001 0.14014264583333333 0.14482797812499998 0.9910358125 0.171655503125 0.9867000499999999 0.124504096875 0.14014264583333333
0 0.150518665625 0.13472294583333333 0.12125227499999999 0.13797476666666667 0.170029590625 0.9910358125 0.1927923375 0.9888679333333333 0.150518665625 0.13472294583333333
0 0.2098644 0.21059876666666666 0.160274128125 0.21927029166666667 0.19929598125 0.9921197541666668 0.2407567 0.995371575 0.2098644 0.21059876666666666
0 0.2407567 0.21818635 0.20905144375 0.21818635 0.24400851875 0.9921197541666668 0.26921013125000004 0.9942876333333334 0.2407567 0.21818635
0 0.26921013125000004 0.22035423333333334 0.23994374375 0.22143817083333334 0.2659583125 0.9964555166666667 0.29197288125 0.9964555166666667 0.26921013125000004 0.22035423333333334
0 0.2968506125 0.22577393333333334 0.26839717812499997 0.2225221125 0.29603765625 0.9986233958333333 0.319613359375 0.995371575 0.2968506125 0.22577393333333334
0 0.318800403125 0.2225221125 0.288721059375 0.2279418125 0.319613359375 0.9964555166666667 0.3431890625 0.9986233958333333 0.318800403125 0.2225221125
0 0.344814971875 0.11846384166666667 0.314735628125 0.12063172083333333 0.3431890625 0.995371575 0.36757771875 0.9942876333333334 0.344814971875 0.11846384166666667
0 0.37164249374999997 0.1173799 0.34075019375000004 0.1173799 0.365138853125 0.9964555166666667 0.394405240625 0.9964555166666667 0.37164249374999997 0.1173799
0 0.43586595937499995 0.24311697916666666 0.37245545 0.24528485833333333 0.38708864374999996 0.9975394541666667 0.451108871875 0.9993279583333333 0.43586595937499995 0.24311697916666666
0 0.45862870625 0.10979231666666665 0.43017527187500004 0.10979231666666665 0.450499153125 0.9975394541666667 0.47883064375 0.9993279583333333 0.45862870625 0.10979231666666665
0 0.48870804999999995 0.11196019583333333 0.45537688750000005 0.103288675 0.47976554374999997 0.9964555166666667 0.503276209375 0.9996639791666666 0.48870804999999995 0.11196019583333333
0 0.50496715625 0.10003685416666667 0.47895258749999997 0.097868975 0.503276209375 0.9996639791666666 0.5226814531249999 0.9996639791666666 0.50496715625 0.10003685416666667
0 0.533420590625 0.09895291249999999 0.50496715625 0.09895291249999999 0.523665128125 0.9932036958333333 0.5446068562499999 0.9996639791666666 0.533420590625 0.09895291249999999
0 0.577320175 0.02741285 0.533420590625 0.02741285 0.5446068562499999 0.9996639791666666 0.5830108625 0.9986233958333333 0.577320175 0.02741285
0 0.61878089375 0.028496791666666667 0.578133128125 0.02741285 0.585449728125 0.9975394541666667 0.6275201625 0.9996639791666666 0.61878089375 0.028496791666666667
0 0.666745253125 0.22577393333333334 0.6220327125 0.21927029166666667 0.634227040625 0.9986233958333333 0.6756877593749999 0.9975394541666667 0.666745253125 0.22577393333333334
0 0.7163355218749999 0.14773022916666667 0.6643063875 0.14881417083333334 0.677313671875 0.9964555166666667 0.722782259375 0.9996639791666666 0.7163355218749999 0.14773022916666667
0 0.7634869281250001 0.11087625833333334 0.7204003 0.11196019583333333 0.72527803125 0.9986233958333333 0.7691776156250001 0.9986233958333333 0.7634869281250001 0.11087625833333334
0 0.799256959375 0.17374479583333333 0.7634869281250001 0.1694090375 0.764112903125 0.9996639791666666 0.8031754031249999 0.9996639791666666 0.799256959375 0.17374479583333333
0 0.8309622125 0.1748287375 0.8008828687499999 0.17699661666666666 0.79989919375 0.9996639791666666 0.839717740625 0.9996639791666666 0.8309622125 0.1748287375
0 0.8675452 0.10545655416666667 0.845595409375 0.11412807916666666 0.8431565437499999 0.995371575 0.872983871875 0.9996639791666666 0.8675452 0.10545655416666667
0 0.898185484375 0.9993279583333333 0.891933859375 0.1076244375 0.869171109375 0.1076244375 0.869171109375 0.9932036958333333 0.895161290625 0.9996639791666666 0.898185484375 0.9993279583333333
0 0.932581621875 0.10654049583333333 0.8976245437499999 0.1076244375 0.902469759375 0.9996639791666666 0.931703628125 0.9996639791666666 0.932581621875 0.10654049583333333
0 0.9602221 0.10979231666666665 0.9293298 0.11196019583333333 0.9293298 0.995371575 0.95940914375 0.9964555166666667 0.9602221 0.10979231666666665
0 0.999747984375 0.11626344166666666 0.962660965625 0.11954777916666666 0.95940914375 0.9975394541666667 0.999747984375 0.9996639791666666 0.999747984375 0.11626344166666666