6 0.052151562500000005 0.1011203125 0.012315625 0.1022046875 0.088734375 0.9216640625 0.1204390625 0.9259999999999999 0.052151562500000005 0.1011203125
6 0.0797921875 0.107625 0.044021875 0.107625 0.1188140625 0.9238312499999999 0.1423890625 0.922746875 0.0797921875 0.107625
6 0.10580624999999999 0.11304375 0.077353125 0.1108765625 0.14076249999999998 0.9259999999999999 0.1700296875 0.9205796875000001 0.10580624999999999 0.11304375
6 0.138325 0.1097921875 0.099303125 0.1032890625 0.17165625 0.9216640625 0.1911671875 0.922746875 0.138325 0.1097921875
6 0.1659640625 0.114128125 0.1301953125 0.1108765625 0.188728125 0.9259999999999999 0.21962031249999997 0.9281671875 0.1659640625 0.114128125
6 0.2041734375 0.15315 0.16515156250000002 0.15640156249999998 0.21799375 0.922746875 0.246446875 0.9238312499999999 0.2041734375 0.15315
6 0.23344062499999998 0.15423437499999998 0.20173437500000002 0.1574859375 0.24075625 0.9205796875000001 0.27571406249999997 0.9184125 0.23344062499999998 0.15423437499999998
6 0.2862828125 0.1119609375 0.234253125 0.10545625 0.27571406249999997 0.9238312499999999 0.3090453125 0.9162437499999999 0.2862828125 0.1119609375
6 0.30579375 0.2214375 0.2814046875 0.2279421875 0.3163609375 0.9259999999999999 0.3399375 0.9162437499999999 0.30579375 0.2214375
6 0.334246875 0.23227812499999997 0.3090453125 0.2355296875 0.33749843749999997 0.9119078125 0.3757078125 0.9043203125 0.334246875 0.23227812499999997
6 0.38708906249999997 0.23119375 0.34237656250000004 0.23444531249999997 0.3765203125 0.910825 0.413915625 0.9097406250000001 0.38708906249999997 0.23119375
6 0.423671875 0.2409484375 0.389528125 0.2409484375 0.4106640625 0.589978125 0.422859375 0.7894234375 0.40903906250000005 0.9140765625 0.44562187499999995 0.9140765625 0.457815625 0.799178125 0.4545640625 0.690784375 0.423671875 0.2409484375
6 0.46350625 0.247453125 0.422859375 0.247453125 0.4594421875 0.6951203125000001 0.458628125 0.7959265624999999 0.44968593749999997 0.9194953124999999 0.4870828125 0.9216640625 0.500903125 0.8056812499999999 0.49033437500000004 0.7092109375 0.46350625 0.247453125
6 0.503340625 0.7937593749999999 0.48870781250000006 0.917328125 0.5269171874999999 0.917328125 0.535859375 0.69945625 0.5057796875 0.26154375 0.469196875 0.25395625 0.503340625 0.7937593749999999
6 0.539925 0.13580625 0.5074062500000001 0.13797500000000001 0.5334203125 0.9119078125 0.5724421875 0.910825 0.539925 0.13580625
6 0.580571875 0.1347234375 0.535046875 0.13797500000000001 0.580571875 0.9194953124999999 0.6041484374999999 0.9140765625 0.580571875 0.1347234375
6 0.6659328125 0.05559531250000001 0.5821984375 0.068603125 0.6073999999999999 0.9162437499999999 0.679753125 0.9097406250000001 0.6659328125 0.05559531250000001
6 0.7065796875 0.13797500000000001 0.668371875 0.1488140625 0.6789390625 0.917328125 0.7212125 0.9119078125 0.7065796875 0.13797500000000001
6 0.7382859374999999 0.13797500000000001 0.7065796875 0.136890625 0.7236515625 0.9129921875000001 0.748040625 0.910825 0.7382859374999999 0.13797500000000001
6 0.7805593749999999 0.0642671875 0.7456015625 0.066434375 0.748853125 0.915159375 0.7829984375000001 0.9140765625 0.7805593749999999 0.0642671875
6 0.8122640625 0.131471875 0.7854375 0.131471875 0.7895015625 0.9119078125 0.8163296875 0.907571875 0.8122640625 0.131471875
6 0.871609375 0.152065625 0.814703125 0.1629046875 0.8122640625 0.9162437499999999 0.8642937500000001 0.915159375 0.871609375 0.152065625
6 0.897625 0.1498984375 0.8699843749999999 0.1488140625 0.8634796874999999 0.917328125 0.88786875 0.907571875 0.897625 0.1498984375
6 0.9358328124999999 0.15423437499999998 0.897625 0.15640156249999998 0.8886828124999999 0.9129921875000001 0.925265625 0.9097406250000001 0.9358328124999999 0.15423437499999998
6 0.9699781249999999 0.1553171875 0.9342078125000001 0.1509828125 0.9220124999999999 0.9129921875000001 0.9577828125 0.9086562499999999 0.9699781249999999 0.1553171875
6 0.9997484375000001 0.1532265625 0.966725 0.15640156249999998 0.9553437499999999 0.9086562499999999 0.988675 0.9021531250000001 0.9997484375000001 0.1532265625