0 0.05458994375 0.002482225 0.015568093750000001 0.006817983333333334 0.04646039375 0.8815578375 0.07735269375 0.8728863166666667 0.05458994375 0.002482225
0 0.09117293125 0.0013982833333333333 0.05458994375 0.004650104166666667 0.07735269375 0.8783060166666666 0.110683859375 0.8793899583333334 0.09117293125 0.0013982833333333333
0 0.128568875 0.005734045833333334 0.09117293125 0.006817983333333334 0.11312272500000001 0.8815578375 0.134259559375 0.8793899583333334 0.128568875 0.005734045833333334
0 0.1732814125 0.008985866666666667 0.131007740625 0.010069804166666666 0.135885471875 0.8858936 0.182223921875 0.8858936 0.1732814125 0.008985866666666667
0 0.222871684375 0.0122376875 0.17815914375 0.007901925 0.17978505625000002 0.8880614791666667 0.221245771875 0.8902293625 0.222871684375 0.0122376875
0 0.26921013125000004 0.0176573875 0.22368463749999998 0.0122376875 0.222871684375 0.8880614791666667 0.26839717812499997 0.8869775416666666 0.26921013125000004 0.0176573875
0 0.322865178125 0.013321625 0.26839717812499997 0.0035661624999999996 0.266771265625 0.8956490625 0.31148380625 0.8902293625 0.322865178125 0.013321625
0 0.355383390625 0.08377775000000001 0.3122967625 0.07835804583333333 0.31554858124999996 0.8934811833333334 0.350505659375 0.8858936 0.355383390625 0.08377775000000001
0 0.399282975 0.08160986666666667 0.358635209375 0.08160986666666667 0.353757478125 0.8869775416666666 0.3935922875 0.8902293625 0.399282975 0.08160986666666667
0 0.4285493625 0.08594562916666666 0.399282975 0.08811350833333333 0.394405240625 0.8923972416666667 0.42936231874999997 0.8891454208333334 0.4285493625 0.08594562916666666
0 0.478139634375 0.06860258333333333 0.44236960312500007 0.0599310625 0.426923453125 0.8913133 0.477326678125 0.8891454208333334 0.478139634375 0.06860258333333333
0 0.5244780812500001 0.07077046666666667 0.481391453125 0.07619016666666667 0.478139634375 0.8913133 0.523665128125 0.8858936 0.5244780812500001 0.07077046666666667
0 0.5659388 0.075106225 0.522852171875 0.06860258333333333 0.51634853125 0.8956490625 0.561874025 0.894565125 0.5659388 0.075106225
0 0.61309020625 0.023077091666666667 0.5732553968749999 0.02199315 0.5602481125 0.8978169458333334 0.600082921875 0.894565125 0.61309020625 0.023077091666666667
0 0.6512991031250001 0.026328912500000003 0.6098383843749999 0.02741285 0.6025217875 0.9043205875000001 0.63829181875 0.9010687666666667 0.6512991031250001 0.026328912500000003
0 0.692759821875 0.030664670833333334 0.6488602375 0.024161029166666667 0.646421371875 0.899984825 0.678126625 0.9021527041666667 0.692759821875 0.030664670833333334
0 0.7260909843750001 0.036084374999999995 0.690320953125 0.0317486125 0.680565490625 0.9010687666666667 0.72365211875 0.8967330041666667 0.7260909843750001 0.036084374999999995
0 0.7659257937499999 0.07835804583333333 0.726903940625 0.069686525 0.71552256875 0.8989008833333333 0.75942215 0.8858936 0.7659257937499999 0.07835804583333333
0 0.81632901875 0.08160986666666667 0.774055346875 0.07727410833333333 0.761861015625 0.9010687666666667 0.8073865124999999 0.9032366458333333 0.81632901875 0.08160986666666667
0 0.8561638281249999 0.02524497083333333 0.809825378125 0.024161029166666667 0.8090124218750001 0.899984825 0.8423435874999999 0.9032366458333333 0.8561638281249999 0.02524497083333333
0 0.8846172593749999 0.02524497083333333 0.8488472281250001 0.026328912500000003 0.8366529 0.9021527041666667 0.8675452 0.9021527041666667 0.8846172593749999 0.02524497083333333
0 0.916322515625 0.029580733333333335 0.8846172593749999 0.028496791666666667 0.8707970218750001 0.9043205875000001 0.90331523125 0.9010687666666667 0.916322515625 0.029580733333333335
0 0.94965368125 0.15206599166666665 0.9195743375 0.14231052916666667 0.9081929625 0.905404525 0.93420753125 0.9021527041666667 0.94965368125 0.15206599166666665
0 0.98461075625 0.1466462875 0.9520925468750001 0.14447840833333334 0.932581621875 0.905404525 0.966725740625 0.9010687666666667 0.98461075625 0.1466462875
0 0.999747984375 0.14986559166666666 0.987049621875 0.15098205 0.9650998312500001 0.899984825 0.999747984375 0.9032258083333333 0.999747984375 0.14986559166666666