5 0.032779496875 0.21484375 0.02307891875 0.21484375 0.0742731125 0.7823350708333333 0.08566351562499999 0.7823350708333333 0.032779496875 0.21484375
5 0.06288270625 0.1833767375 0.033593096875 0.185546875 0.086477115625 0.7834201375000001 0.11413952499999999 0.7790798624999999 0.06288270625 0.1833767375
5 0.08484991562500001 0.2137586791666667 0.075162253125 0.21484375 0.122275528125 0.7790798624999999 0.13285233125 0.7758246541666666 0.08484991562500001 0.2137586791666667
5 0.111698725 0.1844618041666667 0.085741678125 0.1844618041666667 0.13285233125 0.7758246541666666 0.158073940625 0.7725694458333333 0.111698725 0.1844618041666667
5 0.140988334375 0.30164930416666663 0.124716328125 0.302734375 0.16051474375000002 0.7747395833333334 0.175159546875 0.7725694458333333 0.140988334375 0.30164930416666663
5 0.15970114062500002 0.30164930416666663 0.1434291375 0.3005642375 0.17841395 0.7747395833333334 0.193058753125 0.7747395833333334 0.15970114062500002 0.30164930416666663
5 0.171129884375 0.18120659583333334 0.15247345 0.1833767375 0.19635149375 0.7758246541666666 0.2134371 0.7736545125000001 0.171129884375 0.18120659583333334
5 0.2109963 0.2647569458333333 0.183397928125 0.2647569458333333 0.21750510312500002 0.7747395833333334 0.24191311249999997 0.771484375 0.2109963 0.2647569458333333
5 0.232149909375 0.18229166666666666 0.20855549999999998 0.1833767375 0.24354031250000002 0.771484375 0.265507521875 0.7693142374999999 0.232149909375 0.18229166666666666
5 0.289101928125 0.7671440958333334 0.25818511875 0.18120659583333334 0.2354812625 0.18229166666666666 0.267134721875 0.7682291666666666 0.276084325 0.7693142374999999 0.289101928125 0.7671440958333334
5 0.29398353125 0.1768663208333333 0.26070912812499997 0.17903645833333334 0.29235633125 0.7693142374999999 0.323273140625 0.7682291666666666 0.29398353125 0.1768663208333333
5 0.335477146875 0.17252604166666666 0.30139923125 0.1746961791666667 0.324900340625 0.7682291666666666 0.357444353125 0.7649739583333334 0.335477146875 0.17252604166666666
5 0.358257953125 0.17144097083333334 0.337206521875 0.17144097083333334 0.35988515625 0.7671440958333334 0.3802251625 0.7649739583333334 0.358257953125 0.17144097083333334
5 0.3802251625 0.1746961791666667 0.35988515625 0.17252604166666666 0.3818523625 0.7671440958333334 0.40219236875000003 0.7671440958333334 0.3802251625 0.1746961791666667
5 0.406260371875 0.17252604166666666 0.38522084687499997 0.17252604166666666 0.403819571875 0.7638888875000001 0.424973178125 0.7638888875000001 0.406260371875 0.17252604166666666
5 0.43148198125 0.16927083333333334 0.40882110625 0.17035590416666666 0.426600378125 0.76171875 0.44531318750000004 0.76171875 0.43148198125 0.16927083333333334
5 0.4526355875 0.1681857625 0.43323516875 0.1681857625 0.44694038750000004 0.7660590291666666 0.46728039375 0.7660590291666666 0.4526355875 0.1681857625
5 0.49006120312499996 0.1866319458333333 0.46402599375 0.185546875 0.45927683437500005 0.185546875 0.47541639687500004 0.7703993041666667 0.50470600625 0.7638888875000001 0.49006120312499996 0.1866319458333333
5 0.5771164343749999 0.17252604166666666 0.49345652187500005 0.1736111125 0.5055196093750001 0.76171875 0.579557234375 0.7541232625000001 0.5771164343749999 0.17252604166666666
5 0.665798865625 0.16927083333333334 0.583788553125 0.17035590416666666 0.5844388375 0.7562934041666666 0.6576628625 0.7541232625000001 0.665798865625 0.16927083333333334
5 0.700783678125 0.17035590416666666 0.674120584375 0.17144097083333334 0.660917265625 0.7541232625000001 0.686952475 0.751953125 0.700783678125 0.17035590416666666
5 0.734954890625 0.17144097083333334 0.705858865625 0.17035590416666666 0.690206875 0.7541232625000001 0.717055684375 0.751953125 0.734954890625 0.17144097083333334
5 0.7724029031249999 0.1681857625 0.74311329375 0.17035590416666666 0.7219372875000001 0.7541232625000001 0.7463452968750001 0.751953125 0.7724029031249999 0.1681857625
5 0.8041333156249999 0.1671006958333333 0.775845846875 0.1671006958333333 0.74880849375 0.7508680541666667 0.7764709062499999 0.7508680541666667 0.8041333156249999 0.1671006958333333
5 0.836677328125 0.16927083333333334 0.808397928125 0.16927083333333334 0.77891170625 0.7497829874999999 0.8057605156250001 0.7476128458333334 0.836677328125 0.16927083333333334
5 0.8675941375 0.1671006958333333 0.8409500124999999 0.1649305541666667 0.8073877156249999 0.7497829874999999 0.8358637281249999 0.7476128458333334 0.8675941375 0.1671006958333333
5 0.903392553125 0.16276041666666666 0.878384909375 0.16276041666666666 0.8399317281249999 0.7454427083333334 0.8667805375000001 0.7421875 0.903392553125 0.16276041666666666
5 0.938377365625 0.16167534583333334 0.9117507937499999 0.16167534583333334 0.8708485406250001 0.7454427083333334 0.8960701500000001 0.7454427083333334 0.938377365625 0.16167534583333334
5 0.97585281875 0.1573350708333333 0.9434890749999999 0.1573350708333333 0.899374390625 0.7465277791666666 0.929477603125 0.7465277791666666 0.97585281875 0.1573350708333333
5 0.999447228125 0.30164930416666663 0.999447228125 0.15299479166666666 0.980734421875 0.1540798625 0.97422561875 0.2549913208333333 0.935172803125 0.7486979166666666 0.964462415625 0.7465277791666666 0.999447228125 0.30164930416666663