4 0 0.728503125 0.0234390625 0.7358515625 0.225946875 0.15318125 0.1911421875 0.1382609375 0 0.6747 0 0.728503125
4 0.2804046875 0.183203125 0.2360890625 0.159178125 0.031696875 0.7336875 0.078121875 0.7424546875 0.2804046875 0.183203125
4 0.1182375 0.7659890625 0.15335937500000002 0.773075 0.33160625 0.1545015625 0.29876874999999997 0.1436453125 0.1182375 0.7659890625
4 0.3686140625 0.1697484375 0.3332859375 0.1550796875 0.15549375000000001 0.7750609374999999 0.1916953125 0.7815609375 0.3686140625 0.1697484375
4 0.4020578125 0.17625625 0.3735140625 0.16642812499999998 0.192046875 0.7889 0.22393749999999998 0.7899093749999999 0.4020578125 0.17625625
4 0.22304062500000002 0.7970671874999999 0.255190625 0.8018765625000001 0.43535 0.18792031250000002 0.4058703125 0.1788203125 0.22304062500000002 0.7970671874999999
4 0.47051406250000005 0.2010796875 0.43861249999999996 0.1900953125 0.2557828125 0.8083406249999999 0.2904953125 0.8155812499999999 0.47051406250000005 0.2010796875
4 0.2893640625 0.8199046875 0.32203750000000003 0.82865 0.5056015625 0.2148640625 0.47096875000000005 0.20248750000000001 0.2893640625 0.8199046875
4 0.537290625 0.225325 0.5041640625 0.21517031250000002 0.3229453125 0.8314671875 0.354778125 0.8399234375000001 0.537290625 0.225325
4 0.580946875 0.24035625 0.5402640625 0.22759999999999997 0.3558234375 0.847796875 0.39725625 0.8564734375 0.580946875 0.24035625
4 0.39780000000000004 0.8622515625 0.43925468749999996 0.8727671875 0.6265609375000001 0.25651406250000003 0.5860531250000001 0.24461875000000002 0.39780000000000004 0.8622515625
4 0.6712984375 0.2752234375 0.6284828124999999 0.26048125 0.4418421875 0.8761625000000001 0.48497500000000004 0.8866765624999999 0.6712984375 0.2752234375
4 0.70476875 0.29801875 0.6711875 0.28645624999999997 0.48626874999999997 0.88895625 0.5227578125 0.8969328125 0.70476875 0.29801875
4 0.524046875 0.9019640624999999 0.558784375 0.9101687500000001 0.746475 0.31019687500000004 0.7127109375 0.2995 0.524046875 0.9019640624999999
4 0.7736796874999999 0.32425000000000004 0.7472000000000001 0.31388125 0.5615515624999999 0.9048609375 0.590434375 0.91335 0.7736796874999999 0.32425000000000004
4 0.591071875 0.920034375 0.6228374999999999 0.9259625 0.8030625 0.33436875 0.7765828124999999 0.3239984375 0.591071875 0.920034375
4 0.62290625 0.928490625 0.6739109375 0.9385406250000001 0.8533125 0.3538703125 0.8090078125 0.3389203125 0.62290625 0.928490625
4 0.9043296875 0.37299375 0.8602874999999999 0.35908125 0.6761125 0.9430546874999999 0.7265171875 0.956075 0.9043296875 0.37299375