0 0.08710815625 0.10003685416666667 0.032640153125 0.09461715416666668 0.04646039375 0.9736927666666666 0.100115440625 0.9747767083333333 0.08710815625 0.10003685416666667
0 0.135072515625 0.10220473333333334 0.08548224374999999 0.09353321249999999 0.10092839375 0.9715248875 0.146453890625 0.9769445875 0.135072515625 0.10220473333333334
0 0.18954051875 0.21385059166666667 0.124504096875 0.21168270833333333 0.151331621875 0.9736927666666666 0.196857115625 0.9791124708333334 0.18954051875 0.21385059166666667
0 0.23425305624999998 0.20626300833333333 0.186288696875 0.2030111875 0.19848302499999998 0.9769445875 0.24726034062500002 0.97586065 0.23425305624999998 0.20626300833333333
0 0.27652673125 0.2171024125 0.238317834375 0.22035423333333334 0.24726034062500002 0.9726088291666667 0.294411746875 0.9801964083333333 0.27652673125 0.2171024125
0 0.308231984375 0.002482225 0.282217415625 0.005734045833333334 0.292785834375 0.9867000499999999 0.317987446875 0.9823642916666666 0.308231984375 0.002482225
0 0.33668541875 0.0035661624999999996 0.30335425312500003 0.006817983333333334 0.313922671875 0.9801964083333333 0.34237610625000003 0.9736927666666666 0.33668541875 0.0035661624999999996
0 0.36188703125 0.007901925 0.333433596875 0.010069804166666666 0.337498375 0.9823642916666666 0.369203628125 0.98128035 0.36188703125 0.007901925
0 0.41229025625000004 0.08160986666666667 0.365951809375 0.069686525 0.361074075 0.98128035 0.40741252499999997 0.9823642916666666 0.41229025625000004 0.08160986666666667
0 0.451312109375 0.08702957083333333 0.4090384375 0.08486168749999999 0.40334775 0.9780285291666666 0.44643437812500003 0.9834482291666667 0.451312109375 0.08702957083333333
0 0.496837603125 0.23986515833333336 0.44968620000000004 0.23661333750000002 0.4439955125 0.9888679333333333 0.48952100625000006 0.9823642916666666 0.496837603125 0.23986515833333336
0 0.529355815625 0.23552939583333332 0.48870804999999995 0.23444545416666665 0.4903339625 0.98128035 0.528542859375 0.9823642916666666 0.529355815625 0.23552939583333332
0 0.570003578125 0.23769727916666666 0.5261039937499999 0.24203303750000002 0.5244780812500001 0.9823642916666666 0.5610610687500001 0.9780285291666666 0.570003578125 0.23769727916666666
0 0.61227725 0.23119363333333334 0.5659388 0.23119363333333334 0.5659388 0.9845321708333333 0.608212475 0.9823642916666666 0.61227725 0.23119363333333334
0 0.655363878125 0.23661333750000002 0.61146429375 0.23444545416666665 0.605773609375 0.9899518749999999 0.64804728125 0.9867000499999999 0.655363878125 0.23661333750000002
0 0.692759821875 0.23986515833333336 0.6529250125 0.24203303750000002 0.65211205625 0.9877839916666667 0.689508 0.9823642916666666 0.692759821875 0.23986515833333336
0 0.73096871875 0.13905870833333334 0.6992634625 0.14231052916666667 0.6919468656250001 0.9823642916666666 0.728529853125 0.98128035 0.73096871875 0.13905870833333334
0 0.772429434375 0.1433944666666667 0.731781671875 0.1412265875 0.72365211875 0.98128035 0.7577962406250001 0.9899518749999999 0.772429434375 0.1433944666666667
0 0.81226424375 0.13472294583333333 0.767551703125 0.1325550625 0.76023510625 0.9867000499999999 0.799256959375 0.9845321708333333 0.81226424375 0.13472294583333333
0 0.855350871875 0.13580688333333332 0.81632901875 0.13797476666666667 0.801695825 0.9845321708333333 0.8399047218750001 0.9845321708333333 0.855350871875 0.13580688333333332
0 0.8951856781249999 0.1466462875 0.855350871875 0.1466462875 0.8382788124999999 0.9834482291666667 0.8862431718750001 0.9867000499999999 0.8951856781249999 0.1466462875
0 0.94477595 0.15098205 0.9057540968750001 0.14773022916666667 0.887056125 0.9877839916666667 0.9293298 0.9856161125 0.94477595 0.15098205
0 0.98054598125 0.2463688 0.941524128125 0.24528485833333333 0.933394575 0.9910358125 0.9716034718750001 0.9921197541666668 0.98054598125 0.2463688