4 0.0670375 0.874096875 0.11537187499999998 0.8632640625000001 0.086725 0.3336125 0.0368265625 0.3320125 0.0670375 0.874096875
4 0.135678125 0.334603125 0.08944687500000001 0.33465625 0.1154953125 0.865628125 0.1622203125 0.8587234374999999 0.135678125 0.334603125
4 0.188403125 0.3057578125 0.1388109375 0.3095421875 0.168325 0.855746875 0.212659375 0.8508640625 0.188403125 0.3057578125
4 0.21626875 0.85441875 0.264975 0.85068125 0.23676875000000003 0.3032796875 0.1875171875 0.305803125 0.21626875 0.85441875
4 0.2930953125 0.30145625 0.24160468750000003 0.30296875 0.269284375 0.848084375 0.320909375 0.8451921875 0.2930953125 0.30145625
4 0.3231859375 0.8417031250000001 0.3523234375 0.8378046875 0.3237 0.30133125 0.29233125000000004 0.30386718749999997 0.3231859375 0.8417031250000001
4 0.3561109375 0.2993390625 0.3259640625 0.30091875 0.35510625 0.8400296875000001 0.3850703125 0.8379171875000001 0.3561109375 0.2993390625
4 0.3880375 0.8406750000000001 0.415525 0.839234375 0.38904218749999997 0.299984375 0.3588328125 0.3003828125 0.3880375 0.8406750000000001
4 0.418303125 0.2984515625 0.390815625 0.2998921875 0.4187625 0.8331359375 0.44832343750000003 0.8319953124999999 0.418303125 0.2984515625
4 0.459153125 0.2974953125 0.418428125 0.300815625 0.45163125 0.8326 0.4922765625 0.8309953125 0.459153125 0.2974953125
4 0.49602812500000004 0.8314578125000001 0.5280109375 0.83096875 0.4983546875 0.275228125 0.46519374999999996 0.27702343749999997 0.49602812500000004 0.8314578125000001
4 0.5307453125 0.27240312499999997 0.49958749999999996 0.2716640625 0.5314328125000001 0.8284171875 0.5613812499999999 0.8247656250000001 0.5307453125 0.27240312499999997
4 0.56393125 0.8207859375 0.5993984375 0.818928125 0.5707046874999999 0.2936015625 0.533759375 0.29595781250000003 0.56393125 0.8207859375
4 0.636428125 0.28702031250000004 0.5771437500000001 0.29249843750000004 0.6069265625 0.8268328125 0.6628499999999999 0.8250875000000001 0.636428125 0.28702031250000004
4 0.6831 0.8382531249999999 0.7202171875000001 0.8339359375000001 0.68345625 0.20037656250000002 0.6470828125 0.202240625 0.6831 0.8382531249999999
4 0.72975 0.2015078125 0.6923859375 0.20109375 0.7254125 0.83129375 0.7658171874999999 0.8257859375000001 0.72975 0.2015078125
4 0.7669828125 0.8101453125000001 0.8281015625 0.80575625 0.8038515625 0.2826875 0.737759375 0.28645156250000003 0.7669828125 0.8101453125000001
4 0.8827328124999999 0.1685921875 0.8205406249999999 0.1694796875 0.847121875 0.809790625 0.9108124999999999 0.8061640625000001 0.8827328124999999 0.1685921875
4 0.914296875 0.8047953124999999 0.979025 0.801403125 0.9532609375 0.2227015625 0.8875421875 0.22643437500000002 0.914296875 0.8047953124999999