6 0.0246453125 0.7194015625 0.0270859375 0.7194015625 0.063696875 0.7204859375 0.06939218750000001 0.7194015625 0.0938 0.2278640625 0.049934374999999996 0.22677968750000002 0.0246453125 0.7194015625
6 0.0734609375 0.71723125 0.07834218750000001 0.7204859375 0.114140625 0.72265625 0.11820937499999999 0.7194015625 0.141803125 0.22677968750000002 0.0987625 0.22895 0.0734609375 0.71723125
6 0.18167031250000001 0.2756078125 0.1459625 0.277778125 0.127971875 0.721571875 0.159703125 0.7248265625 0.18167031250000001 0.2756078125
6 0.1979421875 0.723740625 0.2117734375 0.72265625 0.23374062499999998 0.2712671875 0.19641875 0.2734375 0.17678750000000001 0.7204859375 0.1979421875 0.723740625
6 0.23292656250000002 0.7248265625 0.24838437500000002 0.7248265625 0.268725 0.2680125 0.237109375 0.2712671875 0.2166546875 0.72265625 0.23292656250000002 0.7248265625
6 0.272915625 0.1725265625 0.2500125 0.72808125 0.26058906249999997 0.7302515625 0.27360625 0.7302515625 0.2817421875 0.7259109375 0.298828125 0.1736109375 0.29069218750000003 0.1692703125 0.272915625 0.1725265625
6 0.2972015625 0.732421875 0.3151 0.732421875 0.33706718750000003 0.1681859375 0.31021875 0.1681859375 0.2841828125 0.72808125 0.2972015625 0.732421875
6 0.32730468749999997 0.7302515625 0.336253125 0.732421875 0.3549671875 0.7345921875 0.370425 0.732421875 0.3907640625 0.1681859375 0.35266875 0.1692703125 0.32730468749999997 0.7302515625
6 0.3801875 0.7313375 0.39808750000000004 0.7356765625 0.4184265625 0.7356765625 0.42819062499999994 0.73350625 0.4436484375 0.1681859375 0.403125 0.1692703125 0.3801875 0.7313375
6 0.4713109375 0.22569374999999997 0.467415625 0.22677968750000002 0.4591078125 0.72808125 0.4623609375 0.7313375 0.5087375 0.732421875 0.51361875 0.7302515625 0.5193140625 0.230034375 0.511178125 0.22677968750000002 0.4713109375 0.22569374999999997
6 0.5721984375 0.22677968750000002 0.522753125 0.22677968750000002 0.5168734374999999 0.7302515625 0.56975625 0.73350625 0.5721984375 0.22677968750000002
6 0.5868421875000001 0.2213546875 0.5780921875 0.224609375 0.576265625 0.7356765625 0.5884703124999999 0.7400171875 0.6023015625 0.741103125 0.608809375 0.737846875 0.6104375 0.2213546875 0.6023015625 0.2213546875 0.5868421875000001 0.2213546875
6 0.617759375 0.22569374999999997 0.61125 0.7400171875 0.613690625 0.7389328125 0.6299640625 0.7389328125 0.64379375 0.741103125 0.6568125 0.741103125 0.6600671874999999 0.22569374999999997 0.617759375 0.22569374999999997
6 0.6625078125 0.737846875 0.668203125 0.7356765625 0.673084375 0.269096875 0.6643546875 0.2680125 0.657625 0.7367625 0.6625078125 0.737846875
6 0.71710625 0.2180984375 0.6764265625 0.21701406250000002 0.6715453124999999 0.737846875 0.7146656250000001 0.7400171875 0.71710625 0.2180984375
6 0.7455828125 0.741103125 0.7659234374999999 0.7421875 0.7642953125 0.21484375 0.721175 0.21592812499999997 0.7228015625 0.7389328125 0.7455828125 0.741103125
6 0.81799375 0.219184375 0.7791015625 0.219184375 0.7797546875 0.743271875 0.8220609375000001 0.7443578125 0.81799375 0.219184375
6 0.8236890625 0.7356765625 0.84646875 0.7389328125 0.8716906249999999 0.7389328125 0.889590625 0.737846875 0.8887765625 0.27452187499999997 0.8196203125 0.2734375 0.8236890625 0.7356765625
6 0.9278296875 0.24197031249999998 0.8971031249999999 0.24305625000000003 0.8960984375000001 0.7389328125 0.9270156249999999 0.7421875 0.9278296875 0.24197031249999998
6 0.9595593750000001 0.244140625 0.93046875 0.24305625000000003 0.9302703125 0.741103125 0.9603734375 0.743271875 0.9595593750000001 0.244140625