0 0.082296175 0.061127145833333334 0.016158609375 0.06613756666666666 0.17473845625 0.9189113375000001 0.21832912499999999 0.9139009125 0.082296175 0.061127145833333334
0 0.16196188125 0.05812089166666667 0.092066496875 0.06413339583333334 0.22584475624999997 0.9139009125 0.273193240625 0.9078884083333333 0.16196188125 0.05812089166666667
0 0.255155725 0.2374939875 0.1950306625 0.24050024166666667 0.2942370125 0.9128988291666666 0.33406986562499996 0.9078884083333333 0.255155725 0.2374939875
0 0.30024951875 0.25252525416666666 0.26342291875 0.2515231666666667 0.343088625 0.9038800708333333 0.365635521875 0.9018759000000001 0.30024951875 0.25252525416666666
0 0.340082371875 0.2515231666666667 0.309268278125 0.2555315041666667 0.376908971875 0.9028779875 0.40095899375000005 0.9038800708333333 0.340082371875 0.2515231666666667
0 0.36262926875 0.10421677083333333 0.3325667375 0.11223344583333333 0.409977753125 0.9058842375 0.43402777812500004 0.9098925750000001 0.36262926875 0.10421677083333333
0 0.408474628125 0.1062209375 0.3701449 0.10521885416666667 0.442294975 0.9139009125 0.46183561875 0.9139009125 0.408474628125 0.1062209375
0 0.489643459375 0.006012504166666667 0.41373556875000006 0.015031266666666666 0.473109065625 0.9078884083333333 0.52571849375 0.9058842375 0.489643459375 0.006012504166666667
0 0.544507575 0.10421677083333333 0.510687228125 0.10822510833333333 0.5354888156250001 0.9088904916666666 0.5595388406249999 0.9098925750000001 0.544507575 0.10421677083333333
0 0.58659511875 0.107223025 0.5542778968750001 0.1112313625 0.5678060375 0.9179092499999999 0.591856059375 0.9209155041666667 0.58659511875 0.107223025
0 0.62492484375 0.23148148333333335 0.5971170031249999 0.2354898208333333 0.59862013125 0.9159050833333333 0.627179534375 0.9139009125 0.62492484375 0.23148148333333335
0 0.696323353125 0.022045854166666667 0.6422107968749999 0.019039604166666668 0.6316889125 0.9088904916666666 0.6640061312500001 0.9088904916666666 0.696323353125 0.022045854166666667
0 0.75118746875 0.020041687500000002 0.704590546875 0.02304794166666667 0.671521765625 0.9098925750000001 0.7068452375 0.9108946625000001 0.75118746875 0.020041687500000002
0 0.78726250625 0.020041687500000002 0.7579515406249999 0.018037516666666666 0.71360930625 0.9088904916666666 0.7331499531250001 0.9088904916666666 0.78726250625 0.020041687500000002
0 0.822585978125 0.13628347083333334 0.789517196875 0.13528138333333334 0.7391624593749999 0.906886325 0.76321248125 0.9018759000000001 0.822585978125 0.13628347083333334
0 0.8518969468750001 0.11624178333333333 0.8323563 0.1142376125 0.76997655 0.906886325 0.7827531249999999 0.9018759000000001 0.8518969468750001 0.11624178333333333
0 0.916531384375 0.018037516666666666 0.87369228125 0.018037516666666666 0.78801406875 0.9018759000000001 0.8218344156249999 0.8998717333333333 0.916531384375 0.018037516666666666
0 0.958618928125 0.10822510833333333 0.9135251312499999 0.110229275 0.8331078656249999 0.8978675625 0.857909453125 0.8978675625 0.958618928125 0.10822510833333333
0 0.999751984375 0.3346560833333333 0.9939424000000001 0.107223025 0.96312830625 0.1062209375 0.866928209375 0.8948613125 0.910518878125 0.8938592291666667 0.999751984375 0.3346560833333333
0 0.99845178125 0.5120650958333334 0.9961970906250001 0.36976912083333335 0.916531384375 0.8928571416666667 0.933817340625 0.8938592291666667 0.99845178125 0.5120650958333334