4 0.086009375 0.3829609375 0.094778125 0.4099640625 0.5843921875 0.2605203125 0.5758578125 0.22877031250000002 0.086009375 0.3829609375
4 0.5865765625 0.2729078125 0.5847781249999999 0.26270625000000003 0.096978125 0.4110796875 0.10671875 0.43791250000000004 0.5952078125 0.2947734375 0.5892906250000001 0.2769375 0.5865765625 0.2729078125
4 0.12763125 0.488321875 0.664253125 0.3441125 0.6495656249999999 0.28436249999999996 0.1062625 0.44099843749999995 0.12763125 0.488321875
4 0.1300875 0.49089375 0.14842968750000002 0.5267296875 0.669875 0.3987203125 0.6536734375 0.3513984375 0.1300875 0.49089375
4 0.162296875 0.56560625 0.6844421875 0.4472421875 0.669553125 0.40396406249999994 0.1457703125 0.5287 0.162296875 0.56560625
4 0.15588125 0.5689921874999999 0.1616796875 0.590509375 0.689453125 0.4756609375 0.6802265625 0.4517421875 0.15588125 0.5689921874999999
4 0.17152343750000001 0.589525 0.1776515625 0.607228125 0.6954828125 0.5010343749999999 0.6909390625 0.478403125 0.17152343750000001 0.589525
4 0.714475 0.5493875 0.7050078125 0.5127390625 0.163846875 0.6141703125 0.167059375 0.6323875 0.1771453125 0.6441328125 0.714475 0.5493875
4 0.1912625 0.6446484375 0.1917609375 0.6588359374999999 0.1986890625 0.6704421875000001 0.7338609375 0.5797796875000001 0.7262640625000001 0.548059375 0.1912625 0.6446484375
4 0.74105625 0.6205859375 0.7307453125000001 0.5848359375000001 0.1984734375 0.6741828125 0.19904375000000002 0.6830984375 0.2049859375 0.694071875 0.2110359375 0.702971875 0.74105625 0.6205859375
4 0.75078125 0.658690625 0.7405984375 0.623671875 0.2091140625 0.706115625 0.2176265625 0.7316640624999999 0.75078125 0.658690625
4 0.7574625 0.6965828125 0.756378125 0.6847515625 0.755478125 0.6796515624999999 0.75019375 0.6610484375000001 0.21509687500000002 0.7343640625 0.22353593749999998 0.7651828125 0.7574625 0.6965828125
4 0.7072171875000001 0.7354953125 0.7114625 0.73538125 0.7046625 0.7096484375000001 0.2194484375 0.7704109375 0.22537500000000002 0.7926578125 0.7072171875000001 0.7354953125
4 0.22213124999999997 0.7969859375 0.2268296875 0.817946875 0.716046875 0.7676265625 0.710903125 0.7393531249999999 0.22213124999999997 0.7969859375