4 0.1878671875 0.886825 0.26008906249999997 0.8648843749999999 0.11190156250000001 0.2804421875 0.033440625 0.29588281250000004 0.1878671875 0.886825
4 0.19225625 0.2610953125 0.11689687499999998 0.275315625 0.27354531249999997 0.8634890625 0.34747343750000004 0.841059375 0.19225625 0.2610953125
4 0.3510890625 0.837559375 0.41936875 0.8179796874999999 0.26527968749999997 0.2470140625 0.1994109375 0.2602765625 0.3510890625 0.837559375
4 0.3318296875 0.22599999999999998 0.26513125 0.24143125 0.4227078125 0.82318125 0.490675 0.8027703125000001 0.3318296875 0.22599999999999998
4 0.494528125 0.80628125 0.57134375 0.7842546875 0.41221874999999997 0.21029843750000002 0.33805625 0.23160625 0.494528125 0.80628125
4 0.49148593749999997 0.1900734375 0.4182859375 0.20859999999999998 0.5745578124999999 0.7857968750000001 0.651115625 0.7635375 0.49148593749999997 0.1900734375
4 0.6563687500000001 0.75864375 0.6807937500000001 0.7504078125 0.5385328125 0.253996875 0.512046875 0.261775 0.6563687500000001 0.75864375
4 0.5658171875 0.24635625 0.53883125 0.25532656249999997 0.683153125 0.75219375 0.7101390624999999 0.743225 0.5658171875 0.24635625
4 0.711846875 0.7427359375 0.763584375 0.7266671875 0.609521875 0.2054953125 0.5566046874999999 0.22066875000000002 0.711846875 0.7427359375
4 0.7717171875 0.7292625 0.8208953125 0.7139296875000001 0.665234375 0.1892203125 0.6120828125 0.2047609375 0.7717171875 0.7292625
4 0.706646875 0.164096875 0.6720546875 0.1690890625 0.822678125 0.707259375 0.854659375 0.6931625 0.706646875 0.164096875
4 0.854859375 0.6906421875000001 0.883025 0.682565625 0.7437015625 0.182975 0.71500625 0.190028125 0.854859375 0.6906421875000001
4 0.77881875 0.17419374999999998 0.7475640625 0.18438749999999998 0.8849328125 0.6795546875 0.9213078124999999 0.6678921875 0.77881875 0.17419374999999998
4 0.9816312500000001 0.6592171875 0.8444125 0.151690625 0.7918968750000001 0.161821875 0.9287124999999999 0.674390625 0.9816312500000001 0.6592171875