0 0.09442475312500001 0.02199315 0.033453109375 0.02524497083333333 0.069223140625 0.9606854833333334 0.12531705312500002 0.9541818416666668 0.09442475312500001 0.02199315
0 0.176533234375 0.0458398375 0.128568875 0.04367195833333334 0.14320206875 0.9444263791666666 0.191979384375 0.9444263791666666 0.176533234375 0.0458398375
0 0.2391307875 0.042588016666666666 0.182223921875 0.036084374999999995 0.190353471875 0.9541818416666668 0.23994374375 0.9530978999999999 0.2391307875 0.042588016666666666
0 0.30416720937499997 0.19000390416666668 0.243195565625 0.1878360208333333 0.243195565625 0.9574336625 0.30416720937499997 0.9606854833333334 0.30416720937499997 0.19000390416666668
0 0.37164249374999997 0.20192724583333332 0.31067085 0.19542360416666668 0.30741903125 0.961769425 0.37001658437499996 0.9552657833333333 0.37164249374999997 0.20192724583333332
0 0.43911778124999995 0.20626300833333333 0.37814613750000003 0.198675425 0.37489431562500003 0.9606854833333334 0.43424005 0.9606854833333334 0.43911778124999995 0.20626300833333333
0 0.481391453125 0.17808055833333333 0.43424005 0.17266085833333333 0.440743690625 0.9671891250000001 0.478139634375 0.9574336625 0.481391453125 0.17808055833333333
0 0.522852171875 0.1748287375 0.48301736562500003 0.17157691666666666 0.47001008125 0.9628533666666667 0.51634853125 0.9650212458333333 0.522852171875 0.1748287375
0 0.5602481125 0.1748287375 0.515535575 0.1748287375 0.52691695 0.9682730666666667 0.562686978125 0.9639373041666667 0.5602481125 0.1748287375
0 0.616342025 0.069686525 0.564312890625 0.062098941666666664 0.558622203125 0.9596015416666667 0.6098383843749999 0.9563497208333334 0.616342025 0.069686525
0 0.665119340625 0.07185440416666666 0.6179679375 0.07293834583333333 0.605773609375 0.9606854833333334 0.6529250125 0.9585176041666668 0.665119340625 0.07185440416666666
0 0.717148478125 0.0653507625 0.669997071875 0.0653507625 0.654550925 0.9650212458333333 0.696824596875 0.9628533666666667 0.717148478125 0.0653507625
0 0.75617033125 0.07835804583333333 0.7106448375000001 0.0740222875 0.69845050625 0.9693570083333333 0.733407584375 0.9693570083333333 0.75617033125 0.07835804583333333
0 0.78543671875 0.1802484375 0.75047964375 0.1748287375 0.73584645 0.9693570083333333 0.7748683 0.9682730666666667 0.78543671875 0.1802484375
0 0.823645615625 0.18350025833333333 0.7846237656249999 0.1791645 0.772429434375 0.9693570083333333 0.808199465625 0.9682730666666667 0.823645615625 0.18350025833333333
0 0.8707970218750001 0.11196019583333333 0.82771039375 0.108708375 0.8057605999999999 0.9682730666666667 0.8464083625000001 0.9671891250000001 0.8707970218750001 0.11196019583333333
0 0.9090059187499999 0.1227996 0.87242293125 0.11629595833333334 0.843969496875 0.9693570083333333 0.887056125 0.9693570083333333 0.9090059187499999 0.1227996
0 0.937459353125 0.22360605416666665 0.909818875 0.21927029166666667 0.8878690812500001 0.9671891250000001 0.916322515625 0.9671891250000001 0.937459353125 0.22360605416666665
0 0.967538696875 0.19759148333333335 0.9431500406250001 0.19975936666666666 0.921200246875 0.9671891250000001 0.946401859375 0.9682730666666667 0.967538696875 0.19759148333333335
0 0.993553265625 0.204095125 0.9683516531249999 0.20192724583333332 0.93989821875 0.9606854833333334 0.967538696875 0.9628533666666667 0.993553265625 0.204095125