0 0.053776990625 0.1889199625 0.020445825 0.19108784166666667 0.08141746875 0.9433424375 0.11230976875000001 0.9476782 0.053776990625 0.1889199625
0 0.09035997500000001 0.19650754583333332 0.053776990625 0.19542360416666668 0.1171875 0.9444263791666666 0.14482797812499998 0.9411745583333333 0.09035997500000001 0.19650754583333332
0 0.151331621875 0.0176573875 0.084669290625 0.0176573875 0.128568875 0.9422585 0.205799621875 0.9465942583333333 0.151331621875 0.0176573875
0 0.23750487812499999 0.02524497083333333 0.1692166375 0.019825270833333335 0.205799621875 0.9422585 0.266771265625 0.9422585 0.23750487812499999 0.02524497083333333
0 0.29197288125 0.1802484375 0.24238260937499997 0.18675208333333335 0.2659583125 0.9455103208333333 0.31067085 0.9487621416666666 0.29197288125 0.1802484375
0 0.33262064375 0.18675208333333335 0.28628219375 0.1878360208333333 0.30741903125 0.9400906166666666 0.350505659375 0.9444263791666666 0.33262064375 0.18675208333333335
0 0.364325896875 0.2171024125 0.330181778125 0.2149345291666667 0.3472538375 0.9455103208333333 0.370829540625 0.9455103208333333 0.364325896875 0.2171024125
0 0.425297540625 0.19542360416666668 0.364325896875 0.19325572500000002 0.37245545 0.9520139625 0.42041980937499995 0.9509300208333333 0.425297540625 0.19542360416666668
0 0.48626918437500005 0.17699661666666666 0.41960685625 0.16182145416666666 0.4187939 0.9465942583333333 0.471635990625 0.9444263791666666 0.48626918437500005 0.17699661666666666
0 0.537485365625 0.1694090375 0.482204409375 0.16507327500000002 0.47001008125 0.9465942583333333 0.517974440625 0.9444263791666666 0.537485365625 0.1694090375
0 0.5569962937499999 0.8143535375000001 0.583823815625 0.08486168749999999 0.5488667406250001 0.08269380833333333 0.5252910375 0.9465942583333333 0.558622203125 0.9465942583333333 0.5569962937499999 0.8143535375000001
0 0.619593846875 0.07619016666666667 0.5911404124999999 0.0794419875 0.5561833375 0.9487621416666666 0.59195336875 0.9509300208333333 0.619593846875 0.07619016666666667
0 0.671622984375 0.06751864583333332 0.634227040625 0.06426682083333334 0.595205190625 0.9487621416666666 0.6334140875000001 0.9487621416666666 0.671622984375 0.06751864583333332
0 0.721213253125 0.07077046666666667 0.67487480625 0.06643470416666666 0.6334140875000001 0.9520139625 0.6675582062500001 0.9509300208333333 0.721213253125 0.07077046666666667
0 0.753731465625 0.20084330416666668 0.717148478125 0.20192724583333332 0.6683711625 0.9530978999999999 0.7049541500000001 0.9520139625 0.753731465625 0.20084330416666668
0 0.798444003125 0.198675425 0.753731465625 0.20192724583333332 0.707393015625 0.9520139625 0.74641486875 0.9498460791666666 0.798444003125 0.198675425
0 0.8350269906250001 0.23336151666666666 0.79681809375 0.23444545416666665 0.7496666875 0.9520139625 0.78706263125 0.9498460791666666 0.8350269906250001 0.23336151666666666
0 0.889494990625 0.20084330416666668 0.8423435874999999 0.20084330416666668 0.7846237656249999 0.9520139625 0.823645615625 0.9465942583333333 0.889494990625 0.20084330416666668
0 0.9407111718750001 0.20192724583333332 0.8886820375 0.198675425 0.82771039375 0.9498460791666666 0.864293378125 0.9487621416666666 0.9407111718750001 0.20192724583333332
0 0.99436621875 0.232277575 0.93420753125 0.226857875 0.864293378125 0.9498460791666666 0.916322515625 0.961769425 0.99436621875 0.232277575
0 0.9195743375 0.9487621416666666 0.9699775624999999 0.9520139625 0.997618040625 0.72872225 0.9968050843749999 0.2951461166666667 0.9195743375 0.9487621416666666