4 0.1188796875 0.1384125 0.1200625 0.1987625 0.7687062499999999 0.199353125 0.7721921875 0.13285 0.1188796875 0.1384125
4 0.11984999999999998 0.20282499999999998 0.1189078125 0.26225 0.76391875 0.2699828125 0.7674890624999999 0.201871875 0.11984999999999998 0.20282499999999998
4 0.11544531250000001 0.26614218749999996 0.1166703125 0.32568125000000003 0.7484234375 0.3376078125 0.7508234375 0.27108125 0.11544531250000001 0.26614218749999996
4 0.1132078125 0.3295734375 0.1122234375 0.3898109375 0.7458437499999999 0.4075375 0.747203125 0.340159375 0.1132078125 0.3295734375
4 0.11201093749999999 0.39387343750000003 0.111603125 0.4223671875 0.700584375 0.44182812499999996 0.701025 0.41271250000000004 0.11201093749999999 0.39387343750000003
4 0.11039218749999999 0.4247484375 0.110028125 0.4524296875 0.6967578125 0.4734015625 0.697153125 0.44510625 0.11039218749999999 0.4247484375
4 0.11960937499999999 0.45619062499999996 0.11682343749999999 0.4886328125 0.687 0.514440625 0.6889171875 0.47787968750000004 0.11960937499999999 0.45619062499999996
4 0.10651250000000001 0.540234375 0.691646875 0.5709 0.6931078125 0.5223109375 0.115484375 0.49345156250000005 0.1121484375 0.49490468749999994 0.10651250000000001 0.540234375
4 0.10400000000000001 0.5881703125 0.6897078125 0.62864375 0.6922937499999999 0.5793125 0.1138421875 0.5455062500000001 0.1093375 0.5485296875000001 0.10400000000000001 0.5881703125
4 0.1051265625 0.587415625 0.1015734375 0.6344828125 0.6880234375 0.6815109374999999 0.6895796875 0.63108125 0.1051265625 0.587415625
4 0.10014375 0.641040625 0.09915937500000001 0.701278125 0.6873078125000001 0.7573578125 0.6898375 0.6883828125 0.10014375 0.641040625
4 0.10094375 0.7087046875 0.0987484375 0.771321875 0.689978125 0.8308234375 0.693503125 0.7635484375 0.10094375 0.7087046875
4 0.0927765625 0.7816015625 0.08612031249999999 0.8464296875 0.7447203124999999 0.92656875 0.7506671875 0.8545546875 0.0927765625 0.7816015625
4 0.0890296875 0.8531000000000001 0.08675000000000001 0.9173421875000001 0.7419718750000001 0.99975 0.7478015625000001 0.9299890625 0.0890296875 0.8531000000000001