6 0.0684109375 0.13797500000000001 0.0204453125 0.13580625 0.08304375 0.9064890625 0.1147484375 0.9043203125 0.0684109375 0.13797500000000001
6 0.044021875 0.8999843750000001 0.078165625 0.8999843750000001 0.0188203125 0.13580625 0.000934375 0.1336390625 0.0025609375 0.39161718749999996 0.044021875 0.8999843750000001
6 0.1025546875 0.1119609375 0.0643453125 0.1097921875 0.112309375 0.8967328125 0.1529578125 0.9043203125 0.1025546875 0.1119609375
6 0.15051874999999998 0.10870781249999999 0.1033671875 0.1108765625 0.15051874999999998 0.9021531250000001 0.1862890625 0.9032359375000001 0.15051874999999998 0.10870781249999999
6 0.178971875 0.029581249999999996 0.144015625 0.0317484375 0.19035312499999998 0.9086562499999999 0.21718125000000002 0.9064890625 0.178971875 0.029581249999999996
6 0.21962031249999997 0.0339171875 0.18141093749999998 0.028496874999999998 0.20986406249999998 0.915159375 0.2480734375 0.9129921875000001 0.21962031249999997 0.0339171875
6 0.266771875 0.0328328125 0.222871875 0.0230765625 0.2521375 0.9054046874999999 0.279778125 0.9097406250000001 0.266771875 0.0328328125
6 0.29685 0.0339171875 0.2651453125 0.0317484375 0.27490156250000003 0.8999843750000001 0.3098578125 0.90106875 0.29685 0.0339171875
6 0.335871875 0.114128125 0.302540625 0.1119609375 0.31310937499999997 0.9054046874999999 0.3440015625 0.9021531250000001 0.335871875 0.114128125
6 0.36920312499999997 0.11521250000000001 0.3318078125 0.1119609375 0.34481562499999996 0.907571875 0.379771875 0.9043203125 0.36920312499999997 0.11521250000000001
6 0.43586562500000003 0.04475625 0.36920312499999997 0.0393359375 0.378146875 0.9064890625 0.43017500000000003 0.9097406250000001 0.43586562500000003 0.04475625
6 0.5000890625000001 0.048007812500000004 0.44074375000000005 0.04475625 0.43342656249999995 0.9129921875000001 0.48626874999999997 0.9140765625 0.5000890625000001 0.048007812500000004
6 0.546428125 0.167240625 0.49765 0.1650734375 0.48545625000000003 0.9129921875000001 0.53098125 0.9129921875000001 0.546428125 0.167240625
6 0.5887015625 0.1195484375 0.5504921875 0.11521250000000001 0.53016875 0.9129921875000001 0.5659390625 0.9205796875000001 0.5887015625 0.1195484375
6 0.6277234375 0.23986562500000003 0.5887015625 0.22902499999999998 0.5667515625 0.9184125 0.591140625 0.9162437499999999 0.6277234375 0.23986562500000003
6 0.6512984375 0.2355296875 0.6269109375 0.23227812499999997 0.59601875 0.9129921875000001 0.6212203125 0.9140765625 0.6512984375 0.2355296875
6 0.6960109375 0.0566796875 0.6537375 0.05559531250000001 0.6179671875 0.9184125 0.6496734375 0.917328125 0.6960109375 0.0566796875
6 0.7293421875 0.059931250000000005 0.6992640625 0.0490921875 0.647234375 0.9184125 0.6805656250000001 0.9184125 0.7293421875 0.059931250000000005
6 0.7512921875 0.27021562499999996 0.7203999999999999 0.2658796875 0.6821906249999999 0.915159375 0.713084375 0.9119078125 0.7512921875 0.27021562499999996
6 0.791940625 0.27238281249999996 0.7569828125 0.2745515625 0.713896875 0.915159375 0.7496671874999999 0.915159375 0.791940625 0.27238281249999996
6 0.83015 0.2745515625 0.7951921875 0.268046875 0.75291875 0.9194953124999999 0.7854375 0.9184125 0.83015 0.2745515625
6 0.8683578125 0.27238281249999996 0.831775 0.26913125 0.7886890625 0.922746875 0.82120625 0.9194953124999999 0.8683578125 0.27238281249999996
6 0.9325812499999999 0.06318281249999999 0.8903078125 0.059931250000000005 0.8163296875 0.9270828124999999 0.8553515624999999 0.9259999999999999 0.9325812499999999 0.06318281249999999
6 0.9691640625 0.06968593749999999 0.93095625 0.06751875 0.8545375 0.924915625 0.88786875 0.9216640625 0.9691640625 0.06968593749999999
6 0.9911140625 0.1878359375 0.9561578125000001 0.1813328125 0.882990625 0.9238312499999999 0.9130703125 0.9292515625 0.9911140625 0.1878359375
6 0.9366468749999999 0.9281671875 0.9951796875 0.4132953125 0.9997484375000001 0.18548437499999998 0.9894890625 0.182415625 0.91063125 0.924915625 0.9366468749999999 0.9281671875