4 0.6218781250000001 0.919928125 0.6300890625 0.8960812499999999 0.25138125 0.752775 0.241409375 0.77506875 0.6218781250000001 0.919928125
4 0.62959375 0.8941890625 0.63985625 0.8710484375 0.2585671875 0.7285734374999999 0.25247031249999996 0.7496140625 0.62959375 0.8941890625
4 0.641378125 0.87329375 0.6511453125 0.8482609374999999 0.264428125 0.70821875 0.25889687499999997 0.724284375 0.641378125 0.87329375
4 0.65286875 0.8299234375 0.6602859375000001 0.8083843749999999 0.2835625 0.67264375 0.275915625 0.6948562500000001 0.65286875 0.8299234375
4 0.6608828124999999 0.799984375 0.6683 0.7784453124999999 0.3025640625 0.650790625 0.2949515625 0.6695656249999999 0.6608828124999999 0.799984375
4 0.6718734375000001 0.781396875 0.6785296875 0.758734375 0.307928125 0.6285453125 0.30031875 0.6473140625 0.6718734375000001 0.781396875
4 0.68574375 0.7577765624999999 0.6905453125000001 0.7405 0.3020078125 0.6024125 0.2948953125 0.6230687500000001 0.68574375 0.7577765624999999
4 0.6957765625000001 0.731975 0.70140625 0.708959375 0.30998749999999997 0.5759046875 0.30416875 0.5961375 0.6957765625000001 0.731975
4 0.702465625 0.7058828125 0.7098828125 0.6843421875 0.3228328125 0.55193125 0.315725 0.5725734375 0.702465625 0.7058828125
4 0.7155750000000001 0.681140625 0.721171875 0.6615546875 0.33154062500000003 0.5299750000000001 0.325725 0.5501968749999999 0.7155750000000001 0.681140625
4 0.726334375 0.659890625 0.7326921875 0.641428125 0.3068546875 0.501684375 0.302365625 0.518053125 0.726334375 0.659890625
4 0.73295625 0.640659375 0.73749375 0.6241515625 0.31400625 0.4809140625 0.308178125 0.4978375 0.73295625 0.640659375
4 0.7382875 0.62184375 0.7430890625 0.604565625 0.3213890625 0.4628046875 0.31716875 0.47839375000000006 0.7382875 0.62184375
4 0.745140625 0.605271875 0.7489171875 0.5876421875 0.3280109375 0.4435734375 0.32170624999999997 0.46188124999999997 0.745140625 0.605271875
4 0.7517640625 0.586040625 0.7615984375 0.554146875 0.329903125 0.40808437499999994 0.3198921875 0.4371578125 0.7517640625 0.586040625
4 0.766496875 0.5532515625000001 0.7755359375 0.5236671875 0.339703125 0.3796203125 0.32972812500000004 0.40525625 0.766496875 0.5532515625000001
4 0.7714140625 0.5174578125 0.77341875 0.5134531250000001 0.7787046875 0.5011328125000001 0.7806421875 0.4924734375 0.780659375 0.4854578125 0.36921875000000004 0.347228125 0.3634921875 0.35386093750000003 0.3587578125 0.364278125 0.35763124999999996 0.374215625 0.3555375 0.383628125 0.76468125 0.517015625 0.7714140625 0.5174578125
4 0.39382812500000003 0.29241875 0.387109375 0.29526718750000003 0.3689296875 0.344734375 0.780803125 0.48503749999999995 0.8019265624999999 0.43035625 0.39382812500000003 0.29241875
4 0.8166890625000001 0.42081093750000004 0.8239390625 0.41642343750000005 0.8307249999999999 0.40671406250000003 0.8357578125 0.392096875 0.8408234374999999 0.37405 0.8385734375 0.367253125 0.3676609375 0.2051046875 0.36196875 0.20830781250000002 0.3556453125 0.22333906250000002 0.34928750000000003 0.24180156249999998 0.34812656249999996 0.2551703125 0.34759843749999997 0.2633703125 0.8166890625000001 0.42081093750000004
4 0.8449312499999999 0.349396875 0.8442375 0.34080625000000003 0.417209375 0.1911875 0.4099609375 0.1955765625 0.40443125 0.2083 0.40390781249999996 0.21648593749999998 0.8319218749999999 0.363240625 0.838790625 0.35995625000000003 0.843215625 0.3525609375 0.8449312499999999 0.349396875
4 0.8455609374999999 0.3369609375 0.85748125 0.30234375 0.41890312500000004 0.1496078125 0.40755625 0.18589687500000002 0.8455609374999999 0.3369609375
4 0.864003125 0.293403125 0.8754265625000001 0.25689375000000003 0.43449687499999995 0.1076515625 0.4223921875 0.14280625 0.864003125 0.293403125