4 0.5960796875 1 0.1916671875 0.85606875 0.1843796875 0.8836187499999999 0.5029984375 1 0.5960796875 1
4 0.65405625 1 0.1976140625 0.8366171874999999 0.1921796875 0.8543937500000001 0.600853125 1 0.65405625 1
4 0.678678125 1 0.6803828125 0.994425 0.6847515625 0.9838484375000001 0.1372171875 0.7892265625 0.1331734375 0.8024531250000001 0.13219375 0.813078125 0.650340625 1 0.678678125 1
4 0.14266718750000001 0.7602640625 0.1369578125 0.7789375 0.1356171875 0.7870359375 0.6853140625 0.985721875 0.6926015624999999 0.9581734375 0.14266718750000001 0.7602640625
4 0.6961906250000001 0.9575687500000001 0.7002125 0.9332750000000001 0.144378125 0.7361140625 0.138471875 0.755428125 0.6961906250000001 0.9575687500000001
4 0.1509515625 0.7109 0.1477734375 0.717584375 0.1456109375 0.73208125 0.7032406250000001 0.9307984375 0.7099 0.9090125 0.1509515625 0.7109
4 0.709728125 0.9021531250000001 0.7195671875 0.8736828125 0.16148437499999999 0.669028125 0.15305312499999998 0.7003171874999999 0.709728125 0.9021531250000001
4 0.7201953125 0.86791875 0.731071875 0.8397656250000001 0.1721875 0.6340171875 0.163625 0.6620265625 0.7201953125 0.86791875
4 0.7312234375 0.8355593750000001 0.741471875 0.81316875 0.17253593750000001 0.6068984375 0.1648890625 0.6281984375 0.7312234375 0.8355593750000001
4 0.7403484375 0.809421875 0.7497984375 0.7859375 0.1785484375 0.579809375 0.17297968749999998 0.6017375 0.7403484375 0.809421875
4 0.7470749999999999 0.78 0.7562859375000001 0.7572921874999999 0.2673359375 0.5788796875 0.2604921875 0.6012625 0.7470749999999999 0.78
4 0.760178125 0.7482734375 0.7675515625 0.7241546875 0.273909375 0.5536640625 0.268259375 0.5721499999999999 0.760178125 0.7482734375
4 0.7665796874999999 0.7162 0.775878125 0.6969218749999999 0.2614828125 0.5200875 0.25710937500000003 0.5381046875 0.7665796874999999 0.7162
4 0.7762671875 0.6919359375 0.7819765624999999 0.6732640625 0.266478125 0.5037484375 0.26201875 0.5183328125 0.7762671875 0.6919359375
4 0.7885718749999999 0.659115625 0.8007031250000001 0.619434375 0.27683749999999996 0.45501874999999997 0.2657203125 0.49138125 0.7885718749999999 0.659115625
4 0.8000546875 0.61413125 0.8152984375000001 0.575403125 0.2899203125 0.4122265625 0.27833125000000003 0.45013437500000003 0.8000546875 0.61413125
4 0.8184953125 0.568659375 0.8314921875 0.5224359375 0.27044375 0.353459375 0.25717500000000004 0.3968625 0.8184953125 0.568659375
4 0.83276875 0.5219765625 0.846478125 0.47341875 0.283440625 0.3072375 0.2716890625 0.3493890625 0.83276875 0.5219765625
4 0.84423125 0.4659265625 0.864946875 0.40930156249999994 0.308934375 0.24611875 0.29305625 0.29805468749999997 0.84423125 0.4659265625
4 0.8625468749999999 0.40601562500000005 0.8734890625 0.37022656249999997 0.3443046875 0.21949843750000003 0.33621406249999997 0.2533828125 0.8625468749999999 0.40601562500000005
4 0.8785703125 0.35731562499999997 0.8981625 0.2969453125 0.351271875 0.1484609375 0.3353359375 0.20801093750000002 0.8785703125 0.35731562499999997
4 0.895915625 0.289453125 0.919809375 0.22614375 0.3703671875 0.07858125 0.3552515625 0.142871875 0.895915625 0.289453125