6 0.048085937499999995 0.019825000000000002 0.0074390625 0.020909375 0.0350796875 0.9682734375000001 0.0684109375 0.9661046875 0.048085937499999995 0.019825000000000002
6 0.08304375 0.028496874999999998 0.048085937499999995 0.028496874999999998 0.06353281250000001 0.9661046875 0.101740625 0.965021875 0.08304375 0.028496874999999998
6 0.1358859375 0.1867515625 0.088734375 0.1737453125 0.0984890625 0.9671890624999999 0.1423890625 0.971525 0.1358859375 0.1867515625
6 0.16840312500000001 0.0317484375 0.1261296875 0.029581249999999996 0.1423890625 0.9682734375000001 0.17165625 0.965021875 0.16840312500000001 0.0317484375
6 0.2033609375 0.036084375 0.167590625 0.034999999999999996 0.16840312500000001 0.970440625 0.213115625 0.9682734375000001 0.2033609375 0.036084375
6 0.2505125 0.17808125 0.2025484375 0.17808125 0.210678125 0.9671890624999999 0.2545765625 0.9606859375000001 0.2505125 0.17808125
6 0.2992890625 0.1943390625 0.24969843749999998 0.1867515625 0.2586421875 0.9671890624999999 0.29685 0.9617687500000001 0.2992890625 0.1943390625
6 0.339125 0.0490921875 0.3098578125 0.0415046875 0.300915625 0.9661046875 0.32936875 0.96935625 0.339125 0.0490921875
6 0.3651390625 0.0545109375 0.339125 0.05234375 0.33018125 0.96935625 0.3488796875 0.9661046875 0.3651390625 0.0545109375
6 0.3944046875 0.176996875 0.3643265625 0.1737453125 0.346440625 0.9671890624999999 0.38465 0.9671890624999999 0.3944046875 0.176996875
6 0.4269234375 0.1791640625 0.39684375 0.1802484375 0.38058437500000003 0.971525 0.4163546875 0.96935625 0.4269234375 0.1791640625
6 0.47732656249999994 0.066434375 0.4366796875 0.059931250000000005 0.4204203125 0.971525 0.4545640625 0.971525 0.47732656249999994 0.066434375
6 0.512284375 0.06534999999999999 0.48057812499999997 0.06751875 0.45375156250000004 0.9682734375000001 0.4927734375 0.9671890624999999 0.512284375 0.06534999999999999
6 0.5821984375 0.0718546875 0.5171609375 0.0729390625 0.4952109375 0.9682734375000001 0.548053125 0.9747765625 0.5821984375 0.0718546875
6 0.647234375 0.08269375 0.5887015625 0.07510625 0.5569968750000001 0.971525 0.6122765625000001 0.9682734375000001 0.647234375 0.08269375
6 0.692759375 0.0870296875 0.6415437500000001 0.0772734375 0.6106515625 0.971525 0.658615625 0.972609375 0.692759375 0.0870296875
6 0.7228390625000001 0.11304375 0.6886953124999999 0.10870781249999999 0.659428125 0.971525 0.6886953124999999 0.971525 0.7228390625000001 0.11304375
6 0.758609375 0.11304375 0.7301562500000001 0.11521250000000001 0.6951984375 0.971525 0.725278125 0.9801968750000001 0.758609375 0.11304375
6 0.8000703124999999 0.2431171875 0.7634875 0.23444531249999997 0.7285296875 0.972609375 0.7553578125 0.972609375 0.8000703124999999 0.2431171875
6 0.8675453125000001 0.21493437499999998 0.7943796875 0.20843124999999998 0.757796875 0.9801968750000001 0.8309625 0.978028125 0.8675453125000001 0.21493437499999998
6 0.8968109375 0.24420156249999997 0.8691718749999999 0.23878125 0.8325875 0.970440625 0.8602281250000001 0.970440625 0.8968109375 0.24420156249999997
6 0.9342078125000001 0.24420156249999997 0.9016890625 0.23986562500000003 0.8569765625000001 0.9747765625 0.8886828124999999 0.9747765625 0.9342078125000001 0.24420156249999997
6 0.9634734375 0.25070468749999997 0.93176875 0.24420156249999997 0.8903078125 0.972609375 0.9179484375 0.971525 0.9634734375 0.25070468749999997
6 0.9903015625 0.23444531249999997 0.9569703125 0.2257734375 0.914696875 0.9639374999999999 0.9382718750000001 0.9682734375000001 0.9903015625 0.23444531249999997