6 0.7998171875 0.9208375 0.797484375 0.8976468750000001 0.2974 0.8358296875000001 0.291396875 0.8836015625 0.793809375 0.9377140624999999 0.7998171875 0.9208375
6 0.799196875 0.8952875 0.80315625 0.8652671875 0.3175703125 0.804303125 0.31282343749999997 0.8372937500000001 0.799196875 0.8952875
6 0.32625000000000004 0.7684359374999999 0.3203921875 0.801684375 0.8062109375000001 0.862284375 0.8093390625 0.8329546875 0.32625000000000004 0.7684359374999999
6 0.8146015625 0.8114203124999999 0.8151046875000001 0.80335625 0.31936718750000004 0.732478125 0.31208749999999996 0.7612062500000001 0.8084093749999999 0.8291656250000001 0.8146015625 0.8114203124999999
6 0.8199046875 0.7807765625 0.8181062499999999 0.77291875 0.3269875 0.7023265624999999 0.3208953125 0.7309875 0.8095000000000001 0.8012578124999999 0.817925 0.7957859375 0.8199046875 0.7807765625
6 0.34254531250000003 0.6974640625 0.8211468749999999 0.7692390625 0.8242859375 0.754475 0.8236296875000001 0.7461656249999999 0.3461375 0.6691796875 0.34254531250000003 0.6974640625
6 0.8238156249999999 0.745296875 0.8289328125000001 0.7155218750000001 0.3508359375 0.6356843750000001 0.3440046875 0.6678203125 0.8238156249999999 0.745296875
6 0.8321734375000001 0.7116718750000001 0.8380796875 0.6838796874999999 0.3570625 0.6006984375 0.3512046875 0.6339484375 0.8321734375000001 0.7116718750000001
6 0.38254062499999997 0.6061140625 0.8478984374999999 0.68324375 0.8502984375 0.671953125 0.8521984375 0.6563656250000001 0.384234375 0.5810578125 0.38254062499999997 0.6061140625
6 0.36845625000000004 0.54139375 0.3632046875 0.5774953125 0.8507015625 0.6529765624999999 0.855634375 0.62406875 0.36845625000000004 0.54139375
6 0.3727359375 0.5041796875 0.3688265625 0.5396578125 0.857346875 0.621709375 0.8623875 0.58964375 0.3727359375 0.5041796875
6 0.8674671875 0.5911828125 0.876328125 0.54949375 0.3595421875 0.45235624999999996 0.35075781250000004 0.49786562500000003 0.8674671875 0.5911828125
6 0.366825 0.4067015625 0.35819999999999996 0.45297968749999995 0.8790140624999999 0.54825 0.884684375 0.50353125 0.366825 0.4067015625
6 0.8886125 0.5030875 0.8954437499999999 0.47095312500000003 0.37582343749999997 0.3674140625 0.368721875 0.403475 0.8886125 0.5030875
6 0.382096875 0.32915937500000003 0.3770296875 0.3643921875 0.8964171875 0.4720671875 0.901646875 0.4362515625 0.382096875 0.32915937500000003
6 0.9031968750000001 0.4344765625 0.9135859375000001 0.391296875 0.3676453125 0.2661765625 0.356940625 0.3184734375 0.9031968750000001 0.4344765625
6 0.3707984375 0.211475 0.363196875 0.2643234375 0.9143234375 0.3878234375 0.9231343750000001 0.340678125 0.3707984375 0.211475
6 0.42360156250000003 0.21362031250000002 0.9265578124999999 0.335959375 0.9319625 0.3162296875 0.931346875 0.302790625 0.4288546875 0.1775203125 0.42360156250000003 0.21362031250000002
6 0.926809375 0.3006109375 0.9346125000000001 0.26959062500000003 0.4372890625 0.14086875000000001 0.43038125000000005 0.1760296875 0.926809375 0.3006109375
6 0.43748125 0.13124375 0.937853125 0.265740625 0.9465468749999999 0.24761875 0.9484578125 0.22855468750000002 0.44657656250000005 0.09414375 0.43748125 0.13124375
6 0.9482906249999999 0.22801875 0.9579921875 0.19377187499999998 0.45087343750000003 0.051904687500000005 0.4407859375 0.0929125 0.9482906249999999 0.22801875