0 0.053736771875 0.09820426666666666 0.022171115625 0.09720217916666667 0.010146103125 0.9960718291666667 0.03870550625 0.9950697458333334 0.053736771875 0.09820426666666666
0 0.08079305 0.09920635 0.058997715625 0.10221260416666667 0.046972703125 0.9960718291666667 0.065010221875 0.9960718291666667 0.08079305 0.09920635
0 0.1070977625 0.10121051666666667 0.08605399375 0.10421677083333333 0.072525853125 0.9990780833333334 0.092066496875 0.9960718291666667 0.1070977625 0.10121051666666667
0 0.14016654687500002 0.1783710125 0.11536495937499999 0.1783710125 0.097327440625 0.9950697458333334 0.12513528125 0.998076 0.14016654687500002 0.1783710125
0 0.17473845625 0.09219175833333333 0.14993686875 0.09219175833333333 0.1326509125 0.9940676624999999 0.154446246875 0.9970739125 0.17473845625 0.09219175833333333
0 0.20404942187500003 0.09219175833333333 0.1807509625 0.09118967500000001 0.159707190625 0.9970739125 0.181502525 0.9970739125 0.20404942187500003 0.09219175833333333
0 0.227347884375 0.075156325 0.21231661875 0.07816257916666666 0.18751503125 0.998076 0.207807240625 0.9970739125 0.227347884375 0.075156325
0 0.2559072875 0.07716049166666666 0.234863515625 0.07816257916666666 0.215322871875 0.9960718291666667 0.23711820625 0.9930655749999999 0.2559072875 0.07716049166666666
0 0.28747294375 0.1032146875 0.264174484375 0.10221260416666667 0.24162758437499998 0.9960718291666667 0.264174484375 0.9960718291666667 0.28747294375 0.1032146875
0 0.28822450625 0.9940676624999999 0.308516715625 0.059122975 0.291230759375 0.0631313125 0.29273388749999996 0.08918550416666667 0.271690115625 0.9950697458333334 0.28822450625 0.9940676624999999
0 0.333318303125 0.05411255416666667 0.314529221875 0.059122975 0.29273388749999996 0.9940676624999999 0.31302609375 0.9940676624999999 0.333318303125 0.05411255416666667
0 0.358119890625 0.05411255416666667 0.339330809375 0.05611672083333333 0.3190386 0.998076 0.339330809375 0.9960718291666667 0.358119890625 0.05411255416666667
0 0.38743085625 0.05812089166666667 0.36713864687500003 0.05812089166666667 0.3453433125 0.9960718291666667 0.364883959375 0.9960718291666667 0.38743085625 0.05812089166666667
0 0.41824494999999995 0.09319384166666667 0.391940234375 0.09018759166666666 0.371648028125 0.9990780833333334 0.397201178125 0.9990780833333334 0.41824494999999995 0.09319384166666667
0 0.45882936562500004 0.0871813375 0.427263709375 0.0951980125 0.403213684375 0.998076 0.439288721875 0.9970739125 0.45882936562500004 0.0871813375
0 0.50617785 0.09018759166666666 0.4685996875 0.08818342083333335 0.44605279062500003 0.9960718291666667 0.48814033125 0.998076 0.50617785 0.09018759166666666
0 0.55052008125 0.09319384166666667 0.51294191875 0.09419592916666668 0.49490439999999997 0.9990780833333334 0.533985690625 0.9960718291666667 0.55052008125 0.09319384166666667
0 0.597868565625 0.09018759166666666 0.558035715625 0.09219175833333333 0.5407497593749999 0.998076 0.5805826125 0.9960718291666667 0.597868565625 0.09018759166666666
0 0.645968615625 0.08818342083333335 0.6076388875000001 0.08818342083333335 0.58659511875 0.9960718291666667 0.628682659375 0.9920634916666666 0.645968615625 0.08818342083333335
0 0.6925655374999999 0.08417508333333333 0.6572420625000001 0.09118967500000001 0.6392045468750001 0.9950697458333334 0.67527958125 0.9950697458333334 0.6925655374999999 0.08417508333333333
0 0.75043590625 0.0871813375 0.7068452375 0.08417508333333333 0.689559284375 0.9970739125 0.7323983875 0.9940676624999999 0.75043590625 0.0871813375
0 0.8000390812499999 0.0871813375 0.7579515406249999 0.08818342083333335 0.7406655843750001 0.998076 0.78125 0.9970739125 0.8000390812499999 0.0871813375
0 0.830853175 0.75156325 0.8383688062499999 0.09018759166666666 0.8045484593750001 0.08818342083333335 0.78801406875 0.9950697458333334 0.823337540625 0.9940676624999999 0.830853175 0.75156325
0 0.8699344625000001 0.70045695 0.8766985343749999 0.09018759166666666 0.8481391281249999 0.08918550416666667 0.829350046875 0.9970739125 0.860164140625 0.9940676624999999 0.8699344625000001 0.70045695
0 0.9135251312499999 0.7315215666666667 0.9157798218750001 0.09419592916666668 0.8857172906249999 0.09419592916666668 0.8699344625000001 0.998076 0.9067610625 0.9920634916666666 0.9135251312499999 0.7315215666666667
0 0.948097040625 0.43290043333333333 0.9503517312499999 0.0871813375 0.9285563968749999 0.08818342083333335 0.9135251312499999 0.9960718291666667 0.935320465625 0.9940676624999999 0.948097040625 0.43290043333333333
0 0.9781595718749999 0.08918550416666667 0.9578673656250001 0.08818342083333335 0.944339225 0.998076 0.9683892500000001 0.9970739125 0.9781595718749999 0.08918550416666667