0 0.088734065625 0.1748287375 0.020445825 0.16615721666666666 0.051338125 0.8891454208333334 0.11230976875000001 0.8826417791666666 0.088734065625 0.1748287375
0 0.1578352625 0.17157691666666666 0.089547021875 0.1694090375 0.12043932187499999 0.8837257208333333 0.175720278125 0.8815578375 0.1578352625 0.17157691666666666
0 0.18954051875 0.062098941666666664 0.15702230625 0.06860258333333333 0.18059800937499998 0.8989008833333333 0.2098644 0.8956490625 0.18954051875 0.062098941666666664
0 0.23750487812499999 0.07619016666666667 0.191979384375 0.075106225 0.21149030937500002 0.8956490625 0.248073296875 0.8891454208333334 0.23750487812499999 0.07619016666666667
0 0.274087865625 0.08377775000000001 0.23587896874999997 0.08052592916666666 0.258641715625 0.8978169458333334 0.293598790625 0.8891454208333334 0.274087865625 0.08377775000000001
0 0.32123926875 0.08702957083333333 0.27977854999999996 0.08377775000000001 0.28953401562500003 0.9010687666666667 0.3318076875 0.899984825 0.32123926875 0.08702957083333333
0 0.3626999875 0.075106225 0.32367813437500004 0.075106225 0.33262064375 0.8913133 0.380585003125 0.8826417791666666 0.3626999875 0.075106225
0 0.4187939 0.07727410833333333 0.37164249374999997 0.07077046666666667 0.37570727187499997 0.8913133 0.43098822812500004 0.8858936 0.4187939 0.07727410833333333
0 0.4748878125 0.18133237916666667 0.42611049687499997 0.18133237916666667 0.43505300625 0.8858936 0.48301736562500003 0.8869775416666666 0.4748878125 0.18133237916666667
0 0.5350465 0.1824163208333333 0.478139634375 0.1748287375 0.4903339625 0.8815578375 0.5261039937499999 0.8815578375 0.5350465 0.1824163208333333
0 0.578946084375 0.1791645 0.533420590625 0.1748287375 0.5358594562500001 0.8837257208333333 0.579759040625 0.8891454208333334 0.578946084375 0.1791645
0 0.61715498125 0.20626300833333333 0.5756942625 0.20517906666666666 0.585449728125 0.8913133 0.61715498125 0.8848096583333334 0.61715498125 0.20626300833333333
0 0.655363878125 0.21276665 0.6179679375 0.21276665 0.61715498125 0.8891454208333334 0.656989790625 0.8858936 0.655363878125 0.21276665
0 0.6854432218750001 0.21276665 0.65211205625 0.2084308875 0.65780274375 0.8923972416666667 0.692759821875 0.8902293625 0.6854432218750001 0.21276665
0 0.7456019125 0.07619016666666667 0.6951986875 0.06860258333333333 0.693572775 0.8923972416666667 0.739911225 0.8923972416666667 0.7456019125 0.07619016666666667
0 0.79112740625 0.08269380833333333 0.74641486875 0.069686525 0.743163046875 0.8978169458333334 0.786249675 0.8902293625 0.79112740625 0.08269380833333333
0 0.8106383312500001 0.13038718333333332 0.79031445 0.13038718333333332 0.78543671875 0.8913133 0.808199465625 0.8858936 0.8106383312500001 0.13038718333333332
0 0.834214034375 0.136890825 0.8114512875000001 0.13038718333333332 0.8106383312500001 0.8880614791666667 0.830149259375 0.8902293625 0.834214034375 0.136890825
0 0.8618545125000001 0.13472294583333333 0.84153063125 0.13580688333333332 0.8252715281249999 0.8848096583333334 0.854537915625 0.8858936 0.8618545125000001 0.13472294583333333
0 0.889494990625 0.1433944666666667 0.8675452 0.13905870833333334 0.855350871875 0.8880614791666667 0.8748617968750001 0.8858936 0.889494990625 0.1433944666666667
0 0.931768665625 0.11954777916666666 0.8886820375 0.11629595833333334 0.875674753125 0.8848096583333334 0.917948425 0.8826417791666666 0.931768665625 0.11954777916666666
0 0.98054598125 0.19325572500000002 0.9366463968750001 0.19217178333333335 0.9187613812500001 0.8837257208333333 0.9683516531249999 0.8848096583333334 0.98054598125 0.19325572500000002