6 0.1238515625 0.322265625 0.09863125 0.3200953125 0.073409375 0.8756515625000001 0.10025781250000002 0.8756515625000001 0.1238515625 0.322265625
6 0.15232812499999998 0.32334999999999997 0.1296875 0.3200953125 0.10351250000000001 0.87348125 0.128734375 0.874565625 0.15232812499999998 0.32334999999999997
6 0.184059375 0.3287765625 0.1638671875 0.3255203125 0.13849687500000002 0.8680562500000001 0.161278125 0.8680562500000001 0.184059375 0.3287765625
6 0.212534375 0.277778125 0.18828125 0.2766921875 0.1620921875 0.8756515625000001 0.19138125 0.8723953124999999 0.212534375 0.277778125
6 0.240196875 0.283203125 0.2151359375 0.2810328125 0.1946359375 0.8702249999999999 0.22067031250000002 0.869140625 0.240196875 0.283203125
6 0.26704531249999997 0.29188437500000003 0.2426375 0.29188437500000003 0.22229843749999997 0.8723953124999999 0.24670625 0.8702249999999999 0.26704531249999997 0.29188437500000003
6 0.313421875 0.288628125 0.270475 0.2864578125 0.2483328125 0.8702249999999999 0.2947078125 0.869140625 0.313421875 0.288628125
6 0.3622375 0.29188437500000003 0.319115625 0.288628125 0.2979625 0.8756515625000001 0.341896875 0.8723953124999999 0.3622375 0.29188437500000003
6 0.40535781249999997 0.29296875 0.364678125 0.2897140625 0.34352499999999997 0.8713109375 0.387459375 0.8702249999999999 0.40535781249999997 0.29296875
6 0.46076249999999996 0.297309375 0.41044843750000004 0.29405312499999997 0.389978125 0.87348125 0.44204999999999994 0.8756515625000001 0.46076249999999996 0.297309375
6 0.509578125 0.2560765625 0.47133906249999996 0.25390625 0.4501859375 0.8875875000000001 0.49086562499999997 0.8908421875 0.509578125 0.2560765625
6 0.5502578125 0.2571609375 0.5129875 0.2560765625 0.49412031250000005 0.8897562499999999 0.5364265625 0.8897562499999999 0.5502578125 0.2571609375
6 0.5958203125 0.25499062499999997 0.5610015625 0.25282187500000003 0.5404953124999999 0.8897562499999999 0.578734375 0.8908421875 0.5958203125 0.25499062499999997
6 0.6381265625 0.258246875 0.604946875 0.25499062499999997 0.5860562500000001 0.8908421875 0.621040625 0.8897562499999999 0.6381265625 0.258246875
6 0.6560265625 0.307075 0.6391265625 0.3059890625 0.62266875 0.87890625 0.638940625 0.8778218750000001 0.6560265625 0.307075
6 0.6796203125 0.3103296875 0.659471875 0.308159375 0.64138125 0.8778218750000001 0.662534375 0.87348125 0.6796203125 0.3103296875
6 0.7007734375 0.3342015625 0.6814453125 0.33203125 0.6633484375 0.87348125 0.6820609375 0.8713109375 0.7007734375 0.3342015625
6 0.7276234374999999 0.3352859375 0.7074859375 0.33311562499999997 0.6885703125 0.87348125 0.7080968750000001 0.8713109375 0.7276234374999999 0.3352859375
6 0.7585390624999999 0.3103296875 0.73515625 0.307075 0.7146046875 0.87348125 0.7406406249999999 0.874565625 0.7585390624999999 0.3103296875
6 0.754471875 0.87348125 0.7699296875 0.87348125 0.787015625 0.3125 0.7634218749999999 0.3092453125 0.744709375 0.8723953124999999 0.754471875 0.87348125
6 0.7796937500000001 0.8723953124999999 0.793525 0.8756515625000001 0.8220000000000001 0.874565625 0.8276953125000001 0.8702249999999999 0.8415265625 0.3569875 0.7945640625 0.3515625 0.7796937500000001 0.8723953124999999