6 0.273146875 0.846628125 0.328534375 0.82810625 0.14409375 0.309134375 0.08283125 0.32930625 0.273146875 0.846628125
6 0.332425 0.6483953125 0.33294531250000003 0.6456062499999999 0.3287484375 0.6309734375 0.3259515625 0.6212187499999999 0.32076875 0.6077484375 0.31727343750000003 0.595553125 0.31115781249999996 0.57883125 0.3115890625 0.5734296875 0.3036984375 0.5528171875 0.2998796875 0.537196875 0.29423125 0.5221 0.2916671875 0.5131578125 0.285875 0.4998625 0.2837765625 0.4925453125 0.2803703125 0.482965625 0.2767296875 0.47257187500000003 0.2693609375 0.44917187500000005 0.2620796875 0.428384375 0.250784375 0.39819218749999996 0.213115625 0.28719843749999996 0.1520203125 0.3068625 0.3364609375 0.825834375 0.376840625 0.8124953125 0.37965625 0.8108078125 0.376003125 0.79346875 0.3726265625 0.7793921874999999 0.3703859375 0.7738765625 0.3685203125 0.7673734375000001 0.3673546875 0.7633078125 0.367121875 0.7624953125 0.3652578125 0.7559921875 0.3592328125 0.7418828125 0.3609171875 0.7431593750000001 0.3540140625 0.721384375 0.351915625 0.71406875 0.3468234375 0.7032109375 0.34626718749999996 0.698971875 0.3435609375 0.69183125 0.332425 0.6483953125
6 0.3991875 0.8052953125 0.42568906249999994 0.7941765625 0.260440625 0.29579374999999997 0.2275140625 0.3055375 0.3991875 0.8052953125
6 0.4297234375 0.792140625 0.4607265625 0.7806109375 0.300928125 0.2851515625 0.26395 0.2968484375 0.4297234375 0.792140625
6 0.46569374999999996 0.7818265625 0.49866875000000005 0.767971875 0.342559375 0.26837656249999997 0.3052265625 0.279734375 0.46569374999999996 0.7818265625
6 0.5032578125 0.7701749999999999 0.532575 0.7573703125 0.38082343750000003 0.25805781250000004 0.3466828125 0.267846875 0.5032578125 0.7701749999999999
6 0.5357140625000001 0.759109375 0.5660171875 0.745140625 0.418071875 0.24575624999999998 0.38401406250000003 0.2553828125 0.5357140625000001 0.759109375
6 0.505246875 0.42736875 0.59318125 0.7294343750000001 0.6156484375 0.7203515625 0.499125 0.27282656250000004 0.4607046875 0.2835390625 0.47890468750000004 0.33550625 0.4846796875 0.36024375000000003 0.505246875 0.42736875
6 0.658090625 0.7073015625 0.5503234375 0.2578421875 0.5086703124999999 0.268153125 0.6231984374999999 0.7190671875 0.658090625 0.7073015625
6 0.6909234375 0.6952484375 0.5866156250000001 0.22104218750000001 0.55468125 0.22931875000000002 0.6611390625 0.706428125 0.6909234375 0.6952484375
6 0.6945812499999999 0.6942 0.7222484375 0.6871453125 0.6263078125 0.2102328125 0.592765625 0.2148796875 0.6945812499999999 0.6942
6 0.7559218750000001 0.6757296875 0.6672328125 0.196165625 0.6364265625 0.2014796875 0.7274125 0.6821453125 0.7559218750000001 0.6757296875
6 0.789596875 0.664315625 0.7074328125 0.1776 0.67531875 0.18065 0.758934375 0.667828125 0.789596875 0.664315625
6 0.825421875 0.6558015625 0.7518484375 0.162225 0.7191765625000001 0.16715625 0.793540625 0.6596640625 0.825421875 0.6558015625
6 0.82698125 0.6474359375 0.85764375 0.6439234375 0.79111875 0.15233125 0.7564031250000001 0.1574 0.82698125 0.6474359375
6 0.8970734374999999 0.638775 0.8324828125 0.12590625 0.7979296875 0.12965625 0.8647265624999999 0.6410125 0.8970734374999999 0.638775