0 0.06597131875 0.21059876666666666 0.028575378125000002 0.20951482916666667 0.056215856249999994 0.9639373041666667 0.0862952 0.9639373041666667 0.06597131875 0.21059876666666666
0 0.089547021875 0.21385059166666667 0.064345409375 0.21168270833333333 0.082230425 0.9650212458333333 0.115561590625 0.9671891250000001 0.089547021875 0.21385059166666667
0 0.123691140625 0.2084308875 0.09117293125 0.21059876666666666 0.11800045625 0.9671891250000001 0.1423891125 0.9682730666666667 0.123691140625 0.2084308875
0 0.161087084375 0.20734694583333332 0.124504096875 0.20734694583333332 0.139950246875 0.9639373041666667 0.171655503125 0.9661051875 0.161087084375 0.20734694583333332
0 0.191979384375 0.21385059166666667 0.160274128125 0.21059876666666666 0.170029590625 0.9661051875 0.20661257812499997 0.9661051875 0.191979384375 0.21385059166666667
0 0.21718099687499998 0.21385059166666667 0.18384983125 0.21385059166666667 0.20173484687499998 0.9650212458333333 0.23018828125000002 0.9628533666666667 0.21718099687499998 0.21385059166666667
0 0.275713775 0.08160986666666667 0.21474213125000002 0.0794419875 0.227749415625 0.9704409458333333 0.282217415625 0.9682730666666667 0.275713775 0.08160986666666667
0 0.3277429125 0.08269380833333333 0.275713775 0.08160986666666667 0.2854692375 0.9693570083333333 0.3318076875 0.9715248875 0.3277429125 0.08269380833333333
0 0.39521819687500004 0.103288675 0.33587246249999997 0.10112079583333333 0.33424655312499996 0.9715248875 0.390340465625 0.9715248875 0.39521819687500004 0.103288675
0 0.43098822812500004 0.103288675 0.38871455625 0.09895291249999999 0.3879016 0.9726088291666667 0.421232765625 0.9715248875 0.43098822812500004 0.103288675
0 0.46513235 0.10654049583333333 0.425297540625 0.10003685416666667 0.42041980937499995 0.9780285291666666 0.45456393124999994 0.9736927666666666 0.46513235 0.10654049583333333
0 0.509031934375 0.069686525 0.45781575312499995 0.06643470416666666 0.456189840625 0.97586065 0.49927646875000004 0.9736927666666666 0.509031934375 0.069686525
0 0.5602481125 0.22360605416666665 0.506593065625 0.21818635 0.49927646875000004 0.97586065 0.55537038125 0.97586065 0.5602481125 0.22360605416666665
0 0.6220327125 0.046923779166666665 0.5716294875 0.04475589583333333 0.5521185625 0.9780285291666666 0.600082921875 0.9769445875 0.6220327125 0.046923779166666665
0 0.6374788625 0.3157409833333333 0.61309020625 0.3135731 0.600895878125 0.97586065 0.631788175 0.9791124708333334 0.6374788625 0.3157409833333333
0 0.6724359375 0.2149345291666667 0.6415436406249999 0.21059876666666666 0.631788175 0.9747767083333333 0.665119340625 0.9801964083333333 0.6724359375 0.2149345291666667
0 0.7187743875 0.1076244375 0.6675582062500001 0.10654049583333333 0.6626804749999999 0.97586065 0.69845050625 0.9801964083333333 0.7187743875 0.1076244375
0 0.75454441875 0.226857875 0.712270746875 0.21927029166666667 0.700889371875 0.9747767083333333 0.736659403125 0.9736927666666666 0.75454441875 0.226857875
0 0.786249675 0.1694090375 0.7529185093749999 0.16615721666666666 0.739911225 0.97586065 0.770803525 0.9801964083333333 0.786249675 0.1694090375
0 0.81226424375 0.17374479583333333 0.7878755843749999 0.1694090375 0.7691776156250001 0.9801964083333333 0.798444003125 0.9823642916666666 0.81226424375 0.17374479583333333
0 0.8707970218750001 0.11087625833333334 0.817954928125 0.10437261666666667 0.8000699156250001 0.97586065 0.8464083625000001 0.9845321708333333 0.8707970218750001 0.11087625833333334
0 0.907380009375 0.11412807916666666 0.8716099749999999 0.108708375 0.8464083625000001 0.9834482291666667 0.8846172593749999 0.9801964083333333 0.907380009375 0.11412807916666666
0 0.9439629937499999 0.11521202083333333 0.906567053125 0.11521202083333333 0.8886820375 0.9823642916666666 0.920387290625 0.9888679333333333 0.9439629937499999 0.11521202083333333
0 0.9959921312500001 0.11954777916666666 0.9439629937499999 0.11521202083333333 0.921200246875 0.9791124708333334 0.9716034718750001 0.9823642916666666 0.9959921312500001 0.11954777916666666