0 0.24726034062500002 0.0555953 0.2098644 0.030664670833333334 0 0.8125 0.006625584375 0.9205796916666666 0.24726034062500002 0.0555953
0 0.008251496875 0.9075724083333333 0.0415826625 0.9249154541666668 0.28628219375 0.0653507625 0.257015803125 0.04800771666666667 0.008251496875 0.9075724083333333
0 0.335059509375 0.06426682083333334 0.2968506125 0.04475589583333333 0.048899259375 0.9075724083333333 0.074100871875 0.9249154541666668 0.335059509375 0.06426682083333334
0 0.078978603125 0.9064884666666667 0.10905794687499999 0.9259993916666667 0.370829540625 0.0555953 0.3431890625 0.036084374999999995 0.078978603125 0.9064884666666667
0 0.422045721875 0.057763179166666664 0.417167990625 0.0512595375 0.391153421875 0.042588016666666666 0.11637454375 0.899984825 0.14889275625 0.9184118125 0.422045721875 0.057763179166666664
0 0.154583440625 0.899984825 0.1773461875 0.9184118125 0.477326678125 0.06860258333333333 0.450499153125 0.0512595375 0.154583440625 0.899984825
0 0.594392234375 0.11412807916666666 0.5545574281250001 0.08486168749999999 0.190353471875 0.894565125 0.21718099687499998 0.9151599874999999 0.594392234375 0.11412807916666666
0 0.222058728125 0.8902293625 0.261893534375 0.9097402875 0.645608415625 0.12496748333333334 0.61878089375 0.09895291249999999 0.222058728125 0.8902293625
0 0.67487480625 0.1325550625 0.65942865625 0.11954777916666666 0.277339684375 0.9032366458333333 0.283030371875 0.9119081666666666 0.67487480625 0.1325550625
0 0.28953401562500003 0.899984825 0.308231984375 0.9075724083333333 0.6919468656250001 0.136890825 0.677313671875 0.1217156625 0.28953401562500003 0.899984825
0 0.717148478125 0.13472294583333333 0.6992634625 0.11846384166666667 0.313109715625 0.8989008833333333 0.32367813437500004 0.8989008833333333 0.717148478125 0.13472294583333333
0 0.33099473125 0.894565125 0.34644088125 0.9010687666666667 0.736659403125 0.1433944666666667 0.724465075 0.13363900416666666 0.33099473125 0.894565125
0 0.7651128375 0.19000390416666668 0.73503349375 0.15856963333333332 0.355383390625 0.8772220791666666 0.386275690625 0.8978169458333334 0.7651128375 0.19000390416666668
0 0.39684410625 0.8674666125 0.43424005 0.9010687666666667 0.8334010781250001 0.1433944666666667 0.8090124218750001 0.12930324166666668 0.39684410625 0.8674666125
0 0.9480277718749999 0.15856963333333332 0.8781136187499999 0.08811350833333333 0.47326190312499994 0.8208571791666667 0.5448019656249999 0.8848096583333334 0.9480277718749999 0.15856963333333332
0 0.5911404124999999 0.8262768833333334 0.6529250125 0.8783060166666666 0.999747984375 0.28797042916666665 0.999747984375 0.09106182916666666 0.5911404124999999 0.8262768833333334