4 0.25032187499999997 0.037029687500000005 0.23772968749999998 0.07961718749999999 0.8280921875 0.2396953125 0.8470531250000001 0.188034375 0.25032187499999997 0.037029687500000005
4 0.235203125 0.07972968750000001 0.2215125 0.1256953125 0.8135562500000001 0.291128125 0.829521875 0.2429609375 0.235203125 0.07972968750000001
4 0.8027171875000001 0.336946875 0.8153109374999999 0.294359375 0.2198375 0.12701875 0.20983281250000002 0.1730046875 0.8027171875000001 0.336946875
4 0.210434375 0.1827796875 0.2008015625 0.2085921875 0.7316281250000001 0.3679984375 0.74123125 0.3384421875 0.210434375 0.1827796875
4 0.1966015625 0.210028125 0.1884265625 0.24284843750000001 0.7162171875000001 0.405309375 0.728553125 0.3698 0.1966015625 0.210028125
4 0.1774984375 0.2458328125 0.17124375 0.2727421875 0.7704140625 0.46604531250000003 0.7790468749999999 0.4366203125 0.1774984375 0.2458328125
4 0.758440625 0.496209375 0.7669453125000001 0.47003125 0.1662484375 0.2804546875 0.16390156250000001 0.3059421875 0.758440625 0.496209375
4 0.16535 0.3100390625 0.15769687500000001 0.3374265625 0.6883078125 0.5122703125 0.6985140624999999 0.48140625000000004 0.16535 0.3100390625
4 0.1568734375 0.3399609375 0.15259687500000002 0.3684453125 0.6765078124999999 0.5443749999999999 0.684709375 0.5123984375 0.1568734375 0.3399609375
4 0.1492484375 0.3710921875 0.13885 0.40692500000000004 0.710659375 0.60111875 0.7235828125 0.5651734375 0.1492484375 0.3710921875
4 0.6983406249999999 0.6428625 0.7106874999999999 0.6048625000000001 0.1349234375 0.407515625 0.12449375 0.44407968750000004 0.6983406249999999 0.6428625
4 0.12653125 0.44866875000000006 0.1049125 0.5228671874999999 0.67758125 0.726471875 0.7028734375 0.6480703125 0.12653125 0.44866875000000006
4 0.10408906250000001 0.5254 0.08107031249999999 0.600078125 0.6498171875 0.8119171875 0.6785390625 0.73445625 0.10408906250000001 0.5254
4 0.6474875 0.8606734375 0.6598359375 0.8226734375 0.0782984375 0.6047781249999999 0.0701234375 0.6375984375 0.6474875 0.8606734375
4 0.071553125 0.6408640625 0.063653125 0.672840625 0.63658125 0.8990046875000001 0.6486421874999999 0.8647828125 0.071553125 0.6408640625
4 0.611128125 0.9534218750000001 0.6284140625 0.9002218750000001 0.0631328125 0.6782734375 0.0469796875 0.72899375 0.611128125 0.9534218750000001
4 0.5993953125 1 0.6120078125 0.958375 0.0500765625 0.73378125 0.0338890625 0.783603125 0.566146875 1 0.5993953125 1