5 0.12796410625000001 0.24117243333333332 0.0530895 0.23508522916666666 0.040061565625000004 0.8414522416666668 0.11642135312499999 0.8426362624999999 0.12796410625000001 0.24117243333333332
5 0.11819715625 0.8426362624999999 0.19273793749999998 0.8431581458333334 0.203435959375 0.2435404125 0.1315157125 0.23998845 0.11819715625 0.8426362624999999
5 0.19455694375000002 0.8402683041666666 0.2669566875 0.8405539791666666 0.27535620625 0.24472439166666668 0.2052117625 0.24117243333333332 0.19455694375000002 0.8402683041666666
5 0.355823875 0.24810606249999997 0.28601108750000004 0.24590837499999998 0.273580403125 0.8426362624999999 0.34461278125 0.8426362624999999 0.355823875 0.24810606249999997
5 0.350828121875 0.8426362624999999 0.3880504375 0.8405539791666666 0.3961112 0.253012275 0.360595071875 0.2518282958333333 0.350828121875 0.8426362624999999
5 0.456488696875 0.23643649166666666 0.402698875 0.23117897916666666 0.391671721875 0.8402683041666666 0.44849760937500005 0.8367163208333334 0.456488696875 0.23643649166666666
5 0.45027341249999997 0.8390842833333333 0.504261375 0.8353456458333334 0.50887510625 0.2423564125 0.458264559375 0.23525250833333333 0.45027341249999997 0.8390842833333333
5 0.547230125 0.3080018958333334 0.507987234375 0.30865950833333333 0.511538840625 0.8260604583333334 0.5594855937500001 0.8225085583333333 0.547230125 0.3080018958333334
5 0.5648130625000001 0.8236925 0.610984071875 0.8189565791666666 0.5932260375 0.31221145 0.54971864375 0.31221145 0.5648130625000001 0.8236925
5 0.642948653125 0.3098434875 0.6048473125 0.3066998125 0.618975278125 0.8331644208333333 0.659818815625 0.8236925 0.642948653125 0.3098434875
5 0.66248255 0.8319804000000001 0.6946910625 0.8275331458333334 0.676688978125 0.31221145 0.6447243968749999 0.3133954708333333 0.66248255 0.8319804000000001
5 0.7093395 0.3171164791666667 0.6793527125 0.31813139166666665 0.697110865625 0.8213245375 0.7255237218749999 0.8201405958333333 0.7093395 0.3171164791666667
5 0.745945609375 0.8379003416666666 0.789417625 0.8340435625 0.76636738125 0.22459666666666667 0.729075328125 0.22578064583333332 0.745945609375 0.8379003416666666
5 0.81608999375 0.22696462916666665 0.774358465625 0.22933258750000002 0.79211661875 0.8402683041666666 0.83562389375 0.8402683041666666 0.81608999375 0.22696462916666665
5 0.8646129374999999 0.22419465416666667 0.8196416031249999 0.22637261666666667 0.838287628125 0.8414522416666668 0.8844586375000001 0.8361243541666668 0.8646129374999999 0.22419465416666667