0 0.019632868749999997 0.98128035 0.07003609375 0.029580733333333335 0.040769706249999996 0.02090920833333333 0 0.8797043 0.0017478531249999999 0.9834482291666667 0.019632868749999997 0.98128035
0 0.0017478531249999999 0.026328912500000003 0.00581263125 0.7688280416666667 0.0415826625 0.03500043333333334 0.0017478531249999999 0.026328912500000003
0 0.11149681250000001 0.16507327500000002 0.0651583625 0.15098205 0.022071734375 0.9726088291666667 0.06028063125000001 0.98128035 0.11149681250000001 0.16507327500000002
0 0.059467678125 0.9747767083333333 0.099302484375 0.9780285291666666 0.16352595 0.16615721666666666 0.12125227499999999 0.15423387083333334 0.059467678125 0.9747767083333333
0 0.207425534375 0.033916491666666666 0.17246845625 0.02090920833333333 0.10499317187499999 0.9736927666666666 0.130194784375 0.9856161125 0.207425534375 0.033916491666666666
0 0.128568875 0.9715248875 0.15864821875 0.98128035 0.2407567 0.030664670833333334 0.2098644 0.018741329166666664 0.128568875 0.9715248875
0 0.263519446875 0.024161029166666667 0.241569653125 0.02199315 0.1578352625 0.9769445875 0.17409436875 0.9823642916666666 0.263519446875 0.024161029166666667
0 0.174907321875 0.9747767083333333 0.196044159375 0.9801964083333333 0.2854692375 0.02090920833333333 0.262706490625 0.02090920833333333 0.174907321875 0.9747767083333333
0 0.326117 0.014405566666666668 0.288721059375 0.004650104166666667 0.19360529375 0.9726088291666667 0.222058728125 0.98128035 0.326117 0.014405566666666668
0 0.222871684375 0.9823642916666666 0.24969920625 0.9823642916666666 0.3879016 0.02524497083333333 0.358635209375 0.016573445833333332 0.222871684375 0.9823642916666666
0 0.425297540625 0.02199315 0.39277933125 0.016573445833333332 0.273274909375 0.98128035 0.30741903125 0.9801964083333333 0.425297540625 0.02199315
0 0.30498016250000004 0.98128035 0.3277429125 0.98128035 0.45212506562500004 0.02524497083333333 0.42773640625000003 0.0122376875 0.30498016250000004 0.98128035
0 0.456189840625 0.27021548749999996 0.42285867499999996 0.26046002500000004 0.333433596875 0.9801964083333333 0.35782225625 0.9867000499999999 0.456189840625 0.27021548749999996
0 0.36351294375 0.9563497208333334 0.4399307375 0.9726088291666667 0.58219790625 0.026328912500000003 0.49765055937499997 0.004650104166666667 0.36351294375 0.9563497208333334
0 0.60739951875 0.26046002500000004 0.553744471875 0.23986515833333336 0.438304825 0.9780285291666666 0.49195987187499995 0.9834482291666667 0.60739951875 0.26046002500000004
0 0.492772828125 0.9682730666666667 0.5261039937499999 0.9801964083333333 0.6854432218750001 0.10545655416666667 0.6415436406249999 0.09136533333333333 0.492772828125 0.9682730666666667
0 0.733407584375 0.10545655416666667 0.6838173125 0.08811350833333333 0.530981725 0.9563497208333334 0.57081653125 0.9671891250000001 0.733407584375 0.10545655416666667
0 0.5732553968749999 0.9530978999999999 0.6285363562499999 0.9704409458333333 0.764299884375 0.2615439666666667 0.7130837031249999 0.23661333750000002 0.5732553968749999 0.9530978999999999
0 0.8268974375000001 0.25829214166666664 0.774055346875 0.2409491 0.630975221875 0.9606854833333334 0.671622984375 0.9726088291666667 0.8268974375000001 0.25829214166666664
0 0.6813784468749999 0.9574336625 0.706580059375 0.9726088291666667 0.8716099749999999 0.2615439666666667 0.83746585625 0.24420092083333333 0.6813784468749999 0.9574336625
0 0.9122577406250001 0.25287244166666667 0.8781136187499999 0.2463688 0.705767103125 0.9693570083333333 0.741537134375 0.9693570083333333 0.9122577406250001 0.25287244166666667
0 0.9992439531249999 0.12063172083333333 0.9569702781249999 0.11196019583333333 0.748853734375 0.9530978999999999 0.798444003125 0.961769425 0.995179175 0.19650754583333332 0.999747984375 0.15423387083333334 0.9992439531249999 0.12063172083333333
0 0.9968050843749999 0.198675425 0.79681809375 0.9650212458333333 0.835839946875 0.9726088291666667 0.999747984375 0.37701612916666666 0.9968050843749999 0.198675425