5 0.09990974375 0.9056266166666667 0.118555771875 0.9008906166666667 0.11944364062499999 0.31718660833333334 0.0599254375 0.3145123125 0.06794522187499999 0.8937867333333334 0.080375846875 0.9020746333333334 0.09990974375 0.9056266166666667
5 0.125658984375 0.8997066749999999 0.14430495000000002 0.9091785166666667 0.170942121875 0.9103625375 0.211292625 0.9030539791666666 0.209121984375 0.32784242916666667 0.120331575 0.32665845 0.125658984375 0.8997066749999999
5 0.27837855624999996 0.28048309583333336 0.2181285625 0.2780539791666667 0.21178571875 0.9127304958333333 0.27393901875000004 0.9139144375 0.27837855624999996 0.28048309583333336
5 0.340198875 0.2832623125 0.282818034375 0.28166707916666667 0.27482695 0.9115464791666666 0.335204446875 0.9127304958333333 0.340198875 0.2832623125
5 0.33964392499999996 0.9091785166666667 0.40074575 0.9121685625 0.40712469375 0.2899549791666667 0.347635071875 0.286403 0.33964392499999996 0.9091785166666667
5 0.4700816875 0.2910748125 0.41245210312499997 0.2899549791666667 0.404460959375 0.9150984583333333 0.46306271250000003 0.9186504375 0.4700816875 0.2910748125
5 0.465726328125 0.9162824791666666 0.5267223125 0.9212831458333334 0.5340949687500001 0.29232294166666667 0.475493275 0.29113895833333336 0.465726328125 0.9162824791666666
5 0.606015215625 0.3313944125 0.54137075 0.3301373125 0.534982959375 0.9222023416666667 0.594472525 0.9281222791666667 0.606015215625 0.3313944125
5 0.602463609375 0.9269382625 0.656605125 0.9303977291666666 0.67704759375 0.3444182333333333 0.614006421875 0.342050275 0.602463609375 0.9269382625
5 0.765838003125 0.31600262500000004 0.688590403125 0.31600262500000004 0.6672806437500001 0.9364101833333333 0.741864625 0.9435140666666667 0.765838003125 0.31600262500000004
5 0.8460582499999999 0.3171164791666667 0.7702776 0.31600262500000004 0.74807996875 0.9411461041666667 0.824439696875 0.9482499875 0.8460582499999999 0.3171164791666667
5 0.8484131906249999 0.9470660458333333 0.8617317468750001 0.9494340083333334 0.86972283125 0.9470660458333333 0.891920465625 0.3503381375 0.8457494562500001 0.3467861958333333 0.826215559375 0.942330125 0.83598250625 0.9470660458333333 0.8484131906249999 0.9470660458333333
5 0.975383525 0.34797017500000005 0.89813580625 0.3467861958333333 0.8786019093749999 0.9482499875 0.9478584218749999 0.9565378875 0.975383525 0.34797017500000005