6 0.10521093749999999 0.146484375 0.0719078125 0.146484375 0.10602343750000001 0.771484375 0.1377546875 0.7704 0.10521093749999999 0.146484375
6 0.17599375 0.7704 0.14426406249999998 0.14756875 0.12961875 0.1454 0.1093421875 0.146484375 0.145890625 0.7704 0.17599375 0.7704
6 0.180875 0.15082500000000001 0.14921875 0.1497390625 0.1841296875 0.77256875 0.21341875 0.77256875 0.180875 0.15082500000000001
6 0.2183015625 0.15190937499999999 0.183315625 0.15190937499999999 0.2183015625 0.7747390625 0.247590625 0.7736546875 0.2183015625 0.15190937499999999
6 0.2208328125 0.1529953125 0.2508453125 0.77256875 0.2638625 0.7747390625 0.275253125 0.7747390625 0.2443359375 0.1540796875 0.2418953125 0.15190937499999999 0.233759375 0.15190937499999999 0.2208328125 0.1529953125
6 0.2882703125 0.7747390625 0.30128750000000004 0.7736546875 0.273625 0.15625 0.24677656250000002 0.15625 0.2793203125 0.7736546875 0.2882703125 0.7747390625
6 0.30617031250000004 0.7704 0.31837343749999997 0.775825 0.330578125 0.77256875 0.302915625 0.15625 0.2882703125 0.155165625 0.27861250000000004 0.157334375 0.30617031250000004 0.7704
6 0.34847656250000003 0.776909375 0.3558 0.77256875 0.3322046875 0.15625 0.3062828125 0.15625 0.33301875000000003 0.7736546875 0.34847656250000003 0.776909375
6 0.3671890625 0.1595046875 0.33708593750000004 0.1584203125 0.36068125 0.780165625 0.38834375 0.775825 0.3671890625 0.1595046875
6 0.40868281250000005 0.7790796875 0.41763281250000006 0.776909375 0.39810625 0.16059062500000001 0.369759375 0.1595046875 0.3915984375 0.776909375 0.40868281250000005 0.7790796875
6 0.43471875000000004 0.7790796875 0.44773593749999996 0.776909375 0.4314640625 0.1627609375 0.40231093749999997 0.1627609375 0.4217015625 0.776909375 0.43471875000000004 0.7790796875
6 0.47214375000000003 0.22677968750000002 0.4355328125 0.2278640625 0.44936406250000005 0.776909375 0.48516250000000005 0.776909375 0.47214375000000003 0.22677968750000002
6 0.5120109375 0.16167499999999999 0.47473906250000003 0.16167499999999999 0.48678906250000004 0.78125 0.5193328125 0.780165625 0.5120109375 0.16167499999999999
6 0.547809375 0.1627609375 0.515265625 0.1627609375 0.5209609375 0.786675 0.5543171874999999 0.785590625 0.547809375 0.1627609375
6 0.5779124999999999 0.249565625 0.55530625 0.2517359375 0.5591999999999999 0.791015625 0.580353125 0.7888453125 0.5779124999999999 0.249565625
6 0.605575 0.2506515625 0.5821609375000001 0.2506515625 0.585234375 0.7888453125 0.605575 0.7845046875 0.605575 0.2506515625
6 0.6161515625 0.7888453125 0.6226609375 0.7877609375 0.621846875 0.1638453125 0.6073890625 0.1638453125 0.61045625 0.7888453125 0.6161515625 0.7888453125
6 0.63405 0.78993125 0.640559375 0.786675 0.6389328125 0.1627609375 0.6261062500000001 0.1627609375 0.6275421875 0.786675 0.63405 0.78993125
6 0.6739171875000001 0.1985671875 0.6448234375 0.1985671875 0.644628125 0.786675 0.668221875 0.7877609375 0.6739171875000001 0.1985671875
6 0.7080890625 0.1974828125 0.682259375 0.1974828125 0.673103125 0.785590625 0.6991390625 0.7845046875 0.7080890625 0.1974828125
6 0.7349375 0.7888453125 0.7390046875 0.7888453125 0.751209375 0.1671 0.71236875 0.16493125 0.7007656250000001 0.78993125 0.7349375 0.7888453125
6 0.792703125 0.16493125 0.7555015625 0.1638453125 0.7414453125 0.7931859375 0.7780578125 0.7921 0.792703125 0.16493125
6 0.8439593750000001 0.15625 0.8092124999999999 0.15625 0.7894484375 0.8018656249999999 0.8219921875 0.7986109375 0.8439593750000001 0.15625
6 0.8911484375000001 0.157334375 0.854784375 0.1595046875 0.8293140625 0.8018656249999999 0.8643000000000001 0.799696875 0.8911484375000001 0.157334375
6 0.9261328125 0.1584203125 0.892775 0.16059062500000001 0.8610453124999999 0.7975265625 0.8903343749999999 0.7975265625 0.9261328125 0.1584203125