0 0.058654721875 0.0740222875 0.0302012875 0.07727410833333333 0.0919858875 0.9498460791666666 0.1171875 0.9487621416666666 0.058654721875 0.0740222875
0 0.088734065625 0.069686525 0.057028812500000005 0.07293834583333333 0.11149681250000001 0.9541818416666668 0.139950246875 0.9541818416666668 0.088734065625 0.069686525
0 0.128568875 0.07293834583333333 0.0862952 0.0794419875 0.1423891125 0.9520139625 0.170029590625 0.9552657833333333 0.128568875 0.07293834583333333
0 0.149705709375 0.07835804583333333 0.124504096875 0.08052592916666666 0.16515185937500002 0.9585176041666668 0.182223921875 0.9585176041666668 0.149705709375 0.07835804583333333
0 0.20661257812499997 0.06643470416666666 0.14889275625 0.06643470416666666 0.17815914375 0.9596015416666667 0.22449759375 0.9596015416666667 0.20661257812499997 0.06643470416666666
0 0.26839717812499997 0.10112079583333333 0.21474213125000002 0.09895291249999999 0.241569653125 0.9541818416666668 0.28953401562500003 0.9530978999999999 0.26839717812499997 0.10112079583333333
0 0.32042631250000003 0.10220473333333334 0.26921013125000004 0.09461715416666668 0.29034696875 0.9606854833333334 0.335059509375 0.9596015416666667 0.32042631250000003 0.10220473333333334
0 0.370829540625 0.013321625 0.32367813437500004 0.008985866666666667 0.33099473125 0.9530978999999999 0.3822109125 0.9530978999999999 0.370829540625 0.013321625
0 0.41391616875 0.16832509583333335 0.368390675 0.16398933333333332 0.380585003125 0.961769425 0.4244845875 0.9628533666666667 0.41391616875 0.16832509583333335
0 0.4635064375 0.16832509583333335 0.416355034375 0.17591267916666667 0.42367163124999996 0.9628533666666667 0.466758259375 0.9650212458333333 0.4635064375 0.16832509583333335
0 0.522852171875 0.02741285 0.46431939375000003 0.02199315 0.4594416625 0.9682730666666667 0.513909665625 0.9628533666666667 0.522852171875 0.02741285
0 0.574068353125 0.029580733333333335 0.517161484375 0.02741285 0.512283753125 0.9628533666666667 0.557809246875 0.9606854833333334 0.574068353125 0.029580733333333335
0 0.631788175 0.0317486125 0.574068353125 0.029580733333333335 0.5561833375 0.9628533666666667 0.60739951875 0.9585176041666668 0.631788175 0.0317486125
0 0.66918411875 0.041504075 0.6285363562499999 0.042588016666666666 0.600082921875 0.9628533666666667 0.64235659375 0.9639373041666667 0.66918411875 0.041504075
0 0.717148478125 0.28213882916666666 0.66349343125 0.2767191291666667 0.6447954593749999 0.9639373041666667 0.6878820875 0.9650212458333333 0.717148478125 0.28213882916666666
0 0.753731465625 0.27888700833333335 0.70820596875 0.2756351875 0.6854432218750001 0.9650212458333333 0.73096871875 0.9650212458333333 0.753731465625 0.27888700833333335
0 0.82608448125 0.17049297500000002 0.7577962406250001 0.17049297500000002 0.724465075 0.9628533666666667 0.7846237656249999 0.961769425 0.82608448125 0.17049297500000002
0 0.881365440625 0.17157691666666666 0.82120675 0.16615721666666666 0.7846237656249999 0.9661051875 0.843969496875 0.9682730666666667 0.881365440625 0.17157691666666666
0 0.94558890625 0.18566814166666665 0.889494990625 0.1889199625 0.84722131875 0.9671891250000001 0.9008763656250001 0.9650212458333333 0.94558890625 0.18566814166666665
0 0.9862366687499999 0.5932297083333334 0.999747984375 0.1814516125 0.9504666374999999 0.18675208333333335 0.904941140625 0.9704409458333333 0.96916460625 0.9661051875 0.9862366687499999 0.5932297083333334