6 0.009629687500000001 0.7710203124999999 0.0679984375 0.7888453125 0.26735000000000003 0.22269531250000002 0.20975000000000002 0.2028390625 0.009629687500000001 0.7710203124999999
6 0.0780578125 0.7921125 0.13555 0.8073703125 0.3298984375 0.24872187499999998 0.27530625 0.2275609375 0.0780578125 0.7921125
6 0.165728125 0.817175 0.17689531249999998 0.8196640625 0.348159375 0.3162640625 0.31909062499999996 0.30567968749999996 0.31535156249999996 0.3044640625 0.140425 0.8055312499999999 0.14406093749999999 0.8101359374999999 0.165728125 0.817175
6 0.1744203125 0.83255 0.21344375000000002 0.8440890624999999 0.388859375 0.32264375 0.35185625 0.3106203125 0.1744203125 0.83255
6 0.2657515625 0.8542390624999999 0.28035 0.8567 0.4513296875 0.33837812500000003 0.44570625 0.3319875 0.395559375 0.31569375 0.224096875 0.835 0.22672656249999998 0.8427 0.2657515625 0.8542390624999999
6 0.50505625 0.35469375 0.462559375 0.338603125 0.28576718749999996 0.8584609375 0.2985859375 0.8637671875 0.3189359375 0.86695625 0.3312125 0.8686640625000001 0.50505625 0.35469375
6 0.33219375 0.8735453124999999 0.37629843749999997 0.8878765625 0.5480515625 0.3698046875 0.507553125 0.35550468749999997 0.33219375 0.8735453124999999
6 0.3739265625 0.9030781250000001 0.4226734375 0.9189171875 0.6306140625000001 0.297371875 0.5870328125000001 0.28207031250000003 0.3739265625 0.9030781250000001
6 0.43350625000000004 0.9224375 0.4771734375 0.935484375 0.6825609375 0.3165328125 0.63821875 0.3009828125 0.4286578125 0.9162984375000001 0.43350625000000004 0.9224375
6 0.5171359375 0.9233687500000001 0.556934375 0.9351593749999999 0.7138578125 0.4522015625 0.6474375 0.4306203125 0.484740625 0.915125 0.5171359375 0.9233687500000001
6 0.7711171875 0.47080625 0.723621875 0.4542328125 0.5662203124999999 0.9381765625 0.57550625 0.94119375 0.6006015625 0.9482062499999999 0.6245890625 0.9560000000000001 0.6478015625 0.96354375 0.6583 0.9680953125 0.8144484375 0.48488437500000003 0.7711171875 0.47080625
6 0.6745234375 0.981353125 0.7011671875000001 0.98886875 0.8651828125 0.46828281250000003 0.8398187500000001 0.46004218750000003 0.6745234375 0.981353125
6 0.7368953125 1 0.8974500000000001 0.482190625 0.8718125000000001 0.471578125 0.70934375 0.9926656250000001 0.7352296875000001 1 0.7368953125 1