0 0.043208571875000004 0.23986515833333336 0.01394218125 0.23661333750000002 0.022071734375 0.9270833333333334 0.051338125 0.9227475708333334 0.043208571875000004 0.23986515833333336
0 0.07572678125 0.23769727916666666 0.036704928125 0.23878121666666668 0.05052516875 0.9270833333333334 0.07816564687500001 0.9259993916666667 0.07572678125 0.23769727916666666
0 0.10174135 0.24853667916666666 0.07084905 0.25504032083333333 0.07816564687500001 0.928167275 0.099302484375 0.9227475708333334 0.10174135 0.24853667916666666
0 0.12531705312500002 0.2517885 0.10092839375 0.24962062083333333 0.097676575 0.9249154541666668 0.12694296249999998 0.9314190958333334 0.12531705312500002 0.2517885
0 0.1480798 0.24745274166666667 0.12206523124999999 0.24745274166666667 0.124504096875 0.9259993916666667 0.152144575 0.9259993916666667 0.1480798 0.24745274166666667
0 0.17978505625000002 0.2463688 0.145640934375 0.2463688 0.15702230625 0.9216636333333333 0.187101653125 0.9227475708333334 0.17978505625000002 0.2463688
0 0.212303265625 0.2517885 0.1789721 0.2507045625 0.190353471875 0.928167275 0.222871684375 0.9270833333333334 0.212303265625 0.2517885
0 0.2407567 0.2517885 0.216368040625 0.2572082041666667 0.21474213125000002 0.9325030333333333 0.25213807187500004 0.9303351541666667 0.2407567 0.2517885
0 0.273274909375 0.25829214166666664 0.2391307875 0.2615439666666667 0.2505121625 0.9238315125 0.27490081875 0.9184118125 0.273274909375 0.25829214166666664
0 0.2968506125 0.22577393333333334 0.272461953125 0.22143817083333334 0.26758422187500003 0.9205796916666666 0.29847652187499996 0.9238315125 0.2968506125 0.22577393333333334
0 0.322052225 0.22902575416666665 0.2968506125 0.21818635 0.297663565625 0.9227475708333334 0.32530404687500003 0.9205796916666666 0.322052225 0.22902575416666665
0 0.396031153125 0.31248916250000003 0.322865178125 0.3081534 0.32367813437500004 0.9259993916666667 0.405786615625 0.9205796916666666 0.396031153125 0.31248916250000003
0 0.44724733437499997 0.1824163208333333 0.40334775 0.18133237916666667 0.40741252499999997 0.9227475708333334 0.4594416625 0.91949575 0.44724733437499997 0.1824163208333333
0 0.481391453125 0.29948187499999995 0.450499153125 0.29623005416666665 0.462693484375 0.91407605 0.492772828125 0.91407605 0.481391453125 0.29948187499999995
0 0.508218978125 0.16615721666666666 0.482204409375 0.16507327500000002 0.48626918437500005 0.9184118125 0.51472261875 0.9216636333333333 0.508218978125 0.16615721666666666
0 0.53179468125 0.16724115416666668 0.5098448875 0.16398933333333332 0.5212262625 0.9227475708333334 0.5431760531250001 0.9205796916666666 0.53179468125 0.16724115416666668
0 0.568377665625 0.33416796666666665 0.5326076343749999 0.3320000875 0.54155014375 0.9129921083333333 0.570003578125 0.9119081666666666 0.568377665625 0.33416796666666665
0 0.59195336875 0.32983220416666664 0.562686978125 0.3320000875 0.574068353125 0.9119081666666666 0.6025217875 0.9184118125 0.59195336875 0.32983220416666664
0 0.6220327125 0.3287482666666667 0.595205190625 0.3233285625 0.600895878125 0.91407605 0.630975221875 0.9162439291666666 0.6220327125 0.3287482666666667
0 0.64398250625 0.327664325 0.619593846875 0.3254964458333333 0.63829181875 0.9151599874999999 0.654550925 0.91407605 0.64398250625 0.327664325
0 0.6626804749999999 0.3330840291666667 0.64235659375 0.3287482666666667 0.650486146875 0.9086563458333334 0.67487480625 0.9086563458333334 0.6626804749999999 0.3330840291666667
0 0.691133909375 0.2279418125 0.665932296875 0.2279418125 0.67487480625 0.91407605 0.707393015625 0.9173278708333333 0.691133909375 0.2279418125
0 0.7472278218749999 0.25504032083333333 0.691133909375 0.2561242625 0.707393015625 0.9151599874999999 0.761861015625 0.9129921083333333 0.7472278218749999 0.25504032083333333
0 0.79519218125 0.25829214166666664 0.741537134375 0.25504032083333333 0.75454441875 0.9129921083333333 0.814703109375 0.9075724083333333 0.79519218125 0.25829214166666664
0 0.84153063125 0.23444545416666665 0.7976310468750001 0.232277575 0.8090124218750001 0.9108242291666666 0.849660184375 0.9075724083333333 0.84153063125 0.23444545416666665
0 0.8537249593749999 0.33091614583333334 0.835839946875 0.33091614583333334 0.8480342750000001 0.9173278708333333 0.8667322437499999 0.9162439291666666 0.8537249593749999 0.33091614583333334
0 0.8732358874999999 0.17374479583333333 0.85128609375 0.17591267916666667 0.869984065625 0.9075724083333333 0.8878690812500001 0.9075724083333333 0.8732358874999999 0.17374479583333333
0 0.885430215625 0.17699661666666666 0.8675452 0.17157691666666666 0.887056125 0.9129921083333333 0.909818875 0.9108242291666666 0.885430215625 0.17699661666666666
0 0.904941140625 0.17591267916666667 0.8862431718750001 0.17591267916666667 0.9122577406250001 0.9108242291666666 0.927703890625 0.9086563458333334 0.904941140625 0.17591267916666667
0 0.9407111718750001 0.17374479583333333 0.906567053125 0.17374479583333333 0.926890934375 0.9129921083333333 0.962660965625 0.9162439291666666 0.9407111718750001 0.17374479583333333
0 0.9585961875000001 0.17266085833333333 0.933394575 0.17591267916666667 0.9618480093749999 0.9086563458333334 0.98054598125 0.9043205875000001 0.9585961875000001 0.17266085833333333
0 0.96916460625 0.17049297500000002 0.9537184562500001 0.17157691666666666 0.9789200687499999 0.905404525 0.997618040625 0.905404525 0.96916460625 0.17049297500000002