6 0.0643453125 0.910825 0.0976765625 0.9086562499999999 0.0245109375 0.1585703125 0.0025609375 0.15315 0.0025609375 0.401371875 0.0643453125 0.910825
6 0.0741015625 0.13797500000000001 0.0367046875 0.13580625 0.10499375 0.917328125 0.1375109375 0.915159375 0.0741015625 0.13797500000000001
6 0.1188140625 0.139059375 0.0765390625 0.14556249999999998 0.135071875 0.907571875 0.1708421875 0.9140765625 0.1188140625 0.139059375
6 0.17328125 0.1661578125 0.12369062500000001 0.161821875 0.1700296875 0.917328125 0.2155546875 0.9162437499999999 0.17328125 0.1661578125
6 0.23181406249999997 0.169409375 0.177346875 0.161821875 0.213115625 0.9194953124999999 0.2537640625 0.9205796875000001 0.23181406249999997 0.169409375
6 0.279778125 0.0176578125 0.21880625 0.00681875 0.256203125 0.9205796875000001 0.2992890625 0.9194953124999999 0.279778125 0.0176578125
6 0.32936875 0.02199375 0.273275 0.0122375 0.2919734375 0.9194953124999999 0.335059375 0.9119078125 0.32936875 0.02199375
6 0.3854625 0.066434375 0.3269296875 0.062098437500000006 0.3383109375 0.9194953124999999 0.38708906249999997 0.917328125 0.3854625 0.066434375
6 0.43342656249999995 0.058846875 0.3838375 0.059931250000000005 0.3879015625 0.922746875 0.42773593749999994 0.917328125 0.43342656249999995 0.058846875
6 0.4838296875 0.068603125 0.4374921875 0.05559531250000001 0.423671875 0.9184125 0.47000937499999995 0.9162437499999999 0.4838296875 0.068603125
6 0.525290625 0.1574859375 0.48626874999999997 0.1574859375 0.474075 0.915159375 0.5065937500000001 0.9119078125 0.525290625 0.1574859375
6 0.57406875 0.19975937500000002 0.524478125 0.1867515625 0.5000890625000001 0.917328125 0.5472406249999999 0.9205796875000001 0.57406875 0.19975937500000002
6 0.613903125 0.01440625 0.5830109375 0.010070312500000001 0.545615625 0.922746875 0.57406875 0.924915625 0.613903125 0.01440625
6 0.6496734375 0.019825000000000002 0.6155296875 0.015489062500000001 0.57488125 0.9184125 0.6065859375 0.9194953124999999 0.6496734375 0.019825000000000002
6 0.6838171875 0.0230765625 0.6537375 0.019825000000000002 0.6073999999999999 0.9238312499999999 0.6326015625 0.922746875 0.6838171875 0.0230765625
6 0.7212125 0.04475625 0.68544375 0.04475625 0.6301625 0.9184125 0.659428125 0.924915625 0.7212125 0.04475625
6 0.7618609375000001 0.050175000000000004 0.7220265625 0.04475625 0.66430625 0.9216640625 0.692759375 0.9270828124999999 0.7618609375000001 0.050175000000000004
6 0.8125 0 0.7610484375000001 0.0035656250000000002 0.6951984375 0.9259999999999999 0.7431625000000001 0.9194953124999999 0.8125 0
6 0.8626671874999999 0.05234375 0.83015 0.0425875 0.735846875 0.922746875 0.7732421875 0.922746875 0.8626671874999999 0.05234375
6 0.8968109375 0.0490921875 0.8610421875000001 0.048007812500000004 0.769178125 0.9216640625 0.8000703124999999 0.9238312499999999 0.8968109375 0.0490921875
6 0.90981875 0.184584375 0.8740484374999999 0.1791640625 0.79681875 0.9259999999999999 0.83015 0.9281671875 0.90981875 0.184584375
6 0.9407109374999999 0.21276718749999998 0.9114453125 0.21059843749999999 0.8342140625000001 0.9303343749999999 0.8618546874999999 0.9270828124999999 0.9407109374999999 0.21276718749999998
6 0.9997484375000001 0.101478125 0.9691640625 0.0946171875 0.86510625 0.9292515625 0.891934375 0.9292515625 0.9997484375000001 0.101478125
6 0.8951859375 0.9259999999999999 0.9268906250000001 0.9281671875 0.9997484375000001 0.3938171875 0.9997484375000001 0.11491875 0.8951859375 0.9259999999999999