4 0.11106562499999999 0 0.10915625 0.019721875 0.760265625 0.0725921875 0.7638359375 0.0371 0.3467359375 0 0.11106562499999999 0
4 0.1118921875 0.027253125 0.11019375000000001 0.0670984375 0.7514484375 0.1209109375 0.7562140625 0.0838828125 0.1118921875 0.027253125
4 0.78854375 0.15041875 0.7887546875 0.1318421875 0.1194828125 0.074271875 0.116178125 0.07485625 0.115221875 0.119646875 0.11567968749999999 0.1286515625 0.7840515625 0.18354375 0.78854375 0.15041875
4 0.11442656250000001 0.131009375 0.1103328125 0.158453125 0.1125578125 0.1732890625 0.11404218749999999 0.18318125000000002 0.7769453125 0.23850625 0.78489375 0.187046875 0.11442656250000001 0.131009375
4 0.10823281250000001 0.1884828125 0.10863750000000001 0.2137953125 0.7770671874999999 0.2678765625 0.77875625 0.243721875 0.10823281250000001 0.1884828125
4 0.1073859375 0.2161546875 0.10562656249999999 0.2413140625 0.7708078125 0.29516875 0.7743765625 0.2752328125 0.1073859375 0.2161546875
4 0.10728437500000002 0.2642671875 0.767965625 0.32025312499999997 0.7693125000000001 0.3009828125 0.108646875 0.2447875 0.1056875 0.2559984375 0.10728437500000002 0.2642671875
4 0.1048921875 0.2673625 0.1056953125 0.2869921875 0.766546875 0.34054375000000003 0.7698890625 0.323865625 0.1048921875 0.2673625
4 0.09812968749999999 0.3329515625 0.7665015625 0.3878453125 0.771659375 0.3452 0.102334375 0.2883875 0.09886875 0.3224 0.09812968749999999 0.3329515625
4 0.096090625 0.377665625 0.7589375 0.4338046875 0.7648921875 0.39530625 0.10006875 0.33635000000000004 0.0985359375 0.35826250000000004 0.096090625 0.377665625
4 0.7413406250000001 0.48323593750000005 0.7464609375 0.4566796875 0.7488374999999999 0.4382359375 0.09802187500000001 0.381159375 0.09740625 0.42107968749999997 0.7413406250000001 0.48323593750000005
4 0.094103125 0.4216640625 0.09234375 0.446825 0.0944546875 0.463284375 0.7338890625000001 0.527571875 0.741746875 0.5085468750000001 0.743278125 0.48663437500000006 0.094103125 0.4216640625
4 0.0953796875 0.512284375 0.73076875 0.5722109375 0.735928125 0.5295171875 0.09741875 0.46757031250000003 0.093725 0.504828125 0.0953796875 0.512284375
4 0.095221875 0.5612078125 0.7240015625 0.6223046875 0.7293328125 0.5771875 0.09503906250000001 0.5171546874999999 0.093053125 0.5455609375 0.095221875 0.5612078125
4 0.0906765625 0.6106421875 0.7184890625 0.6700390625 0.7246734375 0.62825625 0.0927734375 0.565115625 0.0897046875 0.5934453125 0.0906765625 0.6106421875
4 0.08669218749999999 0.620965625 0.08481875 0.6477484375 0.08681875 0.66583125 0.714459375 0.7276640624999999 0.71713125 0.7050140625 0.7190453125 0.6776265625 0.08669218749999999 0.620965625
4 0.08414218749999999 0.672984375 0.08146718750000001 0.6801375000000001 0.0784546875 0.7076578125 0.08073749999999999 0.7216812499999999 0.7029093750000001 0.783946875 0.7115984375 0.7374734375 0.08414218749999999 0.672984375
4 0.0848359375 0.72529375 0.08335624999999999 0.7309 0.0791484375 0.7599671875 0.0820015625 0.7813718749999999 0.6781953125 0.8418203125 0.68859375 0.78644375 0.0848359375 0.72529375
4 0.08080625 0.78291875 0.0809796875 0.79598125 0.0837171875 0.8035125000000001 0.665725 0.8646 0.6723343749999999 0.86343125 0.675790625 0.8451015625 0.08080625 0.78291875
4 0.0865796875 0.8559093750000001 0.6939375 0.9122453125 0.7000093749999999 0.872084375 0.0821796875 0.8099296875 0.0812203125 0.8392234375 0.0865796875 0.8559093750000001
4 0.077753125 0.8732359375 0.07964218749999999 0.9084375 0.6863765625 0.9737015625 0.6938703125 0.9287609375000001 0.077753125 0.8732359375