6 0.25296562499999997 0.154621875 0.22855781249999998 0.1513671875 0.2078109375 0.154621875 0.20307499999999998 0.1595046875 0.2029296875 0.1643875 0.18462343750000001 0.750325 0.196828125 0.750325 0.21513437500000002 0.750325 0.2309984375 0.750325 0.248084375 0.750325 0.25296562499999997 0.154621875
6 0.310325 0.20670625 0.303003125 0.20670625 0.2859171875 0.20670625 0.2677734375 0.2083328125 0.26395 0.21484375 0.25784843749999997 0.7421875 0.2602890625 0.7454421875 0.27859531249999997 0.7470703125 0.2969 0.7470703125 0.3066640625 0.7421875 0.310325 0.20670625
6 0.3139859375 0.7454421875 0.3603609375 0.7454421875 0.3664640625 0.2506515625 0.321484375 0.24576875 0.32008749999999997 0.2473953125 0.3139859375 0.7454421875
6 0.3603609375 0.743815625 0.40917812500000006 0.7454421875 0.41283906249999996 0.2376296875 0.3703125 0.236003125 0.367684375 0.2376296875 0.3603609375 0.743815625
6 0.41283906249999996 0.743815625 0.46287500000000004 0.743815625 0.46287500000000004 0.2376296875 0.4166984375 0.2376296875 0.4177203125 0.2425125 0.41283906249999996 0.743815625
6 0.46897656249999997 0.24576875 0.4726375 0.740559375 0.4921640625 0.7421875 0.520234375 0.740559375 0.5153515625 0.2506515625 0.4716296875 0.2473953125 0.46897656249999997 0.24576875
6 0.5204578125 0.24576875 0.520234375 0.2571609375 0.5214546875 0.7373046875 0.5312171875 0.7389328125 0.55074375 0.7373046875 0.5751515625 0.7356765625 0.5702703125 0.2473953125 0.5204578125 0.24576875
6 0.59711875 0.310871875 0.575390625 0.3125 0.5727109375 0.3173828125 0.5800328125 0.7356765625 0.5861359375 0.7389328125 0.602 0.7389328125 0.6117640625 0.7389328125 0.6044421875 0.314128125 0.59711875 0.310871875
6 0.6095703125 0.3076171875 0.6068828125 0.3092453125 0.6166453125 0.740559375 0.6325109375 0.740559375 0.6483765625 0.7373046875 0.6349515625000001 0.3059890625 0.6251875 0.3059890625 0.6095703125 0.3076171875
6 0.65691875 0.740559375 0.69353125 0.7389328125 0.677665625 0.234375 0.6449703125 0.232746875 0.64349375 0.236003125 0.65691875 0.740559375
6 0.7826203125 0.07161406249999999 0.775296875 0.0634765625 0.747228125 0.060221875 0.724040625 0.060221875 0.6999015625 0.06510468750000001 0.6984125 0.06673124999999999 0.7228203125 0.7421875 0.7386859375 0.743815625 0.7643140625 0.7470703125 0.7923828125 0.7454421875 0.8058078125 0.743815625 0.7826203125 0.07161406249999999
6 0.821971875 0.2392578125 0.81923125 0.2408859375 0.8009265624999999 0.5240890625 0.8070281250000001 0.740559375 0.8143499999999999 0.7389328125 0.848521875 0.244140625 0.839978125 0.2376296875 0.821971875 0.2392578125
6 0.8253343750000001 0.59733125 0.8228937500000001 0.73079375 0.835096875 0.73405 0.8643875 0.73405 0.8704890625000001 0.275065625 0.8476062499999999 0.2783203125 0.8253343750000001 0.59733125