4 0.5651609375 1 0.966625 0.7733187499999999 0.9543796875 0.7465953125 0.5265625 0.9835671874999999 0.5343515625 1 0.5651609375 1
4 0.954175 0.7391109375 0.94000625 0.71403125 0.5124703125 0.9471515625 0.527675 0.9831625 0.954175 0.7391109375
4 0.523609375 0.9062171875 0.536159375 0.933775 0.9364640625 0.7077609375 0.9245531250000001 0.6859671875 0.523609375 0.9062171875
4 0.92705 0.6818953125 0.9164249999999999 0.6630859375 0.5147 0.8782781249999999 0.5249234375 0.9029046875000001 0.92705 0.6818953125
4 0.9221890625 0.658153125 0.9042765625 0.6297109375 0.49452968750000004 0.8445609375 0.510146875 0.87615625 0.9221890625 0.658153125
4 0.479884375 0.8068546874999999 0.4970890625 0.840278125 0.905590625 0.6263984375 0.8887921875 0.5975515625 0.479884375 0.8068546874999999
4 0.889803125 0.5934046875 0.870371875 0.5607921874999999 0.44277812499999997 0.7709046875000001 0.46117187499999995 0.81083125 0.889803125 0.5934046875
4 0.42605000000000004 0.72818125 0.4438625 0.7632734375 0.8722937500000001 0.5591468749999999 0.8571125 0.527821875 0.42605000000000004 0.72818125
4 0.42897656250000005 0.7016046874999999 0.4356578125 0.719959375 0.8619656250000001 0.5203859375000001 0.8539703125000001 0.50534375 0.42897656250000005 0.7016046874999999
4 0.8536671874999999 0.504509375 0.8486062499999999 0.49406718749999995 0.417165625 0.6815 0.426953125 0.69950625 0.8536671874999999 0.504509375
4 0.8682281250000001 0.48220156249999996 0.8444437499999999 0.434165625 0.289453125 0.6656296875 0.312453125 0.724171875 0.8682281250000001 0.48220156249999996
4 0.818953125 0.436828125 0.810146875 0.41263125 0.394109375 0.5838890625000001 0.40507968749999995 0.608253125 0.818953125 0.436828125
4 0.8173281250000001 0.408128125 0.8054874999999999 0.38598125 0.38375625 0.5554421875 0.3950578125 0.5807203125 0.8173281250000001 0.408128125
4 0.352865625 0.53749375 0.3599515625 0.5604265625 0.8045765625 0.383478125 0.7934125 0.3637296875 0.352865625 0.53749375
4 0.7913187500000001 0.3609015625 0.7829171875000001 0.3412828125 0.34193281249999996 0.5074562499999999 0.35104375 0.5324875 0.7913187500000001 0.3609015625
4 0.330596875 0.48323593750000005 0.3391 0.5065984375 0.7825124999999999 0.33670468750000004 0.7733015625 0.318325 0.330596875 0.48323593750000005
4 0.7768421875 0.3142015625 0.7576078125000001 0.2578953125 0.2559328125 0.433875 0.2788328125 0.49178437500000005 0.7768421875 0.3142015625
4 0.759225 0.25541718750000003 0.7391828125 0.20034843750000003 0.280459375 0.347778125 0.30559375 0.4110765625 0.759225 0.25541718750000003
4 0.1874203125 0.311409375 0.20827187500000002 0.3652375 0.7339203125 0.192815625 0.7333078125 0.1703609375 0.7281453124999999 0.1561765625 0.7189265625 0.14765937499999998 0.1874203125 0.311409375
4 0.1618109375 0.247975 0.18195624999999999 0.306784375 0.7128671875 0.1418953125 0.7127625 0.127759375 0.7107359375 0.11526875 0.7031468750000001 0.104803125 0.692321875 0.09929375 0.1618109375 0.247975
4 0.6880734375 0.09800624999999999 0.6808859375 0.0817234375 0.677140625 0.06796875 0.6679328124999999 0.05998125 0.15760000000000002 0.19296249999999998 0.175059375 0.2393734375 0.6880734375 0.09800624999999999
4 0.18656875 0.1567578125 0.1959828125 0.1826234375 0.6651 0.059121875000000004 0.6563953125 0.03866875 0.18656875 0.1567578125
4 0.18301875 0.11930937500000001 0.19617656249999998 0.1485359375 0.6556859375 0.0332578125 0.6447546875 0.0032203125 0.18301875 0.11930937500000001
4 0.5298609375 0 0.22326562499999997 0.0706453125 0.1706703125 0.08884375 0.17046875 0.0917515625 0.17320156250000002 0.09926093750000001 0.180184375 0.10805781249999999 0.1818046875 0.11597187499999999 0.6439453125 0.004459375 0.642321875 0 0.5298609375 0