6 0.235109375 0.0689203125 0.23782343749999998 0.09300312499999999 0.6772421875 0.062150000000000004 0.6793234375 0.0364578125 0.235109375 0.0689203125
6 0.235425 0.0938078125 0.23337500000000003 0.11861250000000001 0.6764578125 0.0902484375 0.6759031249999999 0.0665453125 0.235425 0.0938078125
6 0.230915625 0.1211921875 0.2303578125 0.137165625 0.7289390625000001 0.10837656250000001 0.7308046874999999 0.088896875 0.230915625 0.1211921875
6 0.723840625 0.152621875 0.725328125 0.110028125 0.2267453125 0.138815625 0.23037187499999998 0.1792265625 0.723840625 0.152621875
6 0.23102031250000002 0.18605312499999999 0.2309015625 0.22336406250000002 0.7209921875 0.1953828125 0.7225640624999999 0.15524218750000002 0.23102031250000002 0.18605312499999999
6 0.7210828125 0.231596875 0.7221671875 0.2005390625 0.23071562499999998 0.22868750000000002 0.23661875000000002 0.2615265625 0.7210828125 0.231596875
6 0.23065937500000003 0.2642234375 0.2308515625 0.2926609375 0.7185390625 0.2656515625 0.7174390625 0.234134375 0.23065937500000003 0.2642234375
6 0.718696875 0.2999234375 0.71978125 0.268865625 0.2271765625 0.2960859375 0.23317031250000003 0.32296562500000003 0.718696875 0.2999234375
6 0.228490625 0.3263390625 0.22883749999999997 0.3503390625 0.7163234375 0.3290890625 0.7151468750000001 0.2998 0.228490625 0.3263390625
6 0.22650156250000003 0.34936875 0.22869375 0.376553125 0.7155296875 0.35667343749999997 0.7146874999999999 0.346871875 0.7006125 0.3428265625 0.6902421875 0.3344671875 0.22650156250000003 0.34936875
6 0.559375 0.38409218749999996 0.579490625 0.3847953125 0.73934375 0.3787515625 0.7401921875 0.362865625 0.21841093749999999 0.37751718749999996 0.22015625 0.395346875 0.2309921875 0.39039375 0.25596406250000003 0.3877125 0.2772328125 0.38934375 0.2997140625 0.3901296875 0.3316625 0.3912453125 0.363671875 0.3905859375 0.40402812499999996 0.388440625 0.42893749999999997 0.387534375 0.45618437500000003 0.387596875 0.4763921875 0.38563749999999997 0.490621875 0.3852453125 0.5060359375 0.3848953125 0.52496875 0.38555625 0.5439625 0.38444375000000003 0.559375 0.38409218749999996
6 0.230496875 0.40459218750000003 0.2309984375 0.42415624999999996 0.7159953125 0.41311406249999993 0.7143828125 0.38950625 0.230496875 0.40459218750000003
6 0.7139546875 0.435690625 0.713484375 0.4152390625 0.2320578125 0.42774687499999997 0.23295 0.4411953125 0.7139546875 0.435690625
6 0.22080000000000002 0.51264375 0.22220625 0.540234375 0.7071500000000001 0.5544921875 0.708459375 0.52523125 0.22080000000000002 0.51264375
6 0.21847031249999999 0.5454343749999999 0.2222109375 0.5739953125 0.7123265625 0.5927828125 0.711859375 0.563553125 0.21847031249999999 0.5454343749999999
6 0.2173546875 0.5773796875 0.21879062500000002 0.604084375 0.7096281249999999 0.6274437500000001 0.7108546875 0.5976171875 0.2173546875 0.5773796875
6 0.7087296875 0.6531765625 0.7058921875 0.63264375 0.21499375 0.611059375 0.2196609375 0.6351843749999999 0.695465625 0.659821875 0.7087296875 0.6531765625
6 0.21995 0.6387734375 0.2206984375 0.6512374999999999 0.706690625 0.679553125 0.7083578125 0.663825 0.21995 0.6387734375
6 0.2217578125 0.654828125 0.222290625 0.6735046875 0.7072421875 0.7010703125 0.7077078125 0.682459375 0.2217578125 0.654828125
6 0.707434375 0.7242078125 0.708115625 0.7046859375000001 0.21743281250000002 0.6768890625 0.2200828125 0.6977375 0.707434375 0.7242078125
6 0.70694375 0.772165625 0.7058171875 0.7365890625 0.211646875 0.70689375 0.2161171875 0.7366859375 0.70694375 0.772165625
6 0.21268125000000002 0.7451328125 0.21623593749999998 0.77901875 0.7042734375 0.8147187499999999 0.70448125 0.7801234375 0.21268125000000002 0.7451328125
6 0.7062984375 0.8245625000000001 0.703028125 0.8164515625 0.21614375 0.7816796874999999 0.220646875 0.7935187499999999 0.7062984375 0.8245625000000001
6 0.20833125 0.8018421874999999 0.20802187499999997 0.8107156249999999 0.7073703124999999 0.8466703125 0.7046812499999999 0.83694375 0.20833125 0.8018421874999999
6 0.2162109375 0.8136671874999999 0.21926562500000002 0.8279890625 0.7120640625 0.8614921875 0.7101953125 0.8486859375 0.2162109375 0.8136671874999999
6 0.71023125 0.8815593749999999 0.7107890625 0.8655875 0.2178953125 0.833271875 0.2225734375 0.8502609375000001 0.71023125 0.8815593749999999
6 0.22419531250000002 0.8903515625 0.7087453125 0.9241531249999999 0.7084390625 0.8906796874999999 0.21951874999999998 0.8546515625 0.22419531250000002 0.8903515625
6 0.21812499999999999 0.8945828125 0.2193140625 0.928384375 0.70598125 0.9693671875 0.7055687500000001 0.9355296875000001 0.21812499999999999 0.8945828125
6 0.70666875 0.98360625 0.7057953125 0.9746921875 0.21909687500000002 0.9345968750000001 0.220671875 0.9420484374999999 0.70666875 0.98360625
6 0.22345781250000002 0.945409375 0.2243 0.9552125 0.7073265625 0.9971515625 0.7038984375 0.995059375 0.6982 0.9886421875 0.22345781250000002 0.945409375