6 0.06109375 0.15315 0.015568750000000001 0.1629046875 0.1602734375 0.8956484375 0.1976703125 0.8880609375 0.06109375 0.15315
6 0.1025546875 0.152065625 0.0537765625 0.1629046875 0.19604375000000002 0.8891453125 0.23750468749999998 0.8804734375000001 0.1025546875 0.152065625
6 0.1488921875 0.1553171875 0.10499375 0.1553171875 0.2423828125 0.8956484375 0.273275 0.87830625 0.1488921875 0.1553171875
6 0.1822234375 0.050175000000000004 0.135071875 0.058846875 0.279778125 0.894565625 0.31310937499999997 0.8869781250000001 0.1822234375 0.050175000000000004
6 0.22774999999999998 0.12713593750000002 0.19523125 0.1336390625 0.3179875 0.8913140625 0.3440015625 0.8826421874999999 0.22774999999999998 0.12713593750000002
6 0.2651453125 0.1238828125 0.2310015625 0.1336390625 0.345628125 0.8837249999999999 0.37408125000000003 0.877221875 0.2651453125 0.1238828125
6 0.311484375 0.1325546875 0.2659578125 0.14231093749999998 0.3757078125 0.8815578125 0.4163546875 0.87071875 0.311484375 0.1325546875
6 0.36188750000000003 0.13580625 0.311484375 0.14231093749999998 0.4220453125 0.8826421874999999 0.45700312500000007 0.8739703125 0.36188750000000003 0.13580625
6 0.413103125 0.21276718749999998 0.3708296875 0.22469062499999998 0.46106718750000003 0.8826421874999999 0.49765 0.877221875 0.413103125 0.21276718749999998
6 0.4602546875 0.217103125 0.41472968750000005 0.2366140625 0.500903125 0.87830625 0.535046875 0.8663828125 0.4602546875 0.217103125
6 0.502528125 0.22035468749999998 0.46431875 0.22360625 0.536671875 0.8804734375000001 0.57488125 0.8728859375000001 0.502528125 0.22035468749999998
6 0.5643125 0.07510625 0.5057796875 0.081609375 0.5862625 0.8826421874999999 0.6399171875 0.8804734375000001 0.5643125 0.07510625
6 0.6082124999999999 0.14231093749999998 0.579759375 0.15315 0.635853125 0.8761374999999999 0.6618671875000001 0.86313125 0.6082124999999999 0.14231093749999998
6 0.6512984375 0.146646875 0.62040625 0.14556249999999998 0.669996875 0.8739703125 0.696825 0.8696343750000001 0.6512984375 0.146646875
6 0.68706875 0.14556249999999998 0.6561765625 0.14556249999999998 0.696825 0.8718031249999999 0.7220265625 0.8674671875 0.68706875 0.14556249999999998
6 0.736659375 0.15423437499999998 0.6911343750000001 0.152065625 0.73096875 0.8750546874999999 0.7626734374999999 0.8696343750000001 0.736659375 0.15423437499999998
6 0.7610484375000001 0.1878359375 0.7317812499999999 0.18566875 0.758609375 0.8718031249999999 0.7838109375 0.8761374999999999 0.7610484375000001 0.1878359375
6 0.7813718749999999 0.190003125 0.7651125000000001 0.19759218750000002 0.7886890625 0.877221875 0.809825 0.8696343750000001 0.7813718749999999 0.190003125
6 0.8415312500000001 0.190003125 0.7951921875 0.190003125 0.8114515625 0.8761374999999999 0.8545375 0.8663828125 0.8415312500000001 0.190003125
6 0.8951859375 0.1867515625 0.847221875 0.18566875 0.8561640625000001 0.87071875 0.89925 0.8587953125000001 0.8951859375 0.1867515625
6 0.9350203125000001 0.1032890625 0.8959984375 0.1032890625 0.8984375 0.8652984375000001 0.9293296874999999 0.854459375 0.9350203125000001 0.1032890625
6 0.9333953125000001 0.8284453125000001 0.9423375 0.8273609375 0.9691640625 0.1011203125 0.9301421875000001 0.107625 0.9333953125000001 0.8284453125000001