4 0.084378125 0.2681078125 0.06715625 0.2680359375 0.0485828125 0.270315625 0.0341484375 0.2720875 0.1006375 0.84114375 0.11692031249999998 0.8402375 0.13616875 0.8367812499999999 0.151115625 0.831665625 0.084378125 0.2681078125
4 0.1793796875 0.8281953124999999 0.198628125 0.8247390625 0.206571875 0.8226703125 0.1371328125 0.263815625 0.126503125 0.264028125 0.1094125 0.2650328125 0.09662343749999999 0.267696875 0.0888125 0.2708421875 0.15475624999999998 0.8279390624999999 0.159190625 0.8306749999999999 0.1793796875 0.8281953124999999
4 0.21329531249999997 0.82403125 0.26215937500000003 0.8147515625 0.1967640625 0.315528125 0.15140625000000002 0.3189109375 0.21329531249999997 0.82403125
4 0.2633640625 0.8178828125000001 0.26873749999999996 0.821596875 0.31153749999999997 0.8163421874999999 0.3212421875 0.8085906250000001 0.25696093750000004 0.2917390625 0.1970796875 0.2969046875 0.2633640625 0.8178828125000001
4 0.3254109375 0.809171875 0.3699578125 0.8047953124999999 0.313578125 0.30555781249999997 0.26838125 0.31001406249999997 0.3254109375 0.809171875
4 0.5249609375000001 0.7912296875 0.5374703125 0.7929734374999999 0.5568515625 0.79059375 0.5720625 0.7876328125 0.58606875 0.781540625 0.594421875 0.776140625 0.5378953125 0.2823875 0.5305093750000001 0.2756421875 0.45379375 0.2850625 0.445275 0.28829375 0.5129937499999999 0.7872328125 0.5249609375000001 0.7912296875
4 0.5396484375 0.2756140625 0.594290625 0.7750640625 0.6012796875 0.7785796875 0.6154046875 0.780125 0.6284578125 0.779615625 0.6479703125 0.7783125 0.6647968750000001 0.775153125 0.6755734375 0.7694578125 0.6179875 0.26708750000000003 0.61395 0.267584375 0.5943046875 0.267809375 0.5747921875 0.2691125 0.5489515625 0.272284375 0.5396484375 0.2756140625
4 0.6745296875 0.25358593749999997 0.623534375 0.25766093749999996 0.680153125 0.7667078125 0.691459375 0.7653203125 0.7072265625 0.7666640625000001 0.7175921875 0.764296875 0.7280625 0.7630125 0.6745296875 0.25358593749999997
4 0.744228125 0.75446875 0.7597031249999999 0.7536609375000001 0.7046453125000001 0.26519375 0.6890375 0.26492343749999997 0.744228125 0.75446875
4 0.728884375 0.7563515625 0.740865625 0.7537874999999999 0.68781875 0.268353125 0.6782859375 0.2695234375 0.728884375 0.7563515625
4 0.7723734375 0.756478125 0.7869078125 0.75469375 0.7931046875 0.751746875 0.8018546875 0.749578125 0.747396875 0.2326140625 0.7398640624999999 0.2313515625 0.732596875 0.2322453125 0.7238453125000001 0.2344125 0.7149625000000001 0.235503125 0.7071578125 0.2375546875 0.7672625 0.7549187500000001 0.7723734375 0.756478125
4 0.7540953125 0.25256249999999997 0.8124859375 0.7493671875000001 0.8208249999999999 0.7505296875 0.8354921875000001 0.7498218750000001 0.8477375 0.7494109375 0.8587796875 0.74586875 0.811678125 0.248771875 0.8081843750000001 0.2470140625 0.7983609375 0.2471265625 0.7862484375000001 0.2486140625 0.774678125 0.2478484375 0.766734375 0.2499171875 0.7594671875000001 0.250809375 0.7540953125 0.25256249999999997
4 0.8687484375000001 0.740271875 0.9326765625 0.733515625 0.883125 0.2498390625 0.823003125 0.252846875 0.8687484375000001 0.740271875