6 0.0529640625 0.169409375 0.014754687499999999 0.167240625 0.0513375 0.9281671875 0.09035937499999999 0.924915625 0.0529640625 0.169409375
6 0.0862953125 0.169409375 0.0513375 0.1661578125 0.0862953125 0.924915625 0.12450468750000002 0.9259999999999999 0.0862953125 0.169409375
6 0.1188140625 0.1574859375 0.08304375 0.1585703125 0.1269421875 0.9238312499999999 0.1586484375 0.9216640625 0.1188140625 0.1574859375
6 0.135071875 0.0274125 0.10987031249999998 0.028496874999999998 0.156209375 0.9281671875 0.1757203125 0.9281671875 0.135071875 0.0274125
6 0.157021875 0.028496874999999998 0.132634375 0.0252453125 0.1757203125 0.9292515625 0.19604375000000002 0.9292515625 0.157021875 0.028496874999999998
6 0.1927921875 0.0165734375 0.1545828125 0.01440625 0.20010937499999998 0.932503125 0.22693593750000002 0.932503125 0.1927921875 0.0165734375
6 0.21962031249999997 0.0165734375 0.19035312499999998 0.0176578125 0.22449687499999998 0.9303343749999999 0.257015625 0.9281671875 0.21962031249999997 0.0165734375
6 0.267584375 0.0176578125 0.2204328125 0.019825000000000002 0.2586421875 0.9292515625 0.2887203125 0.9238312499999999 0.267584375 0.0176578125
6 0.30579375 0.0122375 0.2659578125 0.01440625 0.2919734375 0.9292515625 0.323678125 0.932503125 0.30579375 0.0122375
6 0.3326203125 0.029581249999999996 0.2984765625 0.0306640625 0.322865625 0.9281671875 0.35131875 0.9357546875 0.3326203125 0.029581249999999996
6 0.3643265625 0.0317484375 0.3326203125 0.0241609375 0.3537578125 0.9346703125 0.3822109375 0.9281671875 0.3643265625 0.0317484375
6 0.391965625 0.0230765625 0.36269999999999997 0.0274125 0.3822109375 0.9303343749999999 0.4049734375 0.9346703125 0.391965625 0.0230765625
6 0.422859375 0.026329687499999997 0.39521875 0.0230765625 0.39603125 0.93141875 0.4293625 0.9346703125 0.422859375 0.026329687499999997
6 0.47000937499999995 0.146646875 0.4212328125 0.1498984375 0.434240625 0.9335875 0.4732625 0.9335875 0.47000937499999995 0.146646875
6 0.502528125 0.152065625 0.4602546875 0.14772968749999998 0.4748875 0.9335875 0.501715625 0.9281671875 0.502528125 0.152065625
6 0.5334203125 0.15315 0.4968375 0.1585703125 0.49846406249999997 0.9400906250000001 0.5277296875 0.9433421875000001 0.5334203125 0.15315
6 0.5618734375 0.146646875 0.5326078125 0.14231093749999998 0.5317953125 0.9368390625 0.5553703125 0.941175 0.5618734375 0.146646875
6 0.5862625 0.1488140625 0.5561828125 0.146646875 0.5561828125 0.9400906250000001 0.5830109375 0.941175 0.5862625 0.1488140625
6 0.6342265625 0.076190625 0.5952046875 0.074021875 0.5846375 0.9379234375 0.6277234375 0.9422578125 0.6342265625 0.076190625
6 0.6781265624999999 0.0772734375 0.6317875 0.07510625 0.6269109375 0.9422578125 0.6659328125 0.9498453124999999 0.6781265624999999 0.0772734375
6 0.714709375 0.15423437499999998 0.6724359375 0.152065625 0.669996875 0.9433421875000001 0.6992640625 0.93900625 0.714709375 0.15423437499999998
6 0.7496671874999999 0.1509828125 0.713084375 0.15423437499999998 0.69845 0.93900625 0.73096875 0.9368390625 0.7496671874999999 0.1509828125
6 0.7846234375 0.152065625 0.747228125 0.146646875 0.737471875 0.9400906250000001 0.7659265625 0.9444265625 0.7846234375 0.152065625
6 0.8455953125000001 0.0328328125 0.7870625 0.0339171875 0.7651125000000001 0.9444265625 0.81958125 0.9455109374999999 0.8455953125000001 0.0328328125
6 0.9285171875 0.0425875 0.8512859374999999 0.0393359375 0.8179546875 0.9422578125 0.8943734375 0.9455109374999999 0.9285171875 0.0425875
6 0.99761875 0.00681875 0.9325812499999999 0.0024828124999999998 0.8894953125 0.9422578125 0.9520921875000001 0.9368390625 0.99761875 0.00681875