6 0.15069531249999998 0.8807625 0.1728921875 0.8736593750000001 0.1293859375 0.37165 0.08140937499999999 0.3757109375 0.1329375 0.8783953125 0.15069531249999998 0.8807625
6 0.1644171875 0.38482500000000003 0.1311609375 0.38704218749999997 0.17555625 0.8748421875 0.2057453125 0.872475 0.1644171875 0.38482500000000003
6 0.209296875 0.8748421875 0.2386359375 0.8718046875000001 0.20130625000000002 0.3858578125 0.167565625 0.38704218749999997 0.209296875 0.8748421875
6 0.2607953125 0.872475 0.2687859375 0.871290625 0.2350453125 0.37165 0.2054328125 0.3705015625 0.24214843749999998 0.8701078125 0.2607953125 0.872475
6 0.266121875 0.372834375 0.23682187500000002 0.372834375 0.2696734375 0.8653718749999999 0.276778125 0.872475 0.291871875 0.871290625 0.2991828125 0.8678984375000001 0.266121875 0.372834375
6 0.2741140625 0.38704218749999997 0.3034140625 0.8701078125 0.318509375 0.8701078125 0.3265 0.8677390624999999 0.3025265625 0.3846734375 0.2741140625 0.38704218749999997
6 0.3362671875 0.38230624999999996 0.3034140625 0.38230624999999996 0.3273875 0.8677390624999999 0.3575765625 0.8665546875000001 0.3362671875 0.38230624999999996
6 0.3717828125 0.381121875 0.33804218750000004 0.38230624999999996 0.362015625 0.8689234375 0.3904296875 0.8689234375 0.3717828125 0.381121875
6 0.3717828125 0.40716875 0.3930921875 0.8783953125 0.4046359375 0.8783953125 0.42027656249999995 0.8770125 0.39664375 0.4036171875 0.3717828125 0.40716875
6 0.42328124999999994 0.8748421875 0.45258281250000004 0.8736593750000001 0.43216093750000006 0.3799375 0.39575625 0.38230624999999996 0.42328124999999994 0.8748421875
6 0.455246875 0.8748421875 0.48765937499999995 0.87310625 0.46945312499999997 0.3763859375 0.4339359375 0.3799375 0.455246875 0.8748421875
6 0.5174000000000001 0.35270625 0.47105781249999995 0.35357500000000003 0.4872109375 0.8783953125 0.5298296875 0.8783953125 0.5174000000000001 0.35270625
6 0.5316062500000001 0.8807625 0.5765265625 0.8770125 0.5635703125 0.3503375 0.5165109375 0.351521875 0.5316062500000001 0.8807625
6 0.6038703125 0.3509703125 0.567121875 0.351521875 0.5777765625 0.8807625 0.6106296875 0.8807625 0.6038703125 0.3509703125
6 0.6097421875 0.881946875 0.6458625 0.8796171875000001 0.64259375 0.3491546875 0.6070781249999999 0.351521875 0.6097421875 0.881946875
6 0.7011953125 0.321921875 0.647815625 0.32232500000000003 0.647921875 0.8807625 0.6923171875 0.881946875 0.7011953125 0.321921875
6 0.69586875 0.881946875 0.743815625 0.8807625 0.7553578125 0.313634375 0.7020828125 0.3171859375 0.69586875 0.881946875
6 0.7642375 0.3657296875 0.7491421875000001 0.8831312499999999 0.7695640625 0.8843156249999999 0.78258125 0.88091875 0.800640625 0.3633625 0.7642375 0.3657296875
6 0.8382453125 0.3639921875 0.8024171875 0.3645453125 0.7837703125 0.8760265625000001 0.8157359375000001 0.8772109374999999 0.8382453125 0.3639921875
6 0.8477 0.362178125 0.8201750000000001 0.8795796875 0.839709375 0.8843156249999999 0.858753125 0.8822203125 0.8858796874999999 0.3633625 0.8477 0.362178125
6 0.9280890625 0.3587828125 0.8858796874999999 0.3574421875 0.8592421874999999 0.881946875 0.8947593749999999 0.8843156249999999 0.9280890625 0.3587828125