5 0.08946951875 0.3313802083333333 0.06267547500000001 0.3313802083333333 0.08800503750000001 0.7369791666666666 0.114853846875 0.73828125 0.08946951875 0.3313802083333333
5 0.14267897812500002 0.7376302083333334 0.11583016875 0.3307291666666667 0.09246063125000001 0.3307291666666667 0.090934 0.3307291666666667 0.11827096875000001 0.7389322916666666 0.14267897812500002 0.7376302083333334
5 0.15146585937499998 0.3600260416666667 0.12664031874999998 0.3600260416666667 0.14951321875 0.7356770833333334 0.1719685875 0.7350260416666666 0.15146585937499998 0.3600260416666667
5 0.198817396875 0.734375 0.1802673125 0.3606770833333333 0.15585930312500001 0.3600260416666667 0.154394821875 0.3580729166666667 0.17489755 0.734375 0.198817396875 0.734375
5 0.2246898875 0.736328125 0.206627959375 0.3444010416666667 0.17986297499999998 0.3424479166666667 0.1802673125 0.3444010416666667 0.20077003750000003 0.7369791666666666 0.2246898875 0.736328125
5 0.23152413125 0.3450520833333333 0.20818328749999998 0.3444010416666667 0.22615436875 0.7350260416666666 0.2510505375 0.734375 0.23152413125 0.3450520833333333
5 0.26374270312500003 0.3430989583333333 0.23748016249999998 0.3444010416666667 0.25251501875 0.7369791666666666 0.276434865625 0.7356770833333334 0.26374270312500003 0.3430989583333333
5 0.3037718375 0.7298177083333334 0.29254415312500004 0.3444010416666667 0.2667770375 0.34375 0.27887566874999997 0.7330729166666666 0.29254415312500004 0.7337239583333334 0.3037718375 0.7298177083333334
5 0.33647856875 0.4010416666666667 0.2990036 0.40234375 0.311094240625 0.72265625 0.346241771875 0.720703125 0.33647856875 0.4010416666666667
5 0.375585865625 0.400390625 0.33953094375 0.4010416666666667 0.34873705625 0.7174479166666666 0.38534906874999997 0.716796875 0.375585865625 0.400390625
5 0.390230671875 0.7298177083333334 0.39852939374999996 0.7317708333333334 0.40829259687499997 0.7317708333333334 0.415615 0.7291666666666666 0.407316275 0.3307291666666667 0.375175475 0.3313802083333333 0.37460954375 0.3333333333333333 0.38681355 0.7272135416666666 0.390230671875 0.7298177083333334
5 0.42977164375 0.7291666666666666 0.44099932812500003 0.7291666666666666 0.4473454125 0.7265625 0.44246380937499996 0.3333333333333333 0.438558528125 0.3333333333333333 0.42147292187499996 0.3333333333333333 0.41082000625 0.3333333333333333 0.418543959375 0.7259114583333334 0.42196108125 0.7272135416666666 0.42977164375 0.7291666666666666
5 0.4654073375 0.7265625 0.475170540625 0.7252604166666666 0.481516625 0.7233072916666666 0.47956398437500003 0.357421875 0.47175341875 0.3587239583333333 0.46199021562500003 0.3580729166666667 0.45320333437500004 0.3580729166666667 0.44597625625 0.3580729166666667 0.449298053125 0.7239583333333334 0.457108615625 0.7265625 0.4654073375 0.7265625
5 0.49567326874999995 0.7259114583333334 0.501531190625 0.7265625 0.509341753125 0.7239583333333334 0.514711515625 0.7213541666666666 0.5151996750000001 0.3567708333333333 0.51178255625 0.3567708333333333 0.5020193500000001 0.3567708333333333 0.49225614687499997 0.3580729166666667 0.48308563125 0.3561197916666667 0.483957425 0.71875 0.48737454687500004 0.7233072916666666 0.49567326874999995 0.7259114583333334
5 0.541126646875 0.3938802083333333 0.52019500625 0.39453125 0.51818311875 0.7311197916666666 0.5381976875000001 0.732421875 0.541126646875 0.3938802083333333
5 0.5626056968750001 0.3938802083333333 0.543144225 0.3938802083333333 0.538685846875 0.7317708333333334 0.5591885750000001 0.7311197916666666 0.5626056968750001 0.3938802083333333
5 0.593847946875 0.3404947916666667 0.5695114125 0.3404947916666667 0.559676734375 0.728515625 0.5835965843750001 0.7291666666666666 0.593847946875 0.3404947916666667
5 0.608004590625 0.7298177083333334 0.62069675625 0.3411458333333333 0.59726506875 0.3424479166666667 0.5958005875 0.3619791666666667 0.5850610625 0.7272135416666666 0.608004590625 0.7298177083333334
5 0.64461660625 0.369140625 0.62273406875 0.369140625 0.610933553125 0.728515625 0.630459959375 0.728515625 0.64461660625 0.369140625
5 0.67048909375 0.369140625 0.64910125625 0.369140625 0.6348534031249999 0.7291666666666666 0.6563324500000001 0.7298177083333334 0.67048909375 0.369140625
5 0.6997787062499999 0.3444010416666667 0.6842573875 0.3430989583333333 0.6641430125000001 0.740234375 0.680252296875 0.7369791666666666 0.6997787062499999 0.3444010416666667
5 0.710518228125 0.3424479166666667 0.69890594375 0.34375 0.68122861875 0.7252604166666666 0.689527340625 0.7252604166666666 0.710518228125 0.3424479166666667
5 0.735414396875 0.3873697916666667 0.7130661 0.388671875 0.695873425 0.7272135416666666 0.714423509375 0.7259114583333334 0.735414396875 0.3873697916666667
5 0.7583579281249999 0.3860677083333333 0.738456725 0.3860677083333333 0.71832879375 0.7259114583333334 0.7383433593750001 0.7239583333333334 0.7583579281249999 0.3860677083333333
5 0.7905765 0.369140625 0.76921844375 0.3684895833333333 0.7427368000000001 0.7265625 0.761775046875 0.7272135416666666 0.7905765 0.369140625
5 0.8140081875 0.3678385416666667 0.793144225 0.3665364583333333 0.76519216875 0.7259114583333334 0.784718578125 0.7252604166666666 0.8140081875 0.3678385416666667