6 0.138325 0.008985937500000001 0.0976765625 0.011153125 0.1171875 0.9769453125 0.156209375 0.9758609375 0.138325 0.008985937500000001
6 0.1805984375 0.008985937500000001 0.1358859375 0.008985937500000001 0.1594609375 0.978028125 0.1927921875 0.96935625 0.1805984375 0.008985937500000001
6 0.20986406249999998 0.1325546875 0.178971875 0.136890625 0.19360468749999998 0.9812796875 0.222059375 0.9834484375000001 0.20986406249999998 0.1325546875
6 0.245634375 0.1347234375 0.21149062500000002 0.1336390625 0.21799375 0.9791124999999999 0.255390625 0.9834484375000001 0.245634375 0.1347234375
6 0.28546875 0.169409375 0.24400781249999998 0.169409375 0.24969843749999998 0.9834484375000001 0.291159375 0.985615625 0.28546875 0.169409375
6 0.3383109375 0.15315 0.2822171875 0.1574859375 0.2830296875 0.9823640625 0.33749843749999997 0.987784375 0.3383109375 0.15315
6 0.38627500000000003 0.159653125 0.335871875 0.1607375 0.3383109375 0.9888671875 0.38058437500000003 0.9888671875 0.38627500000000003 0.159653125
6 0.422859375 0.167240625 0.378146875 0.1629046875 0.3813984375 0.987784375 0.425296875 0.9801968750000001 0.422859375 0.167240625
6 0.46106718750000003 0.14447812499999999 0.4204203125 0.14014218750000002 0.43098749999999997 0.987784375 0.46431875 0.985615625 0.46106718750000003 0.14447812499999999
6 0.49927656249999997 0.14447812499999999 0.4529375 0.14339375000000001 0.4602546875 0.9899515624999999 0.4952109375 0.9801968750000001 0.49927656249999997 0.14447812499999999
6 0.5326078125 0.06534999999999999 0.49765 0.06534999999999999 0.4968375 0.9834484375000001 0.53098125 0.9801968750000001 0.5326078125 0.06534999999999999
6 0.5724421875 0.076190625 0.5334203125 0.0783578125 0.5285421875 0.9845328125 0.568378125 0.9801968750000001 0.5724421875 0.076190625
6 0.6277234375 0.14447812499999999 0.5773203125 0.139059375 0.570003125 0.987784375 0.6228453125 0.987784375 0.6277234375 0.14447812499999999
6 0.6569890625 0.14556249999999998 0.624471875 0.14231093749999998 0.61959375 0.9834484375000001 0.6504859374999999 0.9834484375000001 0.6569890625 0.14556249999999998
6 0.691946875 0.152065625 0.6569890625 0.1553171875 0.6553640625 0.9888671875 0.68544375 0.9834484375000001 0.691946875 0.152065625
6 0.74235 0.146646875 0.6805656250000001 0.15315 0.68706875 0.985615625 0.7399109375 0.9812796875 0.74235 0.146646875
6 0.79925625 0.146646875 0.7456015625 0.1574859375 0.736659375 0.9845328125 0.7870625 0.985615625 0.79925625 0.146646875
6 0.8447828124999999 0.1509828125 0.8016953125 0.14556249999999998 0.7895015625 0.9888671875 0.8382781250000001 0.9845328125 0.8447828124999999 0.1509828125
6 0.8927468749999999 0.152065625 0.847221875 0.146646875 0.8415312500000001 0.993203125 0.875675 0.993203125 0.8927468749999999 0.152065625
6 0.9333953125000001 0.15315 0.893559375 0.1509828125 0.8764875 0.9899515624999999 0.9155093750000001 0.985615625 0.9333953125000001 0.15315
6 0.9529062500000001 0.9791124999999999 0.9699781249999999 0.17808125 0.9683515625 0.15315 0.9342078125000001 0.15640156249999998 0.9163218750000001 0.9791124999999999 0.9529062500000001 0.9791124999999999
6 0.9846109375 0.9834484375000001 0.9997484375000001 0.60383125 0.9997484375000001 0.148521875 0.9748546875 0.1488140625 0.9520921875000001 0.9834484375000001 0.9846109375 0.9834484375000001