0 0.11311026875 0.15031265 0.079289921875 0.15131473333333334 0.078538359375 0.9539842875000001 0.11160714375 0.9509780333333333 0.11311026875 0.15031265
0 0.15068843125 0.14730639583333333 0.121377465625 0.14931056666666667 0.11912277499999999 0.9509780333333333 0.15143999375 0.9459676125 0.15068843125 0.14730639583333333
0 0.170229075 0.2455106625 0.158955628125 0.2455106625 0.158955628125 0.9509780333333333 0.17173220312499998 0.94997595 0.170229075 0.2455106625
0 0.19277597500000002 0.24751482916666667 0.17624158125 0.24651274583333332 0.181502525 0.9549863708333334 0.198036915625 0.9539842875000001 0.19277597500000002 0.24751482916666667
0 0.21832912499999999 0.15432098749999998 0.198036915625 0.15331890416666666 0.2048009875 0.94997595 0.22960257187500002 0.9489738666666666 0.21832912499999999 0.15432098749999998
0 0.2431307125 0.01603335 0.21983225 0.020041687500000002 0.23561507812500002 0.9990780833333334 0.26267135625 0.998076 0.2431307125 0.01603335
0 0.284466690625 0.020041687500000002 0.258161978125 0.018037516666666666 0.27394480625 0.9990780833333334 0.30551046249999997 0.998076 0.284466690625 0.020041687500000002
0 0.35661676249999996 0.12225428749999999 0.320541728125 0.12025012083333333 0.33707611875 0.9549863708333334 0.377660534375 0.9509780333333333 0.35661676249999996 0.12225428749999999
0 0.403213684375 0.12726471250000002 0.365635521875 0.126262625 0.385176165625 0.94997595 0.422002765625 0.9459676125 0.403213684375 0.12726471250000002
0 0.447555915625 0.060125058333333335 0.409977753125 0.06212922916666667 0.4317730875 0.9479717833333333 0.467096559375 0.9469696958333333 0.447555915625 0.060125058333333335
0 0.48814033125 0.040083375000000004 0.45732623749999995 0.04108545833333333 0.48287939062499996 0.9459676125 0.5091841031250001 0.9389530208333333 0.48814033125 0.040083375000000004
0 0.5309794375 0.038079204166666665 0.49791065312500005 0.04108545833333333 0.518954425 0.9489738666666666 0.5437560125 0.941959275 0.5309794375 0.038079204166666665
0 0.576824796875 0.16033349166666666 0.5407497593749999 0.1623376625 0.5520232093749999 0.9459676125 0.5926076250000001 0.9449655291666667 0.576824796875 0.16033349166666666
0 0.622670153125 0.16734808333333331 0.5858435531249999 0.16534391666666667 0.60087481875 0.9459676125 0.6361982937499999 0.9429613583333333 0.622670153125 0.16734808333333331
0 0.654235809375 0.1302709625 0.628682659375 0.12826679583333334 0.64897486875 0.9469696958333333 0.670770203125 0.9439634458333334 0.654235809375 0.1302709625
0 0.68655303125 0.23148148333333335 0.66175144375 0.2354898208333333 0.6797889625 0.941959275 0.701584296875 0.9379509375 0.68655303125 0.23148148333333335
0 0.716615559375 0.23448773333333334 0.6955717906250001 0.23448773333333334 0.7075967999999999 0.9389530208333333 0.7331499531250001 0.9379509375 0.716615559375 0.23448773333333334
0 0.73841089375 0.07114798750000001 0.720373378125 0.07315215833333334 0.739914021875 0.9379509375 0.754193721875 0.9349446833333332 0.73841089375 0.07114798750000001
0 0.77523749375 0.13628347083333334 0.74968434375 0.13528138333333334 0.7647156093749999 0.9409571916666667 0.7835046906249999 0.9369488541666667 0.77523749375 0.13628347083333334
0 0.79928751875 0.08517716666666666 0.7789953093750001 0.08417508333333333 0.790268759375 0.9369488541666667 0.8098094031249999 0.9359467708333333 0.79928751875 0.08517716666666666
0 0.822585978125 0.07816257916666666 0.80680315 0.08417508333333333 0.8173250375000001 0.9379509375 0.8376172437499999 0.9339426 0.822585978125 0.07816257916666666
0 0.85039381875 0.13127305 0.833859428125 0.13127305 0.8436297500000001 0.9359467708333333 0.8654250843750001 0.9329405166666667 0.85039381875 0.13127305
0 0.8864688562499999 0.13427930000000002 0.8646735218750001 0.13327721666666667 0.872189153125 0.9299342625 0.895487615625 0.9289321791666667 0.8864688562499999 0.13427930000000002