0 0.130396225 0.24651274583333332 0.12663840937499998 0.24651274583333332 0.091314934375 0.24651274583333332 0.0800414875 0.9690155541666667 0.1183712125 0.9630030458333334 0.130396225 0.24651274583333332
0 0.170229075 0.9690155541666667 0.177744709375 0.2455106625 0.13716029375 0.24450857916666668 0.12663840937499998 0.9730238875 0.16722282187499998 0.9770322291666667 0.170229075 0.9690155541666667
0 0.2318572625 0.005010420833333334 0.19127284687499999 0.006012504166666667 0.178496271875 0.9730238875 0.220583815625 0.974025975 0.2318572625 0.005010420833333334
0 0.279205746875 0.006012504166666667 0.24087602187499998 0.005010420833333334 0.227347884375 0.9720218041666667 0.2686838625 0.9680134666666667 0.279205746875 0.006012504166666667
0 0.33857924375000004 0.15532307083333335 0.2799573125 0.15331890416666666 0.27394480625 0.9750280583333333 0.33031204999999997 0.9750280583333333 0.33857924375000004 0.15532307083333335
0 0.403965246875 0.1032146875 0.35135581875 0.10221260416666667 0.35060425624999997 0.9760301416666667 0.397201178125 0.9790363958333334 0.403965246875 0.1032146875
0 0.45507155 0.022045854166666667 0.415990259375 0.022045854166666667 0.403965246875 0.998076 0.44981060624999997 0.9990780833333334 0.45507155 0.022045854166666667
0 0.49039502187500006 0.07014590416666668 0.46108405625 0.07114798750000001 0.45732623749999995 0.9680134666666667 0.484382515625 0.9650072166666667 0.49039502187500006 0.07014590416666668
0 0.5309794375 0.06713965000000001 0.50091690625 0.06413339583333334 0.493401275 0.9760301416666667 0.52421536875 0.9720218041666667 0.5309794375 0.06713965000000001
0 0.555781025 0.060125058333333335 0.539998196875 0.05812089166666667 0.531731 0.9690155541666667 0.548265390625 0.9690155541666667 0.555781025 0.060125058333333335
0 0.57607323125 0.1382876375 0.56329665625 0.13528138333333334 0.5550294625000001 0.9710197208333333 0.5693091625 0.9690155541666667 0.57607323125 0.1382876375
0 0.5971170031249999 0.13728555416666666 0.585091990625 0.13728555416666666 0.5783279218749999 0.9710197208333333 0.5926076250000001 0.9690155541666667 0.5971170031249999 0.13728555416666666
0 0.648223303125 0.13427930000000002 0.6076388875000001 0.13327721666666667 0.59937169375 0.9760301416666667 0.643713925 0.9730238875 0.648223303125 0.13427930000000002
0 0.6812920874999999 0.22847522916666665 0.653484246875 0.22847522916666665 0.65122955625 0.9710197208333333 0.6797889625 0.9710197208333333 0.6812920874999999 0.22847522916666665
0 0.71360930625 0.23448773333333334 0.685801465625 0.23148148333333335 0.68655303125 0.9670113833333333 0.71210618125 0.9670113833333333 0.71360930625 0.23448773333333334
0 0.747429653125 0.174362675 0.72413119375 0.1763668416666667 0.722628065625 0.9690155541666667 0.745926528125 0.9670113833333333 0.747429653125 0.174362675
0 0.777492184375 0.17937309583333333 0.7564484125 0.1783710125 0.7526905968750001 0.9690155541666667 0.7767406218749999 0.9660093 0.777492184375 0.17937309583333333
0 0.819579725 0.18037517916666665 0.78801406875 0.17736892916666666 0.791020321875 0.9730238875 0.8165734718750001 0.9680134666666667 0.819579725 0.18037517916666665
0 0.8534000718750001 0.18338143333333334 0.8270953593750001 0.18037517916666665 0.822585978125 0.9650072166666667 0.8488906937499999 0.9650072166666667 0.8534000718750001 0.18338143333333334
0 0.8939844875 0.15331890416666666 0.867679775 0.15432098749999998 0.8556547625 0.9670113833333333 0.8917297968750001 0.9620009625 0.8939844875 0.15331890416666666
0 0.944339225 0.15131473333333334 0.908264190625 0.15131473333333334 0.9015001187499999 0.9680134666666667 0.9420845343750001 0.9680134666666667 0.944339225 0.15131473333333334
0 0.9789111343749999 0.2745711083333333 0.953357984375 0.2745711083333333 0.9526064218749999 0.9660093 0.972898628125 0.9690155541666667 0.9789111343749999 0.2745711083333333
0 0.99920334375 0.15632515833333333 0.98717833125 0.15632515833333333 0.981165825 0.9650072166666667 0.997700215625 0.9640051291666667 0.99920334375 0.15632515833333333