0 0.07478054375 0.25252525416666666 0.03870550625 0.25452942083333335 0.155949375 0.9750280583333333 0.183757215625 0.9720218041666667 0.07478054375 0.25252525416666666
0 0.07402898125 0.0040083375 0.046972703125 0 0.18826659375000002 0.9690155541666667 0.208558803125 0.974025975 0.07402898125 0.0040083375
0 0.2311057 0.9730238875 0.16346500625 0.4960317458333333 0.1070977625 0.0030062541666666664 0.078538359375 0.0040083375 0.116868084375 0.29862113333333334 0.21381974375 0.9720218041666667 0.2311057 0.9730238875
0 0.179247834375 0.3457190958333333 0.153694684375 0.34271284166666666 0.23937289687500002 0.9760301416666667 0.25741041249999996 0.9810405625 0.179247834375 0.3457190958333333
0 0.21231661875 0.340708675 0.18751503125 0.340708675 0.26342291875 0.9810405625 0.28296356562499997 0.9830447333333333 0.21231661875 0.340708675
0 0.22960257187500002 0.008016675 0.18676346875 0.006012504166666667 0.28822450625 0.9810405625 0.316783909375 0.9840468166666666 0.22960257187500002 0.008016675
0 0.284466690625 0.007014591666666667 0.23786976875 0.005010420833333334 0.322796415625 0.9860509875000001 0.354362071875 0.9910614083333333 0.284466690625 0.007014591666666667
0 0.343088625 0.005010420833333334 0.291982321875 0.007014591666666667 0.36112614375 0.990059325 0.3949464875 0.9890572375000001 0.343088625 0.005010420833333334
0 0.403965246875 0.0030062541666666664 0.35135581875 0.0020041666666666667 0.40095899375000005 0.9910614083333333 0.43402777812500004 0.9930655749999999 0.403965246875 0.0030062541666666664
0 0.51369348125 0.007014591666666667 0.416741821875 0.007014591666666667 0.442294975 0.9950697458333334 0.503923159375 0.9950697458333334 0.51369348125 0.007014591666666667
0 0.5693091625 0.005010420833333334 0.52421536875 0.0020041666666666667 0.5091841031250001 0.9990780833333334 0.53699194375 0.9990780833333334 0.5693091625 0.005010420833333334
0 0.621167028125 0.0010020833333333333 0.57532166875 0.0030062541666666664 0.5422528843750001 0.998076 0.571563853125 0.9950697458333334 0.621167028125 0.0010020833333333333
0 0.68730459375 0.005010420833333334 0.629434221875 0.0040083375 0.579079484375 0.9970739125 0.61365139375 0.9970739125 0.68730459375 0.005010420833333334
0 0.7526905968750001 0.006012504166666667 0.697826478125 0.0030062541666666664 0.6189123375000001 0.998076 0.66099988125 0.998076 0.7526905968750001 0.006012504166666667
0 0.770728115625 0.9990780833333334 0.884214165625 0.28258778333333334 0.815070346875 0.2795815291666666 0.745926528125 0.2775773625 0.6700186375 0.9960718291666667 0.7196218125 0.998076 0.770728115625 0.9990780833333334
0 0.972898628125 0.0020041666666666667 0.9300595250000001 0.0030062541666666664 0.7782437468750001 0.9990780833333334 0.80680315 0.9970739125 0.972898628125 0.0020041666666666667
0 0.8376172437499999 0.9950697458333334 0.8751954062499999 0.8066778916666667 0.996948653125 0.10421677083333333 0.9939424000000001 0.0040083375 0.9781595718749999 0.0040083375 0.9405814093749999 0.2354898208333333 0.8113125312499999 0.9970739125 0.8376172437499999 0.9950697458333334
0 0.9931908375 0.7144861333333333 0.9954455281250001 0.2805836125 0.9789111343749999 0.2815857 0.8443813125 0.998076 0.9308110875000001 0.998076 0.9931908375 0.7144861333333333