6 0.14075312499999998 0.8866828124999999 0.14874375 0.890234375 0.179821875 0.890234375 0.194028125 0.8854984375000001 0.15940000000000001 0.4036171875 0.0954703125 0.4059859375 0.14075312499999998 0.8866828124999999
6 0.24108593749999999 0.8594515625 0.251740625 0.8582671875000001 0.21977656250000002 0.40125 0.2135609375 0.40125 0.19313906249999999 0.4024328125 0.17893281249999998 0.4024328125 0.2135609375 0.8558999999999999 0.2259921875 0.8594515625 0.24108593749999999 0.8594515625
6 0.25706875 0.871290625 0.28459375 0.8748421875 0.30679218750000004 0.8760265625000001 0.32632500000000003 0.871290625 0.30601875 0.40305468749999995 0.2188890625 0.4048015625 0.25706875 0.871290625
6 0.343128125 0.4056578125 0.30679218750000004 0.40716875 0.3360921875 0.8701078125 0.3716078125 0.8701078125 0.343128125 0.4056578125
6 0.41441718749999995 0.9056578125 0.39469375 0.39532968749999997 0.34497187500000004 0.39888124999999997 0.3760484375 0.903259375 0.3840390625 0.911546875 0.39291875 0.9103625 0.4026859375 0.9103625 0.41441718749999995 0.9056578125
6 0.43731406249999993 0.419009375 0.39558125 0.4237453125 0.428434375 0.89970625 0.4648390625 0.89970625 0.43731406249999993 0.419009375
6 0.4666140625 0.44268906250000006 0.43731406249999993 0.446240625 0.47371718749999997 0.89970625 0.5047937499999999 0.8985218749999999 0.4666140625 0.44268906250000006
6 0.5083453125 0.9103625 0.5411984375000001 0.9091781250000001 0.5003546875 0.3775703125 0.4657265625 0.3834890625 0.5083453125 0.9103625
6 0.5056828125 0.410721875 0.5438625 0.9174671875 0.565171875 0.9186500000000001 0.5829296875 0.9186500000000001 0.6033515625 0.9139140625 0.61223125 0.9068109375000001 0.57945625 0.40435625000000003 0.5056828125 0.410721875
6 0.64195625 0.3639921875 0.5855937499999999 0.3680984375 0.6113421875 0.9091781250000001 0.661065625 0.9103625 0.64195625 0.3639921875
6 0.661065625 0.911546875 0.7093390625 0.9069609375000001 0.7010203125000001 0.362178125 0.6477468749999999 0.3680984375 0.661065625 0.911546875
6 0.737659375 0.3600859375 0.7063484375 0.36099375 0.7116765625 0.911546875 0.7338734375 0.91273125 0.737659375 0.3600859375
6 0.768909375 0.35748125000000003 0.7392015625 0.359809375 0.7356499999999999 0.91273125 0.7596234374999999 0.9103625 0.768909375 0.35748125000000003
6 0.798690625 0.35862656249999997 0.771165625 0.3562578125 0.763175 0.9150984375 0.786259375 0.911546875 0.798690625 0.35862656249999997
6 0.850940625 0.3639921875 0.8093453125 0.36691406249999997 0.7889234375 0.91273125 0.8288796875 0.9150984375 0.850940625 0.3639921875
6 0.867946875 0.36691406249999997 0.8572921875 0.3657296875 0.83154375 0.91273125 0.8741625000000001 0.9139140625 0.89976875 0.3639921875 0.8777140625 0.36691406249999997 0.867946875 0.36691406249999997