6 0.16707812500000002 0.40581562499999996 0.149178125 0.40581562499999996 0.1337203125 0.4069015625 0.119075 0.4069015625 0.104459375 0.40473125000000004 0.14266875 0.8604593749999999 0.15243281250000001 0.8648 0.1638234375 0.8669703125 0.17602656249999998 0.8648 0.1890453125 0.8626296874999999 0.20124843750000002 0.8582906250000001 0.16707812500000002 0.40581562499999996
6 0.174446875 0.3938796875 0.21345312500000002 0.855034375 0.2313515625 0.85395 0.23704687500000002 0.8506937499999999 0.24436874999999997 0.855034375 0.268778125 0.849609375 0.2394875 0.394965625 0.174446875 0.3938796875
6 0.3371203125 0.8485250000000001 0.31596562499999997 0.3927953125 0.254946875 0.39170937499999997 0.24280624999999997 0.3927953125 0.27447343750000003 0.85395 0.3371203125 0.8485250000000001
6 0.39407187499999996 0.8517796875 0.398140625 0.8485250000000001 0.3883765625 0.3927953125 0.3184890625 0.3938796875 0.338746875 0.8561203125000001 0.39407187499999996 0.8517796875
6 0.39091718750000004 0.39170937499999997 0.4046484375 0.8517796875 0.43475156249999997 0.8474390625 0.454278125 0.84526875 0.46159999999999995 0.8420140625 0.45671875 0.39170937499999997 0.398140625 0.3927953125 0.39091718750000004 0.39170937499999997
6 0.49333125000000005 0.39170937499999997 0.4584625 0.39170937499999997 0.46485468750000003 0.863715625 0.49739843749999996 0.859375 0.49333125000000005 0.39170937499999997
6 0.53075625 0.3927953125 0.4958984375 0.3927953125 0.4982125 0.8572046875 0.5299437499999999 0.8572046875 0.53075625 0.3927953125
6 0.574690625 0.3927953125 0.5340109375 0.3938796875 0.5315703125 0.85395 0.5689953125 0.8485250000000001 0.574690625 0.3927953125
6 0.6194390624999999 0.3852 0.57565 0.3873703125 0.5755046875 0.8528640624999999 0.61374375 0.849609375 0.6194390624999999 0.3852
6 0.689409375 0.430771875 0.6845265625 0.43402812500000004 0.6723234375 0.4372828125 0.6544234375 0.4372828125 0.634896875 0.43836875 0.620409375 0.43511249999999996 0.618625 0.8485250000000001 0.6267609375000001 0.8528640624999999 0.6405921875 0.8517796875 0.66011875 0.849609375 0.6723234375 0.849609375 0.67801875 0.8430984374999999 0.689409375 0.430771875
6 0.740665625 0.4275171875 0.7260203125 0.4275171875 0.7146296875 0.4296875 0.7016125 0.4296875 0.6926625 0.428603125 0.6820859375 0.8409281249999999 0.6934765625 0.844184375 0.7089359375 0.8409281249999999 0.7276484375 0.8409281249999999 0.73334375 0.835503125 0.750428125 0.42426250000000004 0.740665625 0.4275171875
6 0.7976171875 0.39170937499999997 0.76689375 0.3927953125 0.7414796875 0.8474390625 0.7699546875000001 0.84526875 0.7976171875 0.39170937499999997
6 0.833415625 0.39170937499999997 0.8043296874999999 0.394965625 0.7715828124999999 0.844184375 0.800871875 0.8430984374999999 0.833415625 0.39170937499999997
6 0.8692140625 0.41558124999999996 0.865146875 0.4188375 0.8570109374999999 0.42100625 0.8488749999999999 0.42100625 0.8415515625 0.42100625 0.8344390625000001 0.4188375 0.8041265624999999 0.8333328124999999 0.8057531250000001 0.83441875 0.81714375 0.835503125 0.8252796874999999 0.8322484375 0.83585625 0.8322484375 0.8439921874999999 0.830078125 0.8692140625 0.41558124999999996