4 0.15226875 0.34449375 0.15306875 0.36741718749999996 0.55786875 0.3261328125 0.557721875 0.3073828125 0.15226875 0.34449375
4 0.32199374999999997 0.370403125 0.3397953125 0.3712609375 0.3526140625 0.3708140625 0.3673265625 0.3680796875 0.38201406250000003 0.3646046875 0.3938203125 0.3634515625 0.41060937500000005 0.36360625 0.43422343750000003 0.3613 0.44805312500000005 0.36155781249999996 0.47068125 0.3592875 0.48054218750000005 0.3589421875 0.5041546875 0.3566375 0.572115625 0.35204375 0.573209375 0.3268328125 0.15410625 0.3688609375 0.15535156249999998 0.37622187500000004 0.155584375 0.3828765625 0.175253125 0.380709375 0.1899921875 0.3787140625 0.2008125 0.3775953125 0.21562968749999997 0.37781875 0.22746249999999998 0.3774046875 0.2363109375 0.37635625 0.24609375 0.37379375000000004 0.2598984375 0.3733109375 0.27271718749999996 0.37286406250000004 0.2835640625 0.372484375 0.299340625 0.37193437500000004 0.31213281249999997 0.370746875 0.32199374999999997 0.370403125
4 0.4569546875 0.3619875 0.43930781249999995 0.365565625 0.41566875000000003 0.36713125 0.3989578125 0.3691953125 0.3881109375 0.369575 0.3723078125 0.36938593750000004 0.3575953125 0.3721203125 0.34475 0.371828125 0.3279875 0.3724140625 0.31522031250000004 0.374340625 0.29944375 0.37489218750000003 0.276815625 0.37716249999999996 0.2630375 0.378384375 0.24630000000000002 0.379709375 0.1528578125 0.3896359375 0.1510671875 0.39488124999999996 0.149378125 0.403084375 0.1515578125 0.40893125 0.57195625 0.375740625 0.5687656249999999 0.3691890625 0.570453125 0.3609859375 0.5683515625 0.3573578125 0.552446875 0.3542109375 0.541625 0.3553296875 0.531790625 0.3564125 0.519984375 0.357565625 0.508228125 0.360196875 0.49540937500000004 0.3606453125 0.48061875 0.3611609375 0.4678 0.361609375 0.4569546875 0.3619875
4 0.1515828125 0.4096703125 0.15204843750000002 0.42298125000000003 0.6240640625 0.3873359375 0.624190625 0.3731765625 0.1515828125 0.4096703125
4 0.5803296875 0.41764999999999997 0.5806453125 0.3983890625 0.16400937499999999 0.42626406250000004 0.164525 0.44165625000000003 0.5803296875 0.41764999999999997
4 0.161671875 0.44411562499999996 0.1589140625 0.47826874999999996 0.5625265625 0.459515625 0.5607375 0.4220359375 0.161671875 0.44411562499999996
4 0.6232109375 0.48648749999999996 0.623190625 0.4576140625 0.1501171875 0.48079687499999996 0.1526421875 0.5055859375 0.6232109375 0.48648749999999996
4 0.1539796875 0.506575 0.1543109375 0.544321875 0.621528125 0.5323703125 0.619421875 0.4910609375 0.1539796875 0.506575
4 0.62246875 0.57831875 0.62294375 0.5353609374999999 0.1543625 0.5458015625 0.1546421875 0.5820703125 0.62246875 0.57831875
4 0.15671718750000002 0.5849593750000001 0.1579609375 0.59231875 0.533396875 0.589190625 0.5317015625 0.5800078125 0.15671718750000002 0.5849593750000001
4 0.6296 0.6128671875 0.628825 0.5906828125 0.15611875 0.5960859375 0.156590625 0.6186359375 0.6296 0.6128671875
4 0.1559328125 0.61904375 0.1566296875 0.639009375 0.6306421875 0.6379109374999999 0.6296515625 0.6143468750000001 0.1559328125 0.61904375
4 0.5896312499999999 0.6557234375000001 0.589140625 0.6416734374999999 0.151725 0.6399203124999999 0.151178125 0.6525265625000001 0.5896312499999999 0.6557234375000001
4 0.1513078125 0.6562234375 0.15063125 0.6651312500000001 0.1529859375 0.6708765624999999 0.647596875 0.6759109375000001 0.6469765625 0.6581640625 0.1513078125 0.6562234375
4 0.1439609375 0.672028125 0.1495109375 0.689603125 0.6473859375 0.6981296875 0.647675 0.6781296875 0.1439609375 0.672028125
4 0.1603578125 0.6892234375 0.1620921875 0.7106343749999999 0.5684171874999999 0.7215125 0.5673859375 0.697221875 0.1603578125 0.6892234375
4 0.5683625 0.7534546875 0.5683671875 0.725321875 0.1631046875 0.7113390625 0.163990625 0.7372640625 0.5683625 0.7534546875