0 0.050730518749999995 0.005010420833333334 0.004133596875 0.005010420833333334 0 0.9966931208333333 0.021419553124999997 0.9930655749999999 0.050730518749999995 0.005010420833333334
0 0.1055946375 0.006012504166666667 0.058997715625 0.005010420833333334 0.035699253125000004 0.9950697458333334 0.085302428125 0.9970739125 0.1055946375 0.006012504166666667
0 0.152191559375 0.006012504166666667 0.11386183125 0.0040083375 0.0943211875 0.9940676624999999 0.133402478125 0.9950697458333334 0.152191559375 0.006012504166666667
0 0.208558803125 0.0030062541666666664 0.16196188125 0.006012504166666667 0.141669671875 0.998076 0.18751503125 0.9950697458333334 0.208558803125 0.0030062541666666664
0 0.26116823125 0.006012504166666667 0.2175775625 0.006012504166666667 0.196533790625 0.9990780833333334 0.23937289687500002 0.9960718291666667 0.26116823125 0.006012504166666667
0 0.30776515 0.005010420833333334 0.2679323 0.006012504166666667 0.246136965625 0.9950697458333334 0.28672138125 0.9930655749999999 0.30776515 0.005010420833333334
0 0.3551136375 0.0040083375 0.317535475 0.0040083375 0.294988575 0.9950697458333334 0.33406986562499996 0.9950697458333334 0.3551136375 0.0040083375
0 0.40095899375000005 0.005010420833333334 0.379915225 0.005010420833333334 0.352107384375 0.9940676624999999 0.378412096875 0.9940676624999999 0.40095899375000005 0.005010420833333334
0 0.43628246875 0.007014591666666667 0.41523869687500004 0.007014591666666667 0.38743085625 0.9950697458333334 0.41148088125 0.9950697458333334 0.43628246875 0.007014591666666667
0 0.46258718125 0.008016675 0.442294975 0.006012504166666667 0.4174933875 0.9950697458333334 0.43628246875 0.9940676624999999 0.46258718125 0.008016675
0 0.48889189375 0.006012504166666667 0.467848125 0.007014591666666667 0.4430465375 0.9940676624999999 0.467096559375 0.9910614083333333 0.48889189375 0.006012504166666667
0 0.53774350625 0.11223344583333333 0.497159090625 0.10822510833333333 0.47461219374999997 0.9940676624999999 0.5182028625 0.9940676624999999 0.53774350625 0.11223344583333333
0 0.58659511875 0.12025012083333333 0.546010703125 0.1152397 0.527973184375 0.9940676624999999 0.5685576 0.9920634916666666 0.58659511875 0.12025012083333333
0 0.622670153125 0.005010420833333334 0.59937169375 0.005010420833333334 0.576824796875 0.9950697458333334 0.60087481875 0.9950697458333334 0.622670153125 0.005010420833333334
0 0.65047799375 0.005010420833333334 0.6309373500000001 0.007014591666666667 0.606887325 0.998076 0.6301857875 0.9950697458333334 0.65047799375 0.005010420833333334
0 0.673024890625 0.008016675 0.6572420625000001 0.008016675 0.63845298125 0.998076 0.654235809375 0.9950697458333334 0.673024890625 0.008016675
0 0.696323353125 0.0040083375 0.6812920874999999 0.008016675 0.6625030062499999 0.9970739125 0.683546778125 0.9940676624999999 0.696323353125 0.0040083375
0 0.7594546656250001 0.9930655749999999 0.7579515406249999 0.23649190416666668 0.72488275625 0.2354898208333333 0.69932960625 0.23448773333333334 0.6955717906250001 0.9960718291666667 0.7339015156250001 0.9950697458333334 0.7594546656250001 0.9930655749999999
0 0.8270953593750001 0.9950697458333334 0.823337540625 0.24651274583333332 0.797032828125 0.2455106625 0.766218734375 0.24350649166666666 0.76997655 0.9950697458333334 0.79928751875 0.9940676624999999 0.8270953593750001 0.9950697458333334
0 0.858661015625 0.7024611208333333 0.8556547625 0.3116482291666667 0.8511453812499999 0.030062529166666668 0.823337540625 0.026054191666666667 0.834610990625 0.9990780833333334 0.860915703125 0.9970739125 0.858661015625 0.7024611208333333
0 0.89473605 0.7505611666666667 0.889475109375 0.44893378333333334 0.88045635 0.0360750375 0.857909453125 0.030062529166666668 0.866928209375 0.998076 0.895487615625 0.9960718291666667 0.89473605 0.7505611666666667
0 0.8984938687499999 0.9970739125 0.921792328125 0.9950697458333334 0.89999699375 0.0030062541666666664 0.878201659375 0.0020041666666666667 0.8774500968750001 0.025052108333333333 0.884214165625 0.031064612499999998 0.8984938687499999 0.9970739125
0 0.93156265 0.0040083375 0.9067610625 0.0030062541666666664 0.9278048343749999 0.9960718291666667 0.9503517312499999 0.9940676624999999 0.93156265 0.0040083375
0 0.955612675 0.05711880833333333 0.9398298468749999 0.05711880833333333 0.958618928125 0.9990780833333334 0.9789111343749999 0.9960718291666667 0.955612675 0.05711880833333333
0 0.997700215625 0.5020442500000001 0.97515331875 0.05711880833333333 0.960122053125 0.05812089166666667 0.9886814562499999 0.9940676624999999 0.997700215625 0.9920634916666666 0.997700215625 0.5020442500000001