0 0.0456474375 0.22143817083333334 0.0017478531249999999 0.21818635 0 0.9667338708333334 0.048086303125 0.9639373041666667 0.0456474375 0.22143817083333334
0 0.0919858875 0.226857875 0.036704928125 0.21927029166666667 0.053776990625 0.9671891250000001 0.10092839375 0.9661051875 0.0919858875 0.226857875
0 0.135885471875 0.09028139166666667 0.09442475312500001 0.08919745 0.10255430624999999 0.9661051875 0.1480798 0.9650212458333333 0.135885471875 0.09028139166666667
0 0.19360529375 0.10979231666666665 0.152144575 0.10437261666666667 0.155396396875 0.9650212458333333 0.1927923375 0.961769425 0.19360529375 0.10979231666666665
0 0.23750487812499999 0.14881417083333334 0.191166428125 0.14447840833333334 0.1846627875 0.9552657833333333 0.232627146875 0.9563497208333334 0.23750487812499999 0.14881417083333334
0 0.282217415625 0.15748569166666665 0.23750487812499999 0.15098205 0.23018828125000002 0.9574336625 0.278965596875 0.9487621416666666 0.282217415625 0.15748569166666665
0 0.328555865625 0.15965357083333334 0.28059150625 0.15748569166666665 0.2814044625 0.9552657833333333 0.318800403125 0.9509300208333333 0.328555865625 0.15965357083333334
0 0.36188703125 0.16398933333333332 0.32367813437500004 0.15423387083333334 0.319613359375 0.9487621416666666 0.36188703125 0.9400906166666666 0.36188703125 0.16398933333333332
0 0.41798094375000006 0.1694090375 0.374081359375 0.16290539583333336 0.3626999875 0.9411745583333333 0.410664346875 0.9422585 0.41798094375000006 0.1694090375
0 0.469197125 0.17591267916666667 0.42367163124999996 0.16832509583333335 0.40497365937499996 0.939006675 0.46106757187499997 0.9433424375 0.469197125 0.17591267916666667
0 0.503341246875 0.1076244375 0.46838416875 0.10437261666666667 0.45781575312499995 0.9487621416666666 0.496837603125 0.9476782 0.503341246875 0.1076244375
0 0.5382983218749999 0.10979231666666665 0.50090238125 0.11521202083333333 0.49927646875000004 0.9465942583333333 0.534233546875 0.9541818416666668 0.5382983218749999 0.10979231666666665
0 0.584636771875 0.16724115416666668 0.5358594562500001 0.16398933333333332 0.5326076343749999 0.9465942583333333 0.58057199375 0.939006675 0.584636771875 0.16724115416666668
0 0.6415436406249999 0.17374479583333333 0.594392234375 0.17266085833333333 0.585449728125 0.9357548541666667 0.63829181875 0.9303351541666667 0.6415436406249999 0.17374479583333333
0 0.6724359375 0.19217178333333335 0.639917728125 0.19325572500000002 0.6260974906250001 0.9368387958333333 0.6626804749999999 0.9368387958333333 0.6724359375 0.19217178333333335
0 0.696011640625 0.18133237916666667 0.670810028125 0.1878360208333333 0.669997071875 0.9400906166666666 0.6951986875 0.9368387958333333 0.696011640625 0.18133237916666667
0 0.727716896875 0.19217178333333335 0.691133909375 0.18675208333333335 0.692759821875 0.9444263791666666 0.7187743875 0.939006675 0.727716896875 0.19217178333333335
0 0.743976 0.2030111875 0.727716896875 0.2030111875 0.717961434375 0.9368387958333333 0.743163046875 0.9292512125 0.743976 0.2030111875
0 0.777307165625 0.2084308875 0.75047964375 0.20192724583333332 0.7447889562500001 0.9368387958333333 0.76999056875 0.9314190958333334 0.777307165625 0.2084308875
0 0.79681809375 0.20626300833333333 0.773242390625 0.20192724583333332 0.76999056875 0.9346709166666667 0.786249675 0.9335869750000001 0.79681809375 0.20626300833333333
0 0.824458571875 0.16290539583333336 0.801695825 0.15965357083333334 0.8000699156250001 0.9400906166666666 0.817954928125 0.939006675 0.824458571875 0.16290539583333336
0 0.8447824531249999 0.16398933333333332 0.8285233468750001 0.16182145416666666 0.8155160625000001 0.9314190958333334 0.8423435874999999 0.9259993916666667 0.8447824531249999 0.16398933333333332
0 0.8716099749999999 0.17266085833333333 0.850473140625 0.16832509583333335 0.8480342750000001 0.928167275 0.863480425 0.9259993916666667 0.8716099749999999 0.17266085833333333
0 0.896811590625 0.17049297500000002 0.8773006625 0.17049297500000002 0.8675452 0.9249154541666668 0.8886820375 0.9184118125 0.896811590625 0.17049297500000002
0 0.9195743375 0.17266085833333333 0.8951856781249999 0.16615721666666666 0.89355976875 0.9270833333333334 0.915509559375 0.9292512125 0.9195743375 0.17266085833333333
0 0.9439629937499999 0.17374479583333333 0.9220132031249999 0.17591267916666667 0.915509559375 0.9238315125 0.9350204874999999 0.9238315125 0.9439629937499999 0.17374479583333333
0 0.9659127875 0.1845842 0.93827230625 0.18133237916666667 0.941524128125 0.9249154541666668 0.967538696875 0.9205796916666666 0.9659127875 0.1845842
0 0.997618040625 0.1878360208333333 0.973229384375 0.18350025833333333 0.973229384375 0.9227475708333334 0.99030144375 0.9205796916666666 0.997618040625 0.1878360208333333