6 0.0700359375 0.2496203125 0.0293890625 0.2496203125 0.0692234375 0.9617687500000001 0.101740625 0.9617687500000001 0.0700359375 0.2496203125
6 0.10661875000000001 0.2257734375 0.0700359375 0.22469062499999998 0.100115625 0.9661046875 0.132634375 0.970440625 0.10661875000000001 0.2257734375
6 0.13425937500000001 0.22469062499999998 0.10499375 0.22685781249999998 0.135071875 0.962853125 0.16515156250000002 0.962853125 0.13425937500000001 0.22469062499999998
6 0.2041734375 0.25395625 0.1391375 0.25395625 0.1708421875 0.9617687500000001 0.22449687499999998 0.965021875 0.2041734375 0.25395625
6 0.2310015625 0.09136562499999999 0.2025484375 0.08269375 0.23018906249999999 0.9671890624999999 0.255390625 0.9661046875 0.2310015625 0.09136562499999999
6 0.2643328125 0.089196875 0.23344062499999998 0.09028125000000001 0.257015625 0.971525 0.2814046875 0.9747765625 0.2643328125 0.089196875
6 0.3155484375 0.26154375 0.2643328125 0.2572078125 0.279778125 0.9671890624999999 0.334246875 0.9682734375000001 0.3155484375 0.26154375
6 0.357821875 0.12713593750000002 0.3179875 0.1249671875 0.335871875 0.970440625 0.3716421875 0.9661046875 0.357821875 0.12713593750000002
6 0.40741250000000007 0.12930312500000002 0.36188750000000003 0.12821875 0.37326875 0.9671890624999999 0.408225 0.9661046875 0.40741250000000007 0.12930312500000002
6 0.44643437500000005 0.14447812499999999 0.40578593749999997 0.14339375000000001 0.40659999999999996 0.9747765625 0.447246875 0.9769453125 0.44643437500000005 0.14447812499999999
6 0.500903125 0.1498984375 0.457815625 0.14231093749999998 0.4545640625 0.9682734375000001 0.49033437500000004 0.9661046875 0.500903125 0.1498984375
6 0.5431765625 0.23878125 0.49765 0.2431171875 0.4968375 0.9769453125 0.5374859375 0.96935625 0.5431765625 0.23878125
6 0.580571875 0.237696875 0.5448015625 0.2431171875 0.5448015625 0.9758609375 0.5765078124999999 0.965021875 0.580571875 0.237696875
6 0.614715625 0.247453125 0.5781328125 0.245284375 0.5716296875 0.9682734375000001 0.6057734375 0.9736921875 0.614715625 0.247453125
6 0.6504859374999999 0.24636874999999997 0.61959375 0.2496203125 0.6106515625 0.970440625 0.6399171875 0.96935625 0.6504859374999999 0.24636874999999997
6 0.691946875 0.2431171875 0.657803125 0.247453125 0.64073125 0.9736921875 0.674875 0.9758609375 0.691946875 0.2431171875
6 0.7236515625 0.24853593749999997 0.6878828125 0.24853593749999997 0.679753125 0.9769453125 0.7122703125000001 0.9791124999999999 0.7236515625 0.24853593749999997
6 0.7643 0.1303875 0.7277171874999999 0.1184640625 0.7057671875 0.971525 0.7447890625 0.971525 0.7643 0.1303875
6 0.8073859375 0.12063125 0.7651125000000001 0.121715625 0.7496671874999999 0.9747765625 0.7773078124999999 0.9736921875 0.8073859375 0.12063125
6 0.8488468749999999 0.14339375000000001 0.8082 0.14556249999999998 0.787875 0.9736921875 0.8220203125 0.971525 0.8488468749999999 0.14339375000000001
6 0.893559375 0.131471875 0.8553515624999999 0.12930312500000002 0.825271875 0.970440625 0.8594156249999999 0.9639374999999999 0.893559375 0.131471875
6 0.9366468749999999 0.136890625 0.8959984375 0.139059375 0.8610421875000001 0.9736921875 0.893559375 0.971525 0.9366468749999999 0.136890625
6 0.9293296874999999 0.9769453125 0.9740421874999999 0.136890625 0.9358328124999999 0.13797500000000001 0.9293296874999999 0.9769453125
6 0.99924375 0.24420156249999997 0.9699781249999999 0.24203281250000003 0.9358328124999999 0.972609375 0.9683515625 0.9758609375 0.99924375 0.24420156249999997