4 0.2722734375 0.16784062500000002 0.2757078125 0.188109375 0.6524625000000001 0.16036250000000002 0.651146875 0.1384328125 0.2722734375 0.16784062500000002
4 0.2733421875 0.188234375 0.2757328125 0.2112265625 0.6501703125 0.1844890625 0.6525546875 0.1621359375 0.2733421875 0.188234375
4 0.6905828125 0.20904531249999997 0.6880515625 0.18339375 0.273415625 0.21223593749999997 0.273440625 0.2353515625 0.6905828125 0.20904531249999997
4 0.272165625 0.233640625 0.2756921875 0.255684375 0.6912125 0.23119062499999998 0.689353125 0.2082203125 0.272165625 0.233640625
4 0.2709421875 0.2781609375 0.27825781250000003 0.2880375 0.705240625 0.2625140625 0.7036140625 0.23147968749999998 0.2756921875 0.255684375 0.271240625 0.2612515625 0.2695265625 0.2737890625 0.2709421875 0.2781609375
4 0.2726359375 0.287853125 0.2745609375 0.301978125 0.2752578125 0.31527812499999996 0.278990625 0.3186390625 0.7058703125 0.29715625 0.7052875000000001 0.26339999999999997 0.2726359375 0.287853125
4 0.27449375 0.32332031250000004 0.27500468749999996 0.3330734375 0.2767453125 0.3436515625 0.278253125 0.349796875 0.693825 0.3308 0.6937 0.31379843749999997 0.6932359375 0.30493125 0.690453125 0.297075 0.278990625 0.3186390625 0.27449375 0.32332031250000004
4 0.2771640625 0.3516328125 0.2759984375 0.369321875 0.2749171875 0.3766453125 0.6951203125000001 0.3635140625 0.69465625 0.35464843749999997 0.6954671875 0.3474921875 0.693634375 0.335140625 0.2771640625 0.3516328125
4 0.7157109375 0.39444375 0.718953125 0.365821875 0.256 0.37763749999999996 0.25693125 0.40356875 0.7157109375 0.39444375
4 0.7170124999999999 0.419271875 0.71816875 0.39609375 0.25739375 0.40423749999999997 0.2586484375 0.42817812499999997 0.7170124999999999 0.419271875
4 0.67440625 0.46596093749999995 0.674446875 0.42150156250000004 0.27056562500000003 0.42933125 0.27421093750000003 0.47626406250000003 0.67440625 0.46596093749999995
4 0.6756875 0.5130171875 0.67568125 0.467671875 0.2754390625 0.4770890625 0.2760671875 0.5199140625 0.6756875 0.5130171875
4 0.6679 0.5454328125 0.6663203125 0.5152859375000001 0.2695328125 0.52274375 0.2687015625 0.5521281250000001 0.6679 0.5454328125
4 0.2687015625 0.5521281250000001 0.268959375 0.579678125 0.6670234374999999 0.57393125 0.666765625 0.54638125 0.2687015625 0.5521281250000001
4 0.2713703125 0.580440625 0.2712578125 0.600896875 0.6920171875000001 0.59840625 0.690903125 0.577125 0.2713703125 0.580440625
4 0.7412171875 0.63228125 0.7420953124999999 0.6037828125 0.2657171875 0.6083000000000001 0.2651421875 0.6349015625 0.7412171875 0.63228125
4 0.26602187499999996 0.6367359375 0.2650515625 0.663459375 0.7384062499999999 0.6589937499999999 0.73530625 0.632590625 0.26602187499999996 0.6367359375
4 0.74064375 0.689215625 0.74156875 0.6616046875 0.26419375 0.669728125 0.2696125 0.695296875 0.74064375 0.689215625
4 0.27723125 0.7375078125 0.2801078125 0.7471375 0.7106015625000001 0.7504187499999999 0.70985625 0.6899390624999999 0.27381875 0.6950093749999999 0.274515625 0.708309375 0.2740296875 0.721671875 0.27563125 0.7295906249999999 0.27723125 0.7375078125
4 0.2817078125 0.75505625 0.2774421875 0.7641703125 0.27799999999999997 0.7748109375000001 0.2786515625 0.7872250000000001 0.27925468750000004 0.7987515625 0.2847453125 0.809896875 0.7084578125000001 0.821603125 0.709515625 0.7513062500000001 0.2849296875 0.7486625 0.2817078125 0.75505625