0 0.10905794687499999 0.11196019583333333 0.044021528125 0.1173799 0.053776990625 0.9314190958333334 0.118813409375 0.9292512125 0.10905794687499999 0.11196019583333333
0 0.182223921875 0.1076244375 0.110683859375 0.1076244375 0.119626365625 0.9270833333333334 0.18791460625 0.9249154541666668 0.182223921875 0.1076244375
0 0.22856236874999997 0.1130441375 0.18384983125 0.11087625833333334 0.18384983125 0.9270833333333334 0.2350660125 0.9314190958333334 0.22856236874999997 0.1130441375
0 0.266771265625 0.11629595833333334 0.226936459375 0.11412807916666666 0.23018828125000002 0.9292512125 0.2814044625 0.928167275 0.266771265625 0.11629595833333334
0 0.3122967625 0.17591267916666667 0.277339684375 0.17591267916666667 0.27652673125 0.9238315125 0.3163615375 0.9249154541666668 0.3122967625 0.17591267916666667
0 0.35213156875 0.1748287375 0.31148380625 0.17266085833333333 0.31717449375 0.9249154541666668 0.352944525 0.9227475708333334 0.35213156875 0.1748287375
0 0.378959090625 0.17374479583333333 0.348879746875 0.17266085833333333 0.353757478125 0.9249154541666668 0.383836825 0.928167275 0.378959090625 0.17374479583333333
0 0.40334775 0.1748287375 0.379772046875 0.1791645 0.386275690625 0.9238315125 0.415542078125 0.928167275 0.40334775 0.1748287375
0 0.42773640625000003 0.20734694583333332 0.4090384375 0.21168270833333333 0.4187939 0.9238315125 0.437491871875 0.9259993916666667 0.42773640625000003 0.20734694583333332
0 0.466758259375 0.21276665 0.42936231874999997 0.20734694583333332 0.43505300625 0.9259993916666667 0.47326190312499994 0.9259993916666667 0.466758259375 0.21276665
0 0.50090238125 0.21168270833333333 0.469197125 0.21385059166666667 0.472448946875 0.928167275 0.515535575 0.9238315125 0.50090238125 0.21168270833333333
0 0.539111278125 0.2149345291666667 0.5098448875 0.22143817083333334 0.512283753125 0.9259993916666667 0.548053784375 0.9227475708333334 0.539111278125 0.2149345291666667
0 0.57650721875 0.21601847083333334 0.54155014375 0.2149345291666667 0.5521185625 0.9227475708333334 0.585449728125 0.9205796916666666 0.57650721875 0.21601847083333334
0 0.61227725 0.12605142083333334 0.58057199375 0.1217156625 0.585449728125 0.9249154541666668 0.6260974906250001 0.9249154541666668 0.61227725 0.12605142083333334
0 0.6488602375 0.1227996 0.6147161156250001 0.1227996 0.6228456687499999 0.9292512125 0.6643063875 0.9270833333333334 0.6488602375 0.1227996
0 0.677313671875 0.12496748333333334 0.650486146875 0.12388354166666667 0.6643063875 0.928167275 0.6951986875 0.928167275 0.677313671875 0.12496748333333334
0 0.727716896875 0.29297823333333334 0.680565490625 0.294062175 0.693572775 0.9303351541666667 0.741537134375 0.9325030333333333 0.727716896875 0.29297823333333334
0 0.7529185093749999 0.1130441375 0.728529853125 0.10979231666666665 0.742350090625 0.9303351541666667 0.76999056875 0.9292512125 0.7529185093749999 0.1130441375
0 0.79031445 0.12063172083333333 0.782184896875 0.11954777916666666 0.7496666875 0.11521202083333333 0.7691776156250001 0.9238315125 0.80657355625 0.9205796916666666 0.79031445 0.12063172083333333
0 0.8268974375000001 0.12063172083333333 0.786249675 0.1217156625 0.80657355625 0.9249154541666668 0.8447824531249999 0.9205796916666666 0.8268974375000001 0.12063172083333333
0 0.8707970218750001 0.11846384166666667 0.8268974375000001 0.12496748333333334 0.84722131875 0.9249154541666668 0.8878690812500001 0.9303351541666667 0.8707970218750001 0.11846384166666667
0 0.916322515625 0.2171024125 0.8716099749999999 0.21385059166666667 0.878926575 0.9227475708333334 0.93420753125 0.9184118125 0.916322515625 0.2171024125
0 0.951279590625 0.11196019583333333 0.9293298 0.11087625833333334 0.947214815625 0.928167275 0.9716034718750001 0.9259993916666667 0.951279590625 0.11196019583333333
0 0.9740423375 0.11954777916666666 0.9537184562500001 0.11846384166666667 0.973229384375 0.928167275 0.9919273531250001 0.9270833333333334 0.9740423375 0.11954777916666666