6 0.0537765625 0.1347234375 0.0245109375 0.13580625 0.06678437499999999 0.846871875 0.101740625 0.846871875 0.0537765625 0.1347234375
6 0.0862953125 0.1303875 0.0529640625 0.136890625 0.10417968749999999 0.8457874999999999 0.1310078125 0.846871875 0.0862953125 0.1303875
6 0.1261296875 0.136890625 0.0919859375 0.131471875 0.13425937500000001 0.8490390624999999 0.166778125 0.846871875 0.1261296875 0.136890625
6 0.1602734375 0.1347234375 0.13182031249999998 0.13580625 0.1635265625 0.8425359374999999 0.188728125 0.8436203125 0.1602734375 0.1347234375
6 0.178159375 0.136890625 0.1537703125 0.131471875 0.189540625 0.846871875 0.21230312499999998 0.8457874999999999 0.178159375 0.136890625
6 0.20986406249999998 0.13580625 0.178159375 0.13580625 0.21149062500000002 0.8490390624999999 0.235065625 0.8425359374999999 0.20986406249999998 0.13580625
6 0.23344062499999998 0.1347234375 0.21149062500000002 0.14014218750000002 0.235065625 0.8490390624999999 0.2602671875 0.8392843750000001 0.23344062499999998 0.1347234375
6 0.268396875 0.14447812499999999 0.2383171875 0.139059375 0.2586421875 0.844703125 0.2935984375 0.837115625 0.268396875 0.14447812499999999
6 0.29522499999999996 0.1412265625 0.2643328125 0.139059375 0.2862828125 0.8436203125 0.3106703125 0.8490390624999999 0.29522499999999996 0.1412265625
6 0.33099531249999997 0.139059375 0.2976640625 0.139059375 0.30823125 0.8382 0.3431890625 0.8436203125 0.33099531249999997 0.139059375
6 0.357821875 0.14014218750000002 0.33099531249999997 0.14014218750000002 0.3415625 0.84795625 0.367578125 0.8436203125 0.357821875 0.14014218750000002
6 0.391153125 0.14231093749999998 0.3635125 0.13797500000000001 0.3724546875 0.844703125 0.3976578125 0.8457874999999999 0.391153125 0.14231093749999998
6 0.4269234375 0.14339375000000001 0.3927796875 0.146646875 0.3976578125 0.844703125 0.43017500000000003 0.846871875 0.4269234375 0.14339375000000001
6 0.457815625 0.20843124999999998 0.4269234375 0.20626250000000002 0.4326140625 0.846871875 0.4659453125 0.84795625 0.457815625 0.20843124999999998
6 0.49846406249999997 0.2116828125 0.46188124999999997 0.20843124999999998 0.46431875 0.844703125 0.49765 0.8414515625 0.49846406249999997 0.2116828125
6 0.5269171874999999 0.20409531250000001 0.5000890625000001 0.2095140625 0.49358593749999996 0.8457874999999999 0.53016875 0.8457874999999999 0.5269171874999999 0.20409531250000001
6 0.5675640625 0.20517968749999999 0.5342328125 0.20843124999999998 0.535859375 0.84795625 0.568378125 0.8457874999999999 0.5675640625 0.20517968749999999
6 0.6220328125 0.1119609375 0.5732546875 0.1108765625 0.5586218749999999 0.8501234375 0.6041484374999999 0.8425359374999999 0.6220328125 0.1119609375
6 0.66430625 0.11521250000000001 0.623659375 0.11521250000000001 0.603334375 0.844703125 0.6545515625 0.8425359374999999 0.66430625 0.11521250000000001
6 0.704140625 0.043671875 0.6756875 0.0469234375 0.6512984375 0.8490390624999999 0.681378125 0.8501234375 0.704140625 0.043671875
6 0.7350328125 0.043671875 0.7106453125 0.0490921875 0.679753125 0.853375 0.7065796875 0.8457874999999999 0.7350328125 0.043671875
6 0.757796875 0.0490921875 0.7390984375 0.0545109375 0.7098312499999999 0.8490390624999999 0.725278125 0.84795625 0.757796875 0.0490921875
6 0.7846234375 0.0490921875 0.7618609375000001 0.0469234375 0.7236515625 0.84795625 0.7504796875 0.84795625 0.7846234375 0.0490921875
6 0.8049468750000001 0.2095140625 0.7797453125 0.2095140625 0.748853125 0.8490390624999999 0.77486875 0.844703125 0.8049468750000001 0.2095140625
6 0.836653125 0.21385 0.8065734375 0.21059843749999999 0.782184375 0.8436203125 0.8057609375 0.8512078125 0.836653125 0.21385
6 0.8634796874999999 0.217103125 0.8399046875 0.2192703125 0.8106390625 0.84795625 0.8350265625000001 0.844703125 0.8634796874999999 0.217103125
6 0.8959984375 0.22035468749999998 0.8683578125 0.217103125 0.8382781250000001 0.844703125 0.8594156249999999 0.84036875 0.8959984375 0.22035468749999998
6 0.9212 0.14556249999999998 0.9000640625 0.14447812499999999 0.8618546874999999 0.8436203125 0.8846171875 0.8436203125 0.9212 0.14556249999999998
6 0.9585968749999999 0.1553171875 0.93095625 0.15315 0.891934375 0.844703125 0.914696875 0.84795625 0.9585968749999999 0.1553171875
6 0.982984375 0.1509828125 0.9594093750000001 0.1498984375 0.9155093750000001 0.8425359374999999 0.9423375 0.8392843750000001 0.982984375 0.1509828125
6 0.9997484375000001 0.1515453125 0.9846109375 0.1488140625 0.9423375 0.84036875 0.9642875 0.8457874999999999 0.9997484375000001 0.1515453125