4 0.18458593750000002 0.9921921875 0.1987390625 0.9969812499999999 0.2185265625 0.99535625 0.23531093749999998 0.9859562499999999 0.08509531249999999 0.4219109375 0.0269125 0.43473281249999995 0.18458593750000002 0.9921921875
4 0.174475 0.40899374999999993 0.0884046875 0.4308296875 0.24186562500000003 0.9829734374999999 0.26232812499999997 0.987296875 0.2883640625 0.981546875 0.3254484375 0.9640437500000001 0.174475 0.40899374999999993
4 0.32842812499999996 0.9732625 0.3887703125 0.9583203125 0.229115625 0.3453234375 0.1702890625 0.35857031250000004 0.32842812499999996 0.9732625
4 0.389015625 0.9558031250000001 0.44764218749999996 0.94131875 0.28954843750000003 0.3320078125 0.23370937500000002 0.34531718749999996 0.389015625 0.9558031250000001
4 0.355925 0.32115 0.29754375 0.33311562499999997 0.4510109375 0.9367390625 0.5108046875000001 0.9238125 0.355925 0.32115
4 0.5151515625 0.92568125 0.5726765625 0.9139453124999999 0.4170265625 0.30593750000000003 0.36107187500000004 0.319771875 0.5151515625 0.92568125
4 0.47918281250000005 0.29057499999999997 0.422271875 0.30459843750000004 0.5746359375 0.91096875 0.6348484375 0.9000125000000001 0.47918281250000005 0.29057499999999997
4 0.643065625 0.8987624999999999 0.7020593749999999 0.8890828125000001 0.5587640625 0.3097 0.495996875 0.3252171875 0.643065625 0.8987624999999999
4 0.630746875 0.303896875 0.5692406250000001 0.317925 0.709471875 0.885871875 0.7626640625000001 0.8752000000000001 0.630746875 0.303896875
4 0.77453125 0.87824375 0.8484125 0.865803125 0.7091578125 0.25346875 0.6345421875 0.2734609375 0.77453125 0.87824375
4 0.853803125 0.86190625 0.9294 0.8490046875000001 0.7869328125 0.23378125 0.7134453125 0.25231875000000004 0.853803125 0.86190625
4 0.8398312499999999 0.2540015625 0.7943140625 0.2625203125 0.9295828125 0.8428265625 0.9402437499999999 0.8448734375000001 0.95225 0.84165625 0.965728125 0.840496875 0.972834375 0.836140625 0.8398312499999999 0.2540015625
4 1 0.5944015625 0.9198375000000001 0.2301125 0.844915625 0.2489609375 0.9817171874999999 0.8349875000000001 1 0.832359375 1 0.5944015625