6 0.2798578125 0.000521875 0.2660296875 0.043079687500000005 0.8353953125 0.2255109375 0.8499812500000001 0.184128125 0.2798578125 0.000521875
6 0.2658046875 0.0472828125 0.251196875 0.08873281250000001 0.8172140625000001 0.27093124999999996 0.83129375 0.231109375 0.2658046875 0.0472828125
6 0.2492109375 0.098353125 0.23948437500000003 0.138821875 0.7995625000000001 0.3182359375 0.8136390625000001 0.27842500000000003 0.2492109375 0.098353125
6 0.8037546875 0.361515625 0.8067453125 0.3488 0.8105171875 0.33719375 0.8135 0.328009375 0.23638906249999997 0.137815625 0.23130781250000002 0.14642968750000002 0.2262265625 0.1550453125 0.22248281250000002 0.17008281249999999 0.22409531249999998 0.1791609375 0.80174375 0.36770625 0.8037546875 0.361515625
6 0.789225 0.41325625 0.793221875 0.39744531250000004 0.79520625 0.3878234375 0.8007265625000001 0.37434375000000003 0.2199671875 0.17782031250000002 0.22052343749999997 0.1831328125 0.21284999999999998 0.1891953125 0.2052546875 0.20554687500000002 0.20457968750000002 0.21815937500000002 0.78515 0.418775 0.789225 0.41325625
6 0.2075015625 0.23023125000000003 0.19568593750000002 0.2665984375 0.7486453125 0.4573875 0.762484375 0.42181562499999997 0.2075015625 0.23023125000000003
6 0.196215625 0.26848125 0.1836171875 0.3037390625 0.7360484375 0.4926453125 0.7475953125 0.46061874999999997 0.196215625 0.26848125
6 0.1782328125 0.3062671875 0.17323125 0.3251734375 0.6998875 0.5091265625 0.7081640625000001 0.4871671875 0.1782328125 0.3062671875
6 0.1704125 0.3268234375 0.1633734375 0.348490625 0.6941312500000001 0.5303546875 0.7014 0.511496875 0.1704125 0.3268234375
6 0.16496093750000002 0.3541390625 0.156690625 0.383103125 0.7073343750000001 0.5739953125 0.7168359375 0.54475 0.16496093750000002 0.3541390625
6 0.155684375 0.3861984375 0.14638125 0.414828125 0.6960203125 0.608815625 0.705071875 0.5809593750000001 0.155684375 0.3861984375
6 0.10981250000000001 0.4115015625 0.09640937499999999 0.44222031250000005 0.7673421874999999 0.6807515625 0.7788765625 0.6487640625 0.10981250000000001 0.4115015625
6 0.1039109375 0.447225 0.099359375 0.457721875 0.6296406250000001 0.6445640625 0.6331015625 0.6339140624999999 0.1039109375 0.447225
6 0.1135546875 0.463190625 0.1102859375 0.4732484375 0.6766875 0.6718265625 0.6778578125 0.664715625 0.1135546875 0.463190625
6 0.1087515625 0.47446093749999996 0.10908124999999999 0.483978125 0.6700984375 0.685084375 0.671553125 0.67358125 0.1087515625 0.47446093749999996
6 0.102690625 0.48960156250000003 0.0968828125 0.5039687500000001 0.7373859375 0.734321875 0.744665625 0.7189390625 0.102690625 0.48960156250000003
6 0.7308234375 0.7510109375 0.7350578125 0.7414875000000001 0.09643281249999999 0.5123765625 0.095175 0.5162453124999999 0.0901203125 0.528290625 0.7272765625 0.7584125 0.7308234375 0.7510109375
6 0.0919328125 0.529734375 0.0862296875 0.5578234375 0.574228125 0.7343484375 0.5824578125000001 0.7090171875 0.0919328125 0.529734375
6 0.079309375 0.5615625 0.0725734375 0.589315625 0.56391875 0.7660734375 0.5723984375 0.7399765625 0.079309375 0.5615625
6 0.0664875 0.6010265625 0.060757812499999994 0.625684375 0.5534125000000001 0.8054328125 0.5605796875 0.776353125 0.0664875 0.6010265625
6 0.579925 0.8397109374999999 0.5822140625000001 0.836178125 0.58296875 0.83385625 0.5854828125 0.82611875 0.5886765625 0.8162874999999999 0.0643828125 0.628571875 0.05940625000000001 0.650909375 0.579925 0.8397109374999999
6 0.55223125 0.88631875 0.5660609375 0.854290625 0.0374171875 0.669428125 0.033315625 0.6715171875 0.024740625 0.6943953125 0.02683125 0.698496875 0.55223125 0.88631875
6 0.009046875 0.7286484375 0.008596875 0.73705625 0.5386546875 0.928103125 0.5454421875000001 0.9072109375 0.5504171875 0.8954140625000001 0.019434375 0.7072140625000001 0.01281875 0.717040625 0.009046875 0.7286484375