0 0.118813409375 0.12821930416666666 0.074913828125 0.12821930416666666 0.100115440625 0.9270833333333334 0.131007740625 0.9184118125 0.118813409375 0.12821930416666666
0 0.16271299374999998 0.13472294583333333 0.12287818749999999 0.1325550625 0.131007740625 0.9303351541666667 0.1773461875 0.9205796916666666 0.16271299374999998 0.13472294583333333
0 0.21555508437499998 0.075106225 0.166777771875 0.06860258333333333 0.1773461875 0.9249154541666668 0.21880690625 0.9184118125 0.21555508437499998 0.075106225
0 0.261893534375 0.18675208333333335 0.226936459375 0.1878360208333333 0.22531055000000003 0.871802375 0.252951028125 0.8739702583333333 0.261893534375 0.18675208333333335
0 0.30416720937499997 0.2279418125 0.25376398437500003 0.232277575 0.252951028125 0.9216636333333333 0.30010243124999997 0.9184118125 0.30416720937499997 0.2279418125
0 0.33912428437500003 0.2561242625 0.29847652187499996 0.2561242625 0.2952247 0.9259993916666667 0.33993724062499997 0.9249154541666668 0.33912428437500003 0.2561242625
0 0.36757771875 0.17266085833333333 0.34237610625000003 0.1748287375 0.34075019375000004 0.91949575 0.3626999875 0.9249154541666668 0.36757771875 0.17266085833333333
0 0.400908884375 0.17049297500000002 0.39847001875 0.16832509583333335 0.37164249374999997 0.17157691666666666 0.353757478125 0.928167275 0.396031153125 0.9249154541666668 0.400908884375 0.17049297500000002
0 0.4285493625 0.1824163208333333 0.40172184062499994 0.17699661666666666 0.394405240625 0.9238315125 0.425297540625 0.9216636333333333 0.4285493625 0.1824163208333333
0 0.466758259375 0.1466462875 0.42773640625000003 0.13797476666666667 0.42367163124999996 0.9270833333333334 0.45862870625 0.9216636333333333 0.466758259375 0.1466462875
0 0.503341246875 0.1325550625 0.46431939375000003 0.13905870833333334 0.46025461874999996 0.9259993916666667 0.493585784375 0.9205796916666666 0.503341246875 0.1325550625
0 0.5244780812500001 0.1412265875 0.49602465 0.13580688333333332 0.48870804999999995 0.9249154541666668 0.5212262625 0.9249154541666668 0.5244780812500001 0.1412265875
0 0.558622203125 0.14773022916666667 0.5301687687500001 0.1433944666666667 0.522039215625 0.9216636333333333 0.5545574281250001 0.9205796916666666 0.558622203125 0.14773022916666667
0 0.593579278125 0.14447840833333334 0.562686978125 0.14556235 0.557809246875 0.9238315125 0.585449728125 0.9216636333333333 0.593579278125 0.14447840833333334
0 0.639917728125 0.2756351875 0.58788859375 0.27129942916666666 0.584636771875 0.9227475708333334 0.630975221875 0.9216636333333333 0.639917728125 0.2756351875
0 0.6626804749999999 0.2572082041666667 0.629349309375 0.25829214166666664 0.6326011312500001 0.9216636333333333 0.661867521875 0.9184118125 0.6626804749999999 0.2572082041666667
0 0.6919468656250001 0.26046002500000004 0.665932296875 0.2561242625 0.661867521875 0.9238315125 0.687069134375 0.9184118125 0.6919468656250001 0.26046002500000004
0 0.70983188125 0.26046002500000004 0.6919468656250001 0.2647957875 0.687069134375 0.9173278708333333 0.7130837031249999 0.9151599874999999 0.70983188125 0.26046002500000004
0 0.743163046875 0.23986515833333336 0.7163355218749999 0.23661333750000002 0.71552256875 0.9173278708333333 0.742350090625 0.91407605 0.743163046875 0.23986515833333336
0 0.7756812562500001 0.23552939583333332 0.738285315625 0.23552939583333332 0.731781671875 0.9184118125 0.76999056875 0.9129921083333333 0.7756812562500001 0.23552939583333332
0 0.8228326625 0.2463688 0.772429434375 0.2409491 0.7716164812499999 0.9184118125 0.819580840625 0.9162439291666666 0.8228326625 0.2463688
0 0.835839946875 0.036084374999999995 0.8187678843749999 0.036084374999999995 0.8203937968749999 0.91949575 0.83746585625 0.9173278708333333 0.835839946875 0.036084374999999995
0 0.85860269375 0.042588016666666666 0.835839946875 0.040420137499999995 0.8382788124999999 0.9151599874999999 0.8488472281250001 0.9119081666666666 0.85860269375 0.042588016666666666
0 0.87404884375 0.14773022916666667 0.850473140625 0.14881417083333334 0.8480342750000001 0.9151599874999999 0.87242293125 0.91407605 0.87404884375 0.14773022916666667
0 0.9016893218750001 0.24203303750000002 0.87404884375 0.24203303750000002 0.869984065625 0.9108242291666666 0.896811590625 0.9097402875 0.9016893218750001 0.24203303750000002
0 0.932581621875 0.8349484041666667 0.942337084375 0.15314992916666667 0.93420753125 0.14881417083333334 0.900063409375 0.1466462875 0.8976245437499999 0.91407605 0.935833440625 0.9108242291666666 0.932581621875 0.8349484041666667
0 0.9748552937499999 0.15748569166666665 0.941524128125 0.15748569166666665 0.937459353125 0.9075724083333333 0.9683516531249999 0.9086563458333334 0.9748552937499999 0.15748569166666665
0 0.999747984375 0.24831989166666668 0.972416428125 0.2463688 0.97566825 0.9075724083333333 0.9959921312500001 0.9097402875 0.999747984375 0.24831989166666668