0 0.1296446625 0.0470979625 0.093569625 0.04910213333333333 0.07628366875 0.9950697458333334 0.11386183125 0.9910614083333333 0.1296446625 0.0470979625
0 0.177744709375 0.0440917125 0.14016654687500002 0.04509379583333333 0.11987433750000001 0.9940676624999999 0.1574525 0.9930655749999999 0.177744709375 0.0440917125
0 0.22133537812499998 0.0521083875 0.18826659375000002 0.05411255416666667 0.17173220312499998 0.9970739125 0.20104316875 0.998076 0.22133537812499998 0.0521083875
0 0.259665103125 0.0511063 0.228099446875 0.0521083875 0.208558803125 0.9960718291666667 0.23937289687500002 0.9930655749999999 0.259665103125 0.0511063
0 0.28672138125 0.06814173333333334 0.265677609375 0.06914382083333333 0.246136965625 0.9940676624999999 0.273193240625 0.9940676624999999 0.28672138125 0.06814173333333334
0 0.310771403125 0.17235850416666668 0.291230759375 0.17336059166666665 0.280708875 0.9960718291666667 0.29874639375 0.9950697458333334 0.310771403125 0.17235850416666668
0 0.33707611875 0.17336059166666665 0.320541728125 0.17336059166666665 0.3047589 0.9960718291666667 0.322796415625 0.9940676624999999 0.33707611875 0.17336059166666665
0 0.365635521875 0.35874619166666666 0.3423370625 0.35874619166666666 0.3310636125 0.9930655749999999 0.36037457812499996 0.9930655749999999 0.365635521875 0.35874619166666666
0 0.39644961562500003 0.05311047083333333 0.37615740625 0.05311047083333333 0.366387084375 0.9940676624999999 0.38893398125 0.9960718291666667 0.39644961562500003 0.05311047083333333
0 0.45882936562500004 0.027056279166666666 0.40621993749999996 0.029060445833333334 0.39795274062499997 0.9930655749999999 0.452065296875 0.9920634916666666 0.45882936562500004 0.027056279166666666
0 0.567054471875 0.9920634916666666 0.5693091625 0.029060445833333334 0.527973184375 0.0280583625 0.47085437812500003 0.022045854166666667 0.458077803125 0.9940676624999999 0.51219035625 0.9940676624999999 0.567054471875 0.9920634916666666
0 0.61289983125 0.1463043125 0.59862013125 0.1463043125 0.57983105 0.14730639583333333 0.57532166875 0.9970739125 0.609142015625 0.9970739125 0.61289983125 0.1463043125
0 0.64972643125 0.9930655749999999 0.658745190625 0.14931056666666667 0.63845298125 0.14931056666666667 0.620415465625 0.14931056666666667 0.616657646875 0.9940676624999999 0.627931096875 0.9940676624999999 0.64972643125 0.9930655749999999
0 0.697074915625 0.123256375 0.6625030062499999 0.12125220416666667 0.658745190625 0.9970739125 0.691813971875 0.9940676624999999 0.697074915625 0.123256375
0 0.742168709375 0.12425845833333334 0.7053421125 0.12225428749999999 0.69857804375 0.9970739125 0.73841089375 0.9940676624999999 0.742168709375 0.12425845833333334
0 0.7820015625 0.2976190458333334 0.747429653125 0.2976190458333334 0.745926528125 0.9950697458333334 0.7797468750000001 0.9950697458333334 0.7820015625 0.2976190458333334
0 0.8218344156249999 0.3006253 0.78801406875 0.30262947083333336 0.78651094375 0.9970739125 0.820331290625 0.9950697458333334 0.8218344156249999 0.3006253
0 0.845132875 0.1613355791666667 0.8278469218750001 0.1613355791666667 0.8270953593750001 0.9950697458333334 0.845884440625 0.9940676624999999 0.845132875 0.1613355791666667
0 0.8932329250000001 0.23348565 0.88797198125 0.07615840833333333 0.8511453812499999 0.07816257916666666 0.852648509375 0.9940676624999999 0.8932329250000001 0.9950697458333334 0.8932329250000001 0.23348565
0 0.922543890625 0.2134439625 0.89924543125 0.2134439625 0.9007485562499999 0.9940676624999999 0.9247985812499999 0.9920634916666666 0.922543890625 0.2134439625
0 0.972898628125 0.08116882916666666 0.9293079593750001 0.083173 0.9293079593750001 0.9960718291666667 0.9819173875 0.9950697458333334 0.972898628125 0.08116882916666666
0 0.9961970906250001 0.1623376625 0.9819173875 0.1623376625 0.9894330218749999 0.9940676624999999 0.997700215625 0.9940676624999999 0.9961970906250001 0.1623376625