6 0.0594671875 0.1574859375 0.015568750000000001 0.15423437499999998 0.044021875 0.9270828124999999 0.077353125 0.924915625 0.0594671875 0.1574859375
6 0.0765390625 0.9259999999999999 0.0976765625 0.9259999999999999 0.0919859375 0.15423437499999998 0.056215625000000005 0.1553171875 0.0765390625 0.9259999999999999
6 0.1391375 0.167240625 0.100928125 0.15640156249999998 0.0984890625 0.9368390625 0.1423890625 0.9400906250000001 0.1391375 0.167240625
6 0.138325 0.9303343749999999 0.1805984375 0.941175 0.1871015625 0.17808125 0.1415765625 0.1715765625 0.138325 0.9303343749999999
6 0.245634375 0.24636874999999997 0.1846625 0.2355296875 0.178971875 0.9444265625 0.2326265625 0.9541812500000001 0.245634375 0.24636874999999997
6 0.23750468749999998 0.9465937500000001 0.2822171875 0.9530984374999999 0.29685 0.2886421875 0.24075625 0.2832234375 0.23750468749999998 0.9465937500000001
6 0.333434375 0.1943390625 0.300915625 0.1867515625 0.2814046875 0.9520140625 0.31880000000000003 0.9541812500000001 0.333434375 0.1943390625
6 0.3155484375 0.9574343750000001 0.36188750000000003 0.9596015625 0.38871406249999996 0.15423437499999998 0.339125 0.152065625 0.3155484375 0.9574343750000001
6 0.4326140625 0.27238281249999996 0.38708906249999997 0.255040625 0.36188750000000003 0.962853125 0.40334843749999993 0.96935625 0.4326140625 0.27238281249999996
6 0.40172187499999995 0.9661046875 0.44887343749999997 0.972609375 0.49602500000000005 0.9661046875 0.5334203125 0.168325 0.4838296875 0.159653125 0.474075 0.27780312500000004 0.44155625 0.970440625 0.40172187499999995 0.9661046875
6 0.4943984375 0.9769453125 0.539925 0.978028125 0.5813843750000001 0.1759125 0.5334203125 0.17049375 0.4943984375 0.9769453125
6 0.6155296875 0.2983984375 0.579759375 0.286475 0.546428125 0.9812796875 0.5830109375 0.985615625 0.6155296875 0.2983984375
6 0.5821984375 0.9812796875 0.61959375 0.985615625 0.668371875 0.14772968749999998 0.635040625 0.14447812499999999 0.5821984375 0.9812796875
6 0.704140625 0.152065625 0.6667453125 0.152065625 0.6220328125 0.9910359375000001 0.6504859374999999 0.9942875000000001 0.704140625 0.152065625
6 0.6602421875 0.9769453125 0.704140625 0.985615625 0.7626734374999999 0.190003125 0.713896875 0.1878359375 0.6602421875 0.9769453125
6 0.8415312500000001 0.192171875 0.7626734374999999 0.18566875 0.714709375 0.9942875000000001 0.7740546875 0.9899515624999999 0.8415312500000001 0.192171875
6 0.77486875 0.9921203125 0.8439687499999999 0.9964562499999999 0.913884375 0.19759218750000002 0.8390921875 0.1943390625 0.77486875 0.9921203125
6 0.9724171875 0.338503125 0.9057546875 0.33416718749999996 0.84148125 0.9996640625 0.90070625 0.9996640625 0.9724171875 0.338503125
6 0.9997484375000001 0.337365625 0.970790625 0.33742031250000004 0.9025015625 0.993203125 0.958165625 0.9996640625 0.9997484375000001 0.62365625 0.9997484375000001 0.337365625