4 0.11592499999999999 0.174134375 0.114740625 0.2185296875 0.7043640625 0.20343593750000002 0.7063203125 0.151721875 0.11592499999999999 0.174134375
4 0.7019968750000001 0.25937343749999997 0.7019968750000001 0.212315625 0.114740625 0.2318484375 0.11592499999999999 0.2735796875 0.7019968750000001 0.25937343749999997
4 0.11829218749999999 0.27624375 0.11592499999999999 0.32330312499999997 0.6866046875 0.3197515625 0.688971875 0.26647656249999996 0.11829218749999999 0.27624375
4 0.6866046875 0.3756890625 0.6866046875 0.324190625 0.11592499999999999 0.3277421875 0.11777968750000001 0.378284375 0.6866046875 0.3756890625
4 0.11710781249999999 0.3810171875 0.114740625 0.405878125 0.68158125 0.41148749999999995 0.680684375 0.377465625 0.11710781249999999 0.3810171875
4 0.680684375 0.4440578125 0.680684375 0.4147578125 0.114740625 0.41120625000000005 0.115175 0.43980781249999995 0.680684375 0.4440578125
4 0.1111890625 0.44317031250000005 0.114740625 0.48845312500000004 0.680684375 0.49466875000000005 0.680684375 0.445834375 0.1111890625 0.44317031250000005
4 0.11355625 0.489340625 0.1111890625 0.534625 0.6795 0.5461671875 0.6795 0.49555625000000003 0.11355625 0.489340625
4 0.6771328125 0.5683640624999999 0.6783171875 0.5461671875 0.11237187500000001 0.5381765625 0.1125703125 0.5609015625 0.6771328125 0.5683640624999999
4 0.1100046875 0.5630375 0.1076359375 0.583459375 0.6789765625 0.59508125 0.6783171875 0.570140625 0.1100046875 0.5630375
4 0.7173875 0.6482765625 0.71975625 0.6003296875 0.104084375 0.5887859375 0.1073625 0.6302375 0.7173875 0.6482765625
4 0.106453125 0.63229375 0.10882031249999999 0.67225 0.7180390625 0.69664375 0.7185718750000001 0.6509390625 0.106453125 0.63229375
4 0.6759484375 0.7264109375000001 0.6759484375 0.6953343750000001 0.11355625 0.6731374999999999 0.114740625 0.7042140625 0.6759484375 0.7264109375000001
4 0.680684375 0.76991875 0.68186875 0.7273 0.114740625 0.71398125 0.11592499999999999 0.7530484375000001 0.680684375 0.76991875
4 0.0993484375 0.76991875 0.10053281249999999 0.82496875 0.7327796875 0.8365125000000001 0.7323625 0.78258125 0.0993484375 0.76991875
4 0.6795 0.8880109375 0.6795 0.8445031249999999 0.0993484375 0.8329609375 0.1008515625 0.872425 0.6795 0.8880109375
4 0.1017171875 0.8755796874999999 0.104084375 0.9190875000000001 0.6802796875 0.932971875 0.6783171875 0.8888984375 0.1017171875 0.8755796874999999