6 0.1301484375 0.7985125 0.1568703125 0.7955984375 0.0681453125 0.3976765625 0.041681249999999996 0.40186875000000005 0.1301484375 0.7985125
6 0.1603484375 0.7957062500000001 0.18425156250000002 0.7906015625 0.0940796875 0.3929109375 0.0709984375 0.396565625 0.069490625 0.39680468750000003 0.1603484375 0.7957062500000001
6 0.19069687500000002 0.787603125 0.21277343750000002 0.7834484374999999 0.133859375 0.41627187499999996 0.109340625 0.42015624999999995 0.19069687500000002 0.787603125
6 0.21556406250000001 0.782346875 0.2391890625 0.7786046875 0.162409375 0.412409375 0.1382 0.415584375 0.136446875 0.413884375 0.21556406250000001 0.782346875
6 0.241525 0.780871875 0.26505 0.7764859375000001 0.18589843749999999 0.39221093749999997 0.1591578125 0.39446875000000003 0.1598625 0.396334375 0.241525 0.780871875
6 0.2662921875 0.7749718750000001 0.2907796875 0.770434375 0.21059062499999998 0.388959375 0.187434375 0.39196718750000004 0.2662921875 0.7749718750000001
6 0.292634375 0.7727765625 0.3160546875 0.7677484375 0.24210625000000002 0.38198906250000003 0.21637187500000002 0.387384375 0.292634375 0.7727765625
6 0.33166093750000003 0.7633 0.3421390625 0.757684375 0.2707578125 0.37877031250000004 0.24520625 0.38215781249999997 0.318059375 0.7647953125 0.33166093750000003 0.7633
6 0.3482515625 0.749465625 0.38266093749999996 0.7420390625 0.3230109375 0.427840625 0.2862015625 0.43498906249999997 0.3482515625 0.749465625
6 0.384615625 0.7384328124999999 0.420675 0.7320625 0.3615359375 0.42107968749999997 0.3260265625 0.4273625 0.384615625 0.7384328124999999
6 0.35008125 0.355 0.4237515625 0.742121875 0.42753281249999997 0.744159375 0.43603593749999997 0.744790625 0.445678125 0.7432640625 0.45250312499999995 0.7395453125 0.381978125 0.3473125 0.350334375 0.35298281249999997 0.35008125 0.355
6 0.3963671875 0.34767031249999997 0.3858453125 0.34933593749999997 0.4548875 0.7358718750000001 0.458465625 0.7366234375 0.4664859375 0.73733125 0.477575 0.735575 0.4834359375 0.732009375 0.4171 0.3443859375 0.4132421875 0.344996875 0.3963671875 0.34767031249999997
6 0.45 0.3648828125 0.44025625 0.365765625 0.4315765625 0.367140625 0.4244390625 0.36827187499999997 0.4849578125 0.7291328125 0.493078125 0.7304828125 0.5012749999999999 0.729184375 0.5107140625000001 0.726371875 0.5166765625 0.7234499999999999 0.45751093750000005 0.3623734375 0.45 0.3648828125
6 0.5491578125000001 0.716328125 0.49260624999999997 0.35615625 0.48923125 0.35669062500000004 0.4795890625 0.35821875 0.47014843749999996 0.36103125 0.4607859375 0.3605375 0.518375 0.7185671874999999 0.5224624999999999 0.7225328125 0.5310671874999999 0.72380625 0.5369546875 0.7235343750000001 0.5442609375 0.7197390625 0.5491578125000001 0.716328125
6 0.5541140625 0.7254296874999999 0.5740859375 0.723584375 0.52401875 0.388753125 0.5034468750000001 0.3926703125 0.5541140625 0.7254296874999999
6 0.5744671875 0.7228656250000001 0.594615625 0.719015625 0.5452343749999999 0.38539375 0.5260125 0.3884375 0.5744671875 0.7228656250000001
6 0.5946890625 0.7163671875000001 0.6184171875 0.7132671875 0.567740625 0.327778125 0.5437031250000001 0.331584375 0.5946890625 0.7163671875000001
6 0.6195578125 0.711109375 0.6426265625 0.7100921875 0.5943609375000001 0.3242203125 0.5714203125 0.329171875 0.5730296874999999 0.34869218750000003 0.6195578125 0.711109375
6 0.6453156250000001 0.7083484375 0.6646015625 0.7052937499999999 0.622365625 0.348128125 0.6007515625 0.35155156249999997 0.6453156250000001 0.7083484375
6 0.6690421875 0.70525 0.690359375 0.7025328125 0.64791875 0.34408125 0.6267953125 0.34742656250000004 0.6690421875 0.70525
6 0.699703125 0.7115984375 0.7151046875 0.7058640625 0.672978125 0.31506406249999996 0.65744375 0.31620625 0.699703125 0.7115984375
6 0.7142359375 0.6941359375 0.7224328125 0.6928390624999999 0.6832796875 0.3114546875 0.6720140625 0.31455781250000003 0.7142359375 0.6941359375
6 0.7290062500000001 0.693775 0.7471234375 0.6895875 0.714896875 0.35192968750000003 0.693028125 0.3567109375 0.7290062500000001 0.693775
6 0.7509812499999999 0.6889765625 0.77044375 0.683915625 0.7373546875 0.3470546875 0.7176984375 0.3501671875 0.7509812499999999 0.6889765625
6 0.775190625 0.6858 0.7940968749999999 0.683465625 0.766528125 0.3252953125 0.74533125 0.32799375 0.775190625 0.6858
6 0.7972671874999999 0.6816453124999999 0.8164515625 0.6779468750000001 0.7894671875 0.32034375000000004 0.76865625 0.322321875 0.7972671874999999 0.6816453124999999