0 0.09523770937500001 0.10654049583333333 0.0033737656249999996 0.108708375 0.007438540624999999 0.9910358125 0.110683859375 0.9964555166666667 0.09523770937500001 0.10654049583333333
0 0.10661908125 0.9867000499999999 0.205799621875 0.9932036958333333 0.202547803125 0.002482225 0.10092839375 0.006817983333333334 0.10661908125 0.9867000499999999
0 0.23994374375 0.010069804166666666 0.19767006874999998 0.006817983333333334 0.20336075625 0.9964555166666667 0.24798387187499998 0.9996639791666666 0.23994374375 0.010069804166666666
0 0.24563443125 0.9964555166666667 0.28628219375 0.9910358125 0.27977854999999996 0.006817983333333334 0.23750487812499999 0.004650104166666667 0.24563443125 0.9964555166666667
0 0.337498375 0.002482225 0.27490081875 0.004650104166666667 0.278965596875 0.995371575 0.345627928125 0.9975394541666667 0.337498375 0.002482225
0 0.3431890625 0.9964555166666667 0.40822548125 0.9942876333333334 0.400908884375 0.006817983333333334 0.3318076875 0.005734045833333334 0.3431890625 0.9964555166666667
0 0.457002796875 0.008985866666666667 0.39847001875 0.013321625 0.40741252499999997 0.9942876333333334 0.469002015625 0.9993279583333333 0.457002796875 0.008985866666666667
0 0.46431939375000003 0.9910358125 0.530981725 0.9932036958333333 0.52691695 0.006817983333333334 0.46431939375000003 0.005734045833333334 0.46431939375000003 0.9910358125
0 0.592766325 0.008985866666666667 0.522852171875 0.0013982833333333333 0.5252910375 0.9899518749999999 0.593579278125 0.9888679333333333 0.592766325 0.008985866666666667
0 0.5960181437500001 0.9888679333333333 0.69845050625 0.995371575 0.693572775 0.007901925 0.589514503125 0.0035661624999999996 0.5960181437500001 0.9888679333333333
0 0.76023510625 0.006817983333333334 0.696824596875 0.004650104166666667 0.6992634625 0.995371575 0.76083669375 0.9996639791666666 0.76023510625 0.006817983333333334
0 0.758609196875 0.9975394541666667 0.8228326625 0.995371575 0.8285233468750001 0.0013982833333333333 0.755357375 0.005734045833333334 0.758609196875 0.9975394541666667
0 0.894372725 0.005734045833333334 0.82771039375 0.0122376875 0.8228326625 0.9975394541666667 0.88217839375 0.995371575 0.894372725 0.005734045833333334
0 0.8797395281249999 0.995371575 0.9520925468750001 0.9975394541666667 0.95534436875 0.010069804166666666 0.894372725 0.007901925 0.8797395281249999 0.995371575
0 0.997618040625 0.008985866666666667 0.95534436875 0.011153745833333334 0.9431500406250001 0.9932036958333333 0.998430996875 0.995371575 0.997618040625 0.008985866666666667