5 0.18570285625 0.24739583333333334 0.119107565625 0.24739583333333334 0.158854046875 0.8995225708333333 0.21906046875000001 0.8951822916666666 0.18570285625 0.24739583333333334
5 0.25648608125 0.24848090416666666 0.188280740625 0.24848090416666666 0.22312846875 0.8951822916666666 0.282521290625 0.8930121541666666 0.25648608125 0.24848090416666666
5 0.32482850625 0.2604166666666667 0.25826772187499997 0.2615017375 0.28658929375 0.8962673624999999 0.345982115625 0.8919270833333334 0.32482850625 0.2604166666666667
5 0.39479813125 0.2593315958333334 0.327440896875 0.2615017375 0.350050115625 0.8951822916666666 0.4102565375 0.8930121541666666 0.39479813125 0.2593315958333334
5 0.43141014687499996 0.302734375 0.40231069062499997 0.30381944583333337 0.414324540625 0.8930121541666666 0.44280055 0.8919270833333334 0.43141014687499996 0.302734375
5 0.46314055625000006 0.3049045125 0.43486277187500005 0.3059895833333333 0.44524135 0.8930121541666666 0.472903759375 0.8919270833333334 0.46314055625000006 0.3049045125
5 0.504634171875 0.3125 0.46802215937499997 0.3125 0.4761581625 0.8821614583333334 0.508702171875 0.8832465291666666 0.504634171875 0.3125
5 0.56077259375 0.8908420125000001 0.56077259375 0.3049045125 0.512173971875 0.3059895833333333 0.5135837750000001 0.8843315958333334 0.515210975 0.8875868041666667 0.56077259375 0.8908420125000001
5 0.6087750093750001 0.8908420125000001 0.6185382125000001 0.30381944583333337 0.569140115625 0.30381944583333337 0.56565419375 0.8832465291666666 0.568908596875 0.8875868041666667 0.6087750093750001 0.8908420125000001
5 0.671422234375 0.302734375 0.620979015625 0.30381944583333337 0.607961409375 0.8897569458333333 0.655150228125 0.8908420125000001 0.671422234375 0.302734375
5 0.747202684375 0.2994791666666667 0.678189596875 0.3005642375 0.661774653125 0.8919270833333334 0.721981075 0.8897569458333333 0.747202684375 0.2994791666666667
5 0.820426709375 0.29296875 0.7530593875 0.29296875 0.7293034781250001 0.8875868041666667 0.7919507 0.8865017374999999 0.820426709375 0.29296875
5 0.9131771437499999 0.2332899291666667 0.8409500124999999 0.23111979166666666 0.8025275031250001 0.8919270833333334 0.8676155281250001 0.8951822916666666 0.9131771437499999 0.2332899291666667
5 0.986401171875 0.2322048625 0.9164315468750001 0.23003472083333334 0.87412433125 0.8919270833333334 0.938398753125 0.8908420125000001 0.986401171875 0.2322048625