4 0.07427500000000001 0.6965 0.1123046875 0.706628125 0.2142578125 0.127928125 0.17529375 0.11847343749999999 0.07427500000000001 0.6965
4 0.21513749999999998 0.1280515625 0.1149421875 0.7069984375 0.1529796875 0.7122921875 0.251571875 0.136759375 0.21513749999999998 0.1280515625
4 0.29097343750000004 0.14349218749999998 0.25541874999999997 0.134909375 0.156103125 0.713978125 0.19419999999999998 0.720715625 0.29097343750000004 0.14349218749999998
4 0.1944609375 0.7217609375 0.22402656250000003 0.7283078125 0.3270625 0.15426718749999999 0.2985578125 0.14695 0.1944609375 0.7217609375
4 0.36686562500000003 0.16491875 0.3295515625 0.15608906250000001 0.2277078125 0.7276281250000001 0.26002187499999996 0.7365406250000001 0.36686562500000003 0.16491875
4 0.2611203125 0.732325 0.3014015625 0.73918125 0.40467343749999996 0.1702328125 0.3682390625 0.161525 0.2611203125 0.732325
4 0.40242187500000004 0.173503125 0.30035781250000004 0.7402296875000001 0.3412546875 0.7479578124999999 0.43830625 0.17974218749999998 0.4349546875 0.178075 0.40242187500000004 0.173503125
4 0.3534984375 0.7512859375 0.4059234375 0.7610453125000001 0.4916125 0.189625 0.4399 0.1811625 0.3534984375 0.7512859375
4 0.5491484375 0.20129843749999998 0.49776718750000004 0.190490625 0.409496875 0.767525 0.46313125 0.7750625 0.5491484375 0.20129843749999998
4 0.46104375 0.7771609374999999 0.4909390625 0.7813625 0.5831640625000001 0.19531875 0.551840625 0.188525 0.46104375 0.7771609374999999
4 0.6111359375000001 0.2004453125 0.5833296875 0.1941453125 0.494290625 0.7830296875 0.5203390625 0.78908125 0.6111359375000001 0.2004453125
4 0.67208125 0.21977031249999998 0.6138296875 0.2068015625 0.5256140625 0.789821875 0.5400671874999999 0.795440625 0.5595765625 0.7969875 0.5895484375 0.79863125 0.67208125 0.21977031249999998
4 0.5935374999999999 0.8041515625000001 0.65530625 0.8176140625 0.7341953125 0.23252343749999999 0.6792796875 0.2195875 0.5935374999999999 0.8041515625000001
4 0.7752296875 0.245028125 0.73780625 0.24335625 0.706684375 0.8282421875000001 0.7498828125 0.8273187500000001 0.7752296875 0.245028125
4 0.805125 0.24922968750000002 0.7822640625 0.24601718749999998 0.7555984375 0.8376875 0.7822953125 0.8375546875 0.805125 0.24922968750000002
4 0.7860421875 0.8443578125 0.8114859375 0.8419546875 0.8388796875000001 0.2524953125 0.8130390625 0.2503421875 0.7860421875 0.8443578125
4 0.81808125 0.852446875 0.8704515625000001 0.8562203125 0.8926125 0.256103125 0.8476593749999999 0.252815625 0.81808125 0.852446875
4 0.9482250000000001 0.2645578125 0.9021734374999999 0.260478125 0.871771875 0.8659703125 0.9269921875 0.8605203124999999 0.9482250000000001 0.2645578125