5 0.070189990625 0.8914141388888889 0.07303019375 0.8905723888888889 0.10521918125 0.21464646666666667 0.100012140625 0.2121212111111111 0.09101815937499999 0.2121212111111111 0.088711825 0.2138047111111111 0.048888456250000004 0.8905723888888889 0.050308556250000004 0.8914141388888889 0.070189990625 0.8914141388888889
5 0.097171934375 0.8914141388888889 0.101905609375 0.8905723888888889 0.13267449375 0.21801346666666666 0.12794081875000002 0.21548821666666665 0.120366940625 0.21548821666666665 0.113806521875 0.21632996666666668 0.076343765625 0.8905723888888889 0.085811115625 0.8914141388888889 0.097171934375 0.8914141388888889
5 0.16865041875 0.2634680111111111 0.16154990625 0.2609427611111111 0.151609190625 0.2617845111111111 0.14553000625 0.26262626111111115 0.11515989687499999 0.8872053888888889 0.14119510625 0.8872053888888889 0.16865041875 0.2634680111111111
5 0.202732875 0.23148148333333332 0.197525834375 0.2289562277777778 0.17480419687499998 0.22727272777777777 0.172045159375 0.2289562277777778 0.16628358125 0.8888888888888888 0.19610573125 0.8846801333333333 0.202732875 0.23148148333333332
5 0.2363419625 0.2095959611111111 0.20376864375 0.20791245555555554 0.197052465625 0.8905723888888889 0.23066155312499997 0.888047138888889 0.2363419625 0.2095959611111111
5 0.272317890625 0.8846801333333333 0.274211359375 0.25757575555555556 0.26900431875 0.25505050555555553 0.243067884375 0.25589225555555556 0.23965553750000002 0.8888888888888888 0.27042441875 0.8863636388888889 0.272317890625 0.8846801333333333
5 0.29693299687499997 0.2592592611111111 0.2803651375 0.2592592611111111 0.27621182499999997 0.26262626111111115 0.27799830000000003 0.888047138888889 0.299773203125 0.8846801333333333 0.29693299687499997 0.2592592611111111
5 0.3319621875 0.8888888888888888 0.32533504375 0.24326599444444444 0.32533504375 0.2398989888888889 0.30024656875 0.24074073888888892 0.297045159375 0.24242424444444444 0.30024656875 0.8922558944444445 0.32722851249999996 0.8922558944444445 0.3319621875 0.8888888888888888
5 0.420081790625 0.8897306388888888 0.420555159375 0.16498316666666668 0.397833521875 0.1616161611111111 0.368067884375 0.15824915555555555 0.361857596875 0.8922558944444445 0.41534811875 0.8897306388888888 0.420081790625 0.8897306388888888
5 0.48114619375 0.8905723888888889 0.47877935625 0.1616161611111111 0.46694516875 0.1616161611111111 0.45179741250000005 0.15824915555555555 0.43570291875 0.15572390555555554 0.429549140625 0.15572390555555554 0.422921996875 0.8914141388888889 0.47593915000000003 0.8930976444444444 0.48114619375 0.8905723888888889
5 0.527062834375 0.8914141388888889 0.534163346875 0.8922558944444445 0.52800956875 0.23316498333333333 0.485879865625 0.22727272777777777 0.482092928125 0.8914141388888889 0.5171221187499999 0.8922558944444445 0.527062834375 0.8914141388888889
5 0.5762930500000001 0.8947811444444445 0.59664785 0.8939393944444444 0.615582546875 0.8956228944444444 0.627416734375 0.8947811444444445 0.63073030625 0.8947811444444445 0.620789590625 0.22811447777777777 0.5380489468749999 0.22727272777777777 0.5393703875 0.8897306388888888 0.5535714125 0.8947811444444445 0.5762930500000001 0.8947811444444445
5 0.6619725562500001 0.8956228944444444 0.67143990625 0.8956228944444444 0.65771225 0.1380471388888889 0.6284845531250001 0.1372053888888889 0.6368840812500001 0.8947811444444445 0.644931328125 0.8956228944444444 0.6619725562500001 0.8956228944444444
5 0.693265996875 0.8973064 0.697999671875 0.8989899 0.7027333437500001 0.9006734000000001 0.7145675312499999 0.9006734000000001 0.730662025 0.90151515 0.745336415625 0.90151515 0.749123353125 0.8973064 0.7529102937500001 0.8964646444444445 0.7420228437499999 0.1624579111111111 0.738235903125 0.15993266111111112 0.7282951875 0.15993266111111112 0.7169343687499999 0.15993266111111112 0.70746701875 0.15993266111111112 0.699893140625 0.15909091111111112 0.6923192625000001 0.15909091111111112 0.6871122187500001 0.15824915555555555 0.67859160625 0.15824915555555555 0.6738579312499999 0.15993266111111112 0.669677734375 0.1616161611111111 0.681905178125 0.8922558944444445 0.6871122187500001 0.8973064 0.693265996875 0.8973064
5 0.79598673125 0.8914141388888889 0.78273244375 0.21464646666666667 0.7685314187500001 0.2095959611111111 0.7506436437499999 0.20875421111111112 0.7623776437500001 0.8905723888888889 0.783205809375 0.8922558944444445 0.79598673125 0.8914141388888889
5 0.82959581875 0.8914141388888889 0.83432949375 0.8897306388888888 0.817288265625 0.2138047111111111 0.81634153125 0.21127946111111112 0.7988269375 0.21043771111111112 0.7852080375 0.2121212111111111 0.7978802 0.8888888888888888 0.8064008156250001 0.8914141388888889 0.82959581875 0.8914141388888889
5 0.8873466499999999 0.29882155 0.863678275 0.2979798 0.85670425 0.2979798 0.8764591968750001 0.9006734000000001 0.9100682875 0.90151515 0.8873466499999999 0.29882155