6 0.1439953125 0.2608421875 0.10255937500000001 0.2608421875 0.11735781249999999 0.8557953125 0.1565734375 0.85678125 0.1439953125 0.2608421875
6 0.21025624999999998 0.37928125 0.1706328125 0.379240625 0.182471875 0.8291546875 0.218728125 0.8291546875 0.21025624999999998 0.37928125
6 0.24036718750000002 0.383621875 0.217246875 0.3861484375 0.26756250000000004 0.8252078125000001 0.28902031250000004 0.8212624999999999 0.24036718750000002 0.383621875
6 0.2942 0.82718125 0.312696875 0.8242218749999999 0.2660828125 0.38417500000000004 0.24240468750000002 0.3881203125 0.2942 0.82718125
6 0.29570625 0.3076671875 0.25868281249999997 0.310175 0.3149171875 0.839021875 0.34747343750000004 0.835075 0.29570625 0.3076671875
6 0.3339546875 0.3087515625 0.29641875 0.3121484375 0.34969375 0.839021875 0.3844703125 0.8340875000000001 0.3339546875 0.3087515625
6 0.3874296875 0.838034375 0.42220625 0.835075 0.37485 0.3160953125 0.336375 0.31806875 0.3874296875 0.838034375
6 0.41289375 0.3098359375 0.37559062499999996 0.31510937499999997 0.4266453125 0.8409953124999999 0.461421875 0.835075 0.41289375 0.3098359375
6 0.4658609375 0.84296875 0.499896875 0.838034375 0.45106250000000003 0.3131359375 0.4133265625 0.31806875 0.4658609375 0.84296875
6 0.48695000000000005 0.31634687499999997 0.4532828125 0.3200421875 0.503596875 0.8439546874999999 0.5354140625 0.838034375 0.48695000000000005 0.31634687499999997
6 0.5195015625 0.31634687499999997 0.48657812500000003 0.321028125 0.536153125 0.84296875 0.5664906249999999 0.838034375 0.5195015625 0.31634687499999997
6 0.559090625 0.3022828125 0.5268265624999999 0.3087515625 0.5709296875 0.8646750000000001 0.6064453125 0.8587546875 0.559090625 0.3022828125
6 0.608665625 0.8656609375000001 0.6407578125 0.8567109374999999 0.59830625 0.30326875000000003 0.5650109375000001 0.30622812499999996 0.608665625 0.8656609375000001
6 0.6523203125 0.3200421875 0.6071859374999999 0.3269484375 0.648621875 0.8548078125 0.690796875 0.8409953124999999 0.6523203125 0.3200421875
6 0.6937562500000001 0.8439546874999999 0.739228125 0.838265625 0.70115625 0.322015625 0.6552796875 0.3299078125 0.6937562500000001 0.8439546874999999
6 0.7026078124999999 0.3076671875 0.7507296875 0.84296875 0.7596093749999999 0.8449421875 0.7692281249999999 0.8449421875 0.78180625 0.8419812500000001 0.78920625 0.839021875 0.7455515625 0.300309375 0.7026078124999999 0.3076671875
6 0.7914265625 0.8469140625 0.8062250000000001 0.8538218750000001 0.8195421875 0.8498749999999999 0.8284218750000001 0.8439546874999999 0.7906859374999999 0.3012953125 0.74703125 0.30820156249999997 0.7914265625 0.8469140625
6 0.8328609374999999 0.8449421875 0.8446999999999999 0.8518484374999999 0.8557984375000001 0.8518484374999999 0.8698578124999999 0.8419812500000001 0.8352562499999999 0.30115625 0.792165625 0.307215625 0.8328609374999999 0.8449421875
6 0.841 0.354575 0.83878125 0.354575 0.8698578124999999 0.8301421875000001 0.8950140624999999 0.8261953125 0.8669953125 0.3521546875 0.8439609375 0.3555609375 0.841 0.354575
6 0.90019375 0.35260156249999997 0.8757765624999999 0.3565484375 0.8765171875 0.3535875 0.8691171875 0.354575 0.8950140624999999 0.8261953125 0.9272171874999999 0.823075 0.90019375 0.35260156249999997