0 0.082230425 0.9585176041666668 0.042395615625 0.057763179166666664 0.004999675 0.04909165833333333 0 0.1502016125 0.049712212500000005 0.9552657833333333 0.082230425 0.9585176041666668
0 0.07166200625 0.0599310625 0.040769706249999996 0.05451135833333333 0.08141746875 0.9487621416666666 0.114748634375 0.9530978999999999 0.07166200625 0.0599310625
0 0.14076320312499999 0.2767191291666667 0.09117293125 0.27888700833333335 0.118813409375 0.9541818416666668 0.166777771875 0.9541818416666668 0.14076320312499999 0.2767191291666667
0 0.2041737125 0.1694090375 0.13344660625 0.16507327500000002 0.16352595 0.9596015416666667 0.21474213125000002 0.961769425 0.2041737125 0.1694090375
0 0.252951028125 0.17266085833333333 0.196857115625 0.15748569166666665 0.20905144375 0.961769425 0.26514535625 0.9596015416666667 0.252951028125 0.17266085833333333
0 0.275713775 0.14989810833333334 0.251325115625 0.1433944666666667 0.26108058125 0.9661051875 0.29034696875 0.9639373041666667 0.275713775 0.14989810833333334
0 0.309857896875 0.14989810833333334 0.275713775 0.14556235 0.288721059375 0.9682730666666667 0.31067085 0.9671891250000001 0.309857896875 0.14989810833333334
0 0.344814971875 0.15423387083333334 0.30741903125 0.15314992916666667 0.31148380625 0.9671891250000001 0.338311328125 0.9693570083333333 0.344814971875 0.15423387083333334
0 0.365138853125 0.198675425 0.344002015625 0.19542360416666668 0.338311328125 0.9682730666666667 0.364325896875 0.9747767083333333 0.365138853125 0.198675425
0 0.394405240625 0.204095125 0.3626999875 0.20626300833333333 0.358635209375 0.9671891250000001 0.383836825 0.9693570083333333 0.394405240625 0.204095125
0 0.41798094375000006 0.20192724583333332 0.38708864374999996 0.204095125 0.386275690625 0.9704409458333333 0.406599571875 0.9693570083333333 0.41798094375000006 0.20192724583333332
0 0.47326190312499994 0.09028139166666667 0.4439955125 0.08919745 0.422045721875 0.9661051875 0.44887324375000004 0.9726088291666667 0.47326190312499994 0.09028139166666667
0 0.49602465 0.09244927083333333 0.472448946875 0.09028139166666667 0.45212506562500004 0.961769425 0.47001008125 0.9671891250000001 0.49602465 0.09244927083333333
0 0.5366724125 0.08811350833333333 0.496837603125 0.08811350833333333 0.4748878125 0.9650212458333333 0.501715334375 0.9682730666666667 0.5366724125 0.08811350833333333
0 0.563499934375 0.09028139166666667 0.534233546875 0.08702957083333333 0.502528290625 0.9736927666666666 0.528542859375 0.9736927666666666 0.563499934375 0.09028139166666667
0 0.599269965625 0.17049297500000002 0.562686978125 0.1694090375 0.53179468125 0.9726088291666667 0.558622203125 0.9736927666666666 0.599269965625 0.17049297500000002
0 0.6447954593749999 0.09895291249999999 0.600082921875 0.09570109166666667 0.5521185625 0.9726088291666667 0.59195336875 0.9791124708333334 0.6447954593749999 0.09895291249999999
0 0.677313671875 0.10437261666666667 0.6447954593749999 0.09895291249999999 0.589514503125 0.9823642916666666 0.625284534375 0.9769445875 0.677313671875 0.10437261666666667
0 0.726903940625 0.22902575416666665 0.67893958125 0.2279418125 0.6228456687499999 0.9769445875 0.67406185 0.9747767083333333 0.726903940625 0.22902575416666665
0 0.7878755843749999 0.232277575 0.732594628125 0.22902575416666665 0.6732488937500001 0.9726088291666667 0.721213253125 0.9791124708333334 0.7878755843749999 0.232277575
0 0.8464083625000001 0.23444545416666665 0.81226424375 0.23010969583333332 0.71958734375 0.97586065 0.75454441875 0.9791124708333334 0.8464083625000001 0.23444545416666665
0 0.8773006625 0.23444545416666665 0.8431565437499999 0.232277575 0.752105553125 0.9791124708333334 0.78137194375 0.9769445875 0.8773006625 0.23444545416666665
0 0.92851684375 0.22035423333333334 0.8862431718750001 0.2149345291666667 0.786249675 0.9780285291666666 0.817141975 0.9780285291666666 0.92851684375 0.22035423333333334
0 0.97079051875 0.22360605416666665 0.9252650250000001 0.21276665 0.8203937968749999 0.9801964083333333 0.84722131875 0.9823642916666666 0.97079051875 0.22360605416666665
0 0.9854237124999999 0.13038718333333332 0.8480342750000001 0.9747767083333333 0.8838043062500001 0.9823642916666666 0.9968050843749999 0.2810548916666667 0.9959921312500001 0.12821930416666666 0.9854237124999999 0.13038718333333332