6 0.07166249999999999 0.15423437499999998 0.01638125 0.152065625 0.0302015625 0.9812796875 0.08222968750000001 0.9823640625 0.07166249999999999 0.15423437499999998
6 0.0936125 0.0425875 0.061906249999999996 0.0425875 0.08060468750000001 0.978028125 0.11068437499999999 0.978028125 0.0936125 0.0425875
6 0.1358859375 0.051259374999999996 0.09605 0.050175000000000004 0.10987031249999998 0.9791124999999999 0.14970624999999999 0.978028125 0.1358859375 0.051259374999999996
6 0.1846625 0.0425875 0.13425937500000001 0.036084375 0.15214531250000002 0.9899515624999999 0.1927921875 0.9801968750000001 0.1846625 0.0425875
6 0.22774999999999998 0.048007812500000004 0.18141093749999998 0.0458390625 0.1879140625 0.9834484375000001 0.2358796875 0.9867000000000001 0.22774999999999998 0.048007812500000004
6 0.26920937500000003 0.06534999999999999 0.2310015625 0.059931250000000005 0.2366921875 0.987784375 0.2716484375 0.9845328125 0.26920937500000003 0.06534999999999999
6 0.3155484375 0.0404203125 0.2708359375 0.03716875 0.26920937500000003 0.9888671875 0.32449062500000003 0.9845328125 0.3155484375 0.0404203125
6 0.37326875 0.17049375 0.3196140625 0.167240625 0.3212390625 0.9888671875 0.37489374999999997 0.985615625 0.37326875 0.17049375
6 0.4049734375 0.0946171875 0.36920312499999997 0.09028125000000001 0.367578125 0.9867000000000001 0.40334843749999993 0.9823640625 0.4049734375 0.0946171875
6 0.44562187499999995 0.058846875 0.3984703125 0.0566796875 0.40659999999999996 0.9867000000000001 0.44968593749999997 0.9921203125 0.44562187499999995 0.058846875
6 0.49765 0.050175000000000004 0.452125 0.050175000000000004 0.4448078125 0.9910359375000001 0.4943984375 0.9942875000000001 0.49765 0.050175000000000004
6 0.535859375 0.05559531250000001 0.502528125 0.05234375 0.49033437500000004 0.9942875000000001 0.5317953125 0.9921203125 0.535859375 0.05559531250000001
6 0.59601875 0.020909375 0.5407375 0.0252453125 0.53098125 0.9921203125 0.5830109375 0.9964562499999999 0.59601875 0.020909375
6 0.6537375 0.0079015625 0.6000828125 0.005734375 0.58545 0.9888671875 0.635040625 0.993203125 0.6537375 0.0079015625
6 0.696825 0.00465 0.6569890625 0.00465 0.637478125 0.9899515624999999 0.6756875 0.9975390624999999 0.696825 0.00465
6 0.7561703125 0.06968593749999999 0.6960109375 0.0642671875 0.6708093749999999 0.987784375 0.7334078125 0.9921203125 0.7561703125 0.06968593749999999
6 0.7634875 0.9964562499999999 0.7886890625 0.107625 0.77568125 0.104371875 0.7610484375000001 0.1097921875 0.735846875 0.993203125 0.7634875 0.9964562499999999
6 0.8455953125000001 0.005734375 0.7927531250000001 0.0013984375 0.7626734374999999 0.993203125 0.8114515625 0.9910359375000001 0.8455953125000001 0.005734375
6 0.919575 0.0122375 0.84315625 0.00681875 0.8114515625 0.9942875000000001 0.8764875 0.9899515624999999 0.919575 0.0122375
6 0.9911140625 0.0122375 0.9155093750000001 0.00681875 0.8740484374999999 0.987784375 0.9455890625000001 0.9921203125 0.9911140625 0.0122375