6 0.04306875 0.369178125 0.01494375 0.3706 0.0645265625 0.8832234375000001 0.08968437500000001 0.8792781250000001 0.04306875 0.369178125
6 0.071096875 0.3673453125 0.04306875 0.3701640625 0.09042343750000001 0.878290625 0.1141015625 0.8733578124999999 0.071096875 0.3673453125
6 0.15183750000000001 0.8792781250000001 0.1599765625 0.8743437500000001 0.11992499999999999 0.3488984375 0.0948625 0.35043125 0.083025 0.3514171875 0.0704453125 0.3514171875 0.114840625 0.878290625 0.12076093750000001 0.8832234375000001 0.131859375 0.8832234375000001 0.1422171875 0.8832234375000001 0.15183750000000001 0.8792781250000001
6 0.15654531249999998 0.4107484375 0.1325984375 0.41160312499999996 0.164415625 0.868425 0.1888328125 0.864478125 0.15654531249999998 0.4107484375
6 0.1817734375 0.4107484375 0.157015625 0.412590625 0.191053125 0.8674375 0.21177031249999997 0.8634906250000001 0.1817734375 0.4107484375
6 0.22065 0.3632578125 0.1829140625 0.3662171875 0.21695000000000003 0.864478125 0.25320624999999997 0.8595437499999999 0.22065 0.3632578125
6 0.2643046875 0.362271875 0.22656874999999999 0.3632578125 0.2554265625 0.8615171875 0.2909421875 0.857571875 0.2643046875 0.362271875
6 0.30221718750000004 0.36517499999999997 0.266525 0.3662171875 0.2939015625 0.8595437499999999 0.32571875 0.857571875 0.30221718750000004 0.36517499999999997
6 0.3396515625 0.36300468750000003 0.305740625 0.3632578125 0.3264578125 0.8546109375000001 0.3590140625 0.8516515625000001 0.3396515625 0.36300468750000003
6 0.3826921875 0.3889109375 0.3464359375 0.390884375 0.36419375 0.8506640624999999 0.39675 0.8427718750000001 0.3826921875 0.3889109375
6 0.41968750000000005 0.389896875 0.3849125 0.3889109375 0.40045000000000003 0.8467171875 0.43226718750000004 0.8378375 0.41968750000000005 0.389896875
6 0.4568390625 0.3857921875 0.4233875 0.38595156249999996 0.43670625 0.8417843749999999 0.4655625 0.8358640625 0.4568390625 0.3857921875
6 0.470003125 0.8368515625 0.49915624999999997 0.833925 0.49146093750000003 0.38595156249999996 0.460384375 0.38496406250000004 0.470003125 0.8368515625
6 0.512990625 0.3478140625 0.49515937499999996 0.3484578125 0.5025593749999999 0.8407984374999999 0.5203171875 0.8388249999999999 0.512990625 0.3478140625
6 0.5349640625000001 0.3478140625 0.5151375 0.3494453125 0.5225375 0.8398109375 0.5395546875 0.8378375 0.5349640625000001 0.3478140625
6 0.5780953125 0.3467296875 0.5373359375 0.3484578125 0.5439953125 0.8407984374999999 0.5802515625 0.8368515625 0.5780953125 0.3467296875
6 0.6212265625 0.344559375 0.5802515625 0.347471875 0.58395 0.8358640625 0.620946875 0.83191875 0.6212265625 0.344559375
6 0.633434375 0.34347343750000003 0.630565625 0.8477046874999999 0.6771796875 0.84573125 0.6831 0.3425375 0.633434375 0.34347343750000003
6 0.6949390625 0.339578125 0.6860593749999999 0.8447453125 0.7304546875 0.8417843749999999 0.7430328125 0.3376046875 0.6949390625 0.339578125
6 0.735634375 0.83191875 0.76153125 0.827971875 0.7763296875 0.3721375 0.748953125 0.37312500000000004 0.735634375 0.83191875
6 0.8067734375000001 0.3706 0.777809375 0.3721375 0.7630109375 0.824025 0.78816875 0.8210656249999999 0.8067734375000001 0.3706
6 0.8124703125 0.3326234375 0.79186875 0.820078125 0.819984375 0.81613125 0.842921875 0.3336578125 0.8124703125 0.3326234375
6 0.8743187499999999 0.3315375 0.842921875 0.332671875 0.820725 0.812184375 0.8488421875000001 0.8082390625 0.8743187499999999 0.3315375
6 0.9215203125 0.3315375 0.876959375 0.331684375 0.8540218749999999 0.8111984375000001 0.892496875 0.809225 0.9215203125 0.3315375
6 0.9346734375000001 0.809225 0.955390625 0.5023765625000001 0.9679062500000001 0.3282828125 0.925053125 0.32773906249999996 0.8976765625 0.812184375 0.9346734375000001 0.809225