5 0.9944957499999999 0.3418560625 0.949282290625 0.33955225 0.9137660999999999 0.8380094375 0.957273375 0.8380094375 0.9944957499999999 0.3418560625
5 0.93862746875 0.34192020833333336 0.895120075 0.3442881708333333 0.864043484375 0.8344575333333334 0.9075507593750001 0.8380094375 0.93862746875 0.34192020833333336
5 0.862267621875 0.8403773958333333 0.89334433125 0.34310419166666667 0.85072493125 0.3407362291666667 0.823199828125 0.8391934541666667 0.862267621875 0.8403773958333333
5 0.8453974593750001 0.34310419166666667 0.8011363749999999 0.3431581458333334 0.7796925531250001 0.835641475 0.821424084375 0.8368254958333333 0.8453974593750001 0.34310419166666667
5 0.77880468125 0.8403773958333333 0.798338578125 0.35139205416666663 0.7562145 0.3509706458333334 0.7548311875 0.40467132499999997 0.7379610249999999 0.843929375 0.77880468125 0.8403773958333333
5 0.7352972906249999 0.8403773958333333 0.74861584375 0.35139205416666663 0.7083629375 0.3535748125 0.697117484375 0.8427453583333333 0.7086601781249999 0.8451133166666666 0.7352972906249999 0.8403773958333333
5 0.6784714593750001 0.8474813583333333 0.693565759375 0.8403773958333333 0.701556965625 0.3525760333333333 0.6624645 0.3548768958333334 0.6527222187499999 0.8403773958333333 0.658049690625 0.8486653000000001 0.6784714593750001 0.8474813583333333
5 0.65094635625 0.8415614166666666 0.65538595625 0.35731199583333334 0.6411794093750001 0.35612801250000004 0.6145422968750001 0.35612801250000004 0.610990690625 0.8462973374999999 0.6287488437500001 0.8462973374999999 0.65094635625 0.8415614166666666
5 0.6101028187499999 0.358495975 0.5692591593749999 0.35967995416666665 0.566595425 0.8415614166666666 0.6074390843749999 0.8415614166666666 0.6101028187499999 0.358495975
5 0.5443979125 0.843929375 0.565707553125 0.8380094375 0.563931809375 0.35967995416666665 0.5189098125 0.3613873125 0.520424415625 0.4626865625 0.5257518875 0.8427453583333333 0.5443979125 0.843929375
5 0.5222002812500001 0.8415614166666666 0.514209075 0.36204791666666664 0.47247766562500004 0.36204791666666664 0.481356621875 0.843929375 0.49911477499999995 0.8462973374999999 0.5222002812500001 0.8415614166666666
5 0.4407848125 0.8405539791666666 0.479580878125 0.8380094375 0.46892605625000006 0.35967995416666665 0.42897027187500003 0.35967995416666665 0.4407848125 0.8405539791666666
5 0.38368719375000004 0.36086393749999995 0.3968395 0.8470643958333334 0.43340986875 0.8462973374999999 0.43962521250000003 0.8403773958333333 0.42541866562499997 0.36086393749999995 0.38368719375000004 0.36086393749999995
5 0.35882582812499997 0.8249856125 0.359730125 0.8444602291666666 0.39700575 0.8427453583333333 0.38102345937500004 0.36204791666666664 0.34106779375 0.3632318958333334 0.35882582812499997 0.8249856125
5 0.301999996875 0.40467132499999997 0.31975803125 0.8415614166666666 0.3235973125 0.8406721208333334 0.35882582812499997 0.8380095166666667 0.33929192812500003 0.3620479541666667 0.2993362625 0.36559985833333336 0.301999996875 0.40467132499999997
5 0.296672528125 0.36678387500000004 0.2552379375 0.3678977291666667 0.2806902375 0.8451133166666666 0.3206459625 0.8427453583333333 0.296672528125 0.36678387500000004
5 0.279802365625 0.843929375 0.25227732187499996 0.36559985833333336 0.2122691875 0.3678977291666667 0.2416225 0.8427453583333333 0.25227732187499996 0.8462973374999999 0.279802365625 0.843929375
5 0.2398466375 0.8403773958333333 0.21054579062499998 0.36796785833333334 0.17027699999999998 0.3718039791666667 0.201666775 0.8462973374999999 0.2185369375 0.8462973374999999 0.2398466375 0.8403773958333333
5 0.12442229687499999 0.36919849583333336 0.129746528125 0.447294775 0.160823178125 0.843929375 0.16703851875 0.8451133166666666 0.201666775 0.8403773958333333 0.165262715625 0.36796785833333334 0.12442229687499999 0.36919849583333336
5 0.12353118437499999 0.8462973374999999 0.14306508125 0.8451133166666666 0.15993524374999998 0.8380094375 0.12175538125 0.36915183749999997 0.101333553125 0.36796785833333334 0.078248046875 0.37033581666666665 0.119091646875 0.843929375 0.12353118437499999 0.8462973374999999
5 0.0374645 0.3731060625 0.07913598125 0.8486653000000001 0.11820377500000001 0.8415614166666666 0.07913598125 0.37151979999999996 0.0374645 0.3731060625
5 0.001000390625 0.43071897499999995 0.031189109375000003 0.7870981625 0.0374645 0.8444602291666666 0.077360175 0.8403773958333333 0.035628646874999996 0.37033581666666665 0.001000390625 0.3738877583333334 0.001000390625 0.43071897499999995