4 0.7510796875 0.9047421874999999 0.7562859375000001 0.8472515625 0.193025 0.806084375 0.18403125 0.866190625 0.7510796875 0.9047421874999999
4 0.1632328125 0.7399171875 0.1559109375 0.7936984375 0.753425 0.8372609375 0.7579140625 0.7790578125 0.1632328125 0.7399171875
4 0.7552734375 0.776865625 0.76035625 0.721146875 0.169621875 0.6825078125 0.16571875 0.7383093749999999 0.7552734375 0.776865625
4 0.2229484375 0.6497437500000001 0.221775 0.6834859375 0.7617859375 0.7176859375 0.7634265625000001 0.6815484374999999 0.2229484375 0.6497437500000001
4 0.76556875 0.6805671875 0.7679218750000001 0.646909375 0.2264234375 0.6146296875 0.223009375 0.648859375 0.76556875 0.6805671875
4 0.2068859375 0.5569437500000001 0.2039796875 0.6154859375 0.77295625 0.6428109375 0.776325 0.5904296875 0.2068859375 0.5569437500000001
4 0.7969359375 0.5884140625 0.8022015625 0.5131249999999999 0.130903125 0.47241406250000006 0.12146874999999999 0.5475749999999999 0.7969359375 0.5884140625
4 0.1357296875 0.3864140625 0.131584375 0.46267031249999996 0.806240625 0.5062875 0.8128718750000001 0.428425 0.1357296875 0.3864140625
4 0.235371875 0.370240625 0.23637187499999998 0.3898921875 0.8100093749999999 0.41843281250000003 0.8094328125000001 0.39695468749999996 0.235371875 0.370240625
4 0.8104390625000001 0.395321875 0.8106828125 0.3748671875 0.23940625 0.346490625 0.2379203125 0.3677484375 0.8104390625000001 0.395321875
4 0.8098109375 0.37035625 0.812784375 0.327840625 0.21863281250000002 0.30409375 0.215784375 0.3448390625 0.8098109375 0.37035625
4 0.221540625 0.24555312499999998 0.218071875 0.2951546875 0.8117265625 0.3259859375 0.81301875 0.27356250000000004 0.221540625 0.24555312499999998
4 0.223946875 0.1771859375 0.22147343749999998 0.22952656249999998 0.816871875 0.26938125 0.8194687500000001 0.21526874999999998 0.223946875 0.1771859375
4 0.8246890625000001 0.20851250000000002 0.8307046874999999 0.15641875 0.229509375 0.10383437499999999 0.2251859375 0.15947031250000002 0.8246890625000001 0.20851250000000002
4 0.2349140625 0.037321875 0.23219375000000003 0.09320468750000001 0.831325 0.14756249999999999 0.8357468750000001 0.095321875 0.2349140625 0.037321875