5 0.19471723125 0.3190104166666667 0.158983865625 0.3190104166666667 0.19064923125 0.8181423624999999 0.22237964062499999 0.8192274291666667 0.19471723125 0.3190104166666667
5 0.22726124374999998 0.32118055416666663 0.1964187625 0.3200954875 0.22156604062500002 0.8235677083333334 0.251669253125 0.8235677083333334 0.22726124374999998 0.32118055416666663
5 0.26468685625 0.3363715291666667 0.232956446875 0.3352864583333333 0.255737253125 0.8246527791666666 0.285840465625 0.8235677083333334 0.26468685625 0.3363715291666667
5 0.303739671875 0.2690972208333333 0.263964334375 0.2680121541666667 0.288281265625 0.8311631958333333 0.324079678125 0.8311631958333333 0.303739671875 0.2690972208333333
5 0.3484876875 0.2690972208333333 0.30709584687499997 0.2669270833333333 0.324893278125 0.8344184041666666 0.36231889375000004 0.8333333333333334 0.3484876875 0.2690972208333333
5 0.409507709375 0.2701822916666667 0.3526687625 0.2690972208333333 0.36557329375 0.8333333333333334 0.4160165125 0.8355034708333334 0.409507709375 0.2701822916666667
5 0.47378213437500005 0.2701822916666667 0.41533152187500005 0.2680121541666667 0.424152515625 0.8355034708333334 0.47459573437499997 0.8365885416666666 0.47378213437500005 0.2701822916666667
5 0.507139746875 0.3862847208333333 0.48043569062499997 0.3862847208333333 0.4827317375 0.8344184041666666 0.507139746875 0.8344184041666666 0.507139746875 0.3862847208333333
5 0.580363771875 0.8072916666666666 0.5510741625 0.2973090291666667 0.5478197625 0.29405382083333337 0.51690295 0.2983940958333333 0.512173971875 0.2994791666666667 0.543751759375 0.8138020833333334 0.57060056875 0.8138020833333334 0.580363771875 0.8072916666666666
5 0.6218573875 0.8441840291666666 0.591754178125 0.2615017375 0.5626297 0.2658420125 0.594194978125 0.8430989583333334 0.596635778125 0.8463541666666666 0.6218573875 0.8441840291666666
5 0.647892596875 0.8463541666666666 0.6535878 0.8452690958333334 0.625925390625 0.2625868041666667 0.59925079375 0.2658420125 0.627552590625 0.8485243041666667 0.631620590625 0.8474392374999999 0.647892596875 0.8463541666666666
5 0.682063809375 0.8485243041666667 0.692640615625 0.8452690958333334 0.6698598062500001 0.2658420125 0.630989075 0.2712673625 0.660096603125 0.849609375 0.6657918031250001 0.849609375 0.682063809375 0.8485243041666667
5 0.719489425 0.2658420125 0.683886209375 0.2690972208333333 0.70159021875 0.8604600708333333 0.7341342281250001 0.8550347208333334 0.719489425 0.2658420125
5 0.764237440625 0.8572048624999999 0.752033434375 0.2604166666666667 0.73982943125 0.2625868041666667 0.72620391875 0.263671875 0.7414566312499999 0.8626302083333334 0.7569150375 0.8615451375000001 0.764237440625 0.8572048624999999
5 0.784577446875 0.2571614583333333 0.7579422 0.2615017375 0.766678240625 0.8572048624999999 0.7894590499999999 0.8561197916666666 0.784577446875 0.2571614583333333