6 0.8922140625000001 0.8053328125 0.869015625 0.73350625 0.2872484375 0.891871875 0.30405625000000003 0.97005 0.8922140625000001 0.8053328125
6 0.266503125 0.811865625 0.2820359375 0.886965625 0.8673859374999999 0.7200765625 0.84366875 0.64655 0.266503125 0.811865625
6 0.84010625 0.6429968749999999 0.8193390624999999 0.57506875 0.25114843750000004 0.7391 0.265559375 0.8047265625 0.84010625 0.6429968749999999
6 0.22897812499999998 0.6729265625 0.2455703125 0.7393453125 0.82448125 0.5716390625 0.8028859374999999 0.5040390625 0.22897812499999998 0.6729265625
6 0.80633125 0.5001249999999999 0.7829671874999999 0.42370625000000006 0.21187343749999998 0.5928234375 0.2344734375 0.666603125 0.80633125 0.5001249999999999
6 0.19026875000000001 0.5139203125 0.2100703125 0.5867875 0.784453125 0.420465625 0.760859375 0.3443078125 0.19026875000000001 0.5139203125
6 0.755875 0.33914062500000003 0.7472140625 0.3148625 0.2533625 0.4657671875 0.2616015625 0.4921125 0.755875 0.33914062500000003
6 0.245246875 0.43861875 0.2546859375 0.46544375000000004 0.748959375 0.312471875 0.7395203125 0.28564687499999997 0.245246875 0.43861875
6 0.7390015625 0.2839484375 0.7220328125 0.2325 0.203628125 0.395634375 0.21972343749999998 0.4482796875 0.7390015625 0.2839484375
6 0.7244859375 0.224321875 0.708296875 0.1754203125 0.186384375 0.340215625 0.20285000000000003 0.3930875 0.7244859375 0.224321875
6 0.1605421875 0.299246875 0.1661375 0.333746875 0.701596875 0.1737546875 0.68694375 0.1420234375 0.1605421875 0.299246875
6 0.6844187500000001 0.1418671875 0.6758531249999999 0.11384687499999999 0.1787703125 0.26186875 0.1863234375 0.29043593749999996 0.6844187500000001 0.1418671875
6 0.169378125 0.22691093750000002 0.180115625 0.25798125 0.672809375 0.11199218749999999 0.6605140625 0.0758265625 0.169378125 0.22691093750000002
6 0.6507875000000001 0.0156640625 0.1457328125 0.16171875 0.1567796875 0.21405 0.6668828125 0.0683078125 0.6507875000000001 0.0156640625