6 0.13822812499999998 0.1385078125 0.1231796875 0.1373109375 0.1693046875 0.8133781250000001 0.18188437500000001 0.814365625 0.13822812499999998 0.1385078125
6 0.1730046875 0.1789609375 0.20556093749999998 0.7896984375 0.2211 0.791671875 0.23367812500000001 0.792659375 0.256615625 0.7896984375 0.22923906249999998 0.1779734375 0.228975 0.17745781249999998 0.1730046875 0.1789609375
6 0.2825125 0.7975921875 0.3076703125 0.7985781249999999 0.285471875 0.16909375 0.23293750000000002 0.17402656249999998 0.2617953125 0.791671875 0.2825125 0.7975921875
6 0.3106296875 0.82521875 0.35946406249999996 0.8242312500000001 0.33800625 0.16909375 0.285471875 0.17008125000000002 0.3106296875 0.82521875
6 0.36081093750000004 0.23496718749999998 0.375003125 0.7887125 0.42309843750000004 0.79561875 0.4119984375 0.231253125 0.36081093750000004 0.23496718749999998
6 0.45195468749999995 0.2697328125 0.42013749999999994 0.27071875 0.43197656249999994 0.79561875 0.460834375 0.7946328125 0.45195468749999995 0.2697328125
6 0.48369375000000003 0.2686046875 0.4549140625 0.2687453125 0.46379374999999995 0.7936453125 0.49265 0.7936453125 0.48369375000000003 0.2686046875
6 0.518546875 0.187840625 0.48369375000000003 0.1904796875 0.503009375 0.791671875 0.5111484374999999 0.7975921875 0.5207671875 0.799565625 0.53630625 0.8015390625000001 0.5533234375 0.7975921875 0.545925 0.186853125 0.531865625 0.1898140625 0.518546875 0.187840625
6 0.6147375 0.7857515625 0.6057640625 0.2534125 0.5799609375 0.2549328125 0.57108125 0.25690625 0.5644218750000001 0.25690625 0.5496234375 0.2578921875 0.5614625 0.7857515625 0.5733015625 0.7857515625 0.591059375 0.7857515625 0.6147375 0.7857515625
6 0.6117781250000001 0.2361859375 0.62065625 0.7985781249999999 0.6324953125 0.7985781249999999 0.6310156250000001 0.7867390624999999 0.6354546875 0.7788453125 0.6369343749999999 0.777859375 0.6277375000000001 0.23496718749999998 0.6117781250000001 0.2361859375
6 0.7026078124999999 0.2642640625 0.6295359375 0.2697328125 0.6384140625 0.7788453125 0.6480328125 0.78081875 0.6569125 0.787725 0.6717109375 0.7896984375 0.6813296875 0.7896984375 0.699828125 0.7867390624999999 0.7026078124999999 0.2642640625
6 0.7338640625 0.7887125 0.73904375 0.777859375 0.7434828125 0.7719390625 0.7531015625 0.776871875 0.73904375 0.7887125 0.7434828125 0.7887125 0.7605015625 0.7896984375 0.7701203125 0.7867390624999999 0.7767796875 0.260853125 0.7523625 0.2588796875 0.7375640625 0.259865625 0.7301640625 0.260853125 0.71980625 0.2628265625 0.703528125 0.2638125 0.703528125 0.787725 0.722025 0.7906859374999999 0.7338640625 0.7887125