4 0.8616515625 0.12775468750000002 0.859615625 0.08208125 0.12097187499999999 0.18258593750000002 0.120521875 0.1949734375 0.12222031250000001 0.2070578125 0.1236921875 0.2175328125 0.1285015625 0.228359375 0.8616515625 0.12775468750000002
4 0.1376609375 0.24675625 0.1391328125 0.2572296875 0.725815625 0.1747765625 0.72445625 0.1651078125 0.1376609375 0.24675625
4 0.16850156249999998 0.36483906250000003 0.1728015625 0.3798453125 0.174840625 0.394346875 0.1786875 0.40613124999999994 0.80925625 0.32408281250000004 0.8127609375 0.3178390625 0.8109500000000001 0.3049484375 0.81049375 0.286115625 0.8081171875000001 0.2691953125 0.8066437499999999 0.258721875 0.8042671875 0.24180312499999998 0.8029624999999999 0.22473281250000002 0.800471875 0.20700781250000003 0.7993953125 0.1915484375 0.795784375 0.18145 0.1670734375 0.2689125 0.1631140625 0.271934375 0.15904218750000002 0.27415 0.158421875 0.2775234375 0.15859218749999998 0.2865375 0.159384375 0.2921765625 0.16085624999999998 0.30265 0.1618765625 0.3099015625 0.16278125000000002 0.31634687499999997 0.1644796875 0.3284328125 0.1657265625 0.3372953125 0.1665765625 0.3511421875 0.16850156249999998 0.36483906250000003
4 0.1634203125 0.42224375 0.16511875 0.43432812500000006 0.1695875 0.44273749999999995 0.810675 0.35756875 0.8123703125 0.35404375 0.811125 0.34518125 0.80999375 0.337125 0.8075749999999999 0.3277171875 0.1649453125 0.4097046875 0.1608734375 0.41192031250000005 0.1634203125 0.42224375
4 0.185825 0.4881078125 0.7721125 0.410640625 0.7655062499999999 0.37143281250000004 0.763340625 0.371615625 0.1795421875 0.4511984375 0.185825 0.4881078125
4 0.162928125 0.5356921875 0.801753125 0.45002031249999996 0.7959968749999999 0.409059375 0.7873828125 0.4101375 0.15749375000000002 0.4970203125 0.162928125 0.5356921875
4 0.8964859374999999 0.4769640625 0.8937890625 0.457771875 0.8742000000000001 0.45873437499999997 0.1748640625 0.550446875 0.18369375 0.5976796875 0.8968296875 0.5106015625 0.8955265625 0.49353125000000003 0.8964859374999999 0.4769640625
4 0.89695 0.5582374999999999 0.8969484375000001 0.5426265625 0.8962109375 0.529584375 0.892159375 0.5163484375 0.1872015625 0.607046875 0.19229687499999998 0.6433015625 0.19603125 0.6542796875 0.894859375 0.566746875 0.89695 0.5582374999999999
4 0.8906765625 0.5837656250000001 0.8893421874999999 0.5742703125 0.195240625 0.66425 0.2014109375 0.7003546875 0.8911906249999999 0.61080625 0.8935078125 0.6039078124999999 0.8932234375 0.5940890624999999 0.8906765625 0.5837656250000001
4 0.2261234375 0.69688125 0.2290109375 0.7096218750000001 0.74568125 0.64358125 0.7438953125000001 0.630871875 0.2261234375 0.69688125
4 0.242865625 0.7068531250000001 0.2466578125 0.7260375 0.737653125 0.6644265625 0.7353015625 0.64769375 0.242865625 0.7068531250000001
4 0.244740625 0.759171875 0.2486421875 0.7635515625 0.7862953125 0.6986703125 0.7883859375 0.6901609375 0.786575 0.6772703124999999 0.7840546875000001 0.6671390625 0.24598124999999998 0.7368140624999999 0.24162656249999998 0.7448203125 0.2406109375 0.753178125 0.244740625 0.759171875
4 0.255546875 0.7970890625 0.742471875 0.73769375 0.739384375 0.7079328125 0.7412796875 0.7058187499999999 0.25101874999999996 0.7648609375000001 0.255546875 0.7970890625
4 0.744228125 0.7579875 0.742559375 0.7461109375 0.743378125 0.7441390625000001 0.2571890625 0.8009656250000001 0.262678125 0.8322375 0.7434953125 0.776165625 0.7458125 0.7692671875 0.744228125 0.7579875