5 0.2621788625 0.32335069583333337 0.229784646875 0.3266059041666667 0.27438286562499997 0.8159722208333334 0.304486078125 0.8138020833333334 0.2621788625 0.32335069583333337
5 0.300418075 0.32118055416666663 0.26803334687499997 0.32335069583333337 0.308554078125 0.810546875 0.338657290625 0.8083767374999999 0.300418075 0.32118055416666663
5 0.35248849375 0.3244357625 0.30872345 0.3255208333333333 0.34516609374999996 0.8138020833333334 0.38747330625 0.8018663208333333 0.35248849375 0.3244357625
5 0.3996773125 0.3200954875 0.35511016875 0.3244357625 0.392354909375 0.8040364583333334 0.433848525 0.7953559041666666 0.3996773125 0.3200954875
5 0.44361172812499994 0.38953992916666663 0.407813315625 0.3927951375 0.437916525 0.7953559041666666 0.473714940625 0.7931857625000001 0.44361172812499994 0.38953992916666663
5 0.512767753125 0.7931857625000001 0.48591894375000005 0.3851996541666667 0.44625600312499997 0.38953992916666663 0.478596540625 0.7953559041666666 0.50625895 0.7953559041666666 0.512767753125 0.7931857625000001
5 0.529853359375 0.3841145833333333 0.4893875125 0.3862847208333333 0.5184629562499999 0.7964409708333334 0.55426136875 0.7964409708333334 0.529853359375 0.3841145833333333
5 0.599822984375 0.7942708333333334 0.5746013750000001 0.37977430416666663 0.532519021875 0.3841145833333333 0.563210971875 0.7964409708333334 0.582737378125 0.7942708333333334 0.599822984375 0.7942708333333334
5 0.625134390625 0.7921006958333333 0.63652479375 0.7899305541666667 0.643033596875 0.7855902791666666 0.6121167843750001 0.2897135416666667 0.608862384375 0.2897135416666667 0.5982855781249999 0.29405382083333337 0.585267975 0.2962239583333333 0.572395325 0.29405382083333337 0.60316718125 0.7866753458333334 0.611303184375 0.7921006958333333 0.625134390625 0.7921006958333333
5 0.67069600625 0.7834201375000001 0.680459209375 0.7779947916666666 0.6576784 0.28428819583333337 0.6552376 0.28428819583333337 0.6511696 0.2875434041666667 0.63896559375 0.2897135416666667 0.627575190625 0.2897135416666667 0.617154440625 0.2897135416666667 0.646287996875 0.7801649291666667 0.6568647999999999 0.7845052083333334 0.67069600625 0.7834201375000001
5 0.712189621875 0.2983940958333333 0.6749343875 0.2994791666666667 0.683713609375 0.7725694458333333 0.716257621875 0.7682291666666666 0.712189621875 0.2983940958333333
5 0.751242434375 0.2951388875 0.713816821875 0.2973090291666667 0.717884821875 0.7703993041666667 0.751242434375 0.7649739583333334 0.751242434375 0.2951388875
5 0.79273605 0.2886284708333333 0.763638815625 0.29188367916666663 0.7585648375 0.7801649291666667 0.78785445 0.7779947916666666 0.79273605 0.2886284708333333
5 0.8277208625 0.2886284708333333 0.801073709375 0.29188367916666663 0.78948165 0.7769097208333334 0.816330459375 0.7747395833333334 0.8277208625 0.2886284708333333