0 0.07553210625 0.0030062541666666664 0.021419553124999997 0.0020041666666666667 0.019164862499999998 0.9950697458333334 0.083799303125 0.9960718291666667 0.07553210625 0.0030062541666666664
0 0.192024409375 0.0521083875 0.08605399375 0.04910213333333333 0.091314934375 0.9960718291666667 0.1935275375 0.9950697458333334 0.192024409375 0.0521083875
0 0.24388227499999998 0.08116882916666666 0.20029160625000003 0.075156325 0.19954004375 0.998076 0.24388227499999998 0.998076 0.24388227499999998 0.08116882916666666
0 0.3310636125 0.005010420833333334 0.25365259687499997 0.006012504166666667 0.24989478125 0.9970739125 0.33031204999999997 0.9950697458333334 0.3310636125 0.005010420833333334
0 0.370896465625 0.0030062541666666664 0.33782768124999996 0.0020041666666666667 0.33707611875 0.998076 0.368641775 0.9970739125 0.370896465625 0.0030062541666666664
0 0.3934433625 0.008016675 0.37615740625 0.009018758333333333 0.37465428125 0.9990780833333334 0.394194925 0.998076 0.3934433625 0.008016675
0 0.42651214687500005 0.010020841666666667 0.40471681249999997 0.009018758333333333 0.401710559375 0.9960718291666667 0.42425745625 0.9960718291666667 0.42651214687500005 0.010020841666666667
0 0.446804353125 0.07816257916666666 0.43102152499999996 0.07816257916666666 0.43252465000000007 0.9950697458333334 0.44454966249999994 0.9950697458333334 0.446804353125 0.07816257916666666
0 0.49114658437500003 0.11824595 0.453568421875 0.11724386666666667 0.453568421875 0.9970739125 0.491898146875 0.9970739125 0.49114658437500003 0.11824595
0 0.53849506875 0.11724386666666667 0.49941378125 0.12125220416666667 0.49866221875 0.9990780833333334 0.5407497593749999 0.9970739125 0.53849506875 0.11724386666666667
0 0.5625450937500001 0.07716049166666666 0.5475138281249999 0.08116882916666666 0.5452591375 0.9960718291666667 0.56179353125 0.9960718291666667 0.5625450937500001 0.07716049166666666
0 0.585091990625 0.0791646625 0.5685576 0.0791646625 0.5685576 0.998076 0.584340428125 0.998076 0.585091990625 0.0791646625
0 0.6053842 0.0791646625 0.591856059375 0.08016674583333333 0.591104496875 0.998076 0.602377946875 0.9950697458333334 0.6053842 0.0791646625
0 0.632440475 0.006012504166666667 0.61365139375 0.007014591666666667 0.609142015625 0.9960718291666667 0.627179534375 0.9970739125 0.632440475 0.006012504166666667
0 0.658745190625 0.007014591666666667 0.641459234375 0.007014591666666667 0.633192040625 0.9970739125 0.65122955625 0.9960718291666667 0.658745190625 0.007014591666666667
0 0.677534271875 0.005010420833333334 0.664757696875 0.007014591666666667 0.658745190625 0.9990780833333334 0.6760311437500001 0.9990780833333334 0.677534271875 0.005010420833333334
0 0.69932960625 0.005010420833333334 0.683546778125 0.007014591666666667 0.68204365 0.9960718291666667 0.69932960625 0.998076 0.69932960625 0.005010420833333334
0 0.7188702499999999 0.011022929166666667 0.704590546875 0.010020841666666667 0.7030874218750001 0.9920634916666666 0.720373378125 0.9930655749999999 0.7188702499999999 0.011022929166666667
0 0.739914021875 0.008016675 0.72488275625 0.011022929166666667 0.72563431875 0.9940676624999999 0.742168709375 0.9930655749999999 0.739914021875 0.008016675
0 0.77598905625 0.22647105833333334 0.7481812156250001 0.22546897500000002 0.7481812156250001 0.9940676624999999 0.7797468750000001 0.9940676624999999 0.77598905625 0.22647105833333334
0 0.8188281625 0.22647105833333334 0.7842562531249999 0.22647105833333334 0.7857593781250001 0.9960718291666667 0.820331290625 0.998076 0.8188281625 0.22647105833333334
0 0.86166726875 0.011022929166666667 0.821082853125 0.011022929166666667 0.823337540625 0.9970739125 0.8661766468750001 0.9970739125 0.86166726875 0.011022929166666667
0 0.93757515625 0.01603335 0.8751954062499999 0.0120250125 0.8759469687499999 0.9940676624999999 0.9420845343750001 0.9940676624999999 0.93757515625 0.01603335
0 0.999751984375 0.018849208333333332 0.955612675 0.015031266666666666 0.9548611125 0.9950697458333334 0.9961970906250001 0.9930655749999999 0.999751984375 0.018849208333333332