5 0.15361449375 0.37529447916666664 0.106904009375 0.3760258833333333 0.13585640937500001 0.8932874291666667 0.180251646875 0.889340825 0.15361449375 0.37529447916666664
5 0.189098021875 0.8860085249999999 0.22982633125000002 0.8844075416666667 0.20318918125000002 0.37430782916666666 0.158054053125 0.37529447916666664 0.189098021875 0.8860085249999999
5 0.24536463749999998 0.37430782916666666 0.207628690625 0.37529447916666664 0.234265840625 0.8863808416666666 0.2668223375 0.8834209249999999 0.24536463749999998 0.37430782916666666
5 0.269042065625 0.889340825 0.284580421875 0.889340825 0.26312272187499997 0.37430782916666666 0.24536463749999998 0.37529447916666664 0.269042065625 0.889340825
5 0.284580421875 0.9268336708333333 0.333140990625 0.9261560916666667 0.30677801250000003 0.27860247083333334 0.25942310625 0.28057579166666663 0.284580421875 0.9268336708333333
5 0.3630119875 0.27860247083333334 0.316864946875 0.2794547041666667 0.334155059375 0.9258469875 0.379290234375 0.9258469875 0.3630119875 0.27860247083333334
5 0.39186886875 0.8932874291666667 0.434044325 0.889340825 0.4259052 0.3486548583333333 0.381509965625 0.34766820833333334 0.39186886875 0.8932874291666667
5 0.47148734374999995 0.34889915 0.42812497812499994 0.34766820833333334 0.43626410312499997 0.891314125 0.47695972500000006 0.8883542083333332 0.47148734374999995 0.34889915
5 0.51913513125 0.34964150833333335 0.47400005 0.34964150833333335 0.479179503125 0.8923008125 0.519875121875 0.8903275083333334 0.51913513125 0.34964150833333335
5 0.5479920593750001 0.29438892499999997 0.521943071875 0.2935606083333333 0.5213549093750001 0.8883542083333332 0.547252165625 0.8863808416666666 0.5479920593750001 0.29438892499999997
5 0.58054855625 0.29636222916666666 0.55095173125 0.29636222916666666 0.5502118375 0.889340825 0.5746292125 0.887367525 0.58054855625 0.29636222916666666
5 0.61384494375 0.291428975 0.584248121875 0.291428975 0.577588884375 0.889340825 0.6079256 0.891314125 0.61384494375 0.291428975
5 0.644921653125 0.29438892499999997 0.617544609375 0.29044230833333334 0.6094054843750001 0.889340825 0.637522421875 0.8923008125 0.644921653125 0.29438892499999997
5 0.696910521875 0.3163470666666666 0.65010110625 0.31708195 0.645661546875 0.8903275083333334 0.689316840625 0.891314125 0.696910521875 0.3163470666666666
5 0.694496290625 0.8972340291666666 0.74111125625 0.8962474125 0.749250378125 0.31510865 0.700415634375 0.31609529999999997 0.694496290625 0.8972340291666666
5 0.752949946875 0.9080872166666667 0.7588693906249999 0.9110472000000001 0.823863646875 0.9066248416666667 0.8417404156250001 0.27070925416666664 0.766268521875 0.2726825541666667 0.752949946875 0.9080872166666667
5 0.8705973437500001 0.9080872166666667 0.8898352656249999 0.9090739 0.90019416875 0.9051272958333333 0.903153840625 0.9001940125 0.923961303125 0.3185172041666667 0.841000521875 0.3210285666666667 0.83212150625 0.8972340291666666 0.8491396468750001 0.9071005958333332 0.8705973437500001 0.9080872166666667