4 0 0.508625 0.060535937500000005 0.9313625 0.11329843749999999 0.9231796875 0.024832812500000002 0.30933125 0 0.310825 0 0.508625
4 0.0771234375 0.3059453125 0.024935937499999998 0.31051093750000003 0.11640781250000001 0.9383593749999999 0.161784375 0.9272578125000001 0.0771234375 0.3059453125
4 0.1093640625 0.1854625 0.06238125 0.188384375 0.16281718750000002 0.939053125 0.20430937500000002 0.9369984375 0.1093640625 0.1854625
4 0.3261 0.9105046874999999 0.259025 0.21515468750000002 0.1929515625 0.2138046875 0.1238140625 0.21862343750000002 0.21261562500000003 0.9275656250000001 0.263859375 0.9325890625 0.2804578125 0.9287609375000001 0.301378125 0.9233640624999999 0.3261 0.9105046874999999
4 0.2618859375 0.21728125 0.3350046875 0.90021875 0.3555984375 0.9114906250000001 0.3741734375 0.9098640625 0.3953 0.906828125 0.4154375 0.9026890625 0.43438125000000005 0.8950890625 0.439953125 0.8874703125 0.3863390625 0.21352500000000002 0.367453125 0.2116109375 0.350440625 0.210721875 0.3336359375 0.2121921875 0.3193796875 0.21225156250000002 0.291753125 0.212290625 0.26964062499999997 0.2142265625 0.2618859375 0.21728125
4 0.44116406250000006 0.3002421875 0.401153125 0.30136562499999997 0.4511421875 0.8829265625 0.48726250000000004 0.876953125 0.44116406250000006 0.3002421875
4 0.49697500000000006 0.8872359375000001 0.5626953125 0.8743546875 0.519621875 0.22919843750000002 0.4407015625 0.23272656249999998 0.49697500000000006 0.8872359375000001
4 0.5640515625 0.8694828125 0.6301859375000001 0.8613203125 0.5961796875 0.2282734375 0.52248125 0.2313265625 0.5640515625 0.8694828125
4 0.6364671875 0.31167968749999997 0.605509375 0.3143890625 0.6320578125 0.86234375 0.662146875 0.8590375 0.6364671875 0.31167968749999997
4 0.661925 0.8573546875 0.6903328125 0.8560578124999999 0.67188125 0.309221875 0.6401078124999999 0.31255 0.661925 0.8573546875
4 0.690925 0.3330625 0.675003125 0.33445625 0.69319375 0.8581843750000001 0.7117671875 0.856559375 0.690925 0.3330625
4 0.7128593750000001 0.858840625 0.7278953125000001 0.8575250000000001 0.7130375 0.331128125 0.6935781249999999 0.33283125 0.7128593750000001 0.858840625
4 0.79419375 0.19923437500000002 0.7108125000000001 0.2051734375 0.73190625 0.8524203124999999 0.7557296874999999 0.8598437499999999 0.78393125 0.8561875000000001 0.7941328125 0.8505421875 0.8000140625000001 0.8464609375000001 0.79419375 0.19923437500000002
4 0.8016796875000001 0.8451265625 0.8110406250000001 0.85025 0.82618125 0.8501140625 0.8449625 0.8508484375 0.85823125 0.8496874999999999 0.8714546875 0.8378343750000001 0.8748906249999999 0.1945515625 0.8038203125000001 0.1972046875 0.79871875 0.2000265625 0.8016796875000001 0.8451265625
4 0.88445625 0.8438281249999999 0.8999062500000001 0.8472296874999999 0.9140593750000001 0.8459921874999999 0.9326343749999999 0.8443671875 0.9415374999999999 0.8340796875 0.960115625 0.1906609375 0.9401390624999999 0.186465625 0.92265625 0.1903734375 0.907309375 0.18814999999999998 0.8975796875000001 0.1890015625 0.885925 0.189853125 0.8760828125 0.83980625 0.88445625 0.8438281249999999