6 0.052851562500000004 0.33139375000000004 0.0081671875 0.3314390625 0.06439375 0.872475 0.1087890625 0.8689234375 0.052851562500000004 0.33139375000000004
6 0.11056406249999999 0.8677390624999999 0.152296875 0.8677390624999999 0.1034609375 0.3337625 0.056403125 0.332578125 0.11056406249999999 0.8677390624999999
6 0.1567359375 0.8701078125 0.19313906249999999 0.8665546875000001 0.14696875 0.3302109375 0.10523750000000001 0.3337625 0.1567359375 0.8701078125
6 0.20201875 0.370465625 0.154071875 0.37165 0.196690625 0.8665546875000001 0.2401984375 0.8653718749999999 0.20201875 0.370465625
6 0.2535171875 0.3680984375 0.2064578125 0.36928125 0.24286249999999998 0.8641875000000001 0.28281875 0.863003125 0.2535171875 0.3680984375
6 0.2943609375 0.8511640625 0.3382453125 0.8457625 0.3085671875 0.3361296875 0.262396875 0.3337625 0.2943609375 0.8511640625
6 0.33964375 0.8547156250000001 0.3636171875 0.8582671875000001 0.3787125 0.8558999999999999 0.38315156250000004 0.8511640625 0.36628125 0.35270625 0.31034375000000003 0.35507343750000003 0.33964375 0.8547156250000001
6 0.46217499999999995 0.381121875 0.372425 0.3822203125 0.3840390625 0.8594515625 0.4648390625 0.8558999999999999 0.46217499999999995 0.381121875
6 0.4657265625 0.85353125 0.47638125000000003 0.8594515625 0.4888125 0.8594515625 0.5056828125 0.8558999999999999 0.5101218750000001 0.3195546875 0.46839062499999995 0.3207390625 0.4657265625 0.85353125
6 0.5083453125 0.8547156250000001 0.550965625 0.852346875 0.55718125 0.31837031250000003 0.511009375 0.3195546875 0.5083453125 0.8547156250000001
6 0.6184453125 0.3503375 0.5607328125000001 0.3491546875 0.553628125 0.85353125 0.6033515625 0.8547156250000001 0.6184453125 0.3503375
6 0.6832625 0.3456015625 0.6246609375000001 0.3491546875 0.6095671874999999 0.8511640625 0.6619531249999999 0.852346875 0.6832625 0.3456015625
6 0.7480796875 0.3456015625 0.6930296874999999 0.3491546875 0.6663921875 0.8547156250000001 0.7143390625 0.8452437500000001 0.7480796875 0.3456015625
6 0.7676140625000001 0.37875312499999997 0.7463046875 0.37875312499999997 0.716115625 0.835771875 0.737425 0.833403125 0.7676140625000001 0.37875312499999997
6 0.7365375000000001 0.835771875 0.7601203125 0.83404375 0.7960265625 0.3775703125 0.7693890624999999 0.3775703125 0.7365375000000001 0.835771875