5 0.040873325 0.2126736125 0.00843048125 0.2159288208333333 0.081553340625 0.80078125 0.10677495 0.8029513875000001 0.040873325 0.2126736125
5 0.066908534375 0.2159288208333333 0.049934387499999996 0.21809895833333334 0.11491095312499999 0.7975260416666666 0.12874215625000002 0.7986111124999999 0.066908534375 0.2159288208333333
5 0.11979255625 0.1746961791666667 0.061327615625 0.17144097083333334 0.13362375937499998 0.830078125 0.178371775 0.8279079874999999 0.11979255625 0.1746961791666667
5 0.23044219375 0.8051215291666666 0.19301658125 0.2897135416666667 0.149218240625 0.2897135416666667 0.19301658125 0.8116319458333333 0.22474699375 0.8094618041666667 0.23044219375 0.8051215291666666
5 0.271935809375 0.80078125 0.2418326 0.2907986125 0.19886016875 0.2897135416666667 0.234510196875 0.8094618041666667 0.267054209375 0.8062065958333334 0.271935809375 0.80078125
5 0.311802225 0.8029513875000001 0.28983501562499997 0.29405382083333337 0.285767015625 0.29188367916666663 0.246874490625 0.29296875 0.2760038125 0.8094618041666667 0.30529342187499997 0.8062065958333334 0.311802225 0.8029513875000001
5 0.336210234375 0.3255208333333333 0.30139923125 0.3255208333333333 0.319938228125 0.7454427083333334 0.3508550375 0.7443576375000001 0.336210234375 0.3255208333333333
5 0.37689025 0.32335069583333337 0.339647928125 0.322265625 0.352482240625 0.7486979166666666 0.386653453125 0.7476128458333334 0.37689025 0.32335069583333337
5 0.41024785937499997 0.3363715291666667 0.37952423125 0.33311632083333337 0.388280653125 0.7465277791666666 0.41350226250000005 0.7465277791666666 0.41024785937499997 0.3363715291666667
5 0.44848707499999996 0.7845052083333334 0.44604627499999994 0.3396267375 0.41024785937499997 0.34071180416666663 0.41431586249999997 0.7834201375000001 0.438723871875 0.7855902791666666 0.44848707499999996 0.7845052083333334
5 0.4810310875 0.7931857625000001 0.491607890625 0.7899305541666667 0.49974389375 0.7877604166666666 0.5005574937499999 0.2463107625 0.49811669375 0.24739583333333334 0.48021748750000004 0.2463107625 0.46638628125 0.2463107625 0.454995878125 0.24739583333333334 0.457436678125 0.7899305541666667 0.46964068125 0.7921006958333333 0.4810310875 0.7931857625000001
5 0.544491909375 0.2973090291666667 0.5089187625 0.2973090291666667 0.5005574937499999 0.7845052083333334 0.53228790625 0.78125 0.544491909375 0.2973090291666667
5 0.543678309375 0.7703993041666667 0.5526279125 0.7682291666666666 0.560763915625 0.7649739583333334 0.576222321875 0.2701822916666667 0.573781521875 0.2701822916666667 0.561577515625 0.27235242916666663 0.545305509375 0.2712673625 0.53472870625 0.7638888875000001 0.5371695062499999 0.7660590291666666 0.543678309375 0.7703993041666667
5 0.6225975375 0.2962239583333333 0.584358325 0.2962239583333333 0.564018315625 0.7823350708333333 0.59900313125 0.7823350708333333 0.6225975375 0.2962239583333333
5 0.666531953125 0.2962239583333333 0.627479140625 0.2962239583333333 0.60225753125 0.7801649291666667 0.63317434375 0.78125 0.666531953125 0.2962239583333333
5 0.65606734375 0.7845052083333334 0.6666441468750001 0.7823350708333333 0.67152575 0.7769097208333334 0.7154601656249999 0.2788628458333333 0.703256159375 0.28211805416666663 0.69186575625 0.2810329875 0.682102553125 0.2810329875 0.671679178125 0.2799479166666667 0.6373545375 0.7790798624999999 0.6430497374999999 0.7845052083333334 0.65606734375 0.7845052083333334
5 0.8025153968750001 0.2625868041666667 0.724576315625 0.2604166666666667 0.6804753531250001 0.7823350708333333 0.741495375 0.7801649291666667 0.8025153968750001 0.2625868041666667
5 0.882248225 0.2604166666666667 0.8106514 0.2593315958333334 0.7496313781249999 0.7769097208333334 0.8114649999999999 0.7725694458333333 0.882248225 0.2604166666666667
5 0.9367594468749999 0.2962239583333333 0.8897781374999999 0.2951388875 0.817160203125 0.7736545125000001 0.8594674187500001 0.771484375 0.9367594468749999 0.2962239583333333