5 0.07584320624999999 0.20941840416666666 0.048306784375 0.20941840416666666 0.046553596875 0.8246527791666666 0.07421600625 0.8257378458333334 0.07584320624999999 0.20941840416666666
5 0.10757361875 0.21050347083333334 0.080045065625 0.20941840416666666 0.07584320624999999 0.8279079874999999 0.10513281562500001 0.8257378458333334 0.10757361875 0.21050347083333334
5 0.135236028125 0.2680121541666667 0.139304028125 0.2647569458333333 0.14011763125 0.21484375 0.111783346875 0.21158854166666666 0.10513281562500001 0.8289930541666667 0.132795228125 0.8268229166666666 0.135236028125 0.2680121541666667
5 0.187306446875 0.8344184041666666 0.190560846875 0.8344184041666666 0.188933646875 0.2669270833333333 0.137011209375 0.2690972208333333 0.134422428125 0.8355034708333334 0.1612712375 0.8355034708333334 0.187306446875 0.8344184041666666
5 0.23867364375000003 0.2625868041666667 0.20775683125 0.2647569458333333 0.190722146875 0.2658420125 0.19218805 0.8387586791666667 0.24019046562500002 0.8452690958333334 0.23867364375000003 0.2625868041666667
5 0.288192884375 0.1345486125 0.26721954375 0.13346354166666666 0.28175450625 0.8528645833333334 0.302837690625 0.8506944458333333 0.288192884375 0.1345486125
5 0.310160090625 0.1345486125 0.29163360625 0.13346354166666666 0.308532890625 0.8550347208333334 0.3296865 0.8517795125000001 0.310160090625 0.1345486125
5 0.3646713125 0.22026909583333334 0.322558084375 0.21918402916666666 0.3345681 0.8387586791666667 0.37931611875 0.8355034708333334 0.3646713125 0.22026909583333334
5 0.42894573437499994 0.8355034708333334 0.412673728125 0.21809895833333334 0.3722000125 0.21918402916666666 0.38419771875 0.8387586791666667 0.425691334375 0.8387586791666667 0.42894573437499994 0.8355034708333334
5 0.446844940625 0.21918402916666666 0.41940053437499997 0.21918402916666666 0.4313865375 0.8441840291666666 0.45904894687500003 0.8420138875000001 0.446844940625 0.21918402916666666
5 0.47623827187499995 0.21918402916666666 0.4510166625 0.22026909583333334 0.461489746875 0.8409288208333333 0.48833855625 0.8409288208333333 0.47623827187499995 0.21918402916666666
5 0.5209929468750001 0.8474392374999999 0.53319695 0.8441840291666666 0.5218065468749999 0.21484375 0.506348140625 0.21484375 0.48287709687499997 0.2126736125 0.49251693437500005 0.8452690958333334 0.506348140625 0.8474392374999999 0.5209929468750001 0.8474392374999999
5 0.5698089625 0.2159288208333333 0.5519097562499999 0.2137586791666667 0.540519353125 0.2137586791666667 0.5284500125 0.2137586791666667 0.537264953125 0.8474392374999999 0.578758565625 0.8474392374999999 0.5698089625 0.2159288208333333
5 0.639778590625 0.8572048624999999 0.629201784375 0.23871527916666666 0.6194385812500001 0.23763020833333334 0.597471375 0.2365451375 0.58038576875 0.2365451375 0.5893353718750001 0.8626302083333334 0.6267609843749999 0.859375 0.639778590625 0.8572048624999999
5 0.6902218062500001 0.8658854166666666 0.7040530125 0.8615451375000001 0.692662609375 0.2267795125 0.6658138 0.2256944458333333 0.642219390625 0.2235243041666667 0.6503553937500001 0.8669704874999999 0.667441 0.869140625 0.6902218062500001 0.8658854166666666
5 0.737410625 0.869140625 0.75449623125 0.8669704874999999 0.761818634375 0.8582899291666667 0.75286903125 0.23003472083333334 0.742292228125 0.2256944458333333 0.71951141875 0.2256944458333333 0.70178985625 0.2256944458333333 0.708934615625 0.8658854166666666 0.72195221875 0.869140625 0.737410625 0.869140625
5 0.813889053125 0.234375 0.8098210531250001 0.22786458333333334 0.800871446875 0.2256944458333333 0.766080221875 0.2267795125 0.7732090375 0.8745659708333334 0.8236522562499999 0.8680555541666667 0.813889053125 0.234375
5 0.864332271875 0.2354600708333333 0.85863706875 0.2322048625 0.817143453125 0.23003472083333334 0.82690665625 0.8669704874999999 0.8757226749999999 0.8637152791666666 0.864332271875 0.2354600708333333
5 0.930233896875 0.23111979166666666 0.886522928125 0.22786458333333334 0.8960626843749999 0.8713107625000001 0.9424379 0.8648003458333334 0.930233896875 0.23111979166666666
5 0.9432515 0.2322048625 0.9386062624999999 0.2332899291666667 0.948946703125 0.869140625 0.9562691062500001 0.869140625 0.9432515 0.2322048625
5 0.9530147031249999 0.2322048625 0.947558084375 0.2332899291666667 0.96196430625 0.8669704874999999 0.9684731093750001 0.869140625 0.9530147031249999 0.2322048625