4 0 0.3621359375 0.1385640625 0.9247078125 0.1656671875 0.9190687499999999 0.01814375 0.32066249999999996 0 0.3251859375 0 0.3621359375
4 0.16777031250000002 0.9207812499999999 0.195665625 0.9115890625 0.0491953125 0.3140390625 0.022221875 0.319646875 0.16777031250000002 0.9207812499999999
4 0.196453125 0.914746875 0.22276875000000002 0.90595 0.0899484375 0.363146875 0.0931078125 0.35900468750000003 0.081821875 0.310378125 0.053542187500000005 0.3140734375 0.196453125 0.914746875
4 0.226446875 0.9139781250000001 0.2524984375 0.9074828125 0.2774984375 0.9001328125000001 0.28065625 0.8993453125 0.1417875 0.3491046875 0.0919328125 0.36377031249999997 0.226446875 0.9139781250000001
4 0.189 0.332859375 0.1595265625 0.3424453125 0.1432609375 0.34761875 0.283284375 0.9031625 0.3314359375 0.8978671874999999 0.189 0.332859375
4 0.373603125 0.89518125 0.393534375 0.887975 0.2060734375 0.1966453125 0.18546093749999998 0.200665625 0.373603125 0.89518125
4 0.40011093750000004 0.8908093750000001 0.41984843749999995 0.8825328125 0.2273890625 0.19133125 0.20915 0.194759375 0.40011093750000004 0.8908093750000001
4 0.42143593749999997 0.8687171875 0.4640671875 0.8547343749999999 0.30101875 0.2613171875 0.25989375 0.270453125 0.42143593749999997 0.8687171875
4 0.512221875 0.8427265625 0.3470703125 0.2475984375 0.30806093749999997 0.25844374999999997 0.46959062500000004 0.8567109374999999 0.5098515625 0.8466734375 0.512221875 0.8427265625
4 0.5166906250000001 0.8505593749999999 0.54300625 0.8417609374999999 0.38048906250000003 0.240384375 0.353859375 0.247025 0.5166906250000001 0.8505593749999999
4 0.5451125 0.84011875 0.5711625 0.8336234375 0.40900781249999996 0.23327343749999999 0.3847984375 0.240428125 0.5451125 0.84011875
4 0.4371734375 0.221778125 0.413875 0.2253515625 0.5762671874999999 0.8368234375 0.5902125 0.8355828125 0.604421875 0.832040625 0.6154765624999999 0.8259296875000001 0.45217343750000005 0.2180390625 0.4371734375 0.221778125
4 0.6202109375 0.8281031249999999 0.660471875 0.818065625 0.49901249999999997 0.207478125 0.4811203125 0.20970312500000002 0.47006718750000004 0.21245937499999998 0.45835625 0.21537812500000003 0.6202109375 0.8281031249999999
4 0.530840625 0.22079062500000002 0.5142625 0.2249234375 0.674409375 0.8302468749999999 0.7099359375 0.8180343750000001 0.7220421875 0.812778125 0.562153125 0.2152203125 0.5524171875 0.21652812500000002 0.530840625 0.22079062500000002
4 0.594528125 0.193728125 0.571109375 0.19733125 0.7346671875 0.8196953125 0.7517703124999999 0.8176671875 0.7730875 0.8089984375 0.7854578125 0.801440625 0.6208421875 0.1882859375 0.594528125 0.193728125
4 0.8357140624999999 0.7945015625 0.8407203125 0.7843078125 0.680046875 0.1768796875 0.668734375 0.1752265625 0.64663125 0.1807375 0.6294359375 0.185025 0.79124375 0.804471875 0.8046625000000001 0.8044796875 0.8196609374999999 0.8007406250000001 0.8357140624999999 0.7945015625
4 0.855709375 0.79734375 0.9030796875 0.7788234375 0.7403046875 0.166328125 0.7347828125 0.16099531250000002 0.7255734375 0.16105468750000002 0.692078125 0.17052499999999998 0.855709375 0.79734375
4 0.7895125000000001 0.155178125 0.7831984375000001 0.15339687500000002 0.7424125 0.1613296875 0.905975 0.776984375 0.952553125 0.762015625 0.7895125000000001 0.155178125
4 1 0.6819046875 0.8524062499999999 0.1350234375 0.8092062500000001 0.1424390625 0.9741265625000001 0.7644656249999999 1 0.754015625 1 0.6819046875
4 1 0.62970625 0.8653000000000001 0.13292656249999998 0.8610546875 0.135103125 1 0.6561390625 1 0.62970625
4 1 0.5855015625 0.8747734375 0.130565625 0.869740625 0.1329375 1 0.6090093750000001 1 0.5855015625