4 0.8051546875 0.7747531249999999 0.7977140625 0.7287125 0.40731406249999996 0.7902515625000001 0.4097109375 0.830703125 0.8051546875 0.7747531249999999
4 0.7950046875 0.7264125 0.787578125 0.6843250000000001 0.40265000000000006 0.747840625 0.406021875 0.7884546875 0.7950046875 0.7264125
4 0.7714218749999999 0.6128421875 0.4009578125 0.7119890625 0.40725 0.743009375 0.784525 0.6453453125 0.7714218749999999 0.6128421875
4 0.7767031249999999 0.6089890625 0.7638125 0.5775750000000001 0.3952265625 0.6786187499999999 0.40230468750000004 0.7111625 0.7767031249999999 0.6089890625
4 0.76016875 0.547190625 0.363371875 0.6582390625000001 0.368078125 0.682228125 0.770440625 0.5728953125 0.76016875 0.547190625
4 0.7662828125 0.5437406250000001 0.7552828125 0.518178125 0.3576125 0.6326562499999999 0.36512812499999997 0.6556375 0.7662828125 0.5437406250000001
4 0.3331546875 0.630759375 0.337640625 0.6365375 0.3421125 0.6380640625 0.7634703125 0.5137609375000001 0.7623953125 0.5043578125 0.7550734375 0.489953125 0.3300828125 0.6149625000000001 0.3331546875 0.630759375
4 0.33795312499999997 0.608909375 0.3401328125 0.6084859375 0.7589015625 0.48638125 0.7571921875000001 0.47371093750000004 0.7517609375000001 0.46515625 0.7469781249999999 0.46382500000000004 0.3262421875 0.5874421875 0.3278453125 0.5995671875 0.3316125 0.607315625 0.33410937500000004 0.6085265625 0.33795312499999997 0.608909375
4 0.7405484375 0.43850468749999993 0.3369125 0.55314375 0.33443125 0.5558875 0.33529375 0.5642 0.3391671875 0.5724921875 0.3423375 0.579665625 0.749778125 0.46271562499999996 0.7474640625 0.4546859375 0.7453609375 0.44774531250000005 0.7405484375 0.43850468749999993
4 0.743515625 0.42662187500000004 0.73921875 0.41615 0.7343171875000001 0.41031874999999995 0.32868437500000003 0.5185625 0.3288046875 0.5230625 0.33111875 0.5310921875 0.33341875 0.5351671875 0.33340312499999997 0.5422296875 0.338125 0.5438640625 0.7436515625 0.435075 0.743515625 0.42662187500000004
4 0.7342109375 0.4097734375 0.735225 0.4033578125 0.73446875 0.395590625 0.731125 0.390021875 0.3648546875 0.47195937499999996 0.36838906250000003 0.49190468750000005 0.7342109375 0.4097734375
4 0.3605703125 0.44741406250000004 0.3601203125 0.4553546875 0.363796875 0.4665109375 0.7321546875 0.3875609375 0.7311859375 0.37870312500000003 0.7269953124999999 0.3687765625 0.726784375 0.3676875 0.3605703125 0.44741406250000004
4 0.7322765625 0.3649234375 0.7266953125 0.3439609375 0.3298984375 0.4303703125 0.33392499999999997 0.4485734375 0.7322765625 0.3649234375
4 0.3300078125 0.42841874999999996 0.7266953125 0.3439609375 0.72221875 0.324321875 0.7242296875 0.3235234375 0.3261953125 0.4088078125 0.3300078125 0.42841874999999996
4 0.323215625 0.3896 0.3253625 0.40840468750000003 0.7242296875 0.3235234375 0.7188578125 0.30315625 0.323215625 0.3896
4 0.723990625 0.2873890625 0.7170015624999999 0.25143593750000004 0.23938437499999998 0.3528328125 0.24584062499999998 0.38711562499999996 0.723990625 0.2873890625
4 0.7097875 0.21043906250000002 0.2345421875 0.3096 0.2380875 0.3418921875 0.7151109375 0.24558437500000002 0.7097875 0.21043906250000002
4 0.69754375 0.21338437500000002 0.6967734375 0.20166093749999997 0.327278125 0.28040937499999996 0.327309375 0.2904375 0.69754375 0.21338437500000002
4 0.69624375 0.1989375 0.693975 0.175634375 0.32239375 0.2535171875 0.32543125 0.275171875 0.69624375 0.1989375
4 0.6888015625 0.152896875 0.2977140625 0.2351359375 0.30021875 0.25209375 0.691978125 0.1692390625 0.6920546875 0.161875 0.6888015625 0.152896875
4 0.6906640625 0.1508390625 0.6866546875 0.13409374999999998 0.29517812499999996 0.21763125 0.2986515625 0.23608437499999999 0.6906640625 0.1508390625
4 0.6842640624999999 0.133428125 0.680134375 0.11218281249999999 0.292134375 0.1977046875 0.29723125 0.21713906249999998 0.6842640624999999 0.133428125
4 0.6800515625 0.1121421875 0.6767531250000001 0.0913 0.29014531250000003 0.177190625 0.2940625 0.197346875 0.6800515625 0.1121421875