0 0.136698425 0.9780285291666666 0.023697646875 0.12930324166666668 0.000934896875 0.13038718333333332 0 0.34375 0.0919858875 0.9877839916666667 0.136698425 0.9780285291666666
0 0.07816564687500001 0.265879725 0.042395615625 0.26046002500000004 0.13263365 0.9845321708333333 0.161087084375 0.97586065 0.07816564687500001 0.265879725
0 0.10743203750000001 0.24203303750000002 0.074913828125 0.2517885 0.16515185937500002 0.9867000499999999 0.190353471875 0.9845321708333333 0.10743203750000001 0.24203303750000002
0 0.1383243375 0.2539563833333333 0.108244990625 0.2517885 0.190353471875 0.9867000499999999 0.221245771875 0.9823642916666666 0.1383243375 0.2539563833333333
0 0.18791460625 0.15965357083333334 0.12775591875 0.16615721666666666 0.21718099687499998 0.9736927666666666 0.271649 0.9693570083333333 0.18791460625 0.15965357083333334
0 0.21718099687499998 0.15531781249999999 0.18791460625 0.15640175 0.26433239999999997 0.9704409458333333 0.30172834375 0.9639373041666667 0.21718099687499998 0.15531781249999999
0 0.262706490625 0.15423387083333334 0.21718099687499998 0.15206599166666665 0.299289478125 0.9661051875 0.322865178125 0.9639373041666667 0.262706490625 0.15423387083333334
0 0.28953401562500003 0.15206599166666665 0.252951028125 0.15640175 0.324491090625 0.9606854833333334 0.355383390625 0.9574336625 0.28953401562500003 0.15206599166666665
0 0.352944525 0.232277575 0.293598790625 0.23444545416666665 0.34644088125 0.9639373041666667 0.3976570625 0.9530978999999999 0.352944525 0.232277575
0 0.43667891562500005 0.9325030333333333 0.3879016 0.23010969583333332 0.354570434375 0.23119363333333334 0.396031153125 0.9541818416666668 0.43505300625 0.9498460791666666 0.43667891562500005 0.9325030333333333
0 0.42367163124999996 0.21927029166666667 0.385462734375 0.2225221125 0.43424005 0.9530978999999999 0.46513235 0.9455103208333333 0.42367163124999996 0.21927029166666667
0 0.466758259375 0.22143817083333334 0.42285867499999996 0.22143817083333334 0.465945303125 0.9411745583333333 0.50090238125 0.9325030333333333 0.466758259375 0.22143817083333334
0 0.507406021875 0.21168270833333333 0.466758259375 0.22035423333333334 0.503341246875 0.9444263791666666 0.537485365625 0.9325030333333333 0.507406021875 0.21168270833333333
0 0.55537038125 0.23010969583333332 0.508218978125 0.22902575416666665 0.5366724125 0.9335869750000001 0.578133128125 0.9238315125 0.55537038125 0.23010969583333332
0 0.593579278125 0.22035423333333334 0.552931515625 0.22468999166666667 0.5716294875 0.9249154541666668 0.609025428125 0.91407605 0.593579278125 0.22035423333333334
0 0.6334140875000001 0.23986515833333336 0.5960181437500001 0.23769727916666666 0.6139031593750001 0.9227475708333334 0.64316955 0.9205796916666666 0.6334140875000001 0.23986515833333336
0 0.687069134375 0.23552939583333332 0.630162265625 0.23769727916666666 0.64398250625 0.9205796916666666 0.6919468656250001 0.9097402875 0.687069134375 0.23552939583333332
0 0.7187743875 0.226857875 0.6854432218750001 0.226857875 0.691133909375 0.9086563458333334 0.7147096125 0.8989008833333333 0.7187743875 0.226857875
0 0.764299884375 0.058847120833333336 0.71958734375 0.06426682083333334 0.717148478125 0.9097402875 0.752105553125 0.9043205875000001 0.764299884375 0.058847120833333336
0 0.79681809375 0.22143817083333334 0.7634869281250001 0.2225221125 0.748853734375 0.9032366458333333 0.778933078125 0.9010687666666667 0.79681809375 0.22143817083333334
0 0.8252715281249999 0.21818635 0.799256959375 0.21601847083333334 0.782184896875 0.8978169458333334 0.809825378125 0.8956490625 0.8252715281249999 0.21818635
0 0.863480425 0.21927029166666667 0.830149259375 0.22035423333333334 0.81226424375 0.8913133 0.843969496875 0.8869775416666666 0.863480425 0.21927029166666667
0 0.9016893218750001 0.18133237916666667 0.8602286031249999 0.1878360208333333 0.8431565437499999 0.8913133 0.87404884375 0.8815578375 0.9016893218750001 0.18133237916666667
0 0.9350204874999999 0.1845842 0.8984375 0.1845842 0.87404884375 0.8880614791666667 0.9041281874999999 0.8848096583333334 0.9350204874999999 0.1845842
0 0.979733025 0.1802484375 0.93989821875 0.18133237916666667 0.9057540968750001 0.8761381375 0.93827230625 0.8685505541666667 0.979733025 0.1802484375
0 0.98461075625 0.061015 0.937459353125 0.8696344958333333 0.97079051875 0.871802375 0.999747984375 0.5124327958333333 0.9992439531249999 0.058847120833333336 0.98461075625 0.061015