6 0.6596437500000001 0.3207953125 0.612190625 0.3238703125 0.608715625 0.691265625 0.63649375 0.6846515625 0.6560625 0.683071875 0.659721875 0.3240734375 0.6596437500000001 0.3207953125
6 0.52363125 0.339621875 0.5301140625 0.66659375 0.5699390625 0.665459375 0.5652999999999999 0.33754375 0.5463078125 0.3383 0.52363125 0.339621875
6 0.504515625 0.33549687499999997 0.4883578125 0.337575 0.4919546875 0.65991875 0.5079703125 0.6602953125 0.5244109375 0.66010625 0.5189734374999999 0.33647499999999997 0.504515625 0.33549687499999997
6 0.457196875 0.341084375 0.43792187499999996 0.3420296875 0.4492234375 0.662928125 0.46467187499999996 0.659715625 0.47586874999999995 0.6595265625 0.467509375 0.3422625 0.457196875 0.341084375
6 0.4720375 0.34295156250000003 0.47771093750000004 0.657696875 0.490890625 0.6567515625 0.48577812500000006 0.344409375 0.47969062500000004 0.3416296875 0.4720375 0.34295156250000003
6 0.7233453125 0.6636234375 0.747696875 0.657765625 0.755625 0.31820781249999996 0.726003125 0.3200984375 0.6981640625 0.32572812500000003 0.6889640625 0.67439375 0.7233453125 0.6636234375
6 0.8122515625 0.253803125 0.750496875 0.2565515625 0.7483703125 0.31343125 0.7555984375 0.31834375000000004 0.7458921875 0.65214375 0.776646875 0.6578140625 0.7988984375 0.65214375 0.8122515625 0.253803125
6 0.3907015625 0.288809375 0.40578906249999996 0.6745 0.431590625 0.6738500000000001 0.4166671875 0.290178125 0.4057234375 0.2865421875 0.3907015625 0.288809375
6 0.43349843750000006 0.6577515625 0.4387140625 0.6597859374999999 0.44551718749999997 0.655628125 0.4327875 0.3265546875 0.42218437499999995 0.326146875 0.43349843750000006 0.6577515625
6 0.3762765625 0.2855703125 0.3642296875 0.2855703125 0.377775 0.6730640625000001 0.3899640625 0.6745765625 0.4041359375 0.6717421875 0.3881453125 0.28521874999999997 0.3762765625 0.2855703125
6 0.347896875 0.3169828125 0.3332984375 0.31925 0.35321875 0.6713875 0.36441406249999997 0.673465625 0.3792953125 0.668175 0.359003125 0.3191140625 0.347896875 0.3169828125
6 0.3518234375 0.669871875 0.329946875 0.32569375 0.3295015625 0.32637499999999997 0.3275171875 0.3269421875 0.3163203125 0.32618593749999997 0.30143906249999997 0.3293984375 0.32135156249999997 0.6713843749999999 0.3346734375 0.6732734375 0.3518234375 0.669871875
6 0.2873171875 0.3325328125 0.310478125 0.6759375000000001 0.3211078125 0.6725359375 0.29761875 0.329034375 0.2912859375 0.3293203125 0.2873171875 0.3325328125
6 0.2703609375 0.348465625 0.25448750000000003 0.35054375000000004 0.2752515625 0.6702703125 0.291525 0.6707859375 0.30725625 0.67021875 0.2864578125 0.35135625 0.2703609375 0.348465625
6 0.24396093749999997 0.3501171875 0.227378125 0.35200624999999997 0.2502796875 0.6704171875 0.259209375 0.6715515625 0.27295625 0.6702281250000001 0.2517359375 0.3505296875 0.24396093749999997 0.3501171875
6 0.24851562500000002 0.676621875 0.2232140625 0.33647499999999997 0.2110953125 0.332378125 0.23391718749999998 0.6773781249999999 0.24851562500000002 0.676621875
6 0.19083125 0.3458890625 0.16276875 0.3474015625 0.190034375 0.6782421875 0.2149796875 0.675596875 0.23397031250000003 0.6725734375 0.21019375 0.34804843750000003 0.19083125 0.3458890625
6 0.137484375 0.3552375 0.1673546875 0.67665 0.18861406249999998 0.6751390625 0.1599453125 0.35300937499999996 0.1517984375 0.353915625 0.137484375 0.3552375
6 0.12206718750000001 0.353909375 0.103784375 0.35636718749999996 0.1332671875 0.67944375 0.149990625 0.6769875 0.165296875 0.6758531249999999 0.1345234375 0.3546625 0.12206718750000001 0.353909375
6 0.1131609375 0.3185265625 0.115853125 0.3283515625 0.11557031250000001 0.35405156249999997 0.337896875 0.276125 0.3344359375 0.238065625 0.1131609375 0.3185265625
6 0.424128125 0.23667031249999998 0.42597031249999995 0.2604796875 0.40457031250000003 0.2752203125 0.6243546875 0.2893515625 0.6285515625 0.253740625 0.424128125 0.23667031249999998
6 0.08680625 0.31580625 0.08711250000000001 0.314259375 0.056215625000000005 0.311046875 0.012446875 0.31388125 0.057582812500000004 0.693403125 0.0874875 0.6903796875 0.1237703125 0.6841437499999999 0.08680625 0.31580625
6 0.001240625 0.394121875 0.038953125 0.6910499999999999 0.056668750000000004 0.6878375 0.0186015625 0.3629296875 0.00053125 0.3614296875 0.001240625 0.394121875
6 0.799959375 0.6498515625 0.8105890625000001 0.6490953125 0.8250453125 0.6479609375 0.8407734375 0.266203125 0.8137078125 0.26589375 0.799959375 0.6498515625
6 0.8645046875 0.6575703125000001 0.8815109375000001 0.6519 0.9009750000000001 0.2468765625 0.87560625 0.24649843749999997 0.8510234375 0.2505484375 0.8377515624999999 0.65616875 0.8645046875 0.6575703125000001