6 0.06109375 0.1878359375 0.018006249999999998 0.1954234375 0.06353281250000001 0.93900625 0.1074328125 0.9400906250000001 0.06109375 0.1878359375
6 0.11149687500000001 0.19108750000000002 0.0651578125 0.184584375 0.10580624999999999 0.9357546875 0.15051874999999998 0.93900625 0.11149687500000001 0.19108750000000002
6 0.1610875 0.1249671875 0.1025546875 0.1249671875 0.1545828125 0.9303343749999999 0.1984828125 0.9292515625 0.1610875 0.1249671875
6 0.213115625 0.1260515625 0.16433906250000002 0.12279999999999999 0.1976703125 0.9379234375 0.24400781249999998 0.9357546875 0.213115625 0.1260515625
6 0.2659578125 0.0870296875 0.21149062500000002 0.0870296875 0.23750468749999998 0.9422578125 0.290346875 0.9422578125 0.2659578125 0.0870296875
6 0.3220515625 0.0957015625 0.2773390625 0.0957015625 0.289534375 0.9422578125 0.345628125 0.9433421875000001 0.3220515625 0.0957015625
6 0.3724546875 0.27671875 0.32936875 0.2788875 0.3537578125 0.9487625 0.390340625 0.9487625 0.3724546875 0.27671875
6 0.424484375 0.28430625 0.378959375 0.2875578125 0.389528125 0.9422578125 0.43505312500000004 0.9422578125 0.424484375 0.28430625
6 0.46757187499999997 0.2897265625 0.425296875 0.29189375 0.44074375000000005 0.9455109374999999 0.47244843750000004 0.9509296875000001 0.46757187499999997 0.2897265625
6 0.5049671874999999 0.29514687500000003 0.46757187499999997 0.2908109375 0.4748875 0.9509296875000001 0.514721875 0.9541812500000001 0.5049671874999999 0.29514687500000003
6 0.55130625 0.2983984375 0.513096875 0.2962296875 0.5228515625 0.9541812500000001 0.5667515625 0.9520140625 0.55130625 0.2983984375
6 0.59764375 0.300565625 0.5553703125 0.30381718750000003 0.568378125 0.9498453124999999 0.6000828125 0.9465937500000001 0.59764375 0.300565625
6 0.6391046874999999 0.30165000000000003 0.6000828125 0.30165000000000003 0.6041484374999999 0.955265625 0.647234375 0.9585171875 0.6391046874999999 0.30165000000000003
6 0.6895078125 0.300565625 0.6439828125 0.3049015625 0.6496734375 0.9563499999999999 0.6935734375 0.9585171875 0.6895078125 0.300565625
6 0.7334078125 0.30815312499999997 0.6886953124999999 0.30706875 0.6951984375 0.9606859375000001 0.7382859374999999 0.9574343750000001 0.7334078125 0.30815312499999997
6 0.7781203125 0.31248906249999997 0.736659375 0.31248906249999997 0.7415375 0.9574343750000001 0.7773078124999999 0.9585171875 0.7781203125 0.31248906249999997
6 0.81958125 0.21276718749999998 0.7846234375 0.20843124999999998 0.7789328125 0.9585171875 0.8090125 0.9585171875 0.81958125 0.21276718749999998
6 0.8594156249999999 0.2192703125 0.8268968750000001 0.22252187499999998 0.8122640625 0.9596015625 0.8415312500000001 0.955265625 0.8594156249999999 0.2192703125
6 0.9008765625 0.22360625 0.8626671874999999 0.2214375 0.8423437500000001 0.9617687500000001 0.8813656249999999 0.9574343750000001 0.9008765625 0.22360625
6 0.9415234375000001 0.2257734375 0.9016890625 0.22685781249999998 0.8797390625 0.9639374999999999 0.90900625 0.9617687500000001 0.9415234375000001 0.2257734375
6 0.970790625 0.2647953125 0.9390859375 0.2658796875 0.9081921875000001 0.955265625 0.9398984374999999 0.9563499999999999 0.970790625 0.2647953125
6 0.9997484375000001 0.26948906250000004 0.9748546875 0.260459375 0.9488406250000001 0.9596015625 0.9724171875 0.9639374999999999 0.9997484375000001 0.26948906250000004