6 0.07166249999999999 0.11304375 0.0188203125 0.1119609375 0.0537765625 0.8837249999999999 0.100115625 0.8804734375000001 0.07166249999999999 0.11304375
6 0.1301953125 0.1195484375 0.065971875 0.11737968750000001 0.1033671875 0.8837249999999999 0.1537703125 0.8880609375 0.1301953125 0.1195484375
6 0.1578359375 0.1965078125 0.12856875 0.19325625 0.15051874999999998 0.8869781250000001 0.18141093749999998 0.8891453125 0.1578359375 0.1965078125
6 0.19604375000000002 0.1943390625 0.1602734375 0.18566875 0.179784375 0.894565625 0.21230312499999998 0.89348125 0.19604375000000002 0.1943390625
6 0.23344062499999998 0.192171875 0.1911671875 0.192171875 0.21230312499999998 0.8956484375 0.2431953125 0.8999843750000001 0.23344062499999998 0.192171875
6 0.26108125000000004 0.07944218750000001 0.222871875 0.07944218750000001 0.24726093750000003 0.8999843750000001 0.2765265625 0.90106875 0.26108125000000004 0.07944218750000001
6 0.2984765625 0.089196875 0.2594546875 0.09136562499999999 0.27490156250000003 0.89348125 0.311484375 0.8999843750000001 0.2984765625 0.089196875
6 0.335871875 0.09136562499999999 0.291159375 0.089196875 0.311484375 0.8967328125 0.3440015625 0.8956484375 0.335871875 0.09136562499999999
6 0.3822109375 0.0230765625 0.3415625 0.019825000000000002 0.3431890625 0.9021531250000001 0.378146875 0.9043203125 0.3822109375 0.0230765625
6 0.422859375 0.0274125 0.378959375 0.020909375 0.3724546875 0.9043203125 0.41147656250000003 0.90106875 0.422859375 0.0274125
6 0.46431875 0.0306640625 0.4155421875 0.028496874999999998 0.4155421875 0.9097406250000001 0.4529375 0.9064890625 0.46431875 0.0306640625
6 0.514721875 0.0393359375 0.4748875 0.036084375 0.45375156250000004 0.9032359375000001 0.4870828125 0.9064890625 0.514721875 0.0393359375
6 0.5423625000000001 0.0415046875 0.512284375 0.0404203125 0.48464375000000004 0.9129921875000001 0.5171609375 0.910825 0.5423625000000001 0.0415046875
6 0.5968312499999999 0.11737968750000001 0.5448015625 0.1097921875 0.513909375 0.9119078125 0.5659390625 0.9086562499999999 0.5968312499999999 0.11737968750000001
6 0.6464218749999999 0.1238828125 0.59601875 0.1195484375 0.5602484375000001 0.9064890625 0.6106515625 0.9162437499999999 0.6464218749999999 0.1238828125
6 0.6895078125 0.121715625 0.6456078125 0.1184640625 0.6082124999999999 0.9194953124999999 0.6602421875 0.9205796875000001 0.6895078125 0.121715625
6 0.760234375 0.05776250000000001 0.703328125 0.048007812500000004 0.658615625 0.9162437499999999 0.713084375 0.9194953124999999 0.760234375 0.05776250000000001
6 0.8130765625 0.062098437500000006 0.7594218749999999 0.0545109375 0.7106453125 0.922746875 0.7675515625 0.9205796875000001 0.8130765625 0.062098437500000006
6 0.8764875 0.059931250000000005 0.81958125 0.058846875 0.769178125 0.922746875 0.8171421875 0.9292515625 0.8764875 0.059931250000000005
6 0.925265625 0.06534999999999999 0.8773 0.058846875 0.813890625 0.93141875 0.8634796874999999 0.9303343749999999 0.925265625 0.06534999999999999
6 0.9577828125 0.136890625 0.9212 0.13580625 0.8618546874999999 0.9335875 0.8903078125 0.9335875 0.9577828125 0.136890625
6 0.9894890625 0.1325546875 0.9545312499999999 0.13580625 0.8984375 0.9368390625 0.9212 0.9368390625 0.9894890625 0.1325546875
6 0.9651 0.9444265625 0.9997484375000001 0.5473796875 0.9997484375000001 0.169690625 0.982984375 0.1715765625 0.925265625 0.9400906250000001 0.9651 0.9444265625