0 0.052964034375 0.1694090375 0.014755137500000001 0.16724115416666668 0.051338125 0.928167275 0.09035997500000001 0.9249154541666668 0.052964034375 0.1694090375
0 0.0862952 0.1694090375 0.051338125 0.16615721666666666 0.0862952 0.9249154541666668 0.124504096875 0.9259993916666667 0.0862952 0.1694090375
0 0.118813409375 0.15748569166666665 0.083043378125 0.15856963333333332 0.12694296249999998 0.9238315125 0.15864821875 0.9216636333333333 0.118813409375 0.15748569166666665
0 0.135072515625 0.02741285 0.109870903125 0.028496791666666667 0.156209353125 0.928167275 0.175720278125 0.928167275 0.135072515625 0.02741285
0 0.15702230625 0.028496791666666667 0.13263365 0.02524497083333333 0.175720278125 0.9292512125 0.196044159375 0.9292512125 0.15702230625 0.028496791666666667
0 0.1927923375 0.016573445833333332 0.154583440625 0.014405566666666668 0.20010893749999997 0.9325030333333333 0.226936459375 0.9325030333333333 0.1927923375 0.016573445833333332
0 0.2196198625 0.016573445833333332 0.190353471875 0.0176573875 0.22449759375 0.9303351541666667 0.257015803125 0.928167275 0.2196198625 0.016573445833333332
0 0.26758422187500003 0.0176573875 0.22043281874999998 0.019825270833333335 0.258641715625 0.9292512125 0.288721059375 0.9238315125 0.26758422187500003 0.0176573875
0 0.30579311875 0.0122376875 0.2659583125 0.014405566666666668 0.29197288125 0.9292512125 0.32367813437500004 0.9325030333333333 0.30579311875 0.0122376875
0 0.33262064375 0.029580733333333335 0.29847652187499996 0.030664670833333334 0.322865178125 0.928167275 0.35131861249999996 0.9357548541666667 0.33262064375 0.029580733333333335
0 0.364325896875 0.0317486125 0.33262064375 0.024161029166666667 0.353757478125 0.9346709166666667 0.3822109125 0.928167275 0.364325896875 0.0317486125
0 0.391966375 0.023077091666666667 0.3626999875 0.02741285 0.3822109125 0.9303351541666667 0.40497365937499996 0.9346709166666667 0.391966375 0.023077091666666667
0 0.42285867499999996 0.026328912500000003 0.39521819687500004 0.023077091666666667 0.396031153125 0.9314190958333334 0.42936231874999997 0.9346709166666667 0.42285867499999996 0.026328912500000003
0 0.47001008125 0.1466462875 0.421232765625 0.14989810833333334 0.43424005 0.9335869750000001 0.47326190312499994 0.9335869750000001 0.47001008125 0.1466462875
0 0.502528290625 0.15206599166666665 0.46025461874999996 0.14773022916666667 0.4748878125 0.9335869750000001 0.501715334375 0.928167275 0.502528290625 0.15206599166666665
0 0.533420590625 0.15314992916666667 0.496837603125 0.15856963333333332 0.498463515625 0.9400906166666666 0.527729903125 0.9433424375 0.533420590625 0.15314992916666667
0 0.561874025 0.1466462875 0.5326076343749999 0.14231052916666667 0.53179468125 0.9368387958333333 0.55537038125 0.9411745583333333 0.561874025 0.1466462875
0 0.58626268125 0.14881417083333334 0.5561833375 0.1466462875 0.5561833375 0.9400906166666666 0.5830108625 0.9411745583333333 0.58626268125 0.14881417083333334
0 0.634227040625 0.07619016666666667 0.595205190625 0.0740222875 0.584636771875 0.9379227375 0.6277234 0.9422585 0.634227040625 0.07619016666666667
0 0.678126625 0.07727410833333333 0.631788175 0.075106225 0.62691044375 0.9422585 0.665932296875 0.9498460791666666 0.678126625 0.07727410833333333
0 0.7147096125 0.15423387083333334 0.6724359375 0.15206599166666665 0.669997071875 0.9433424375 0.6992634625 0.939006675 0.7147096125 0.15423387083333334
0 0.7496666875 0.15098205 0.7130837031249999 0.15423387083333334 0.69845050625 0.939006675 0.73096871875 0.9368387958333333 0.7496666875 0.15098205
0 0.7846237656249999 0.15206599166666665 0.7472278218749999 0.1466462875 0.737472359375 0.9400906166666666 0.7659257937499999 0.9444263791666666 0.7846237656249999 0.15206599166666665
0 0.845595409375 0.032832554166666666 0.78706263125 0.033916491666666666 0.7651128375 0.9444263791666666 0.819580840625 0.9455103208333333 0.845595409375 0.032832554166666666
0 0.92851684375 0.042588016666666666 0.85128609375 0.03933619583333334 0.817954928125 0.9422585 0.894372725 0.9455103208333333 0.92851684375 0.042588016666666666
0 0.997618040625 0.006817983333333334 0.932581621875 0.002482225 0.889494990625 0.9422585 0.9520925468750001 0.9368387958333333 0.997618040625 0.006817983333333334