0 0.044021528125 0.13580688333333332 0.02125878125 0.13472294583333333 0.0862952 0.9465942583333333 0.10743203750000001 0.9465942583333333 0.044021528125 0.13580688333333332
0 0.069223140625 0.12930324166666668 0.04646039375 0.131471125 0.10905794687499999 0.9520139625 0.123691140625 0.9530978999999999 0.069223140625 0.12930324166666668
0 0.0862952 0.13797476666666667 0.07084905 0.136890825 0.12694296249999998 0.9541818416666668 0.136698425 0.9498460791666666 0.0862952 0.13797476666666667
0 0.10743203750000001 0.1325550625 0.082230425 0.13797476666666667 0.14320206875 0.9552657833333333 0.15295753125 0.9541818416666668 0.10743203750000001 0.1325550625
0 0.139137290625 0.136890825 0.10336725937499999 0.13905870833333334 0.15864821875 0.9541818416666668 0.1846627875 0.9541818416666668 0.139137290625 0.136890825
0 0.171655503125 0.3450073708333333 0.14726684375000001 0.3482591916666667 0.18384983125 0.9606854833333334 0.207425534375 0.9530978999999999 0.171655503125 0.3450073708333333
0 0.191166428125 0.1412265875 0.16515185937500002 0.14231052916666667 0.212303265625 0.9585176041666668 0.23181419062500003 0.961769425 0.191166428125 0.1412265875
0 0.226936459375 0.13580688333333332 0.20173484687499998 0.13905870833333334 0.231001234375 0.9606854833333334 0.26108058125 0.9596015416666667 0.226936459375 0.13580688333333332
0 0.27490081875 0.14447840833333334 0.2391307875 0.14231052916666667 0.27083604375000003 0.9628533666666667 0.29847652187499996 0.9628533666666667 0.27490081875 0.14447840833333334
0 0.324491090625 0.1466462875 0.278152640625 0.14447840833333334 0.297663565625 0.9682730666666667 0.333433596875 0.9704409458333333 0.324491090625 0.1466462875
0 0.348879746875 0.24853667916666666 0.318800403125 0.24745274166666667 0.338311328125 0.9726088291666667 0.3570093 0.9715248875 0.348879746875 0.24853667916666666
0 0.37733318125 0.26046002500000004 0.345627928125 0.2517885 0.361074075 0.9671891250000001 0.3879016 0.9671891250000001 0.37733318125 0.26046002500000004
0 0.40822548125 0.25937608333333334 0.378959090625 0.25937608333333334 0.38871455625 0.97586065 0.410664346875 0.9715248875 0.40822548125 0.25937608333333334
0 0.43586595937499995 0.2615439666666667 0.40741252499999997 0.25937608333333334 0.416355034375 0.9704409458333333 0.438304825 0.9780285291666666 0.43586595937499995 0.2615439666666667
0 0.45456393124999994 0.2572082041666667 0.43424005 0.2647957875 0.440743690625 0.9704409458333333 0.465945303125 0.9769445875 0.45456393124999994 0.2572082041666667
0 0.48626918437500005 0.2615439666666667 0.46106757187499997 0.26046002500000004 0.465945303125 0.9780285291666666 0.4903339625 0.9791124708333334 0.48626918437500005 0.2615439666666667
0 0.51634853125 0.15640175 0.48952100625000006 0.15748569166666665 0.484643275 0.9747767083333333 0.512283753125 0.9715248875 0.51634853125 0.15640175
0 0.5439890093749999 0.16073751249999998 0.512283753125 0.15314992916666667 0.51634853125 0.9747767083333333 0.5382983218749999 0.97586065 0.5439890093749999 0.16073751249999998
0 0.5716294875 0.2225221125 0.537485365625 0.21927029166666667 0.54724083125 0.9769445875 0.565125846875 0.9823642916666666 0.5716294875 0.2225221125
0 0.6065865625 0.2279418125 0.57244244375 0.232277575 0.565125846875 0.9791124708333334 0.593579278125 0.98128035 0.6065865625 0.2279418125
0 0.639917728125 0.23119363333333334 0.605773609375 0.22577393333333334 0.598457009375 0.9877839916666667 0.6277234 0.9942876333333334 0.639917728125 0.23119363333333334
0 0.67487480625 0.2279418125 0.6447954593749999 0.23010969583333332 0.630975221875 0.9975394541666667 0.6537298375 0.9996639791666666 0.67487480625 0.2279418125
0 0.7049541500000001 0.2680476083333333 0.67487480625 0.27021548749999996 0.655363878125 0.9877839916666667 0.682191403125 0.9910358125 0.7049541500000001 0.2680476083333333
0 0.73096871875 0.27021548749999996 0.700889371875 0.2691315458333333 0.687069134375 0.9932036958333333 0.7049541500000001 0.9888679333333333 0.73096871875 0.27021548749999996
0 0.75617033125 0.2734673083333333 0.7301557625 0.2756351875 0.706580059375 0.9932036958333333 0.731781671875 0.9975394541666667 0.75617033125 0.2734673083333333
0 0.8073865124999999 0.15856963333333332 0.755357375 0.15748569166666665 0.7390982687500001 0.9975394541666667 0.768364659375 0.9877839916666667 0.8073865124999999 0.15856963333333332
0 0.8399047218750001 0.16073751249999998 0.809825378125 0.16182145416666666 0.770803525 0.9932036958333333 0.798444003125 0.9964555166666667 0.8399047218750001 0.16073751249999998
0 0.86835815625 0.16182145416666666 0.8382788124999999 0.16073751249999998 0.801695825 0.9975394541666667 0.817036290625 0.9996639791666666 0.86835815625 0.16182145416666666
0 0.907380009375 0.2647957875 0.863480425 0.2561242625 0.829336303125 0.9975394541666667 0.861041559375 0.9964555166666667 0.907380009375 0.2647957875
0 0.94477595 0.2572082041666667 0.911444784375 0.2539563833333333 0.869984065625 0.9942876333333334 0.894372725 0.9942876333333334 0.94477595 0.2572082041666667
0 0.997618040625 0.265879725 0.9504666374999999 0.2680476083333333 0.8992504562500001 0.9986233958333333 0.932459678125 0.9996639791666666 0.997618040625 0.265879725
0 0.9968050843749999 0.2723833666666666 0.933394575 0.9964555166666667 0.9699775624999999 0.9975394541666667 0.999747984375 0.7412634416666666 0.9968050843749999 0.2723833666666666