4 0.3312203125 0 0.89338125 0.21272031249999998 0.8973921875 0.20854843750000002 0.9001718750000001 0.1999953125 0.8992828125000001 0.19728125000000002 0.3950421875 0 0.3312203125 0
4 0.2516578125 0 0.25156093749999997 0.000696875 0.8816953125 0.237790625 0.885559375 0.23407031250000002 0.8878999999999999 0.22686718749999998 0.8891265625000001 0.2203671875 0.3204046875 0 0.2516578125 0
4 0.2506671875 0.0143421875 0.242621875 0.039103125 0.8273484375000001 0.2579609375 0.83194375 0.2519875 0.834215625 0.24227343750000002 0.83529375 0.23623124999999998 0.2506671875 0.0143421875
4 0.23326875 0.06244375 0.22805625 0.09210625 0.8472375 0.300259375 0.851246875 0.2960875 0.8598703125 0.27499843749999997 0.8591218749999999 0.271853125 0.23326875 0.06244375
4 0.222159375 0.09118593750000001 0.214175 0.12393125 0.8576656249999999 0.3389859375 0.8693328125 0.3085265625 0.222159375 0.09118593750000001
4 0.21059531250000002 0.13222499999999998 0.2034890625 0.1622671875 0.2045046875 0.1645890625 0.8003312499999999 0.360175 0.8043421875 0.35600312500000003 0.81155625 0.3310765625 0.21059531250000002 0.13222499999999998
4 0.791709375 0.3812640625 0.7968296875 0.36550781250000003 0.7949109375 0.3605171875 0.19954687499999998 0.16895 0.19602031250000002 0.1907 0.791709375 0.3812640625
4 0.8082968749999999 0.39013906249999997 0.8076859375 0.3865734375 0.1886703125 0.188809375 0.18033125 0.21447031249999998 0.182071875 0.2200125 0.79814375 0.41321874999999997 0.8013453125 0.414259375 0.8082968749999999 0.39013906249999997
4 0.16963124999999998 0.2474046875 0.15550312500000002 0.29905781249999996 0.154040625 0.30355937499999996 0.8431703125000001 0.52796875 0.8533937500000001 0.5074 0.8657937499999999 0.48013125 0.16963124999999998 0.2474046875
4 0.8320359375 0.5731296875 0.8399203125 0.5597640625 0.8472953125 0.5452375 0.849196875 0.539384375 0.1515609375 0.305740625 0.1335765625 0.3556421875 0.1343703125 0.361375 0.8283796875 0.584384375 0.8320359375 0.5731296875
4 0.1332765625 0.362015625 0.1216515625 0.3950703125 0.11937968750000001 0.40478437500000003 0.1163859375 0.41127812500000005 0.7451203125 0.6090953125 0.7637421875 0.5708484375 0.1332765625 0.362015625
4 0.095475 0.470184375 0.0880234375 0.48767187500000003 0.08516718749999999 0.49918593749999995 0.08414218749999999 0.5023375 0.7212531249999999 0.6988953125 0.747621875 0.6204640625 0.117178125 0.417009375 0.1079859375 0.4289546875 0.10096562499999999 0.450565625 0.095475 0.470184375
4 0.082240625 0.508190625 0.0789546875 0.515584375 0.07368749999999999 0.531790625 0.07076249999999999 0.5407953125 0.7955015624999999 0.7618421875 0.8053343749999999 0.73430625 0.082240625 0.508190625
4 0.7528765625 0.8222078125 0.7563875 0.811403125 0.7593125 0.8023999999999999 0.7624531250000001 0.79545625 0.76479375 0.788253125 0.767203125 0.7835609375 0.7698359375 0.7754578125 0.7696984375 0.7704359375000001 0.7693890624999999 0.7659390625 0.07073125 0.5517890624999999 0.06431875000000001 0.5551796875 0.062417187500000006 0.5610328124999999 0.05935312499999999 0.5650140625 0.0562890625 0.5689953125 0.05263125 0.5802515625 0.0468578125 0.5952968750000001 0.0423234375 0.6092531250000001 0.045156249999999995 0.61415625 0.0447859375 0.6180171875 0.7462328125 0.8344843750000001 0.7498046875 0.8316625 0.7528765625 0.8222078125
4 0.0474640625 0.6288421875 0.0394265625 0.6481312499999999 0.036278125 0.660546875 0.68401875 0.8570734375000001 0.693209375 0.8451281249999999 0.6995375 0.8283765624999999 0.0474640625 0.6288421875
4 0.6741406249999999 0.8901984374999999 0.676834375 0.8900781249999999 0.6830468749999999 0.87368125 0.6856546875 0.8602078125 0.0380953125 0.663128125 0.033059375 0.6704515625 0.025892187500000004 0.6925109375 0.02603125 0.6975328125 0.6741406249999999 0.8901984374999999
4 0 0.7683578125 0.5716359375 0.9305562500000001 0.57975 0.9083062500000001 0.5819046875 0.9016734375000001 0.0026046875000000002 0.7342187499999999 0 0.7416015625 0 0.7683578125