4 0.1792734375 0.8268984375 0.21905468749999998 0.8234984375 0.1676703125 0.25326875000000004 0.164396875 0.241675 0.13252187499999998 0.24286875000000002 0.127 0.24364375 0.1792734375 0.8268984375
4 0.219709375 0.8223109375 0.2471015625 0.8184609375 0.2575765625 0.8169890625 0.20125625 0.240878125 0.17129531250000002 0.24399375 0.1675453125 0.24561562499999998 0.219709375 0.8223109375
4 0.20886093749999998 0.236521875 0.20381093749999998 0.24051874999999998 0.25868437499999997 0.8190250000000001 0.28864531250000003 0.815909375 0.2964 0.812628125 0.238921875 0.2399671875 0.2359015625 0.236009375 0.20886093749999998 0.236521875
4 0.24556874999999997 0.23464999999999997 0.2416859375 0.23519687500000003 0.29977343749999996 0.81325 0.32746875000000003 0.8115484374999999 0.3347203125 0.8105296875000001 0.2748765625 0.23272343750000002 0.2729625 0.23079999999999998 0.24556874999999997 0.23464999999999997
4 0.3397046875 0.8109249999999999 0.378378125 0.8054890625000001 0.30936875 0.22677968750000002 0.2778 0.22902499999999998 0.3397046875 0.8109249999999999
4 0.4344734375 0.7954140625 0.363903125 0.22897656249999998 0.36007656250000003 0.22513125 0.3533296875 0.22388906249999999 0.3307703125 0.227059375 0.3156265625 0.22918750000000002 0.381953125 0.8017 0.404965625 0.801753125 0.42722187500000003 0.796434375 0.4344734375 0.7954140625
4 0.4402640625 0.795696875 0.48860468749999997 0.788903125 0.411640625 0.217884375 0.36717656249999997 0.2230390625 0.4402640625 0.795696875
4 0.4394875 0.1997265625 0.41550624999999997 0.203096875 0.490015625 0.7930875000000001 0.535284375 0.7878203125 0.5390109375 0.78510625 0.45756406250000003 0.21143125000000002 0.4529828125 0.2022125 0.4394875 0.1997265625
4 0.5391609374999999 0.7861796875 0.5842796875 0.7798390625 0.4992078125 0.1979078125 0.459778125 0.202353125 0.5391609374999999 0.7861796875
4 0.587503125 0.7793859375000001 0.6253703125000001 0.7740640625 0.5375281249999999 0.195809375 0.50294375 0.199575 0.587503125 0.7793859375000001
4 0.6269812499999999 0.7738375 0.6632359375 0.7687421875 0.574740625 0.19167499999999998 0.5417765625000001 0.1952125 0.6269812499999999 0.7738375
4 0.6680703125 0.7680640624999999 0.729453125 0.7605328124999999 0.6387921875 0.1914390625 0.5858484374999999 0.19888125 0.6680703125 0.7680640624999999
4 0.73369375 0.76103125 0.7958828125 0.7533875 0.69958125 0.18508750000000002 0.643871875 0.1907265625 0.73369375 0.76103125
4 0.8065078124999999 0.752990625 0.8474468749999999 0.746140625 0.7506390625 0.2151671875 0.71393125 0.2170390625 0.8065078124999999 0.752990625
4 0.8624015625 0.7473265625 0.9009234375 0.7408171875 0.7998375 0.20277343750000001 0.7620312499999999 0.20699218749999998 0.8624015625 0.7473265625
4 0.9137640625 0.744490625 0.9435734374999999 0.7403015625 0.837403125 0.177771875 0.8113421875 0.18362499999999998 0.9137640625 0.744490625
4 0.9447328125000001 0.7368515625 0.9694062499999999 0.7311921875 0.86101875 0.18212187500000002 0.8411093749999999 0.18492031250000002 0.9447328125000001 0.7368515625