0 0.1055946375 0.14129389166666667 0.07553210625 0.14329805833333334 0.072525853125 0.9950697458333334 0.11085557812499999 0.9950697458333334 0.1055946375 0.14129389166666667
0 0.145427490625 0.0551146375 0.11386183125 0.060125058333333335 0.11536495937499999 0.998076 0.147682178125 0.998076 0.145427490625 0.0551146375
0 0.18526034062500002 0.0040083375 0.152943121875 0.007014591666666667 0.155949375 0.9970739125 0.18826659375000002 0.9990780833333334 0.18526034062500002 0.0040083375
0 0.234863515625 0.04810005 0.19277597500000002 0.05411255416666667 0.1950306625 0.9930655749999999 0.23937289687500002 0.9920634916666666 0.234863515625 0.04810005
0 0.28822450625 0.050104216666666666 0.246888528125 0.05411255416666667 0.24839165625 0.9930655749999999 0.291230759375 0.9920634916666666 0.28822450625 0.050104216666666666
0 0.326554234375 0.0521083875 0.29874639375 0.05411255416666667 0.29874639375 0.998076 0.3310636125 0.998076 0.326554234375 0.0521083875
0 0.368641775 0.04509379583333333 0.33482142812500004 0.04810005 0.339330809375 0.9970739125 0.37540584374999997 0.9970739125 0.368641775 0.04509379583333333
0 0.40621993749999996 0.14329805833333334 0.37465428125 0.14329805833333334 0.384424603125 0.998076 0.416741821875 0.998076 0.40621993749999996 0.14329805833333334
0 0.4437981 0.14430014583333334 0.415990259375 0.14329805833333334 0.42576058124999994 0.9970739125 0.45507155 0.9950697458333334 0.4437981 0.14430014583333334
0 0.4798731375 0.12526054166666667 0.45056216875 0.126262625 0.46333874374999995 0.9960718291666667 0.4926497125 0.9960718291666667 0.4798731375 0.12526054166666667
0 0.5144450468749999 0.12526054166666667 0.48738876875 0.126262625 0.49941378125 0.9950697458333334 0.528724746875 0.9950697458333334 0.5144450468749999 0.12526054166666667
0 0.55052008125 0.16534391666666667 0.52421536875 0.16734808333333331 0.5354888156250001 0.9920634916666666 0.564799784375 0.9940676624999999 0.55052008125 0.16534391666666667
0 0.58884980625 0.1623376625 0.5595388406249999 0.16434182916666668 0.5708122906249999 0.9950697458333334 0.60087481875 0.9940676624999999 0.58884980625 0.1623376625
0 0.621167028125 0.05311047083333333 0.5926076250000001 0.05711880833333333 0.6053842 0.9940676624999999 0.63845298125 0.9920634916666666 0.621167028125 0.05311047083333333
0 0.659496753125 0.0551146375 0.628682659375 0.05611672083333333 0.6444654875 0.9930655749999999 0.6767827093750001 0.9950697458333334 0.659496753125 0.0551146375
0 0.68880771875 0.060125058333333335 0.6685155125 0.05812089166666667 0.6842983406250001 0.9930655749999999 0.704590546875 0.9930655749999999 0.68880771875 0.060125058333333335
0 0.715863996875 0.05411255416666667 0.696323353125 0.05411255416666667 0.7143608718750001 0.9920634916666666 0.7339015156250001 0.9920634916666666 0.715863996875 0.05411255416666667
0 0.74893278125 0.05311047083333333 0.728640571875 0.05311047083333333 0.739914021875 0.9960718291666667 0.7677218625 0.9960718291666667 0.74893278125 0.05311047083333333
0 0.7820015625 0.05611672083333333 0.760206228125 0.05711880833333333 0.77373436875 0.9960718291666667 0.796281265625 0.998076 0.7820015625 0.05611672083333333
0 0.82408910625 0.042087541666666665 0.796281265625 0.0440917125 0.8060515875 0.9940676624999999 0.8398719343750001 0.9930655749999999 0.82408910625 0.042087541666666665
0 0.8661766468750001 0.0470979625 0.8376172437499999 0.0470979625 0.8488906937499999 0.998076 0.878953221875 0.998076 0.8661766468750001 0.0470979625
0 0.9037548093750001 0.16333974583333333 0.8759469687499999 0.16835016666666666 0.8872204187499999 0.9950697458333334 0.9187860750000001 0.9950697458333334 0.9037548093750001 0.16333974583333333
0 0.944339225 0.16935225416666666 0.9142766968749999 0.16935225416666666 0.927053271875 0.9970739125 0.9623767437499999 0.9960718291666667 0.944339225 0.16935225416666666
0 0.99845178125 0.06212922916666667 0.960122053125 0.06413339583333334 0.971395503125 0.998076 0.997700215625 0.9940676624999999 0.99845178125 0.06212922916666667