6 0.079621875 0.3456953125 0.0426140625 0.34564374999999997 0.0981203125 0.867634375 0.100340625 0.868621875 0.1106984375 0.8705937499999999 0.11661875 0.8696078125 0.12919687500000002 0.8666484375 0.1314171875 0.8666484375 0.079621875 0.3456953125
6 0.079621875 0.34668125 0.1336359375 0.8705937499999999 0.1410359375 0.8745406250000001 0.148434375 0.8735546875000001 0.16249375 0.87158125 0.16841250000000002 0.8666484375 0.12399374999999999 0.344559375 0.079621875 0.34668125
6 0.16549843749999998 0.3662609375 0.1284578125 0.3683875 0.171371875 0.8656609375000001 0.201709375 0.8646750000000001 0.16549843749999998 0.3662609375
6 0.20049062499999998 0.36517499999999997 0.1647140625 0.3674015625 0.20466875 0.8696078125 0.23574531250000003 0.8696078125 0.20049062499999998 0.36517499999999997
6 0.20910781250000002 0.3634546875 0.20022968749999998 0.3634546875 0.23722500000000002 0.868621875 0.259084375 0.8686468749999999 0.22760625 0.36246875 0.20910781250000002 0.3634546875
6 0.228346875 0.36246875 0.2623828125 0.87158125 0.26756250000000004 0.867634375 0.2727421875 0.8666484375 0.28088125 0.8696078125 0.2868 0.8725671875 0.2558296875 0.3619203125 0.228346875 0.36246875
6 0.297159375 0.4137734375 0.260903125 0.4137734375 0.2868 0.8705937499999999 0.312696875 0.8735546875000001 0.297159375 0.4137734375
6 0.3149171875 0.8923015624999999 0.35023125 0.8946890625 0.3348953125 0.4147609375 0.2978984375 0.4147609375 0.3149171875 0.8923015624999999
6 0.37559062499999996 0.423640625 0.336375 0.42561406249999995 0.3674515625 0.8646750000000001 0.39926875 0.8617140624999999 0.37559062499999996 0.423640625
6 0.41776562500000003 0.431534375 0.381509375 0.42956093749999996 0.4014875 0.879475 0.4355234375 0.881446875 0.41776562500000003 0.431534375
6 0.46364062500000003 0.36148125000000003 0.42835625000000005 0.3619203125 0.43774375 0.8873671875 0.4695609375 0.8853937500000001 0.46364062500000003 0.36148125000000003
6 0.50648125 0.364090625 0.4695609375 0.365428125 0.47400000000000003 0.9130203124999999 0.50655625 0.9100609375 0.50648125 0.364090625
6 0.5354140625 0.3674015625 0.5095156249999999 0.365428125 0.5080359375 0.8913140625 0.52949375 0.8913140625 0.5354140625 0.3674015625
6 0.532453125 0.8992078125 0.5585640625 0.9001140624999999 0.56575 0.3674015625 0.5339328125 0.3683875 0.532453125 0.8992078125
6 0.55983125 0.8952609375 0.5879484374999999 0.8932874999999999 0.5975671874999999 0.36148125000000003 0.5664906249999999 0.36148125000000003 0.55983125 0.8952609375
6 0.5909078125 0.8962468749999999 0.6204125 0.8957734374999999 0.6330828125 0.36148125000000003 0.602746875 0.36246875 0.5909078125 0.8962468749999999
6 0.669240625 0.35975 0.6382625 0.3604953125 0.621984375 0.9011812499999999 0.6501015625 0.8982203125 0.669240625 0.35975
6 0.6538 0.9031546875 0.681178125 0.90019375 0.70115625 0.357534375 0.6722984375000001 0.3604953125 0.6538 0.9031546875
6 0.7400421875000001 0.4053234375 0.70115625 0.40686718749999995 0.6841375000000001 0.9051265624999999 0.7189140625 0.9051265624999999 0.7400421875000001 0.4053234375
6 0.782359375 0.4020671875 0.74333125 0.40489375 0.719653125 0.9021671874999999 0.7514703125 0.9021671874999999 0.782359375 0.4020671875
6 0.7566499999999999 0.9071 0.795125 0.9041406249999999 0.8306421875 0.36246875 0.78920625 0.36246875 0.7566499999999999 0.9071
6 0.7973453125 0.9100609375 0.8376984375 0.9087953125 0.880215625 0.36246875 0.834340625 0.36246875 0.7973453125 0.9100609375
6 0.92070625 0.35975 0.8876156249999999 0.3595078125 0.8395203125 0.912034375 0.8691171875 0.91499375 0.92070625 0.35975
6 0.8713374999999999 0.91598125 0.9003609375 0.9185609375 0.9564281250000001 0.3595078125 0.92313125 0.3595078125 0.8713374999999999 0.91598125