4 0.36462500000000003 0 0.354484375 0.031209375 0.35472187499999996 0.0359546875 0.8116515625 0.1950890625 0.812828125 0.1914703125 0.8218421875 0.163725 0.8219984374999999 0.1577734375 0.3689796875 0 0.36462500000000003 0
4 0.3539171875 0.03569375 0.3431375 0.06886718750000001 0.3437875 0.0750796875 0.7968921875 0.23230625 0.8026765625 0.22818437500000002 0.812671875 0.197421875 0.3539171875 0.03569375
4 0.3466328125 0.08000625 0.3332859375 0.11834843749999999 0.7817609375 0.27340156250000003 0.7892890625 0.261178125 0.79475625 0.2416140625 0.7961078125000001 0.23471875 0.3466328125 0.08000625
4 0.3322859375 0.11869062500000001 0.319546875 0.157896875 0.7712390625000001 0.3139953125 0.7775703125 0.3027171875 0.7838421875 0.2834140625 0.7843218750000001 0.2752140625 0.3322859375 0.11869062500000001
4 0.31934999999999997 0.1585 0.311490625 0.179953125 0.7621828125000001 0.33639375 0.7702890625000001 0.3153953125 0.31934999999999997 0.1585
4 0.310334375 0.1862453125 0.30288750000000003 0.20916562500000002 0.727996875 0.35129375 0.7280171875 0.3539671875 0.7551671875 0.36345625 0.7626359375 0.343209375 0.310334375 0.1862453125
4 0.300278125 0.2089859375 0.2944203125 0.2297546875 0.72370625 0.3684703125 0.7286046875000001 0.3521578125 0.300278125 0.2089859375
4 0.2942234375 0.2303578125 0.28814843749999997 0.24905624999999998 0.7194390625 0.3876203125 0.723921875 0.3693078125 0.2942234375 0.2303578125
4 0.2903859375 0.2531171875 0.2817625 0.2796578125 0.716384375 0.4210984375 0.722909375 0.3943203125 0.2903859375 0.2531171875
4 0.282175 0.28112499999999996 0.2729625 0.309475 0.7058984374999999 0.45214375 0.712890625 0.42583125 0.282175 0.28112499999999996
4 0.27337500000000003 0.31094218749999997 0.2651234375 0.3336015625 0.716615625 0.48058281249999996 0.7222015625 0.4594421875 0.27337500000000003 0.31094218749999997
4 0.25687187499999997 0.3562609375 0.708403125 0.5028515625 0.7108749999999999 0.49977499999999997 0.7163625 0.48288593750000003 0.26351562500000003 0.333078125 0.25687187499999997 0.3562609375
4 0.25808906249999997 0.357990625 0.2500734375 0.38539375 0.6726203125 0.5256968750000001 0.68098125 0.4987296875 0.25808906249999997 0.357990625
4 0.250290625 0.38746562500000004 0.2436671875 0.413321875 0.66244375 0.5509937500000001 0.6713578124999999 0.5256125 0.250290625 0.38746562500000004
4 0.2394703125 0.41529218749999997 0.228103125 0.45027656250000003 0.6532421875 0.58834375 0.6637546875 0.554484375 0.2394703125 0.41529218749999997
4 0.22792812499999998 0.453553125 0.21616875000000002 0.48974375 0.6402875 0.6252078125 0.6515828124999999 0.5892062499999999 0.22792812499999998 0.453553125
4 0.21699375 0.4926796875 0.2044296875 0.5286078125 0.6304984375 0.6650453125 0.6424734375 0.6309265625 0.21699375 0.4926796875
4 0.6325390625 0.6697109375 0.20303749999999998 0.53015625 0.1926703125 0.5647984375 0.623675 0.703421875 0.6325390625 0.6697109375
4 0.18910312499999998 0.5703078125000001 0.1792828125 0.5977921875 0.613328125 0.735265625 0.6240187500000001 0.7096203125 0.18910312499999998 0.5703078125000001
4 0.18169531249999998 0.5985765625 0.17385625 0.6227046875 0.6035828125 0.7592359375 0.6115703124999999 0.7342500000000001 0.18169531249999998 0.5985765625
4 0.1573734375 0.670696875 0.6226375 0.81786875 0.6359250000000001 0.7770796875 0.1715046875 0.6299421875 0.1573734375 0.670696875
4 0.161828125 0.6761453125 0.1478921875 0.716296875 0.60898125 0.8600046875 0.6230484374999999 0.8193359375 0.161828125 0.6761453125
4 0.1349375 0.7534328125 0.5842906250000001 0.8920999999999999 0.5955421875 0.8622390624999999 0.14632499999999998 0.7211218749999999 0.1349375 0.7534328125
4 0.1236109375 0.7937640625 0.5367703125000001 0.9206734375 0.5505046874999999 0.886478125 0.1367625 0.7560265625 0.1236109375 0.7937640625
4 0.10771562500000001 0.8399484375 0.5238953125 0.9685046875 0.5384562500000001 0.9265703125 0.12263125 0.79678125 0.10771562500000001 0.8399484375