6 0.31022656249999997 0.3092453125 0.28349531250000004 0.308159375 0.2711734375 0.8148875 0.2988359375 0.8148875 0.31022656249999997 0.3092453125
6 0.34114218749999997 0.307075 0.31360625 0.3059890625 0.302903125 0.8181421875 0.33219375 0.8181421875 0.34114218749999997 0.307075
6 0.33626093749999997 0.8170578125000001 0.339515625 0.8181421875 0.3452109375 0.8203125 0.358228125 0.8181421875 0.3647375 0.308159375 0.34453125 0.3092453125 0.33626093749999997 0.8170578125000001
6 0.36650312500000004 0.31141562500000003 0.3614828125 0.8170578125000001 0.37856875 0.8181421875 0.3842640625 0.815971875 0.38670468750000003 0.31141562500000003 0.3850765625 0.3103296875 0.37205937499999997 0.3125 0.36650312500000004 0.31141562500000003
6 0.408671875 0.33311562499999997 0.3884765625 0.33203125 0.39158593750000004 0.8192281250000001 0.4143671875 0.8170578125000001 0.408671875 0.33311562499999997
6 0.429825 0.33094687500000003 0.409634375 0.3342015625 0.4192484375 0.8181421875 0.44040156250000007 0.8181421875 0.429825 0.33094687500000003
6 0.4509796875 0.322265625 0.43958906249999996 0.322265625 0.432421875 0.32334999999999997 0.4444703125 0.8213968749999999 0.4566734375 0.8203125 0.4696921875 0.8203125 0.478640625 0.815971875 0.46318281250000004 0.322265625 0.4607421875 0.322265625 0.4509796875 0.322265625
6 0.48108281249999996 0.3244359375 0.46904218750000004 0.327690625 0.4859640625 0.8235671874999999 0.49328593749999994 0.824653125 0.5095578125 0.824653125 0.520134375 0.8224828125 0.5022359375 0.3255203125 0.4941 0.3255203125 0.48108281249999996 0.3244359375
6 0.5412890625 0.2658421875 0.5178703125 0.2658421875 0.5274578125 0.8257375 0.5534921875000001 0.824653125 0.5412890625 0.2658421875
6 0.5665109375 0.341796875 0.545540625 0.34071250000000003 0.5575609375 0.8279078125 0.580340625 0.824653125 0.5665109375 0.341796875
6 0.58685 0.824653125 0.6104453125 0.8257375 0.5958 0.3461375 0.5713921875 0.3483078125 0.5835953125 0.8213968749999999 0.58685 0.824653125
6 0.6438015625 0.277778125 0.6147125 0.277778125 0.61939375 0.830078125 0.6503109375 0.8311624999999999 0.6438015625 0.277778125
6 0.6828546875 0.2788625 0.6554031250000001 0.2766921875 0.6592609375 0.8311624999999999 0.690178125 0.8333328124999999 0.6828546875 0.2788625
6 0.7251624999999999 0.35047812500000003 0.6944656250000001 0.35047812500000003 0.695871875 0.8333328124999999 0.73004375 0.83441875 0.7251624999999999 0.35047812500000003
6 0.769096875 0.35047812500000003 0.7335281250000001 0.35047812500000003 0.7349249999999999 0.8333328124999999 0.76746875 0.83441875 0.769096875 0.35047812500000003
6 0.7967593749999999 0.2018234375 0.7845546875 0.2018234375 0.7804875 0.8463546875000001 0.792690625 0.8485250000000001 0.7967593749999999 0.2018234375
6 0.8130312500000001 0.2018234375 0.8027015625 0.2018234375 0.7951312500000001 0.8463546875000001 0.8097765625 0.8463546875000001 0.8130312500000001 0.2018234375
6 0.8260484375000001 0.2766921875 0.8149078125000001 0.2766921875 0.811403125 0.83984375 0.8268625000000001 0.8409281249999999 0.8260484375000001 0.2766921875
6 0.8463890624999999 0.28211875000000003 0.8284890624999999 0.2788625 0.8276765625 0.83984375 0.8472015624999999 0.8387593750000001 0.8463890624999999 0.28211875000000003
6 0.879746875 0.28211875000000003 0.8539703125000001 0.2810328125 0.854525 0.83984375 0.87730625 0.8409281249999999 0.879746875 0.28211875000000003
6 0.907409375 0.283203125 0.88408125 0.283203125 0.8854421875 0.83984375 0.9098499999999999 0.8420140625 0.907409375 0.283203125