6 0.3376421875 0.8569359375 0.384315625 0.84886875 0.2838796875 0.2370453125 0.23646875 0.2433765625 0.3376421875 0.8569359375
6 0.3280390625 0.23361875 0.2849984375 0.2409796875 0.382675 0.8481828124999999 0.43304687499999994 0.838115625 0.3280390625 0.23361875
6 0.435884375 0.8388453124999999 0.47365312499999995 0.831503125 0.3677453125 0.2168546875 0.33556718750000003 0.22147187499999998 0.435884375 0.8388453124999999
6 0.40715625 0.21019843749999997 0.3742828125 0.21558281250000003 0.476746875 0.8319078125000001 0.51373125 0.8224328125 0.40715625 0.21019843749999997
6 0.5151359375 0.8083640624999999 0.5461796875 0.801325 0.4522546875 0.2673234375 0.42574218750000004 0.2709140625 0.5151359375 0.8083640624999999
6 0.5469062499999999 0.8011828124999999 0.5748828125000001 0.7977546875 0.486215625 0.2601640625 0.45514374999999996 0.2631875 0.5469062499999999 0.8011828124999999
6 0.51153125 0.184884375 0.4779328125 0.1904109375 0.576953125 0.8084093749999999 0.6167828125 0.8024015625 0.51153125 0.184884375
6 0.61926875 0.8011890625 0.6559609375 0.7960671875 0.5493046875 0.1865578125 0.5152171875 0.192209375 0.61926875 0.8011890625
6 0.5867734375 0.1803109375 0.5529859375 0.1848671875 0.6561234375 0.7930203125 0.6934734375 0.7874953125 0.5867734375 0.1803109375
6 0.6971734374999999 0.78705 0.726415625 0.782371875 0.621821875 0.175778125 0.5971296875000001 0.1793015625 0.6971734374999999 0.78705
6 0.65251875 0.169540625 0.6261828125 0.1736546875 0.7273031249999999 0.779184375 0.7547765625 0.7744734375 0.65251875 0.169540625
6 0.757996875 0.7742234375 0.7861625 0.7717640625 0.6833328125 0.163821875 0.6559625 0.16786718750000001 0.757996875 0.7742234375
6 0.7166234375 0.1580859375 0.688646875 0.1615125 0.7872109375 0.765528125 0.8184781250000001 0.7609859375 0.7166234375 0.1580859375
6 0.8210000000000001 0.760971875 0.8500515625 0.7553234375 0.743040625 0.151109375 0.7173234374999999 0.153928125 0.8210000000000001 0.760971875
6 0.7781953125000001 0.2576859375 0.7667625 0.2609125 0.8562125 0.752115625 0.8709953125000001 0.749671875 0.7781953125000001 0.2576859375