4 0.1299328125 0.7329046875 0.1551203125 0.734225 0.1884890625 0.33068749999999997 0.164309375 0.327246875 0.1299328125 0.7329046875
4 0.1568015625 0.7332265625 0.181875 0.7367125 0.21373281249999998 0.3309234375 0.191828125 0.3308625 0.1568015625 0.7332265625
4 0.1801359375 0.7387953125 0.2068921875 0.741284375 0.2349140625 0.33094687500000003 0.21794687499999998 0.3300578125 0.1801359375 0.7387953125
4 0.22499375000000002 0.7378859375 0.24774375 0.739078125 0.2743859375 0.339534375 0.2509265625 0.3383046875 0.22499375000000002 0.7378859375
4 0.25598125 0.7373375 0.27873125 0.7385296875 0.30062968749999996 0.3517765625 0.280484375 0.3496328125 0.25598125 0.7373375
4 0.2768796875 0.742778125 0.3004984375 0.7429296875 0.3234921875 0.3508015625 0.303353125 0.348659375 0.2768796875 0.742778125
4 0.30340781250000004 0.7496015625 0.3213390625 0.7494546875 0.34698125 0.33790624999999996 0.325165625 0.3367640625 0.30340781250000004 0.7496015625
4 0.330975 0.7521328125 0.35465 0.7512015625 0.3746625 0.3382703125 0.353609375 0.3382546875 0.330975 0.7521328125
4 0.3579 0.751371875 0.38065000000000004 0.7525640625000001 0.401246875 0.3440109375 0.3794453125 0.3428671875 0.3579 0.751371875
4 0.38529843750000003 0.757153125 0.4056671875 0.7571343749999999 0.4247515625 0.346328125 0.4037109375 0.34631249999999997 0.38529843750000003 0.757153125
4 0.4086890625 0.7616390625 0.4281890625 0.7626609375 0.4451421875 0.3148 0.4281703125 0.314996875 0.4086890625 0.7616390625
4 0.4290015625 0.762703125 0.4461203125 0.7625140625 0.46707968749999995 0.31595 0.4492046875 0.3150140625 0.4290015625 0.762703125
4 0.4485578125 0.7626421875 0.4664890625 0.7624953125 0.4865234375 0.31805625000000004 0.4703734375 0.3182953125 0.4485578125 0.7626421875
4 0.4663765625 0.7646625 0.48436406249999997 0.76343125 0.5068343750000001 0.3191203125 0.487496875 0.31810625 0.4663765625 0.7646625
4 0.48668750000000005 0.7657265625 0.52005625 0.7663890624999999 0.5414703125 0.31115624999999997 0.5107625 0.309546875 0.48668750000000005 0.7657265625
4 0.5222671875 0.7708515625000001 0.5531984375000001 0.7713859375000001 0.5715328125 0.31273125 0.544140625 0.310209375 0.5222671875 0.7708515625000001
4 0.55803125 0.7657125 0.56243125 0.7665359375 0.57573125 0.7682203125 0.5845906249999999 0.7676968750000001 0.5913390625 0.765778125 0.6108046875 0.332175 0.60285 0.3284984375 0.5915328125 0.32681875 0.58166875 0.32847499999999996 0.5720453125 0.3290578125 0.5565984375 0.7591171875 0.55803125 0.7657125
4 0.670275 0.340725 0.665684375 0.3350515625 0.613121875 0.331209375 0.5917828125 0.7658015625 0.65016875 0.7710343749999999 0.670275 0.340725
4 0.6634125 0.78259375 0.669628125 0.788353125 0.6808328125 0.7922 0.6962703125 0.793009375 0.7150140625 0.7929046875 0.720928125 0.78886875 0.74699375 0.29150312500000003 0.742346875 0.2869140625 0.726153125 0.28497812499999997 0.706653125 0.28395625 0.6934843749999999 0.2865265625 0.6854546874999999 0.288278125 0.6634125 0.78259375
4 0.73984375 0.79005625 0.7479109375 0.787021875 0.7740296875 0.335296875 0.7678125 0.3295375 0.7540578124999999 0.32772968750000003 0.7460453125 0.3294828125 0.7229515625 0.7813687500000001 0.7280031250000001 0.787065625 0.7363296874999999 0.7892796875 0.73984375 0.79005625
4 0.7519734375 0.7872359375 0.788534375 0.7891515625000001 0.8144656250000001 0.3254640625 0.7764546875 0.32455781250000004 0.7519734375 0.7872359375
4 0.7989265624999999 0.79295625 0.8371703125 0.7938734375000001 0.8590953125 0.3288890625 0.821965625 0.32694375 0.7989265624999999 0.79295625