6 0 0.8743281250000001 0.01719375 0.8837249999999999 0.35213125 0.2214375 0.322865625 0.184584375 0.005 0.8176046875 0 0.8743281250000001
6 0.47569999999999996 0.1737453125 0.40416093750000004 0.1108765625 0.089546875 0.8306125 0.1545828125 0.8815578125 0.47569999999999996 0.1737453125
6 0.200921875 0.8154375 0.256203125 0.853375 0.5708171875 0.1650734375 0.5090312499999999 0.10654062500000001 0.200921875 0.8154375
6 0.6732484375000001 0.0805265625 0.637478125 0.0458390625 0.278965625 0.8306125 0.30741874999999996 0.8501234375 0.6732484375000001 0.0805265625
6 0.3220515625 0.8284453125000001 0.35213125 0.8522921875 0.7269046875 0.0805265625 0.6895078125 0.04475625 0.3220515625 0.8284453125000001
6 0.8268968750000001 0.005734375 0.7732421875 0.005734375 0.36676406250000004 0.8219406250000001 0.40009531249999997 0.8457874999999999 0.8268968750000001 0.005734375
6 0.41960625 0.8316968749999999 0.4545640625 0.8501234375 0.8813656249999999 0.0079015625 0.8277109375 0.00465 0.41960625 0.8316968749999999
6 0.49602500000000005 0.823025 0.9236390625 0.0165734375 0.9122578125 0.0003140625 0.8805531249999999 0.0003140625 0.4748875 0.808934375 0.49602500000000005 0.823025
6 0.49358593749999996 0.823025 0.523665625 0.84036875 0.960221875 0.0382515625 0.93176875 0.0165734375 0.49358593749999996 0.823025
6 0.5334203125 0.8176046875 0.5594359375 0.8338640625 0.9959921875 0.05342812500000001 0.9997484375000001 0.0399859375 0.99924375 0.0382515625 0.970790625 0.015489062500000001 0.5334203125 0.8176046875
6 0.5878890625000001 0.8002625 0.614715625 0.8241093749999999 0.9683515625 0.1867515625 0.9472140625 0.159653125 0.5878890625000001 0.8002625
6 0.99843125 0.25287187499999997 0.9951796875 0.1498984375 0.6326015625 0.8100171875 0.6659328125 0.8392843750000001 0.99843125 0.25287187499999997
6 0.993553125 0.2582921875 0.691946875 0.8002625 0.7195875 0.8241093749999999 0.9997484375000001 0.344421875 0.993553125 0.2582921875