0 0.05052516875 0.09244927083333333 0.000934896875 0.07835804583333333 0.047883065625 0.9996639791666666 0.1015625 0.9996639791666666 0.05052516875 0.09244927083333333
0 0.097676575 0.09136533333333333 0.040769706249999996 0.08486168749999999 0.09523770937500001 0.995371575 0.152144575 0.9910358125 0.097676575 0.09136533333333333
0 0.161087084375 0.16832509583333335 0.109870903125 0.16507327500000002 0.14726684375000001 0.9964555166666667 0.19360529375 0.9986233958333333 0.161087084375 0.16832509583333335
0 0.23235887187499998 0.9993279583333333 0.20498666875 0.17157691666666666 0.160274128125 0.16832509583333335 0.18699596875 0.9996639791666666 0.227570565625 0.9996639791666666 0.23235887187499998 0.9993279583333333
0 0.2814044625 0.3070694583333333 0.216368040625 0.29731399583333334 0.238317834375 0.9986233958333333 0.2952247 0.9975394541666667 0.2814044625 0.3070694583333333
0 0.35213156875 0.9780285291666666 0.344002015625 0.20192724583333332 0.28465628125000003 0.19000390416666668 0.305695565625 0.9996639791666666 0.349692703125 0.995371575 0.35213156875 0.9780285291666666
0 0.37652022500000004 0.21818635 0.34806679375 0.21276665 0.35131861249999996 0.9986233958333333 0.380585003125 0.9975394541666667 0.37652022500000004 0.21818635
0 0.405786615625 0.22035423333333334 0.37652022500000004 0.2171024125 0.379772046875 0.9986233958333333 0.40822548125 0.995371575 0.405786615625 0.22035423333333334
0 0.438304825 0.22143817083333334 0.40741252499999997 0.22035423333333334 0.406599571875 0.9975394541666667 0.43342709375000005 0.9975394541666667 0.438304825 0.22143817083333334
0 0.503341246875 0.22035423333333334 0.43098822812500004 0.21168270833333333 0.4326141375 0.9975394541666667 0.49195987187499995 0.9975394541666667 0.503341246875 0.22035423333333334
0 0.568377665625 0.2171024125 0.5057801125 0.2084308875 0.49195987187499995 0.9986233958333333 0.5521185625 0.9921197541666668 0.568377665625 0.2171024125
0 0.61715498125 0.28864247499999995 0.57081653125 0.28864247499999995 0.553744471875 0.9942876333333334 0.600895878125 0.9942876333333334 0.61715498125 0.28864247499999995
0 0.665932296875 0.226857875 0.630975221875 0.22468999166666667 0.6025217875 0.9942876333333334 0.634227040625 0.9888679333333333 0.665932296875 0.226857875
0 0.693572775 0.232277575 0.66349343125 0.2279418125 0.629349309375 0.9942876333333334 0.660282259375 0.9996639791666666 0.693572775 0.232277575
0 0.74641486875 0.21927029166666667 0.702515284375 0.21818635 0.673891128125 0.9996639791666666 0.7041411937500001 0.9964555166666667 0.74641486875 0.21927029166666667
0 0.799256959375 0.22468999166666667 0.752105553125 0.22143817083333334 0.7033282375 0.9975394541666667 0.7496666875 0.9975394541666667 0.799256959375 0.22468999166666667
0 0.8285233468750001 0.30056581666666665 0.7960051375 0.29731399583333334 0.752105553125 0.9975394541666667 0.783810809375 0.9975394541666667 0.8285233468750001 0.30056581666666665
0 0.861041559375 0.3027336958333333 0.8309622125 0.30490157916666666 0.783266128125 0.9996639791666666 0.8187678843749999 0.995371575 0.861041559375 0.3027336958333333
0 0.93989821875 0.16398933333333332 0.881365440625 0.16507327500000002 0.817954928125 0.995371575 0.8707970218750001 0.9910358125 0.93989821875 0.16398933333333332
0 0.999747984375 0.17237903333333332 0.9407111718750001 0.16290539583333336 0.87242293125 0.995371575 0.92282615625 0.9942876333333334 0.999747984375 0.17237903333333332
0 0.998430996875 0.22468999166666667 0.926890934375 0.9921197541666668 0.97566825 0.9942876333333334 0.9992439531249999 0.8121856583333333 0.999747984375 0.7389112916666666 0.998430996875 0.22468999166666667