6 0.1376921875 0.24197031249999998 0.100265625 0.24631093750000002 0.09375781250000001 0.2517359375 0.09375781250000001 0.2473953125 0.08236718750000001 0.8810765625 0.1425734375 0.8854171875000001 0.1612859375 0.8821609374999999 0.1751171875 0.244140625 0.1376921875 0.24197031249999998
6 0.2255609375 0.29839375 0.2141703125 0.2994796875 0.2053703125 0.3005640625 0.20440624999999998 0.30381874999999997 0.19464375 0.863715625 0.20766093749999998 0.8669703125 0.2214921875 0.8648 0.23125625 0.8626296874999999 0.24020468749999999 0.2994796875 0.2255609375 0.29839375
6 0.28739375 0.336371875 0.2792578125 0.336371875 0.26868125 0.336371875 0.2556640625 0.33745625 0.2419921875 0.33745625 0.24101875 0.3352859375 0.23288281249999998 0.8723953124999999 0.24345937499999998 0.8723953124999999 0.25485 0.87348125 0.26542656249999996 0.8756515625000001 0.27763125 0.874565625 0.28739375 0.336371875
6 0.30122499999999997 0.8561203125000001 0.3142421875 0.8561203125000001 0.3199375 0.3059890625 0.3095375 0.307075 0.307734375 0.307075 0.30122499999999997 0.8561203125000001
6 0.3305140625 0.2853734375 0.3201171875 0.2853734375 0.31587031250000003 0.8767359375 0.3280734375 0.8799906249999999 0.3305140625 0.2853734375
6 0.3288875 0.8756515625000001 0.34109218750000003 0.8756515625000001 0.3435328125 0.2756078125 0.3549234375 0.2756078125 0.35655000000000003 0.2560765625 0.3331375 0.2571609375 0.3288875 0.8756515625000001
6 0.34271875 0.8908421875 0.3549234375 0.8951828125000001 0.3549234375 0.2756078125 0.3453453125 0.2766921875 0.3435328125 0.277778125 0.34271875 0.8908421875
6 0.3785171875 0.2398 0.35736406249999997 0.24305625000000003 0.35673750000000004 0.24522499999999997 0.3557359375 0.894096875 0.3809578125 0.8951828125000001 0.3785171875 0.2398
6 0.415996875 0.24631093750000002 0.3982421875 0.2473953125 0.397284375 0.883246875 0.41681093750000003 0.8865015625 0.415996875 0.24631093750000002
6 0.43877812499999996 0.24197031249999998 0.42265625 0.24305625000000003 0.41925156250000006 0.8854171875000001 0.439590625 0.8875875000000001 0.43877812499999996 0.24197031249999998
6 0.49491562499999997 0.30381874999999997 0.4470703125 0.30381874999999997 0.44610000000000005 0.8854171875000001 0.49491562499999997 0.8897562499999999 0.49491562499999997 0.30381874999999997
6 0.54373125 0.29405312499999997 0.49654375 0.297309375 0.49427031250000003 0.29839375 0.49735625 0.8951828125000001 0.5494265625 0.8995218749999999 0.54373125 0.29405312499999997
6 0.55186875 0.9201390625 0.5925484375 0.9212234374999999 0.5901078125 0.17035625000000001 0.5512359375 0.1736109375 0.5494265625 0.174696875 0.55186875 0.9201390625
6 0.6373015625 0.1671 0.5974296875 0.17035625000000001 0.595803125 0.9212234374999999 0.6372953125 0.9212234374999999 0.6373015625 0.1671
6 0.638928125 0.28754375 0.6405546875 0.87890625 0.6608953125 0.8821609374999999 0.676353125 0.8799906249999999 0.6698453125 0.28754375 0.6391265625 0.28754375 0.638928125 0.28754375
6 0.6918124999999999 0.30381874999999997 0.6861171875000001 0.302734375 0.6773765625 0.30381874999999997 0.6747265625 0.307075 0.6820484375 0.8756515625000001 0.7023890625 0.8778218750000001 0.7113390625 0.8756515625000001 0.704015625 0.3049046875 0.6999484375 0.302734375 0.6918124999999999 0.30381874999999997
6 0.7211015625 0.8875875000000001 0.7617812500000001 0.888671875 0.7577140625000001 0.2994796875 0.7205078125 0.30165000000000003 0.7186609374999999 0.3005640625 0.7211015625 0.8875875000000001