6 0 0.132953125 0.7123828125 0.060921875 0.7178265625 0.056914062499999994 0.7163609375 0.0380671875 0 0.1092203125 0 0.132953125
6 0 0.1562390625 0.7200484375 0.08191875 0.7185265625 0.0626078125 0 0.13533125 0 0.1562390625
6 0 0.2051734375 0.7557796875 0.12427031250000001 0.7524968750000001 0.0837203125 0 0.1609015625 0 0.2051734375
6 0 0.23472343750000002 0.7725515625 0.15035 0.7702218750000001 0.12447656250000001 0 0.20757656249999998 0 0.23472343750000002
6 0.0008874999999999999 0.2408046875 0.0031671875000000003 0.26627968750000003 0.7760125 0.1785390625 0.7738578125 0.154084375 0.0008874999999999999 0.2408046875
6 0.8029609375 0.25296875 0.7935984375 0.183621875 0.005156249999999999 0.27557343749999996 0.0095703125 0.31843125 0.01069375 0.32067812500000004 0.0093109375 0.3232328125 0.0108984375 0.34306875 0.01415625 0.34886875 0.8027015625 0.25777031250000004 0.8029609375 0.25296875
6 0.8115578125 0.33680625000000003 0.8017937500000001 0.26418906249999996 0.016953125 0.364740625 0.0132359375 0.3690125 0.024165625 0.4373 0.026471875 0.44226406249999994 0.8115578125 0.33680625000000003
6 0.0331703125 0.49682343749999996 0.0345828125 0.50141875 0.034928125 0.5042375 0.7668046875 0.40054375000000003 0.75896875 0.3505453125 0.0276328125 0.45171875000000006 0.025182812500000002 0.45249531249999997 0.0331703125 0.49682343749999996
6 0.0329984375 0.50924375 0.0426875 0.5605156250000001 0.77366875 0.45645468749999996 0.7658828125 0.4068578125 0.0329984375 0.50924375
6 0.030357812499999998 0.5706140625 0.0409390625 0.6222531250000001 0.8337453125 0.5106015625 0.8276421875000001 0.46089531250000004 0.030357812499999998 0.5706140625
6 0.03918125 0.62866875 0.0473140625 0.6810859375 0.8402375 0.5703734375 0.8341359374999999 0.5206828125 0.03918125 0.62866875
6 0.8027171875000001 0.63086875 0.79706875 0.5848640625 0.05058125 0.6869734375000001 0.0600375 0.736365625 0.061162499999999995 0.7386125 0.8022859375 0.6342609375 0.8027171875000001 0.63086875
6 0.0636765625 0.7936265625 0.06390781250000001 0.7955062500000001 0.81211875 0.693621875 0.8078546875000001 0.6450781250000001 0.0561796875 0.746378125 0.0636765625 0.7936265625
6 0.0626140625 0.8195109374999999 0.0654671875 0.8220218750000001 0.8173656250000001 0.722546875 0.8148937500000001 0.7024125 0.0595296875 0.801290625 0.0626140625 0.8195109374999999
6 0.063684375 0.8489484375 0.06463593749999999 0.8497859375000001 0.8214890625000001 0.749225 0.8190765624999999 0.7295671875 0.0604265625 0.82931875 0.063684375 0.8489484375
6 0.8154484375 0.8105359375000001 0.8077484374999999 0.754728125 0.06676875 0.8533390624999999 0.0662203125 0.855790625 0.07078124999999999 0.9067390625 0.0720203125 0.909925 0.8154484375 0.8105359375000001