6 0.054590625000000004 0.1607375 0.011503125 0.159653125 0.0407703125 0.93141875 0.077353125 0.9270828124999999 0.054590625000000004 0.1607375
6 0.0936125 0.1607375 0.0497125 0.1607375 0.077353125 0.9281671875 0.1082453125 0.9303343749999999 0.0936125 0.1607375
6 0.14076249999999998 0.1585703125 0.08466875 0.1553171875 0.11149687500000001 0.93141875 0.1594609375 0.9335875 0.14076249999999998 0.1585703125
6 0.179784375 0.1661578125 0.13344687500000002 0.159653125 0.1602734375 0.9292515625 0.19929531250000002 0.9303343749999999 0.179784375 0.1661578125
6 0.22774999999999998 0.1639890625 0.1862890625 0.1639890625 0.20579999999999998 0.9270828124999999 0.24969843749999998 0.9270828124999999 0.22774999999999998 0.1639890625
6 0.2708359375 0.167240625 0.2285625 0.169409375 0.24075625 0.9270828124999999 0.2935984375 0.922746875 0.2708359375 0.167240625
6 0.34481562499999996 0.2030109375 0.2716484375 0.1965078125 0.2919734375 0.9259999999999999 0.3724546875 0.922746875 0.34481562499999996 0.2030109375
6 0.3935921875 0.1661578125 0.3399375 0.1661578125 0.3651390625 0.9238312499999999 0.413103125 0.9303343749999999 0.3935921875 0.1661578125
6 0.423671875 0.1715765625 0.39521875 0.169409375 0.4163546875 0.9216640625 0.4448078125 0.9194953124999999 0.423671875 0.1715765625
6 0.45375156250000004 0.17049375 0.4261109375 0.17049375 0.4448078125 0.922746875 0.4765140625 0.9205796875000001 0.45375156250000004 0.17049375
6 0.49033437500000004 0.17049375 0.4561890625 0.168325 0.47813906250000004 0.924915625 0.5179750000000001 0.9270828124999999 0.49033437500000004 0.17049375
6 0.524478125 0.1715765625 0.491146875 0.168325 0.5187875 0.9270828124999999 0.5610609375 0.9346703125 0.524478125 0.1715765625
6 0.5651265624999999 0.255040625 0.52935625 0.2593765625 0.5594359375 0.93141875 0.5968312499999999 0.93141875 0.5651265624999999 0.255040625
6 0.5919531250000001 0.2582921875 0.5610609375 0.2517890625 0.592765625 0.9270828124999999 0.6317875 0.9292515625 0.5919531250000001 0.2582921875
6 0.6269109375 0.2810546875 0.5992703125000001 0.285390625 0.635853125 0.9270828124999999 0.6724359375 0.9292515625 0.6269109375 0.2810546875
6 0.6618671875000001 0.2409484375 0.64073125 0.24636874999999997 0.6781265624999999 0.9639374999999999 0.70820625 0.9617687500000001 0.6618671875000001 0.2409484375
6 0.6846296875 0.1108765625 0.659428125 0.1108765625 0.7236515625 0.9216640625 0.7431625000000001 0.9162437499999999 0.6846296875 0.1108765625
6 0.64073125 0.237696875 0.6610546875 0.2355296875 0.702515625 0.9205796875000001 0.7236515625 0.9205796875000001 0.66268125 0.1119609375 0.637478125 0.107625 0.64073125 0.237696875
6 0.713084375 0.10870781249999999 0.68625625 0.1097921875 0.74235 0.922746875 0.770803125 0.9292515625 0.713084375 0.10870781249999999
6 0.7439765625 0.107625 0.713896875 0.10654062500000001 0.7651125000000001 0.922746875 0.8114515625 0.922746875 0.7439765625 0.107625
6 0.7838109375 0.1011203125 0.746415625 0.10545625 0.8073859375 0.9303343749999999 0.8439687499999999 0.93141875 0.7838109375 0.1011203125
6 0.815515625 0.1000375 0.7870625 0.1011203125 0.8480343749999999 0.9335875 0.8707968749999999 0.932503125 0.815515625 0.1000375
6 0.835840625 0.10545625 0.813890625 0.104371875 0.8707968749999999 0.924915625 0.897625 0.9281671875 0.835840625 0.10545625
6 0.875675 0.17049375 0.8399046875 0.1726609375 0.8959984375 0.9303343749999999 0.9285171875 0.922746875 0.875675 0.17049375
6 0.903315625 0.1650734375 0.8740484374999999 0.169409375 0.93176875 0.9292515625 0.9634734375 0.9281671875 0.903315625 0.1650734375
6 0.9293296874999999 0.1737453125 0.9114453125 0.1802484375 0.970790625 0.9292515625 0.994365625 0.9205796875000001 0.9293296874999999 0.1737453125
6 0.9997484375000001 0.928090625 0.9997484375000001 0.682459375 0.9626609374999999 0.174828125 0.9342078125000001 0.1737453125 0.993553125 0.9292515625 0.9997484375000001 0.928090625