6 0.2830296875 0.19325625 0.23750468749999998 0.168325 0.023696875 0.9064890625 0.0594671875 0.924915625 0.2830296875 0.19325625
6 0.07572656250000001 0.8913140625 0.11149687500000001 0.9162437499999999 0.322865625 0.23878125 0.290346875 0.20734687499999999 0.07572656250000001 0.8913140625
6 0.38708906249999997 0.230109375 0.3415625 0.2116828125 0.12125156249999999 0.8869781250000001 0.1610875 0.9021531250000001 0.38708906249999997 0.230109375
6 0.1635265625 0.8793906249999999 0.2041734375 0.9032359375000001 0.46106718750000003 0.168325 0.422859375 0.1488140625 0.1635265625 0.8793906249999999
6 0.45700312500000007 0.300565625 0.4204203125 0.2734671875 0.20742500000000003 0.8956484375 0.246446875 0.9140765625 0.45700312500000007 0.300565625
6 0.2537640625 0.915159375 0.28790781249999997 0.9194953124999999 0.5488671875 0.20843124999999998 0.5082187499999999 0.1791640625 0.2537640625 0.915159375
6 0.6886953124999999 0.062098437500000006 0.6041484374999999 0.029581249999999996 0.289534375 0.9379234375 0.3496921875 0.9747765625 0.6886953124999999 0.062098437500000006
6 0.7846234375 0.061015625 0.70820625 0.018740625 0.36269999999999997 0.9455109374999999 0.434240625 0.971525 0.7846234375 0.061015625
6 0.7643 0.19325625 0.737471875 0.1737453125 0.43911718750000006 0.9520140625 0.458628125 0.9574343750000001 0.7643 0.19325625
6 0.7951921875 0.18892031250000002 0.7683640625 0.1715765625 0.46350625 0.9487625 0.4765140625 0.9585171875 0.7951921875 0.18892031250000002
6 0.48057812499999997 0.93900625 0.5049671874999999 0.947678125 0.7781203125 0.292978125 0.75210625 0.28430625 0.48057812499999997 0.93900625
6 0.8512859374999999 0.247453125 0.8114515625 0.22035468749999998 0.5196 0.9292515625 0.5578093749999999 0.9530984374999999 0.8512859374999999 0.247453125
6 0.5643125 0.9433421875000001 0.6041484374999999 0.9563499999999999 0.9008765625 0.24636874999999997 0.8618546874999999 0.22360625 0.5643125 0.9433421875000001
6 0.9618484374999999 0.25287187499999997 0.9203875 0.22469062499999998 0.6155296875 0.9379234375 0.657803125 0.9617687500000001 0.9618484374999999 0.25287187499999997
6 0.9997484375000001 0.244959375 0.9748546875 0.2279421875 0.658615625 0.9509296875000001 0.6992640625 0.965021875 0.9997484375000001 0.2909953125 0.9997484375000001 0.244959375
6 0.99761875 0.2886421875 0.7057671875 0.9465937500000001 0.724465625 0.9520140625 0.9997484375000001 0.3803765625 0.99761875 0.2886421875
6 0.99843125 0.3840296875 0.7325953125 0.9379234375 0.7634875 0.9585171875 0.9997484375000001 0.48051093749999996 0.99843125 0.3840296875
6 0.9968046875000001 0.481584375 0.7781203125 0.9455109374999999 0.8065734375 0.9617687500000001 0.9997484375000001 0.5762765625 0.9968046875000001 0.481584375