0 0.107849328125 0.2515231666666667 0.026680496874999998 0.25452942083333335 0.048475828124999995 0.9960718291666667 0.1183712125 0.9940676624999999 0.107849328125 0.2515231666666667
0 0.155949375 0.08517716666666666 0.12288059062500001 0.083173 0.13189935 0.9960718291666667 0.164216571875 0.9990780833333334 0.155949375 0.08517716666666666
0 0.192024409375 0.08918550416666667 0.16722282187499998 0.08617925416666666 0.17173220312499998 0.9970739125 0.20104316875 0.9970739125 0.192024409375 0.08918550416666667
0 0.258161978125 0.25252525416666666 0.21081349062500002 0.25052108333333334 0.21156505625 0.9950697458333334 0.255155725 0.9970739125 0.258161978125 0.25252525416666666
0 0.310771403125 0.9930655749999999 0.32580266875 0.2515231666666667 0.2799573125 0.25052108333333334 0.278454184375 0.26154401250000003 0.267180734375 0.9920634916666666 0.310771403125 0.9930655749999999
0 0.46634499687500003 0.013027095833333334 0.43853715624999995 0.009018758333333333 0.32805735937499997 0.9930655749999999 0.35736832500000004 0.9940676624999999 0.46634499687500003 0.013027095833333334
0 0.5024200343749999 0.0280583625 0.478370009375 0.026054191666666667 0.36713864687500003 0.9910614083333333 0.38893398125 0.9960718291666667 0.5024200343749999 0.0280583625
0 0.54300445 0.025052108333333333 0.51369348125 0.025052108333333333 0.401710559375 0.9970739125 0.42425745625 0.9940676624999999 0.54300445 0.025052108333333333
0 0.58659511875 0.030062529166666668 0.560290403125 0.0280583625 0.43402777812500004 0.9960718291666667 0.46108405625 0.9950697458333334 0.58659511875 0.030062529166666668
0 0.5933591875 0.2635481791666667 0.5693091625 0.2605419291666667 0.47085437812500003 0.998076 0.493401275 0.9960718291666667 0.5933591875 0.2635481791666667
0 0.62492484375 0.2725669375 0.6001232562500001 0.2675565166666667 0.504674725 0.998076 0.52421536875 0.9990780833333334 0.62492484375 0.2725669375
0 0.6767827093750001 0.020041687500000002 0.66099988125 0.017035433333333336 0.533985690625 0.9960718291666667 0.54901695625 0.9950697458333334 0.6767827093750001 0.020041687500000002
0 0.70083273125 0.024050025 0.685801465625 0.024050025 0.555781025 0.9950697458333334 0.5693091625 0.9960718291666667 0.70083273125 0.024050025
0 0.727889009375 0.03407086666666667 0.709099928125 0.03407086666666667 0.57983105 0.9960718291666667 0.5933591875 0.9960718291666667 0.727889009375 0.03407086666666667
0 0.7594546656250001 0.03507295 0.739914021875 0.03407086666666667 0.6053842 0.9910614083333333 0.621918590625 0.9910614083333333 0.7594546656250001 0.03507295
0 0.797032828125 0.03507295 0.7789953093750001 0.03707712083333334 0.6316889125 0.9960718291666667 0.65047799375 0.9950697458333334 0.797032828125 0.03507295
0 0.8263437937500001 0.038079204166666665 0.8075547125 0.0390812875 0.658745190625 0.9960718291666667 0.6797889625 0.9960718291666667 0.8263437937500001 0.038079204166666665
0 0.872940715625 0.03507295 0.840623496875 0.03507295 0.690310846875 0.9960718291666667 0.721124940625 0.9950697458333334 0.872940715625 0.03507295
0 0.910518878125 0.03707712083333334 0.88045635 0.038079204166666665 0.727889009375 0.9970739125 0.753442159375 0.9950697458333334 0.910518878125 0.03707712083333334
0 0.9691408125000001 0.03707712083333334 0.922543890625 0.03507295 0.766218734375 0.9930655749999999 0.7985359562500001 0.9940676624999999 0.9691408125000001 0.03707712083333334
0 0.996948653125 0.07315215833333334 0.9961970906250001 0.04509379583333333 0.9774080093749999 0.046095879166666666 0.809057840625 0.9960718291666667 0.8383688062499999 0.9960718291666667 0.996948653125 0.07315215833333334