4 0.7668359375 0.8795187500000001 0.7691578125 0.8551968750000001 0.29166875000000003 0.8612125 0.28793125 0.8878 0.7668359375 0.8795187500000001
4 0.7740218750000001 0.8517718750000001 0.7788359375 0.8097265625000001 0.2264125 0.8109609375 0.2253453125 0.8575406250000001 0.7740218750000001 0.8517718750000001
4 0.7827390624999999 0.8053453125000001 0.7862515625000001 0.764759375 0.23088906250000002 0.755721875 0.2294828125 0.8047046874999999 0.7827390624999999 0.8053453125000001
4 0.265109375 0.7227375 0.2673140625 0.7304421875 0.2653890625 0.7441390625000001 0.26370781249999997 0.7560984375 0.7974484375 0.7630453125 0.8007296875 0.755290625 0.8003937499999999 0.7420984374999999 0.7972265625 0.7334375 0.265109375 0.7227375
4 0.7999468750000001 0.698490625 0.7778906250000001 0.6994984375 0.268453125 0.6755546875 0.2718453125 0.6826046875 0.27206874999999997 0.696603125 0.270390625 0.7085515625000001 0.79434375 0.7305671874999999 0.802375 0.72019375 0.8029999999999999 0.7079578125 0.7999468750000001 0.698490625
4 0.8162437499999999 0.6449125 0.81149375 0.631921875 0.271125 0.5863765625 0.2628765625 0.660653125 0.8013609374999999 0.696225 0.806565625 0.6903828125 0.812053125 0.6747234375 0.815165625 0.6603718749999999 0.8162437499999999 0.6449125
4 0.8063484375 0.6295546875 0.8184515625 0.6213968750000001 0.81986875 0.6035203124999999 0.81251875 0.59345 0.27418593750000003 0.533403125 0.2672484375 0.574978125 0.8063484375 0.6295546875
4 0.2756609375 0.50731875 0.2726296875 0.5288921875 0.8131984375 0.588615625 0.8204953125 0.575675 0.8220796874999999 0.5643953125000001 0.816878125 0.5546265625 0.27837812500000003 0.48798281250000003 0.2756609375 0.50731875
4 0.8277374999999999 0.5553312499999999 0.8373578125 0.5180671875 0.24558437500000002 0.4406515625 0.23980937500000002 0.48174062500000003 0.8277374999999999 0.5553312499999999
4 0.8383765625 0.5108171875 0.846296875 0.48563906250000005 0.8456203125 0.47486249999999997 0.25164375 0.3897421875 0.2463796875 0.41940156249999994 0.24555781250000003 0.4330453125 0.8383765625 0.5108171875
4 0.8611171875 0.47375468749999994 0.866096875 0.4539140625 0.137296875 0.3457375 0.13296875 0.3687359375 0.8611171875 0.47375468749999994
4 0.8690374999999999 0.4485765625 0.8697203124999999 0.4281328125 0.13837656250000002 0.31466875 0.1361671875 0.338184375 0.8690374999999999 0.4485765625
4 0.871246875 0.42506093749999996 0.873003125 0.40476718749999996 0.1416046875 0.2839015625 0.1393140625 0.3079921875 0.871246875 0.42506093749999996
4 0.8723812499999999 0.40139375 0.875553125 0.378834375 0.1440984375 0.250565625 0.1405078125 0.27611093750000004 0.8723812499999999 0.40139375
4 0.8907671875000001 0.3719359375 0.8934843750000001 0.35259999999999997 0.1980546875 0.22528593749999998 0.19373125 0.24825312500000002 0.8907671875000001 0.3719359375
4 0.8938234375 0.3501828125 0.8971078125 0.3268171875 0.200775 0.1903390625 0.1966203125 0.2198953125 0.8938234375 0.3501828125
4 0.8975609375 0.3235953125 0.9018062499999999 0.3011859375 0.20315468750000001 0.157809375 0.2011515625 0.18766093749999999 0.8975609375 0.3235953125
4 0.8851796875 0.2947421875 0.8879531249999999 0.28280781250000003 0.1826859375 0.131928125 0.18119375 0.150340625 0.8851796875 0.2947421875
4 0.8861437499999999 0.2800890625 0.8906703125 0.263471875 0.1830859375 0.10569375 0.18136875 0.1257109375 0.8861437499999999 0.2800890625
4 0.8590171874999999 0.254796875 0.8623015625000001 0.23143281249999997 0.36305624999999997 0.1193671875 0.35968125 0.143375 0.8590171874999999 0.254796875
4 0.8613390624999999 0.23047499999999999 0.86586875 0.1982484375 0.3651546875 0.08104687499999999 0.363759375 0.1143640625 0.8613390624999999 0.23047499999999999
4 0.8673968750000001 0.19517656249999998 0.87079375 0.17100625 0.367534375 0.048517187499999996 0.3649859375 0.07445 0.8673968750000001 0.19517656249999998
4 0.8734546875 0.1442671875 0.36731250000000004 0.018907812500000003 0.3668265625 0.0457625 0.8670609375 0.1663734375 0.87175625 0.156353125 0.8734546875 0.1442671875