4 0.7152234375 0.846709375 0.7140109375 0.8242625 0.29018125 0.8243562499999999 0.2889078125 0.85845 0.7152234375 0.846709375
4 0.715559375 0.820853125 0.7193359375 0.796253125 0.294146875 0.79615625 0.29362187500000003 0.825609375 0.715559375 0.820853125
4 0.2966140625 0.7518234374999999 0.2956921875 0.7945796875 0.7230546875 0.7948578125 0.727759375 0.7614265625 0.2966140625 0.7518234374999999
4 0.29874375 0.6975859375 0.29583750000000003 0.7365640625000001 0.7179328125 0.7416437499999999 0.7195171874999999 0.710265625 0.29874375 0.6975859375
4 0.3065390625 0.6234109375 0.304996875 0.6607453125 0.7239015625 0.6735265625 0.72715 0.6426203125 0.3065390625 0.6234109375
4 0.2977640625 0.5823125 0.2935875 0.6220484374999999 0.731953125 0.6422328125 0.735571875 0.60779375 0.2977640625 0.5823125
4 0.7416453125 0.606646875 0.74418125 0.5712015625 0.30136562499999997 0.540628125 0.2976703125 0.5831953125 0.7416453125 0.606646875
4 0.30410312500000003 0.5106625 0.2997703125 0.5405625 0.744365625 0.5694343749999999 0.7490359375 0.5415281249999999 0.30410312500000003 0.5106625
4 0.752046875 0.5416734375 0.753375 0.51770625 0.303809375 0.48000468749999997 0.301934375 0.5086484375 0.752046875 0.5416734375
4 0.280478125 0.42961406249999995 0.27447499999999997 0.4754078125 0.764065625 0.5179375 0.77168125 0.4794546875 0.280478125 0.42961406249999995
4 0.7620125 0.46951093750000006 0.7655734375 0.458278125 0.7616296874999999 0.44662187500000006 0.3239484375 0.4011484375 0.32261875 0.42511406249999995 0.7620125 0.46951093750000006
4 0.32239375 0.3706296875 0.3219640625 0.39736875 0.7561828125 0.44568593749999996 0.7629890625 0.42123437499999994 0.32239375 0.3706296875
4 0.7603296875 0.41755156250000003 0.7676093749999999 0.404925 0.7635484375 0.3982484375 0.761565625 0.39446875000000003 0.3235859375 0.341665625 0.3236640625 0.3698703125 0.7603296875 0.41755156250000003
4 0.322909375 0.30908125000000003 0.3197546875 0.3391046875 0.7709859375 0.395459375 0.77528125 0.36655625000000003 0.322909375 0.30908125000000003
4 0.7787578125 0.3668140625 0.78290625 0.3386796875 0.32395 0.2759140625 0.322909375 0.30908125000000003 0.7787578125 0.3668140625
4 0.317909375 0.24338125000000002 0.31494062500000003 0.2716390625 0.7818203125000001 0.3376734375 0.786484375 0.30979843749999997 0.317909375 0.24338125000000002
4 0.787053125 0.310546875 0.7958171875 0.283790625 0.3191359375 0.2096171875 0.317103125 0.23972656250000002 0.787053125 0.310546875
4 0.3213390625 0.1767828125 0.319453125 0.20604687500000002 0.796003125 0.282025 0.8026625 0.255528125 0.3213390625 0.1767828125
4 0.8013281250000001 0.25401562499999997 0.8118265625 0.2220859375 0.346521875 0.1359046875 0.3428125 0.17636093749999998 0.8013281250000001 0.25401562499999997
4 0.340503125 0.085053125 0.3369484375 0.1302125 0.8121984375 0.218553125 0.8214937499999999 0.17600625 0.340503125 0.085053125
4 0.820371875 0.17477343750000002 0.8305281250000001 0.134771875 0.34159843749999996 0.033265625 0.338890625 0.0777421875 0.820371875 0.17477343750000002