4 0.5244125000000001 0 0.1128453125 0.1527609375 0.11792031249999999 0.1690359375 0.12323593749999999 0.1821984375 0.6124171875 0.0030390625 0.611328125 0 0.5244125000000001 0
4 0.55506875 0.0585171875 0.5450359375 0.030515625 0.12150000000000001 0.18339375 0.1312859375 0.2086078125 0.55506875 0.0585171875
4 0.55506875 0.0585171875 0.1289015625 0.2090015625 0.1342171875 0.222165625 0.1375015625 0.231259375 0.564384375 0.083646875 0.55506875 0.0585171875
4 0.137859375 0.23269531250000003 0.145440625 0.2590203125 0.5717578125 0.11388281250000001 0.5620499999999999 0.08651718750000001 0.137859375 0.23269531250000003
4 0.1513015625 0.262134375 0.1579859375 0.2848703125 0.5823968749999999 0.1431 0.57261875 0.11667187500000001 0.1513015625 0.262134375
4 0.1617375 0.31215000000000004 0.6480921875 0.154284375 0.6394484375 0.129715625 0.1545140625 0.28726093750000004 0.1617375 0.31215000000000004
4 0.1613171875 0.31454218749999996 0.1719484375 0.34086875 0.65650625 0.188028125 0.6483890625 0.1595484375 0.1613171875 0.31454218749999996
4 0.18585625 0.38849374999999997 0.739271875 0.23449843750000002 0.735334375 0.218703125 0.723278125 0.1744296875 0.7211328124999999 0.17476875 0.1713484375 0.34254375000000004 0.17205781250000002 0.35761875 0.173784375 0.3686265625 0.1802375 0.38226875 0.18585625 0.38849374999999997
4 0.1848359375 0.3925609375 0.19145937500000001 0.419125 0.6754671875 0.2876390625 0.66663125 0.257184375 0.1848359375 0.3925609375
4 0.7718125 0.3323828125 0.7725359375 0.3230515625 0.7565359375 0.26742656249999996 0.191996875 0.42127968750000006 0.192284375 0.438746875 0.1966421875 0.4521484375 0.200759375 0.4686609375 0.2062 0.4741671875 0.7718125 0.3323828125
4 0.2259390625 0.47992187499999994 0.22838281249999998 0.4938015625 0.232140625 0.5088796875 0.239909375 0.52371875 0.746040625 0.40438906250000006 0.7342890625 0.35317656249999996 0.2259390625 0.47992187499999994
4 0.2399625 0.53209375 0.25256406249999996 0.56631875 0.7653703125 0.4463859375 0.754953125 0.4075046875 0.2399625 0.53209375
4 0.26839375 0.6012625 0.7024843749999999 0.5029453125 0.6910828125 0.46537187500000005 0.25980156249999997 0.5668015625 0.26839375 0.6012625
4 0.2721609375 0.6041359374999999 0.27961718750000003 0.6381171875 0.7168203125 0.5432015625 0.70685 0.50414375 0.2721609375 0.6041359374999999
4 0.2876171875 0.66205 0.781296875 0.5580265625 0.7752484374999999 0.5353421875000001 0.283384375 0.6409921875 0.2876171875 0.66205
4 0.29443593749999997 0.6649265625 0.29926875000000003 0.6843109375 0.7901515625 0.58614375 0.7862 0.5613796875 0.29443593749999997 0.6649265625
4 0.2934 0.6934 0.29984375 0.7192453125 0.816121875 0.61405625 0.80831875 0.5848421874999999 0.2934 0.6934
4 0.298046875 0.72426875 0.30245937500000003 0.7460453125 0.8097875 0.6424734375 0.8039296874999999 0.620253125 0.298046875 0.72426875
4 0.304490625 0.7501140625 0.3098609375 0.771653125 0.8183734375 0.67003125 0.8132453125 0.6453828125000001 0.304490625 0.7501140625
4 0.3090203125 0.7764375 0.31761249999999996 0.8108984375 0.8321796875 0.709859375 0.8224984375 0.6743406249999999 0.3090203125 0.7764375
4 0.3297921875 0.847515625 0.844525 0.75044375 0.8346796875000001 0.7109578125 0.3210203125 0.8123374999999999 0.3297921875 0.847515625
4 0.333559375 0.8503890625 0.3402375 0.885328125 0.862328125 0.7904078125 0.8511640625 0.7526015625 0.333559375 0.8503890625
4 0.85319375 0.8504671874999999 0.8794000000000001 0.8454593750000001 0.8663328124999999 0.7930484375 0.3470546875 0.8882031250000001 0.35869062500000004 0.9348703125 0.85319375 0.8504671874999999
4 0.36359375 0.9382234374999999 0.37881718750000004 0.9870453124999999 0.8989046875 0.9012249999999999 0.8868171874999999 0.846659375 0.36359375 0.9382234374999999