6 0.0261359375 0.096784375 0.0025609375 0.0957015625 0.0423953125 0.9433421875000001 0.06678437499999999 0.9379234375 0.0261359375 0.096784375
6 0.0489 0.098953125 0.022071874999999998 0.096784375 0.0643453125 0.9400906250000001 0.0862953125 0.9379234375 0.0489 0.098953125
6 0.07166249999999999 0.098953125 0.044021875 0.09353281249999999 0.0797921875 0.9422578125 0.10499375 0.941175 0.07166249999999999 0.098953125
6 0.0927984375 0.1032890625 0.0708484375 0.1000375 0.10580624999999999 0.941175 0.12369062500000001 0.93900625 0.0927984375 0.1032890625
6 0.135071875 0.05559531250000001 0.09035937499999999 0.0566796875 0.12450468750000002 0.9498453124999999 0.16271249999999998 0.9465937500000001 0.135071875 0.05559531250000001
6 0.179784375 0.06318281249999999 0.1366984375 0.06751875 0.16271249999999998 0.9509296875000001 0.19929531250000002 0.9444265625 0.179784375 0.06318281249999999
6 0.21149062500000002 0.0490921875 0.1749078125 0.0545109375 0.19360468749999998 0.947678125 0.22937500000000002 0.9444265625 0.21149062500000002 0.0490921875
6 0.251325 0.06318281249999999 0.2066125 0.0545109375 0.2285625 0.9455109374999999 0.2602671875 0.9465937500000001 0.251325 0.06318281249999999
6 0.345628125 0.114128125 0.2529515625 0.09786875 0.2643328125 0.9465937500000001 0.3488796875 0.9530984374999999 0.345628125 0.114128125
6 0.3976578125 0.10870781249999999 0.3440015625 0.104371875 0.3480671875 0.941175 0.402534375 0.9455109374999999 0.3976578125 0.10870781249999999
6 0.47813906250000004 0.1108765625 0.40009531249999997 0.1022046875 0.3984703125 0.9487625 0.4651328125 0.9541812500000001 0.47813906250000004 0.1108765625
6 0.5545578124999999 0.1162953125 0.47813906250000004 0.114128125 0.469196875 0.955265625 0.535046875 0.9563499999999999 0.5545578124999999 0.1162953125
6 0.6082124999999999 0.1195484375 0.5545578124999999 0.11737968750000001 0.5391109375 0.9596015625 0.590328125 0.9596015625 0.6082124999999999 0.1195484375
6 0.6496734375 0.0729390625 0.6098390625000001 0.06751875 0.5878890625000001 0.9617687500000001 0.624471875 0.9617687500000001 0.6496734375 0.0729390625
6 0.68625625 0.08269375 0.6464218749999999 0.07944218750000001 0.624471875 0.965021875 0.6602421875 0.962853125 0.68625625 0.08269375
6 0.735846875 0.12713593750000002 0.691946875 0.1195484375 0.66268125 0.947678125 0.704140625 0.9455109374999999 0.735846875 0.12713593750000002
6 0.7829984375000001 0.12713593750000002 0.7350328125 0.1249671875 0.7008890625 0.9541812500000001 0.7456015625 0.955265625 0.7829984375000001 0.12713593750000002
6 0.8220203125 0.2030109375 0.77568125 0.19975937500000002 0.75210625 0.962853125 0.787875 0.9639374999999999 0.8220203125 0.2030109375
6 0.8634796874999999 0.19325625 0.8236453125000001 0.19759218750000002 0.7886890625 0.9617687500000001 0.8268968750000001 0.962853125 0.8634796874999999 0.19325625
6 0.914696875 0.0870296875 0.86591875 0.0881140625 0.8334015625 0.9671890624999999 0.8699843749999999 0.96935625 0.914696875 0.0870296875
6 0.9651 0.0870296875 0.9203875 0.089196875 0.8707968749999999 0.9671890624999999 0.9114453125 0.965021875 0.9651 0.0870296875
6 0.993553125 0.13580625 0.961034375 0.1303875 0.9114453125 0.965021875 0.9423375 0.9661046875 0.993553125 0.13580625
6 0.9968046875000001 0.14339375000000001 0.9407109374999999 0.970440625 0.9724171875 0.970440625 0.9997484375000001 0.577284375 0.9968046875000001 0.14339375000000001