0 0.152943121875 0.9700176375 0.040208634375 0.33469616666666663 0.004133596875 0.332692 0.003382034375 0.3667628666666667 0.12438371875000001 0.974025975 0.152943121875 0.9700176375
0 0.096575878125 0.20342312083333333 0.041711759375000004 0.1984127 0.158204065625 0.9700176375 0.18826659375000002 0.9720218041666667 0.096575878125 0.20342312083333333
0 0.16571969687500002 0.2054272875 0.11311026875 0.20442520416666668 0.19954004375 0.9620009625 0.228099446875 0.9650072166666667 0.16571969687500002 0.2054272875
0 0.19954004375 0.005010420833333334 0.160458753125 0.007014591666666667 0.23937289687500002 0.9730238875 0.26116823125 0.9730238875 0.19954004375 0.005010420833333334
0 0.25139790624999997 0.009018758333333333 0.21156505625 0.009018758333333333 0.267180734375 0.974025975 0.28596981875 0.974025975 0.25139790624999997 0.009018758333333333
0 0.341585496875 0.2214606375 0.265677609375 0.21444604583333332 0.30024951875 0.9840468166666666 0.343088625 0.9710197208333333 0.341585496875 0.2214606375
0 0.41298400625 0.22647105833333334 0.35285894687499997 0.21945647083333333 0.35060425624999997 0.974025975 0.38743085625 0.9770322291666667 0.41298400625 0.22647105833333334
0 0.44981060624999997 0.21745230000000002 0.42500901874999997 0.21845438333333334 0.39870430625000003 0.9940676624999999 0.41523869687500004 0.9950697458333334 0.44981060624999997 0.21745230000000002
0 0.484382515625 0.123256375 0.46484187187500003 0.12025012083333333 0.420499640625 0.9760301416666667 0.43102152499999996 0.9760301416666667 0.484382515625 0.123256375
0 0.5144450468749999 0.12926887916666666 0.493401275 0.12726471250000002 0.43703403124999995 0.9770322291666667 0.44905904375 0.9770322291666667 0.5144450468749999 0.12926887916666666
0 0.572315415625 0.13528138333333334 0.52346380625 0.12726471250000002 0.45507155 0.9760301416666667 0.485885640625 0.9760301416666667 0.572315415625 0.13528138333333334
0 0.576824796875 0.3958233125 0.5520232093749999 0.3948212291666667 0.49490439999999997 0.9730238875 0.51143879375 0.9720218041666667 0.576824796875 0.3958233125
0 0.610645140625 0.3968253958333333 0.585091990625 0.3968253958333333 0.5174513000000001 0.9720218041666667 0.5362403812500001 0.9720218041666667 0.610645140625 0.3968253958333333
0 0.7181186875 0.007014591666666667 0.672273328125 0.0030062541666666664 0.546010703125 0.9680134666666667 0.573066978125 0.9680134666666667 0.7181186875 0.007014591666666667
0 0.7564484125 0.14229597500000002 0.708348365625 0.14029180833333335 0.57983105 0.9700176375 0.6113967062500001 0.9700176375 0.7564484125 0.14229597500000002
0 0.81281565625 0.14430014583333334 0.768473425 0.14430014583333334 0.618160775 0.9650072166666667 0.65047799375 0.9640051291666667 0.81281565625 0.14430014583333334
0 0.78651094375 0.3878066375 0.772982803125 0.3878066375 0.658745190625 0.9609988791666667 0.6685155125 0.9599967916666666 0.78651094375 0.3878066375
0 0.809057840625 0.38880872083333334 0.794026575 0.3868045541666667 0.67452801875 0.9599967916666666 0.685801465625 0.9599967916666666 0.809057840625 0.38880872083333334
0 0.8188281625 0.45795254166666666 0.8015422093750001 0.45895462499999995 0.6933171 0.9549863708333334 0.71135461875 0.9569905416666666 0.8188281625 0.45795254166666666
0 0.728640571875 0.9620009625 0.933065778125 0.030062529166666668 0.908264190625 0.030062529166666668 0.9075126250000001 0.05812089166666667 0.7181186875 0.9579926249999999 0.728640571875 0.9620009625
0 0.757199975 0.9569905416666666 0.9511032937499999 0.14931056666666667 0.9180345125 0.14430014583333334 0.73615620625 0.9569905416666666 0.7451749624999999 0.9599967916666666 0.757199975 0.9569905416666666
0 0.969892375 0.2585377583333333 0.934568903125 0.25452942083333335 0.765467171875 0.9529822041666667 0.79252345 0.9599967916666666 0.969892375 0.2585377583333333
0 0.99920334375 0.3276815791666667 0.9954455281250001 0.25252525416666666 0.97440175625 0.25252525416666666 0.8022937718750001 0.9489738666666666 0.8270953593750001 0.9529822041666667 0.99920334375 0.3276815791666667