4 0.81210625 0.9121218750000001 0.8109484374999999 0.8774312500000001 0.2972328125 0.8985843750000001 0.29583906249999997 0.938515625 0.81210625 0.9121218750000001
4 0.8121937499999999 0.8756984375 0.8123125 0.8383875 0.29738125000000004 0.8603859375 0.29841562499999996 0.898625 0.8121937499999999 0.8756984375
4 0.7983921875 0.82990625 0.7947124999999999 0.7995703125 0.35946406249999996 0.8128015625 0.360684375 0.8457156250000001 0.7983921875 0.82990625
4 0.7983546875 0.7970312500000001 0.80174375 0.76783125 0.359240625 0.7852515624999999 0.360646875 0.8128421875 0.7983546875 0.7970312500000001
4 0.2960890625 0.7617234374999999 0.29643437499999997 0.7857234375 0.8111796874999999 0.76905 0.8119234375 0.747753125 0.2960890625 0.7617234374999999
4 0.2958046875 0.7359484375 0.2960890625 0.7617234374999999 0.8178703125 0.7470718749999999 0.8186453124999999 0.7248875 0.2958046875 0.7359484375
4 0.8164031250000001 0.7212562499999999 0.8136281249999999 0.6989484375 0.3019 0.7086781249999999 0.3041171875 0.7353500000000001 0.8164031250000001 0.7212562499999999
4 0.3059453125 0.6829953125 0.305015625 0.7096171874999999 0.816025 0.6981437500000001 0.813846875 0.6737890625 0.3059453125 0.6829953125
4 0.8109765624999999 0.673090625 0.8109703125 0.6393296875 0.34589375 0.6427906250000001 0.3462703125 0.6817390624999999 0.8109765624999999 0.673090625
4 0.3441703125 0.6061468750000001 0.34648124999999996 0.641765625 0.8146437499999999 0.635903125 0.8124984375000001 0.6004562499999999 0.3441703125 0.6061468750000001
4 0.8100609375 0.5975406249999999 0.8079984375 0.5548234375 0.33525625 0.5560828124999999 0.3369140625 0.6014375000000001 0.8100609375 0.5975406249999999
4 0.354090625 0.5256453125 0.35565156249999996 0.5488000000000001 0.8022375 0.5501796875 0.8018281249999999 0.5279546875000001 0.354090625 0.5256453125
4 0.34804375 0.49522656249999997 0.34767187499999996 0.505875 0.346990625 0.525396875 0.8126015625 0.5247765625 0.81630625 0.5204640625 0.8201656249999999 0.5117140625000001 0.8206 0.499290625 0.8116296875 0.4847625 0.3451140625 0.47735625 0.344928125 0.4826796875 0.34804375 0.49522656249999997
4 0.8104156250000001 0.48560781249999996 0.8104093750000001 0.45184687500000004 0.36646875 0.44256406249999997 0.3664125 0.47809999999999997 0.8104156250000001 0.48560781249999996
4 0.36331718749999997 0.39714375 0.3655640625 0.4345359375 0.8117171875 0.4483390625 0.80983125 0.41567968750000006 0.36331718749999997 0.39714375
4 0.80940625 0.4127203125 0.8096484374999999 0.37186093750000004 0.3705 0.3485484375 0.37156875 0.3983203125 0.80940625 0.4127203125
4 0.34965156249999996 0.2456296875 0.34754999999999997 0.33973125 0.8230046874999999 0.3625546875 0.8223062499999999 0.2807921875 0.34965156249999996 0.2456296875
4 0.3133625 0.165290625 0.3109765625 0.23361875 0.8345421875 0.2696703125 0.8316375 0.21715 0.3133625 0.165290625
4 0.8156859375 0.1650640625 0.3606328125 0.10880000000000001 0.3582015625 0.1704109375 0.8151953125 0.21302343750000002 0.81970625 0.1856390625 0.8156859375 0.1650640625
4 0.363909375 0.040896875 0.36174062500000004 0.10301249999999999 0.8170546875 0.15978125 0.8199171875 0.145665625 0.8182625 0.1251734375 0.81529375 0.1100203125 0.363909375 0.040896875