5 0.27881320625 0.37530444583333333 0.246064165625 0.378196025 0.3128495375 0.8873774916666667 0.340966525 0.8834308916666667 0.27881320625 0.37530444583333333
5 0.3424463625 0.8814575916666667 0.37056334999999996 0.8765243083333334 0.314423540625 0.3706005375 0.29583139687500004 0.3733311458333333 0.29139189062500004 0.37530444583333333 0.2810329875 0.37530444583333333 0.3424463625 0.8814575916666667
5 0.313609740625 0.31526199583333336 0.37352302187499997 0.8775109916666667 0.42383765 0.8646844375 0.375002859375 0.3111720125 0.313609740625 0.31526199583333336
5 0.429756996875 0.3151186125 0.380341509375 0.3228574833333333 0.426797325 0.8627111375 0.46527316562500004 0.8508713333333334 0.429756996875 0.3151186125
5 0.43486624999999995 0.3163470666666666 0.46675294999999994 0.85383125 0.505968784375 0.8439647499999999 0.48007152499999994 0.30919867916666666 0.43486624999999995 0.3163470666666666
5 0.5089284562499999 0.30919867916666666 0.483771190625 0.31413196250000003 0.5081885625 0.8508713333333334 0.53038615625 0.8488980333333332 0.5089284562499999 0.30919867916666666
5 0.53496390625 0.3076665083333333 0.5118881281250001 0.3082120291666667 0.53112605 0.8390314624999999 0.549624078125 0.8360715458333333 0.53496390625 0.3076665083333333
5 0.5858801375 0.29735884583333333 0.548144190625 0.3003188291666667 0.5540636343750001 0.8508713333333334 0.5725615625 0.8508713333333334 0.5858801375 0.8429780666666667 0.5858801375 0.29735884583333333
5 0.588839809375 0.8291649625 0.602898378125 0.8311382625 0.6155303125 0.8263297041666667 0.6191766249999999 0.28354570833333337 0.58662013125 0.2855190083333333 0.588839809375 0.8291649625
5 0.6191766249999999 0.8271916625000001 0.62805564375 0.8281782791666666 0.639894334375 0.824231675 0.64971 0.8198192875 0.660612140625 0.28354570833333337 0.6236160843749999 0.287492325 0.6191766249999999 0.8271916625000001
5 0.652473015625 0.822258375 0.679110165625 0.818311775 0.699827871875 0.2805857375 0.6635718125000001 0.28453235833333335 0.652473015625 0.822258375
5 0.721285571875 0.2795990875 0.702047653125 0.2815724083333333 0.681329846875 0.8212716916666667 0.71314645 0.818311775 0.7383037125 0.2805857375 0.726465025 0.2795990875 0.721285571875 0.2795990875
5 0.7679005375 0.3368249875 0.768525103125 0.3326231083333333 0.742003378125 0.3348516875 0.71758600625 0.8232450583333333 0.74052349375 0.8212716916666667 0.7679005375 0.3368249875
5 0.8010771875 0.333708175 0.772340096875 0.3338650375 0.7442231593749999 0.8252183583333333 0.765680759375 0.824231675 0.8010771875 0.333708175