4 0.3492109375 0.067090625 0.849015625 0.0883375 0.85100625 0.06391250000000001 0.8444390625 0.0620421875 0.8360453124999999 0.060257812499999994 0.3540109375 0.044509375000000004 0.3492109375 0.067090625
4 0.8436390625 0.12135 0.847415625 0.092196875 0.3474984375 0.06945 0.3457109375 0.09517187499999999 0.8436390625 0.12135
4 0.340803125 0.09525781250000001 0.3392921875 0.119446875 0.838365625 0.15096875 0.84248125 0.1211046875 0.340803125 0.09525781250000001
4 0.7743890625 0.173803125 0.7754796875000001 0.1458953125 0.33160625 0.12144375 0.329246875 0.1475828125 0.7743890625 0.173803125
4 0.32548125 0.16734374999999999 0.32499375 0.198103125 0.7957734375000001 0.21556562499999998 0.7975359375 0.18022812500000002 0.32548125 0.16734374999999999
4 0.320178125 0.1979875 0.316821875 0.2308609375 0.782178125 0.24535625 0.7837562499999999 0.249321875 0.7920359375 0.24994375 0.7924828125000001 0.213959375 0.320178125 0.1979875
4 0.781625 0.24796093749999998 0.3104765625 0.2322359375 0.3083625 0.253571875 0.31096406249999997 0.264109375 0.78284375 0.286928125 0.7809875 0.26234999999999997 0.781625 0.24796093749999998
4 0.3034625 0.26523906249999996 0.30302656250000004 0.30145468750000004 0.7808546875 0.331309375 0.7817937500000001 0.2870296875 0.3034625 0.26523906249999996
4 0.2966828125 0.3028296875 0.29392968750000004 0.3385546875 0.775165625 0.37315312500000003 0.776221875 0.330325 0.2966828125 0.3028296875
4 0.7613531250000001 0.388890625 0.76430625 0.37499375 0.2892640625 0.354809375 0.286328125 0.39140312499999996 0.762059375 0.42228281250000005 0.7561328125 0.4077515625 0.7613531250000001 0.388890625
4 0.270971875 0.41809531250000004 0.271828125 0.4482328125 0.8037578125 0.46409218750000003 0.80135 0.42280937500000004 0.270971875 0.41809531250000004
4 0.2531640625 0.45061875 0.2571265625 0.4832328125 0.79991875 0.5072046875 0.7967531250000001 0.46721874999999996 0.2531640625 0.45061875
4 0.2550453125 0.487328125 0.25761406249999996 0.51510625 0.7139921874999999 0.537678125 0.7100296875 0.5050656250000001 0.2550453125 0.487328125
4 0.2576640625 0.5205640625 0.261759375 0.5468515625 0.7138296875 0.567778125 0.7122796874999999 0.5400375000000001 0.2576640625 0.5205640625
4 0.2469390625 0.5482390625 0.24835 0.575771875 0.7065187500000001 0.602165625 0.7052640625000001 0.573040625 0.2469390625 0.5482390625
4 0.2526125 0.57849375 0.25170781249999996 0.6055328125 0.70384375 0.6335453125 0.7024625 0.6033078125 0.2526125 0.57849375
4 0.23378125 0.604446875 0.22852968749999997 0.640546875 0.7305703125 0.6831546875 0.7278234375 0.637746875 0.23378125 0.604446875
4 0.22200000000000003 0.6427906250000001 0.22080937500000003 0.659784375 0.7649781250000001 0.7154281250000001 0.765153125 0.69560625 0.22200000000000003 0.6427906250000001
4 0.763290625 0.7442296875000001 0.7623515624999999 0.725875 0.21177968749999998 0.662403125 0.21192656250000003 0.6807390625 0.763290625 0.7442296875000001
4 0.2109421875 0.7175984375 0.758509375 0.7895078125 0.7610828125 0.7525390625 0.20985 0.682871875 0.2109421875 0.7175984375
4 0.2015421875 0.7219546875 0.203003125 0.75494375 0.7516453125 0.83888125 0.750525 0.8022109374999999 0.2015421875 0.7219546875
4 0.1978171875 0.7565640625000001 0.19775 0.7910437499999999 0.7447296875 0.8858406249999999 0.7440078125 0.8463359374999999 0.1978171875 0.7565640625000001
4 0.19409218749999999 0.7911734375 0.19013125 0.8211953125000001 0.746390625 0.928125 0.746359375 0.8922234375 0.19409218749999999 0.7911734375
4 0.740721875 0.9699984374999999 0.7382875 0.93589375 0.185734375 0.8248 0.18281875 0.8552593749999999 0.740721875 0.9699984374999999
4 0.7355640625000001 1 0.736190625 0.979928125 0.180615625 0.854575 0.17744374999999998 0.8865796874999999 0.67664375 1 0.7355640625000001 1