5 0.1873871625 0.1681857625 0.142707825 0.166015625 0.180064759375 0.8289930541666667 0.216676771875 0.8257378458333334 0.1873871625 0.1681857625
5 0.232135178125 0.17035590416666666 0.22481277500000002 0.166015625 0.19389596250000002 0.1671006958333333 0.189908346875 0.1681857625 0.21993117187500003 0.8268229166666666 0.25572958749999997 0.8235677083333334 0.232135178125 0.17035590416666666
5 0.291528 0.17578125 0.24271198125 0.17578125 0.2354812625 0.1779513875 0.2622383875 0.8203125 0.317563209375 0.8170572916666666 0.291528 0.17578125
5 0.350107221875 0.17903645833333334 0.34359841874999997 0.17578125 0.3240720125 0.1736111125 0.305468240625 0.1736111125 0.3256992125 0.8409288208333333 0.368006428125 0.8322482625000001 0.350107221875 0.17903645833333334
5 0.387532834375 0.185546875 0.35742962500000003 0.185546875 0.351854959375 0.1866319458333333 0.37776963124999996 0.8170572916666666 0.40868644375 0.810546875 0.387532834375 0.185546875
5 0.42739925 0.185546875 0.4112625125 0.1877170125 0.44204405625 0.8116319458333333 0.458316059375 0.8072916666666666 0.42739925 0.185546875
5 0.49655527499999996 0.185546875 0.43065365 0.185546875 0.4648248625 0.8094618041666667 0.520963284375 0.7964409708333334 0.49655527499999996 0.185546875
5 0.525844884375 0.185546875 0.507291159375 0.1866319458333333 0.5339808875000001 0.8062065958333334 0.55025289375 0.8029513875000001 0.525844884375 0.185546875
5 0.590932909375 0.19097222083333334 0.588492109375 0.185546875 0.5299128875 0.185546875 0.55269369375 0.8029513875000001 0.6120865156249999 0.7888454874999999 0.590932909375 0.19097222083333334
5 0.65113933125 0.17903645833333334 0.59925079375 0.18120659583333334 0.61940891875 0.7964409708333334 0.6674113375 0.7888454874999999 0.65113933125 0.17903645833333334
5 0.7146001531249999 0.1768663208333333 0.6651687625 0.1779513875 0.677988140625 0.7986111124999999 0.7243633593750001 0.7888454874999999 0.7146001531249999 0.1768663208333333
5 0.7593481718749999 0.1671006958333333 0.727017721875 0.1671006958333333 0.732499359375 0.7975260416666666 0.767484171875 0.7921006958333333 0.7593481718749999 0.1671006958333333
5 0.816300190625 0.15950520833333334 0.77991485625 0.15950520833333334 0.783756178125 0.80078125 0.816300190625 0.7953559041666666 0.816300190625 0.15950520833333334
5 0.8529122031249999 0.16276041666666666 0.817927390625 0.16167534583333334 0.8195545937500001 0.7931857625000001 0.8529122031249999 0.7899305541666667 0.8529122031249999 0.16276041666666666
5 0.8854562156249999 0.791015625 0.8968466218750001 0.7899305541666667 0.8927786187500001 0.1453993041666667 0.88871061875 0.1453993041666667 0.8781338125 0.1453993041666667 0.867557009375 0.146484375 0.8634890093750001 0.7921006958333333 0.8699978125 0.7942708333333334 0.8854562156249999 0.791015625
5 0.9212546312500001 0.7877604166666666 0.932645034375 0.7845052083333334 0.9367130343750001 0.7790798624999999 0.931831434375 0.1453993041666667 0.903355421875 0.146484375 0.9017282218749999 0.7855902791666666 0.9057962249999999 0.7888454874999999 0.9212546312500001 0.7877604166666666