4 0.7239187499999999 0.946996875 0.733346875 0.9072390625000001 0.1743515625 0.74275 0.16241250000000002 0.7781578125 0.7239187499999999 0.946996875
4 0.73380625 0.9055234375 0.7446125 0.8606187500000001 0.255190625 0.7120640625 0.241603125 0.7570921875 0.73380625 0.9055234375
4 0.2719046875 0.67145 0.2576734375 0.710840625 0.7453015625 0.858046875 0.7573078125 0.8152640625 0.2719046875 0.67145
4 0.760453125 0.8152250000000001 0.7687203125 0.7889453125 0.2214078125 0.612878125 0.21039375 0.6402609375 0.760453125 0.8152250000000001
4 0.770553125 0.786678125 0.777678125 0.760090625 0.232209375 0.5714421875 0.2209703125 0.5962140625 0.770553125 0.786678125
4 0.272034375 0.561178125 0.267678125 0.568284375 0.7673953124999999 0.74814375 0.7722109374999999 0.7393234375 0.272034375 0.561178125
4 0.2803015625 0.534896875 0.27135 0.55915625 0.7717562499999999 0.7364437500000001 0.7810859375 0.7114359375 0.2803015625 0.534896875
4 0.7795703125 0.7072828125 0.7827875 0.6952765624999999 0.284359375 0.517678125 0.28145625 0.5260140625 0.7795703125 0.7072828125
4 0.29385 0.4934859375 0.2858171875 0.5143140625 0.7837015625 0.6964406249999999 0.7939703125 0.66838125 0.29385 0.4934859375
4 0.795859375 0.6693640624999999 0.805040625 0.644246875 0.27185625 0.453665625 0.26435 0.48006562500000005 0.795859375 0.6693640624999999
4 0.2797421875 0.4271984375 0.271703125 0.4526203125 0.8055 0.64253125 0.8137671875000001 0.6162515625 0.2797421875 0.4271984375
4 0.2861765625 0.4031828125 0.2779140625 0.42486875 0.8130843750000001 0.6142296875000001 0.8230000000000001 0.5902234375 0.2861765625 0.4031828125
4 0.8213515625 0.5879484374999999 0.827315625 0.5748390624999999 0.3373359375 0.4054953125 0.3344390625 0.415196875 0.8213515625 0.5879484374999999
4 0.3415578125 0.393203125 0.3378859375 0.40233125000000003 0.8254875 0.5725109374999999 0.8313406249999999 0.5590953125 0.3415578125 0.393203125
4 0.8264234374999999 0.5552953125 0.8514406250000001 0.48937968749999994 0.344984375 0.32160937500000003 0.321890625 0.3842578125 0.8264234374999999 0.5552953125
4 0.365521875 0.248871875 0.3434828125 0.312828125 0.8441296875000001 0.4800671875 0.8707703125 0.41194218749999995 0.365521875 0.248871875
4 0.331490625 0.19746875 0.32321875 0.22834374999999998 0.8762593750000001 0.3967546875 0.8834078125 0.364778125 0.331490625 0.19746875
4 0.89438125 0.3565671875 0.8966843750000001 0.343396875 0.24780312499999999 0.1529828125 0.24206875 0.165234375 0.89438125 0.3565671875
4 0.8962312499999999 0.34051718750000004 0.9015109375 0.3253859375 0.25311249999999996 0.1362421875 0.2489515625 0.1486953125 0.8962312499999999 0.34051718750000004
4 0.42648906249999996 0.158578125 0.41639375 0.1825296875 0.8962515625 0.3221390625 0.9031218750000001 0.2912015625 0.42648906249999996 0.158578125
4 0.89880625 0.28973125 0.9047812499999999 0.2674328125 0.431515625 0.1345046875 0.42397656250000004 0.154228125 0.89880625 0.28973125