4 0.027959374999999998 0.2581171875 0.033078125 0.2878921875 0.581315625 0.1805703125 0.5730109375 0.14589375 0.027959374999999998 0.2581171875
4 0.589003125 0.2496078125 0.58504375 0.2195859375 0.0415546875 0.28790625 0.047184375 0.32305625 0.589003125 0.2496078125
4 0.0675515625 0.33049062500000004 0.0689109375 0.37105 0.5962703125 0.317959375 0.5911171875 0.27094375 0.0675515625 0.33049062500000004
4 0.701775 0.32458125 0.701371875 0.30560468749999997 0.0530671875 0.37623281249999996 0.055176562500000005 0.3982328125 0.701775 0.32458125
4 0.0482328125 0.39904687499999997 0.0521921875 0.4290671875 0.7241640625 0.35786875 0.7204390625 0.32696875 0.0482328125 0.39904687499999997
4 0.7303390624999999 0.402021875 0.729853125 0.3712625 0.06066875000000001 0.42908125 0.0603265625 0.4600359375 0.7303390624999999 0.402021875
4 0.0695796875 0.4653125 0.0676484375 0.5074796874999999 0.6291953125 0.4559296875 0.62634375 0.4195875 0.0695796875 0.4653125
4 0.6365640625 0.5018359375 0.632284375 0.4646203125 0.0851046875 0.5155703125 0.0814609375 0.5553765625 0.6365640625 0.5018359375
4 0.09441875 0.570778125 0.0958265625 0.6058796875 0.74681875 0.5364953125 0.74396875 0.507409375 0.09441875 0.570778125
4 0.75651875 0.57074375 0.7531125000000001 0.543328125 0.1031453125 0.606140625 0.10506875 0.6392187500000001 0.75651875 0.57074375
4 0.7001734374999999 0.6017828125 0.6995859375 0.5819375 0.11803125 0.6420078124999999 0.11752812500000001 0.666521875 0.7001734374999999 0.6017828125
4 0.1164375 0.668671875 0.1166046875 0.6922375 0.7102640625000001 0.624396875 0.7080453125 0.6046484375000001 0.1164375 0.668671875
4 0.8172578125 0.6685765625 0.8094718750000001 0.614859375 0.121790625 0.6938578125 0.12245625 0.752334375 0.8172578125 0.6685765625
4 0.1279484375 0.7569984375 0.1283671875 0.8159140624999999 0.8390765625000001 0.725665625 0.8282343750000001 0.6689671875000001 0.1279484375 0.7569984375
4 0.9463921875000001 0.7863671875 0.9431375 0.7425796874999999 0.1139828125 0.8439890625 0.1138140625 0.8898109375000001 0.9463921875000001 0.7863671875
4 0.11958593749999999 0.9112765625 0.12349687499999999 0.94675625 0.9590296875 0.8572078125000001 0.958040625 0.8183859375000001 0.11958593749999999 0.9112765625