4 0.95703125 0.0375 0.9046875 0.0375 0.9046875 0.9390625 0.95703125 0.9390625 0.95703125 0.0375
4 0.653125 0.078125 0.5921875 0.078125 0.5921875 0.94375 0.653125 0.94375 0.653125 0.078125
4 0.58984375 0.084375 0.4984375 0.084375 0.4984375 0.94296875 0.58984375 0.94296875 0.58984375 0.084375
4 0.1296875 0.1046875 0.0515625 0.1046875 0.0515625 0.93828125 0.1296875 0.93828125 0.1296875 0.1046875
4 0.40625 0.1078125 0.2921875 0.1078125 0.2921875 0.93671875 0.40625 0.93671875 0.40625 0.1078125
4 0.49453125 0.1078125 0.4046875 0.1078125 0.4046875 0.93828125 0.49453125 0.93828125 0.49453125 0.1078125
4 0.74375 0.1078125 0.653125 0.1078125 0.653125 0.94453125 0.74375 0.94453125 0.74375 0.1078125
4 0.196875 0.1140625 0.1421875 0.1140625 0.1421875 0.959375 0.196875 0.959375 0.196875 0.1140625
4 0.846875 0.1375 0.746875 0.1375 0.746875 0.9390625 0.846875 0.9390625 0.846875 0.1375
4 0.2375 0.125 0.1828125 0.125 0.1828125 0.95390625 0.2375 0.95390625 0.2375 0.125
4 0.90703125 0.14375 0.8390625 0.14375 0.8390625 0.9453125 0.90703125 0.9453125 0.90703125 0.14375
4 0.29140625 0.2078125 0.23125 0.2078125 0.23125 0.94296875 0.29140625 0.94296875 0.29140625 0.2078125