6 0.0859375 0.3943140625 0.2109375 0.9425421875 0.21875 0.9689265625000001 0.228515625 0.974790625 0.2705078125 0.9469390625 0.27734375 0.9278828125 0.181640625 0.3503375 0.060546875 0.0542359375 0.0439453125 0.0381125 0.0029296875 0.0557015625 0.001953125 0.1715046875 0.0859375 0.3943140625
6 0.064453125 0.34154375 0.0390625 0.3005 0.0009765625 0.1934921875 0 0.3913828125 0.109375 0.7842296875 0.17578125 0.9953125 0.205078125 0.9953125 0.2109375 0.99238125 0.21484375 0.974790625 0.201171875 0.9044296875000001 0.189453125 0.87218125 0.1796875 0.810615625 0.11328125 0.5408984375 0.08203125 0.38551875 0.064453125 0.34154375
6 0.12890625 0.9894484374999999 0.1376953125 0.9997093749999999 0.171875 0.99824375 0.0009765625 0.4104375 0 0.570215625 0.12890625 0.9894484374999999
6 0.32421875 0.8340687499999999 0.3330078125 0.853125 0.341796875 0.851659375 0.3544921875 0.8443296874999999 0.373046875 0.816478125 0.375 0.7812984375 0.3359375 0.3562015625 0.3291015625 0.3400765625 0.2724609375 0.3752578125 0.26953125 0.4001765625 0.32421875 0.8340687499999999
6 0.20703125 0.01905625 0.216796875 0.036646875 0.21875 0.06596250000000001 0.232421875 0.104075 0.3046875 0.2506609375 0.333984375 0.329815625 0.384765625 0.8194109375 0.40234375 0.8868390625 0.4140625 0.9132250000000001 0.427734375 0.9249515625000001 0.46875 0.895634375 0.462890625 0.6259187500000001 0.447265625 0.2741140625 0.390625 0.165640625 0.2958984375 0.0146578125 0.2822265625 0.0058640625 0.2138671875 0.0058640625 0.20703125 0.01905625
6 0.470703125 0.8839078125000001 0.4775390625 0.8971 0.4921875 0.895634375 0.5029296875 0.8883046875 0.513671875 0.8663171875 0.51953125 0.43535781250000005 0.5166015625 0.260921875 0.4638671875 0.2931703125 0.453125 0.2917046875 0.466796875 0.6171234375 0.470703125 0.8839078125000001
6 0.1142578125 0.020521875000000002 0.0732421875 0.0263859375 0.05859375 0.036646875 0.064453125 0.06303125000000001 0.185546875 0.3562015625 0.27734375 0.91615625 0.28125 0.933746875 0.29296875 0.9396109375 0.326171875 0.9073609375 0.3125 0.87218125 0.3173828125 0.8648515625 0.3232421875 0.876578125 0.326171875 0.8604546875000001 0.26171875 0.3327484375 0.125 0.0337140625 0.1142578125 0.020521875000000002
6 0.6181640625 0 0.595703125 0.010260937500000001 0.5966796875 0.020521875000000002 0.609375 0.02491875 0.6123046875 0.043975 0.6162109375 0.0351796875 0.6455078125 0.0703609375 0.6689453125 0.0732921875 0.6875 0.0923484375 0.681640625 0.238934375 0.66796875 0.3356796875 0.638671875 0.690415625 0.611328125 0.848728125 0.6162109375 0.8648515625 0.625 0.8663171875 0.642578125 0.8399328125000001 0.650390625 0.7842296875 0.6640625 0.7578453125 0.669921875 0.728528125 0.7578125 0.057168750000000004 0.7578125 0.0337140625 0.7353515625 0.0058640625 0.6181640625 0
6 0.6787109375 0.08501875 0.6650390625 0.0908828125 0.6552734375 0.08501875 0.5849609375 0.00293125 0.5439453125 0 0.529296875 0.007329687499999999 0.5869140625 0.08208750000000001 0.611328125 0.1304609375 0.587890625 0.5878062500000001 0.5703125 0.7402546875 0.564453125 0.848728125 0.568359375 0.892703125 0.5791015625 0.9029640625 0.591796875 0.9014984374999999 0.6025390625 0.8941687500000001 0.609375 0.87804375 0.609375 0.8135468749999999 0.62109375 0.793025 0.623046875 0.7519812499999999 0.63671875 0.693346875 0.6875 0.10114375 0.6787109375 0.08501875
6 0.3857421875 0.0058640625 0.384765625 0.02491875 0.3984375 0.039578125 0.43359375 0.1158015625 0.51953125 0.24479687499999997 0.515625 0.857521875 0.5283203125 0.8941687500000001 0.548828125 0.898565625 0.55859375 0.892703125 0.564453125 0.8428640625 0.56640625 0.7402546875 0.587890625 0.5555578125 0.609375 0.1304609375 0.5810546875 0.07915625 0.5166015625 0.00293125 0.3857421875 0.0058640625
6 0.759765625 0.0337140625 0.755859375 0.077690625 0.76953125 0.0952796875 0.7734375 0.11873437499999999 0.748046875 0.288771875 0.732421875 0.3503375 0.72265625 0.4382890625 0.71484375 0.4588109375 0.70703125 0.46174218749999996 0.6796875 0.6610984375 0.6845703125 0.6977453125 0.7109375 0.7021421875 0.736328125 0.6786890624999999 0.7578125 0.6053968750000001 0.865234375 0.077690625 0.86328125 0.06596250000000001 0.8427734375 0.0381125 0.7939453125 0 0.74609375 0.001465625 0.759765625 0.0337140625
6 0.76171875 0.614190625 0.7626953125 0.6303156249999999 0.779296875 0.63178125 0.8037109375 0.6185890625 0.849609375 0.5731468750000001 0.921875 0.30343125 0.9189453125 0.2902390625 0.8291015625 0.3371453125 0.81640625 0.3503375 0.798828125 0.4588109375 0.76171875 0.614190625