6 0.30859375 0.8372390624999999 0.306640625 0.8346359375000001 0.306640625 0.8111984375000001 0.3046875 0.80859375 0.3046875 0.7825515625 0.30078125 0.7591140625 0.30078125 0.7330734375 0.296875 0.71484375 0.29296875 0.6315109375 0.2890625 0.60546875 0.2890625 0.57421875 0.287109375 0.5716140625 0.28515625 0.5247390625 0.283203125 0.5221359375 0.27734375 0.4361984375 0.275390625 0.43359375 0.271484375 0.3450515625 0.26953125 0.3424484375 0.267578125 0.30078125 0.265625 0.2981765625 0.267578125 0.28515625 0.265625 0.27734375 0.2587890625 0.2682296875 0.2080078125 0.2708328125 0.19921875 0.27734375 0.197265625 0.2877609375 0.19921875 0.2903640625 0.2109375 0.4466140625 0.21484375 0.4622390625 0.212890625 0.46484375 0.21484375 0.4674484375 0.21484375 0.4934890625 0.216796875 0.49609375 0.216796875 0.5169265625 0.220703125 0.54296875 0.220703125 0.5690109375 0.22265625 0.5716140625 0.224609375 0.61328125 0.23046875 0.6471359375 0.23046875 0.6731765625 0.232421875 0.67578125 0.236328125 0.7408859375 0.2421875 0.7799484375 0.2421875 0.8059890624999999 0.244140625 0.80859375 0.248046875 0.8736984375000001 0.25 0.8763015624999999 0.25 0.8971359375000001 0.255859375 0.9309890624999999 0.2578125 0.9856765624999999 0.2626953125 0.9973953124999999 0.2939453125 0.9973953124999999 0.298828125 0.9908859375000001 0.296875 0.98046875 0.2998046875 0.9609375 0.3017578125 0.96875 0.310546875 0.9674484375000001 0.3125 0.99609375 0.31640625 0.99609375 0.31640625 0.9674484375000001 0.314453125 0.96484375 0.31640625 0.9622390624999999 0.31640625 0.94921875 0.310546875 0.91015625 0.310546875 0.8658859375000001 0.30859375 0.86328125 0.30859375 0.8372390624999999
6 0.396484375 0.83984375 0.396484375 0.8033859375000001 0.39453125 0.80078125 0.39453125 0.77734375 0.392578125 0.7747390625 0.392578125 0.73828125 0.390625 0.7356765625 0.390625 0.70703125 0.388671875 0.7044265625 0.384765625 0.6028640625 0.3828125 0.6002609375 0.3828125 0.57421875 0.380859375 0.5716140625 0.376953125 0.4700515625 0.373046875 0.4440109375 0.373046875 0.4127609375 0.37109375 0.41015625 0.37109375 0.37890625 0.369140625 0.3763015625 0.369140625 0.34765625 0.3671875 0.3450515625 0.3671875 0.3190109375 0.365234375 0.31640625 0.365234375 0.2903640625 0.36328125 0.2877609375 0.357421875 0.1731765625 0.3486328125 0.1614578125 0.3193359375 0.1614578125 0.3173828125 0.1588546875 0.3154296875 0.1614578125 0.3056640625 0.1614578125 0.3037109375 0.1588546875 0.2939453125 0.1588546875 0.2919921875 0.1614578125 0.2861328125 0.1588546875 0.2705078125 0.1640625 0.265625 0.1705734375 0.265625 0.2174484375 0.267578125 0.2200515625 0.271484375 0.31640625 0.2734375 0.3190109375 0.275390625 0.37109375 0.27734375 0.3736984375 0.279296875 0.43359375 0.28125 0.4361984375 0.28125 0.4596359375 0.283203125 0.4622390625 0.283203125 0.4856765625 0.28515625 0.48828125 0.28515625 0.51171875 0.287109375 0.5143234375 0.287109375 0.54296875 0.2890625 0.5455734375 0.2890625 0.5690109375 0.29296875 0.5950515625 0.294921875 0.6497390625 0.296875 0.65234375 0.298828125 0.69921875 0.302734375 0.7252609375 0.302734375 0.7513015625 0.3046875 0.75390625 0.306640625 0.8033859375000001 0.310546875 0.8294265624999999 0.310546875 0.85546875 0.314453125 0.87890625 0.3203125 0.98046875 0.322265625 0.9934890624999999 0.3251953125 0.9973953124999999 0.404296875 0.99609375 0.40625 0.98828125 0.404296875 0.9856765624999999 0.40234375 0.91015625 0.400390625 0.9075515624999999 0.400390625 0.8736984375000001 0.3984375 0.87109375 0.3984375 0.8424484375000001 0.396484375 0.83984375
6 0.3486328125 0 0.34765625 0.09505156249999999 0.341796875 0.1263015625 0.341796875 0.1497390625 0.3466796875 0.1588546875 0.3525390625 0.1588546875 0.357421875 0.1653640625 0.359375 0.17578125 0.36328125 0.2643234375 0.365234375 0.2669265625 0.365234375 0.30078125 0.3671875 0.3033859375 0.369140625 0.36328125 0.37109375 0.3658859375 0.37109375 0.3919265625 0.373046875 0.39453125 0.373046875 0.4283859375 0.376953125 0.4544265625 0.3828125 0.5846359375 0.384765625 0.5872390625 0.38671875 0.6471359375 0.388671875 0.6497390625 0.388671875 0.68359375 0.390625 0.6861984375 0.400390625 0.88671875 0.40234375 0.8893234375000001 0.40625 0.9934890624999999 0.4091796875 0.9973953124999999 0.431640625 0.99609375 0.43359375 0.9934890624999999 0.43359375 0.98046875 0.431640625 0.9778640624999999 0.43359375 0.9622390624999999 0.431640625 0.9596359375000001 0.4296875 0.8763015624999999 0.427734375 0.8736984375000001 0.427734375 0.8346359375000001 0.42578125 0.83203125 0.42578125 0.79296875 0.423828125 0.7903640625 0.423828125 0.7513015625 0.421875 0.7486984375 0.419921875 0.64453125 0.41796875 0.6419265625 0.41796875 0.6028640625 0.416015625 0.6002609375 0.416015625 0.5533859375 0.4140625 0.55078125 0.4140625 0.5091140625 0.412109375 0.5065109375 0.408203125 0.3606765625 0.40625 0.3580734375 0.40625 0.3138015625 0.404296875 0.3111984375 0.404296875 0.2721359375 0.40234375 0.26953125 0.40234375 0.2330734375 0.400390625 0.23046875 0.400390625 0.1861984375 0.3984375 0.18359375 0.3984375 0.13671875 0.396484375 0.1341140625 0.396484375 0.09765625 0.39453125 0.09505156249999999 0.39453125 0.0611984375 0.392578125 0.05859375 0.392578125 0.01953125 0.390625 0.0169265625 0.390625 0.00390625 0.3876953125 0 0.3486328125 0
6 0.3955078125 0 0.392578125 0.00390625 0.392578125 0.03515625 0.39453125 0.0377609375 0.39453125 0.08463593750000001 0.396484375 0.08723906249999999 0.400390625 0.21484375 0.40234375 0.2174484375 0.40625 0.3606765625 0.408203125 0.36328125 0.408203125 0.3971359375 0.41015625 0.3997390625 0.412109375 0.51171875 0.4140625 0.5143234375 0.4140625 0.55859375 0.416015625 0.5611984375 0.416015625 0.5924484375 0.41796875 0.5950515625 0.41796875 0.6393234375 0.419921875 0.6419265625 0.419921875 0.6888015625 0.421875 0.69140625 0.431640625 0.9700515624999999 0.43359375 0.97265625 0.4345703125 0.9973953124999999 0.462890625 0.99609375 0.46484375 0.9934890624999999 0.46484375 0.9700515624999999 0.462890625 0.9674484375000001 0.462890625 0.9127609375000001 0.4609375 0.91015625 0.458984375 0.7799484375 0.45703125 0.77734375 0.455078125 0.6861984375 0.453125 0.68359375 0.453125 0.6236984375 0.451171875 0.62109375 0.451171875 0.5846359375 0.44921875 0.58203125 0.44921875 0.5481765625 0.447265625 0.5455734375 0.447265625 0.5013015625 0.4453125 0.4986984375 0.44140625 0.3658859375 0.439453125 0.36328125 0.439453125 0.3033859375 0.4375 0.30078125 0.4375 0.2669265625 0.435546875 0.2643234375 0.435546875 0.21484375 0.43359375 0.2122390625 0.43359375 0.17578125 0.431640625 0.1731765625 0.43359375 0.1705734375 0.431640625 0.16796875 0.42578125 0.0091140625 0.4228515625 0 0.3955078125 0
6 0.482421875 0.70703125 0.48046875 0.7044265625 0.4765625 0.5143234375 0.474609375 0.51171875 0.474609375 0.4544265625 0.47265625 0.4518234375 0.474609375 0.4466140625 0.47265625 0.4440109375 0.47265625 0.3606765625 0.470703125 0.3580734375 0.470703125 0.24609375 0.46875 0.2434890625 0.46875 0.1888015625 0.46484375 0.1653640625 0.462890625 0.0377609375 0.4580078125 0.0260421875 0.4365234375 0.0260421875 0.43359375 0.0325515625 0.43359375 0.0559890625 0.435546875 0.05859375 0.435546875 0.1471359375 0.4375 0.1497390625 0.4375 0.2044265625 0.439453125 0.2174484375 0.435546875 0.22265625 0.44140625 0.2330734375 0.439453125 0.2434890625 0.44140625 0.2513015625 0.439453125 0.2643234375 0.44140625 0.37890625 0.443359375 0.3815109375 0.443359375 0.42578125 0.4453125 0.4283859375 0.44921875 0.5559890625 0.451171875 0.55859375 0.451171875 0.6106765625 0.453125 0.61328125 0.453125 0.64453125 0.455078125 0.6471359375 0.46484375 0.9934890624999999 0.4677734375 0.9973953124999999 0.486328125 0.99609375 0.48828125 0.9908859375000001 0.48828125 0.9596359375000001 0.486328125 0.95703125 0.486328125 0.8736984375000001 0.484375 0.87109375 0.484375 0.7825515625 0.482421875 0.7799484375 0.482421875 0.70703125
6 0.5078125 0.67578125 0.505859375 0.6705734375 0.505859375 0.56640625 0.50390625 0.5638015625 0.50390625 0.4986984375 0.501953125 0.49609375 0.5 0.3528640625 0.498046875 0.3502609375 0.494140625 0.08984375 0.4921875 0.08723906249999999 0.490234375 0.0299484375 0.4833984375 0.0260421875 0.4677734375 0.0260421875 0.46484375 0.0325515625 0.46484375 0.07421875 0.466796875 0.07682343750000001 0.46875 0.1966140625 0.470703125 0.19921875 0.470703125 0.3190109375 0.47265625 0.3216140625 0.47265625 0.40234375 0.474609375 0.4049484375 0.4765625 0.5455734375 0.478515625 0.5481765625 0.478515625 0.61328125 0.48046875 0.6158859375 0.48046875 0.67578125 0.482421875 0.6783859375 0.486328125 0.89453125 0.48828125 0.8971359375000001 0.48828125 0.9856765624999999 0.4912109375 0.9947921875000001 0.509765625 0.9934890624999999 0.513671875 0.9908859375000001 0.515625 0.98046875 0.513671875 0.9778640624999999 0.509765625 0.7356765625 0.5078125 0.7330734375 0.5078125 0.68359375 0.505859375 0.6809890625 0.5078125 0.67578125
6 0.53515625 0.7330734375 0.533203125 0.73046875 0.53125 0.5143234375 0.529296875 0.51171875 0.53125 0.5091140625 0.529296875 0.5065109375 0.529296875 0.3736984375 0.52734375 0.37109375 0.52734375 0.3111984375 0.525390625 0.30859375 0.52734375 0.3059890625 0.52734375 0.29296875 0.525390625 0.2903640625 0.525390625 0.1888015625 0.5234375 0.1861984375 0.5234375 0.06901093750000001 0.521484375 0.0611984375 0.5166015625 0.0572921875 0.5029296875 0.0572921875 0.498046875 0.0611984375 0.49609375 0.1393234375 0.498046875 0.1419265625 0.498046875 0.2330734375 0.5 0.2356765625 0.5 0.3684890625 0.501953125 0.37109375 0.50390625 0.5611984375 0.505859375 0.5638015625 0.505859375 0.6549484375 0.5078125 0.6575515625 0.505859375 0.6627609375 0.5078125 0.6653640625 0.5078125 0.7278640625 0.509765625 0.73046875 0.509765625 0.7825515625 0.51171875 0.78515625 0.51171875 0.8919265624999999 0.513671875 0.89453125 0.51171875 0.9075515624999999 0.513671875 0.9283859375000001 0.51171875 0.9309890624999999 0.513671875 0.93359375 0.513671875 0.9700515624999999 0.515625 0.97265625 0.513671875 0.9830734375000001 0.5205078125 0.9895828124999999 0.533203125 0.98828125 0.5390625 0.98046875 0.5390625 0.96484375 0.537109375 0.9622390624999999 0.537109375 0.83984375 0.53515625 0.8372390624999999 0.537109375 0.8294265624999999 0.53515625 0.8268234375000001 0.53515625 0.7330734375
6 0.630859375 0.33203125 0.6328125 0.18359375 0.6240234375 0.1692703125 0.5439453125 0.1692703125 0.5400390625 0.1666671875 0.5302734375 0.171875 0.525390625 0.1783859375 0.52734375 0.2877609375 0.529296875 0.2903640625 0.529296875 0.3919265625 0.53125 0.39453125 0.529296875 0.3971359375 0.53125 0.3997390625 0.53125 0.51953125 0.533203125 0.5221359375 0.533203125 0.6497390625 0.53515625 0.65234375 0.533203125 0.66015625 0.53515625 0.6627609375 0.5390625 0.98046875 0.5458984375 0.9895828124999999 0.5517578125 0.9921875 0.59375 0.9908859375000001 0.6318359375 0.984375 0.63671875 0.9778640624999999 0.63671875 0.7591140625 0.634765625 0.7565109375 0.63671875 0.7434890625 0.634765625 0.7408859375 0.6328125 0.3346359375 0.630859375 0.33203125
6 0.5849609375 0 0.572265625 0.01953125 0.556640625 0.0611984375 0.5546875 0.10286406249999999 0.552734375 0.10546875 0.5546875 0.11328125 0.5546875 0.1653640625 0.5634765625 0.1692703125 0.6240234375 0.1666671875 0.6328125 0.17578125 0.634765625 0.18359375 0.634765625 0.3033859375 0.6328125 0.3059890625 0.634765625 0.30859375 0.6328125 0.3138015625 0.634765625 0.3216140625 0.6328125 0.32421875 0.6328125 0.34765625 0.634765625 0.3502609375 0.638671875 0.9830734375000001 0.6455078125 0.9869796875000001 0.65625 0.9856765624999999 0.6708984375 0.984375 0.67578125 0.97265625 0.673828125 0.96484375 0.67578125 0.9622390624999999 0.673828125 0.9544265624999999 0.67578125 0.9518234375000001 0.673828125 0.9466140624999999 0.67578125 0.94140625 0.673828125 0.93359375 0.67578125 0.9309890624999999 0.673828125 0.9283859375000001 0.67578125 0.9205734375000001 0.673828125 0.9127609375000001 0.67578125 0.8997390624999999 0.673828125 0.89453125 0.67578125 0.8815109375000001 0.673828125 0.8736984375000001 0.67578125 0.8684890624999999 0.673828125 0.86328125 0.67578125 0.8528640624999999 0.67578125 0.7018234375 0.673828125 0.69921875 0.67578125 0.69140625 0.673828125 0.6861984375 0.673828125 0.62890625 0.67578125 0.6263015625 0.673828125 0.6236984375 0.673828125 0.6080734375 0.67578125 0.60546875 0.673828125 0.6028640625 0.673828125 0.58984375 0.67578125 0.5872390625 0.673828125 0.5794265625 0.67578125 0.56640625 0.67578125 0.5533859375 0.673828125 0.55078125 0.67578125 0.5481765625 0.673828125 0.5377609375 0.67578125 0.53515625 0.673828125 0.5325515625 0.67578125 0.5247390625 0.67578125 0.51171875 0.673828125 0.5091140625 0.67578125 0.50390625 0.673828125 0.4986984375 0.673828125 0.4856765625 0.67578125 0.4830734375 0.67578125 0.44921875 0.673828125 0.4466140625 0.67578125 0.4440109375 0.673828125 0.43359375 0.67578125 0.4205734375 0.673828125 0.4153640625 0.673828125 0.40234375 0.67578125 0.3997390625 0.673828125 0.3919265625 0.67578125 0.3815109375 0.67578125 0.33203125 0.673828125 0.3294265625 0.67578125 0.31640625 0.673828125 0.3111984375 0.673828125 0.2981765625 0.67578125 0.2955734375 0.673828125 0.2903640625 0.673828125 0.2356765625 0.67578125 0.2330734375 0.673828125 0.2252609375 0.67578125 0.2174484375 0.67578125 0.19921875 0.673828125 0.1966140625 0.67578125 0.19140625 0.673828125 0.1861984375 0.67578125 0.1809890625 0.673828125 0.1783859375 0.673828125 0.00390625 0.6708984375 0 0.5849609375 0
6 0.8046875 0.2408859375 0.7978515625 0.234375 0.7783203125 0.234375 0.7763671875 0.2317703125 0.7275390625 0.2317703125 0.7255859375 0.234375 0.7021484375 0.234375 0.7001953125 0.2369796875 0.6845703125 0.234375 0.677734375 0.23828125 0.67578125 0.2513015625 0.677734375 0.25390625 0.677734375 0.2747390625 0.67578125 0.27734375 0.67578125 0.44140625 0.677734375 0.4440109375 0.67578125 0.44921875 0.677734375 0.4596359375 0.677734375 0.5221359375 0.67578125 0.5247390625 0.677734375 0.52734375 0.67578125 0.5299484375 0.67578125 0.5455734375 0.677734375 0.5481765625 0.67578125 0.5533859375 0.677734375 0.55859375 0.677734375 0.5716140625 0.67578125 0.57421875 0.677734375 0.5846359375 0.67578125 0.59765625 0.677734375 0.60546875 0.677734375 0.7200515625 0.67578125 0.72265625 0.677734375 0.7278640625 0.677734375 0.7799484375 0.67578125 0.7825515625 0.677734375 0.82421875 0.67578125 0.8346359375000001 0.677734375 0.8424484375000001 0.67578125 0.8528640624999999 0.677734375 0.85546875 0.677734375 0.97265625 0.6923828125 0.9817703124999999 0.740234375 0.9830734375000001 0.7685546875 0.9791671875000001 0.7900390625 0.96875 0.794921875 0.9622390624999999 0.794921875 0.9283859375000001 0.796875 0.92578125 0.80078125 0.63671875 0.802734375 0.6341140625 0.8046875 0.2408859375
6 0.859375 0.5716140625 0.861328125 0.5690109375 0.861328125 0.37109375 0.86328125 0.3684890625 0.861328125 0.3658859375 0.86328125 0.35546875 0.861328125 0.3528640625 0.86328125 0.34765625 0.861328125 0.3424484375 0.861328125 0.3190109375 0.86328125 0.31640625 0.86328125 0.23828125 0.861328125 0.2356765625 0.86328125 0.2330734375 0.86328125 0.09505156249999999 0.8603515625 0.09114531249999999 0.8212890625 0.08854218750000001 0.81640625 0.09765625 0.81640625 0.14453125 0.814453125 0.1549484375 0.8095703125 0.15625 0.8046875 0.1627609375 0.8046875 0.17578125 0.802734375 0.1783859375 0.802734375 0.19140625 0.8046875 0.1940109375 0.802734375 0.2122390625 0.806640625 0.2278640625 0.8046875 0.23046875 0.810546875 0.2408859375 0.80859375 0.8450515624999999 0.806640625 0.84765625 0.8046875 0.9596359375000001 0.8115234375 0.9713546875000001 0.830078125 0.9700515624999999 0.8466796875 0.96875 0.8515625 0.96484375 0.853515625 0.9544265624999999 0.857421875 0.7096359375 0.859375 0.70703125 0.859375 0.5768234375 0.861328125 0.57421875 0.859375 0.5716140625
6 0.8681640625 0 0.8525390625 0.0104171875 0.8251953125 0.0390625 0.8154296875 0.0442703125 0.7490234375 0.10677031249999999 0.7265625 0.1341140625 0.724609375 0.1393234375 0.7265625 0.1419265625 0.72265625 0.1497390625 0.7255859375 0.15625 0.73046875 0.1549484375 0.7197265625 0.1692703125 0.7060546875 0.1770828125 0.7001953125 0.1875 0.6923828125 0.1901046875 0.6875 0.1966140625 0.6875 0.20703125 0.7001953125 0.2057296875 0.701171875 0.1966140625 0.7060546875 0.1875 0.7275390625 0.1666671875 0.7392578125 0.1640625 0.7412109375 0.1588546875 0.748046875 0.1549484375 0.7490234375 0.1458328125 0.7353515625 0.1536453125 0.734375 0.1471359375 0.73046875 0.14453125 0.7314453125 0.140625 0.7412109375 0.1458328125 0.7451171875 0.140625 0.7490234375 0.140625 0.7666015625 0.1276046875 0.76953125 0.12890625 0.765625 0.1315109375 0.7685546875 0.1354171875 0.7744140625 0.11979218750000001 0.7880859375 0.11197968750000001 0.7900390625 0.10677031249999999 0.8193359375 0.0859375 0.8251953125 0.08854218750000001 0.8408203125 0.0859375 0.86328125 0.09244843750000001 0.86328125 0.3502609375 0.865234375 0.3528640625 0.865234375 0.3841140625 0.86328125 0.38671875 0.865234375 0.3919265625 0.86328125 0.39453125 0.86328125 0.4205734375 0.865234375 0.42578125 0.86328125 0.4361984375 0.865234375 0.44140625 0.86328125 0.4440109375 0.861328125 0.7486984375 0.859375 0.7513015625 0.859375 0.8268234375000001 0.857421875 0.8294265624999999 0.857421875 0.9622390624999999 0.8759765625 0.984375 0.90234375 0.9830734375000001 0.90625 0.9622390624999999 0.90625 0.8997390624999999 0.908203125 0.8971359375000001 0.908203125 0.84765625 0.91015625 0.8450515624999999 0.91015625 0.76171875 0.912109375 0.7591140625 0.912109375 0.70703125 0.9140625 0.7044265625 0.927734375 0.006510937499999999 0.9248046875 0 0.8681640625 0
6 0.9306640625 0 0.927734375 0.006510937499999999 0.91796875 0.58203125 0.916015625 0.5846359375 0.9140625 0.71484375 0.912109375 0.7174484375 0.912109375 0.7799484375 0.91015625 0.7825515625 0.91015625 0.8736984375000001 0.908203125 0.8763015624999999 0.908203125 0.9388015624999999 0.90625 0.94140625 0.9072265625 0.9817703124999999 0.9248046875 0.9947921875000001 0.951171875 0.9934890624999999 0.955078125 0.9752609375000001 0.955078125 0.8841140624999999 0.95703125 0.8815109375000001 0.95703125 0.80078125 0.958984375 0.7981765625 0.95703125 0.7643234375 0.958984375 0.76171875 0.9609375 0.6315109375 0.962890625 0.62890625 0.9609375 0.6236984375 0.9609375 0.6002609375 0.962890625 0.59765625 0.962890625 0.5455734375 0.96484375 0.54296875 0.966796875 0.3138015625 0.96875 0.3111984375 0.970703125 0.11848906249999999 0.97265625 0.11588593750000001 0.97265625 0.05078125 0.974609375 0.0481765625 0.97265625 0.04296875 0.974609375 0.0403640625 0.97265625 0.03515625 0.974609375 0.0299484375 0.974609375 0.006510937499999999 0.9716796875 0 0.9306640625 0