4 0.5921875 0.0921875 0.5265625 0.0921875 0.5265625 0.8546875 0.5921875 0.8546875 0.5921875 0.0921875
4 0.20546875 0.1046875 0.1265625 0.1046875 0.1265625 0.86015625 0.20546875 0.86015625 0.20546875 0.1046875
4 0.70234375 0.1046875 0.6078125 0.1046875 0.6078125 0.86875 0.70234375 0.86875 0.70234375 0.1046875
4 0.33203125 0.1109375 0.2578125 0.1109375 0.2578125 0.8625 0.33203125 0.8625 0.33203125 0.1109375
4 0.525 0.1203125 0.4671875 0.1203125 0.4671875 0.85625 0.525 0.85625 0.525 0.1203125
4 0.26484375 0.1265625 0.19375 0.1265625 0.19375 0.85546875 0.26484375 0.85546875 0.26484375 0.1265625
4 0.12578125 0.1234375 0.0515625 0.1234375 0.0515625 0.86015625 0.12578125 0.86015625 0.12578125 0.1234375
4 0.39375 0.1234375 0.328125 0.1234375 0.328125 0.86171875 0.39375 0.86171875 0.39375 0.1234375
4 0.77734375 0.1296875 0.7 0.1296875 0.7 0.859375 0.77734375 0.859375 0.77734375 0.1296875
4 0.46171875 0.1546875 0.39375 0.1546875 0.39375 0.865625 0.46171875 0.865625 0.46171875 0.1546875
4 0.83515625 0.178125 0.7703125 0.178125 0.7703125 0.85625 0.83515625 0.85625 0.83515625 0.178125
4 0.91171875 0.234375 0.878125 0.234375 0.878125 0.8578125 0.91171875 0.8578125 0.91171875 0.234375
4 0.88046875 0.24375 0.828125 0.24375 0.828125 0.85546875 0.88046875 0.85546875 0.88046875 0.24375
4 0.9578125 0.25625 0.909375 0.25625 0.909375 0.85703125 0.9578125 0.85703125 0.9578125 0.25625