4 0.9546875 0.1046875 0.9 0.1046875 0.9 0.8578125 0.9546875 0.8578125 0.9546875 0.1046875
4 0.8953125 0.1125 0.828125 0.1125 0.828125 0.8609375 0.8953125 0.8609375 0.8953125 0.1125
4 0.82265625 0.1328125 0.7890625 0.1328125 0.7890625 0.8703125 0.82265625 0.8703125 0.82265625 0.1328125
4 0.78359375 0.1765625 0.734375 0.1765625 0.734375 0.859375 0.78359375 0.859375 0.78359375 0.1765625
4 0.734375 0.2390625 0.7046875 0.2390625 0.7046875 0.8625 0.734375 0.8625 0.734375 0.2390625
4 0.46796875 0.2328125 0.4328125 0.2328125 0.4328125 0.86953125 0.46796875 0.86953125 0.46796875 0.2328125
4 0.52109375 0.228125 0.4953125 0.228125 0.4953125 0.87734375 0.52109375 0.87734375 0.52109375 0.228125
4 0.59375 0.2359375 0.5703125 0.2359375 0.5703125 0.87265625 0.59375 0.87265625 0.59375 0.2359375
4 0.63359375 0.2359375 0.596875 0.2359375 0.596875 0.87265625 0.63359375 0.87265625 0.63359375 0.2359375
4 0.69765625 0.2359375 0.6390625 0.2359375 0.6390625 0.875 0.69765625 0.875 0.69765625 0.2359375
4 0.49453125 0.246875 0.465625 0.246875 0.465625 0.86796875 0.49453125 0.86796875 0.49453125 0.246875
4 0.54296875 0.2421875 0.5171875 0.2421875 0.5171875 0.8734375 0.54296875 0.8734375 0.54296875 0.2421875
4 0.56796875 0.2390625 0.5421875 0.2390625 0.5421875 0.87578125 0.56796875 0.87578125 0.56796875 0.2390625
4 0.39921875 0.265625 0.3421875 0.265625 0.3421875 0.87578125 0.39921875 0.87578125 0.39921875 0.265625
4 0.4375 0.2734375 0.4 0.2734375 0.4 0.8734375 0.4375 0.8734375 0.4375 0.2734375
4 0.43984375 0.2359375 0.4359375 0.2359375 0.4359375 0.23828125 0.43984375 0.23828125 0.43984375 0.2359375