4 0.140625 0.275 0.03125 0.275 0.03125 0.9640625 0.140625 0.9640625 0.140625 0.275
4 0.9625 0.3515625 0.9125 0.3515625 0.9125 0.94765625 0.9625 0.94765625 0.9625 0.3515625
4 0.796875 0.353125 0.740625 0.353125 0.740625 0.959375 0.796875 0.959375 0.796875 0.353125
4 0.915625 0.353125 0.859375 0.353125 0.859375 0.959375 0.915625 0.959375 0.915625 0.353125
4 0.428125 0.3625 0.36875 0.3625 0.36875 0.95859375 0.428125 0.95859375 0.428125 0.3625
4 0.36875 0.3625 0.315625 0.3625 0.315625 0.96328125 0.36875 0.96328125 0.36875 0.3625
4 0.6125 0.3625 0.55 0.3625 0.55 0.96328125 0.6125 0.96328125 0.6125 0.3625
4 0.74375 0.36875 0.68125 0.36875 0.68125 0.959375 0.74375 0.959375 0.74375 0.36875
4 0.3125 0.3625 0.246875 0.3625 0.246875 0.96328125 0.3125 0.96328125 0.3125 0.3625
4 0.553125 0.3625 0.49375 0.3625 0.49375 0.96875 0.553125 0.96875 0.553125 0.3625
4 0.8625 0.3578125 0.8 0.3578125 0.8 0.97421875 0.8625 0.97421875 0.8625 0.3578125
4 0.24375 0.3625 0.190625 0.3625 0.190625 0.96875 0.24375 0.96875 0.24375 0.3625
4 0.490625 0.3625 0.428125 0.3625 0.428125 0.97421875 0.490625 0.97421875 0.490625 0.3625
4 0.6875 0.3625 0.609375 0.3625 0.609375 0.984375 0.6875 0.984375 0.6875 0.3625
4 0.1875 0.3828125 0.140625 0.3828125 0.140625 0.96796875 0.1875 0.96796875 0.1875 0.3828125